0.000	0.000	0.000	0.000	0.000
0.010	2.000	60.000	-24.000	6.000
0.020	2.000	42.000	-17.000	6.000
0.030	2.000	29.400	-12.000	6.000
0.040	2.000	20.580	-9.000	6.000
0.050	2.000	14.406	-6.000	6.000
0.060	1.000	-19.916	7.000	5.000
0.070	0.000	-43.941	17.000	3.000
0.080	-1.000	-60.759	24.000	1.000
0.090	-2.000	-72.531	29.000	-1.000
0.100	-3.000	-80.772	33.000	-3.000
0.110	-4.000	-86.540	35.000	-5.000
0.120	-5.000	-90.578	37.000	-8.000
0.130	-6.000	-93.405	38.000	-10.000
0.140	-7.000	-95.383	40.000	-12.000
0.150	-8.000	-96.768	40.000	-15.000
0.160	-9.000	-97.738	41.000	-16.000
0.170	-11.000	-128.416	54.000	-18.000
0.180	-12.000	-119.892	51.000	-19.000
0.190	-13.000	-113.924	48.000	-21.000
0.200	-14.000	-109.747	47.000	-21.000
0.210	-15.000	-106.823	46.000	-22.000
0.220	-16.000	-104.776	46.000	-22.000
0.230	-17.000	-103.343	45.000	-22.000
0.240	-18.000	-102.340	45.000	-22.000
0.250	-18.000	-71.638	33.000	-22.000
0.260	-19.000	-80.147	37.000	-22.000
0.270	-19.000	-56.103	27.000	-22.000
0.280	-19.000	-39.272	21.000	-22.000
0.290	-19.000	-27.490	16.000	-22.000
0.300	-19.000	-19.243	13.000	-22.000
0.310	-19.000	-13.470	10.000	-21.000
0.320	-19.000	-9.429	9.000	-21.000
0.330	-19.000	-6.600	7.000	-21.000
0.340	-18.000	25.380	-5.000	-20.000
0.350	-17.000	47.766	-15.000	-20.000
0.360	-17.000	33.436	-9.000	-20.000
0.370	-16.000	53.405	-17.000	-19.000
0.380	-15.000	67.384	-23.000	-19.000
0.390	-15.000	47.169	-15.000	-18.000
0.400	-15.000	33.018	-10.000	-18.000
0.410	-15.000	23.113	-6.000	-17.000
0.420	-14.000	46.179	-15.000	-17.000
0.430	-14.000	32.325	-10.000	-16.000
0.440	-14.000	22.628	-6.000	-16.000
0.450	-14.000	15.839	-4.000	-15.000
0.460	-14.000	11.088	-2.000	-15.000
0.470	-14.000	7.761	-1.000	-15.000
0.480	-14.000	5.433	0.000	-15.000
0.490	-14.000	3.803	1.000	-15.000
0.500	-14.000	2.662	1.000	-15.000
0.510	-14.000	1.863	124.000	-15.000
0.520	-14.000	1.304	248.000	-15.000
0.530	-14.000	0.913	372.000	-15.000
0.540	-14.000	0.639	498.000	-15.000
0.550	-12.000	60.447	600.000	-15.000
0.560	-9.000	132.313	699.000	-16.000
0.570	-5.000	212.619	794.000	-16.000
0.580	0.000	298.833	888.000	-16.000
0.590	6.000	389.183	981.000	-16.000
0.600	13.000	482.428	1073.000	-14.000
0.610	21.000	577.700	1165.000	-11.000
0.620	31.000	704.390	1245.000	-7.000
0.630	41.000	793.073	1340.000	-1.000
0.640	53.000	915.151	1423.000	7.000
0.650	66.000	1030.606	1508.000	17.000
0.660	80.000	1141.424	1596.000	29.000
0.670	95.000	1248.997	1686.000	43.000
0.680	113.000	1414.298	1753.000	59.000
0.690	132.000	1560.008	1828.000	78.000
0.700	153.000	1722.006	1897.000	98.000
0.710	177.000	1925.404	1950.000	121.000
0.720	202.000	2097.783	2015.000	146.000
0.730	231.000	2338.448	2053.000	174.000
0.740	263.000	2596.914	2083.000	204.000
0.750	297.000	2837.840	2121.000	237.000
0.760	335.000	3126.488	2140.000	271.000
0.770	375.000	3388.541	2169.000	309.000
0.780	418.000	3661.979	2193.000	350.000
0.790	463.000	3913.385	2227.000	393.000
0.800	510.000	4149.370	2266.000	440.000
0.810	559.000	4374.559	2310.000	490.000
0.820	610.000	4592.191	2357.000	542.000
0.830	665.000	4864.534	2382.000	598.000
0.840	723.000	5145.174	2404.000	656.000
0.850	784.000	5431.622	2423.000	718.000
0.860	849.000	5752.135	2429.000	782.000
0.870	917.000	6066.495	2437.000	848.000
0.880	990.000	6436.546	2422.000	917.000
0.890	1063.000	6695.582	2452.000	989.000
0.900	1138.000	6936.908	2488.000	1065.000
0.910	1217.000	7225.835	2506.000	1142.000
0.920	1301.000	7578.085	2498.000	1224.000
0.930	1387.000	7884.659	2508.000	1309.000
0.940	1476.000	8189.262	2519.000	1397.000
0.950	1569.000	8522.483	2519.000	1488.000
0.960	1665.000	8845.738	2522.000	1583.000
0.970	1765.000	9192.017	2515.000	1682.000
0.980	1868.000	9524.412	2514.000	1784.000
0.990	1973.000	9817.088	2529.000	1889.000
1.000	2081.000	10111.962	2543.000	1998.000
1.010	2193.000	10438.373	2422.000	2111.000
1.020	2308.000	10756.861	2303.000	2229.000
1.030	2425.000	11039.803	2196.000	2348.000
1.040	2545.000	11327.862	2087.000	2471.000
1.050	2668.000	11619.503	1976.000	2598.000
1.060	2792.000	11853.652	1886.000	2728.000
1.070	2918.000	12077.557	1800.000	2861.000
1.080	3047.000	12324.290	1704.000	2996.000
1.090	3175.000	12467.003	1649.000	3132.000
1.100	3306.000	12656.902	1575.000	3271.000
1.110	3440.000	12879.831	1487.000	3412.000
1.120	3574.000	13035.882	1425.000	3554.000
1.130	3710.000	13205.117	1357.000	3696.000
1.140	3848.000	13383.582	1285.000	3840.000
1.150	3986.000	13508.508	1235.000	3983.000
1.160	4127.000	13685.955	1162.000	4127.000
1.170	4269.000	13840.169	1099.000	4271.000
1.180	4413.000	14008.118	1030.000	4415.000
1.190	4558.000	14155.683	969.000	4559.000
1.200	4703.000	14258.978	925.000	4703.000
1.210	4850.000	14391.284	869.000	4847.000
1.220	4996.000	14453.899	841.000	4990.000
1.230	5146.000	14617.729	772.000	5135.000
1.240	5295.000	14702.411	735.000	5280.000
1.250	5444.000	14761.687	707.000	5425.000
1.260	5593.000	14803.181	687.000	5572.000
1.270	5743.000	14862.227	659.000	5719.000
1.280	5892.000	14873.559	651.000	5868.000
1.290	6041.000	14881.491	644.000	6018.000
1.300	6191.000	14917.044	626.000	6169.000
1.310	6341.000	14941.931	613.000	6322.000
1.320	6490.000	14929.351	614.000	6476.000
1.330	6639.000	14920.546	614.000	6629.000
1.340	6790.000	14974.382	590.000	6785.000
1.350	6940.000	14982.068	583.000	6940.000
1.360	7090.000	14987.447	578.000	7096.000
1.370	7241.000	15021.213	561.000	7250.000
1.380	7393.000	15074.849	536.000	7405.000
1.390	7546.000	15142.394	506.000	7560.000
1.400	7699.000	15189.676	483.000	7714.000
1.410	7852.000	15222.773	466.000	7868.000
1.420	8005.000	15245.941	453.000	8020.000
1.430	8160.000	15322.159	419.000	8173.000
1.440	8314.000	15345.511	406.000	8324.000
1.450	8469.000	15391.858	383.000	8477.000
1.460	8622.000	15364.301	390.000	8627.000
1.470	8775.000	15345.010	394.000	8777.000
1.480	8927.000	15301.507	408.000	8927.000
1.490	9079.000	15271.055	417.000	9077.000
1.500	9230.000	15219.739	434.000	9228.000
1.510	9381.000	15183.817	445.000	9379.000
1.520	9532.000	15158.672	452.000	9530.000
1.530	9680.000	15051.070	493.000	9681.000
1.540	9830.000	15035.749	496.000	9832.000
1.550	9979.000	14995.024	510.000	9983.000
1.560	10128.000	14966.517	520.000	10133.000
1.570	10277.000	14946.562	526.000	10283.000
1.580	10427.000	14962.593	517.000	10435.000
1.590	10575.000	14913.815	535.000	10583.000
1.600	10724.000	14909.671	534.000	10733.000
1.610	10876.000	14996.770	498.000	10883.000
1.620	11025.000	14967.739	507.000	11032.000
1.630	11176.000	15007.417	489.000	11180.000
1.640	11327.000	15035.192	476.000	11329.000
1.650	11478.000	15054.634	466.000	11477.000
1.660	11629.000	15068.244	458.000	11624.000
1.670	11780.000	15077.771	452.000	11772.000
1.680	11931.000	15084.440	447.000	11921.000
1.690	12082.000	15089.108	443.000	12070.000
1.700	12232.000	15062.375	451.000	12219.000
1.710	12384.000	15103.663	432.000	12371.000
1.720	12534.000	15072.564	443.000	12522.000
1.730	12684.000	15050.795	449.000	12674.000
1.740	12836.000	15095.556	429.000	12826.000
1.750	12986.000	15066.889	438.000	12978.000
1.760	13137.000	15076.823	432.000	13131.000
1.770	13287.000	15053.776	439.000	13283.000
1.780	13437.000	15037.643	444.000	13436.000
1.790	13587.000	15026.350	446.000	13589.000
1.800	13737.000	15018.445	447.000	13742.000
1.810	13887.000	15012.912	448.000	13895.000
1.820	14036.000	14979.038	460.000	14047.000
1.830	14185.000	14955.327	467.000	14198.000
1.840	14335.000	14968.729	460.000	14350.000
1.850	14484.000	14948.110	467.000	14500.000
1.860	14633.000	14933.677	471.000	14650.000
1.870	14782.000	14923.574	474.000	14798.000
1.880	14931.000	14916.502	475.000	14946.000
1.890	15080.000	14911.551	475.000	15093.000
1.900	15228.000	14878.086	487.000	15237.000
1.910	15379.000	14944.660	459.000	15385.000
1.920	15528.000	14931.262	463.000	15530.000
1.930	15677.000	14921.883	465.000	15676.000
1.940	15825.000	14885.318	479.000	15821.000
1.950	15974.000	14889.723	475.000	15967.000
1.960	16123.000	14892.806	473.000	16113.000
1.970	16272.000	14894.964	471.000	16260.000
1.980	16421.000	14896.475	469.000	16407.000
1.990	16569.000	14867.532	479.000	16555.000
2.000	16717.000	14847.273	486.000	16704.000
2.010	16865.000	14833.091	554.000	16854.000
2.020	17012.000	14793.164	633.000	17005.000
2.030	17160.000	14795.215	696.000	17156.000
2.040	17309.000	14826.650	747.000	17308.000
2.050	17458.000	14848.655	800.000	17460.000
2.060	17608.000	14894.059	844.000	17612.000
2.070	17759.000	14955.841	879.000	17763.000
2.080	17913.000	15089.089	885.000	17916.000
2.090	18066.000	15152.362	917.000	18067.000
2.100	18221.000	15256.653	930.000	18219.000
2.110	18376.000	15329.657	953.000	18371.000
2.120	18532.000	15410.760	971.000	18523.000
2.130	18691.000	15557.532	960.000	18676.000
2.140	18849.000	15630.272	975.000	18830.000
2.150	19009.000	15741.191	972.000	18985.000
2.160	19171.000	15878.834	954.000	19143.000
2.170	19330.000	15885.183	986.000	19300.000
2.180	19491.000	15949.628	991.000	19459.000
2.190	19652.000	15994.740	1001.000	19619.000
2.200	19813.000	16026.318	1012.000	19782.000
2.210	19974.000	16048.423	1023.000	19945.000
2.220	20135.000	16063.896	1033.000	20111.000
2.230	20297.000	16104.727	1028.000	20277.000
2.240	20458.000	16103.309	1037.000	20445.000
2.250	20623.000	16222.316	993.000	20614.000
2.260	20788.000	16305.621	959.000	20782.000
2.270	20954.000	16393.935	919.000	20952.000
2.280	21121.000	16485.754	873.000	21121.000
2.290	21288.000	16550.028	834.000	21289.000
2.300	21458.000	16685.020	762.000	21458.000
2.310	21630.000	16839.514	678.000	21628.000
2.320	21800.000	16887.660	632.000	21797.000
2.330	21972.000	16981.362	564.000	21967.000
2.340	22144.000	17046.953	503.000	22137.000
2.350	22316.000	17092.867	446.000	22307.000
2.360	22489.000	17155.007	379.000	22478.000
2.370	22662.000	17198.505	316.000	22650.000
2.380	22835.000	17228.953	255.000	22821.000
2.390	23006.000	17190.267	218.000	22993.000
2.400	23179.000	17223.187	150.000	23167.000
2.410	23350.000	17186.231	107.000	23339.000
2.420	23520.000	17130.362	70.000	23513.000
2.430	23688.000	17031.253	47.000	23687.000
2.440	23857.000	16991.877	-1.000	23862.000
2.450	24025.000	16934.314	-43.000	24037.000
2.460	24191.000	16834.020	-70.000	24210.000
2.470	24356.000	16733.814	-98.000	24382.000
2.480	24520.000	16633.670	-126.000	24553.000
2.490	24682.000	16503.569	-144.000	24722.000
2.500	24845.000	16442.498	-189.000	24890.000
2.510	25008.000	16399.749	-242.000	25056.000
2.520	25168.000	16279.824	-263.000	25221.000
2.530	25327.000	16165.877	-287.000	25382.000
2.540	25486.000	16086.114	-324.000	25541.000
2.550	25645.000	16030.280	-369.000	25699.000
2.560	25801.000	15901.196	-384.000	25852.000
2.570	25955.000	15750.837	-389.000	26002.000
2.580	26111.000	15705.586	-435.000	26151.000
2.590	26264.000	15583.910	-448.000	26298.000
2.600	26417.000	15498.737	-473.000	26445.000
2.610	26567.000	15349.116	-470.000	26589.000
2.620	26714.000	15154.381	-447.000	26731.000
2.630	26862.000	15048.067	-455.000	26874.000
2.640	27008.000	14913.647	-450.000	27016.000
2.650	27152.000	14759.553	-433.000	27158.000
2.660	27292.000	14531.687	-383.000	27297.000
2.670	27432.000	14372.181	-357.000	27439.000
2.680	27569.000	14170.527	-310.000	27579.000
2.690	27705.000	13999.369	-271.000	27718.000
2.700	27839.000	13819.558	-224.000	27857.000
2.710	27972.000	13663.691	-183.000	27994.000
2.720	28105.000	13554.583	-156.000	28130.000
2.730	28236.000	13418.208	-114.000	28265.000
2.740	28366.000	13292.746	-73.000	28398.000
2.750	28497.000	13234.922	-53.000	28530.000
2.760	28627.000	13164.445	-25.000	28660.000
2.770	28757.000	13115.112	-1.000	28788.000
2.780	28886.000	13050.578	34.000	28914.000
2.790	29015.000	13005.405	64.000	29039.000
2.800	29144.000	12973.783	94.000	29163.000
2.810	29272.000	12921.648	136.000	29286.000
2.820	29399.000	12855.154	188.000	29407.000
2.830	29527.000	12838.608	223.000	29528.000
2.840	29654.000	12797.025	273.000	29649.000
2.850	29780.000	12737.918	333.000	29769.000
2.860	29905.000	12666.542	402.000	29890.000
2.870	30030.000	12616.580	466.000	30012.000
2.880	30153.000	12521.606	551.000	30133.000
2.890	30277.000	12485.124	616.000	30256.000
2.900	30399.000	12399.587	704.000	30379.000
2.910	30522.000	12369.711	773.000	30503.000
2.920	30644.000	12318.798	852.000	30627.000
2.930	30767.000	12313.158	916.000	30752.000
2.940	30890.000	12309.211	981.000	30878.000
2.950	31014.000	12336.448	1036.000	31004.000
2.960	31139.000	12385.513	1083.000	31130.000
2.970	31265.000	12449.859	1125.000	31256.000
2.980	31393.000	12554.902	1152.000	31383.000
2.990	31522.000	12658.431	1180.000	31510.000
3.000	31653.000	12790.902	1197.000	31637.000
3.010	31785.000	12913.631	1218.000	31765.000
3.020	31918.000	13029.542	1241.000	31893.000
3.030	32053.000	13170.679	1254.000	32022.000
3.040	32190.000	13329.476	1258.000	32152.000
3.050	32327.000	13440.633	1281.000	32284.000
3.060	32465.000	13548.443	1303.000	32417.000
3.070	32605.000	13683.910	1314.000	32552.000
3.080	32745.000	13778.737	1338.000	32689.000
3.090	32887.000	13905.116	1349.000	32829.000
3.100	33029.000	13993.581	1372.000	32971.000
3.110	33173.000	14115.507	1379.000	33116.000
3.120	33318.000	14230.855	1386.000	33262.000
3.130	33464.000	14341.598	1393.000	33411.000
3.140	33611.000	14449.119	1398.000	33563.000
3.150	33760.000	14584.383	1388.000	33716.000
3.160	33910.000	14709.068	1379.000	33870.000
3.170	34062.000	14856.348	1358.000	34026.000
3.180	34215.000	14989.443	1338.000	34184.000
3.190	34370.000	15142.610	1307.000	34343.000
3.200	34527.000	15309.827	1265.000	34503.000
3.210	34686.000	15486.879	1216.000	34664.000
3.220	34845.000	15610.815	1183.000	34826.000
3.230	35006.000	15757.571	1137.000	34989.000
3.240	35168.000	15890.300	1093.000	35153.000
3.250	35331.000	16013.210	1047.000	35317.000
3.260	35495.000	16129.247	1001.000	35482.000
3.270	35659.000	16210.473	963.000	35647.000
3.280	35825.000	16327.331	907.000	35813.000
3.290	35991.000	16409.132	861.000	35979.000
3.300	36157.000	16466.392	821.000	36146.000
3.310	36324.000	16536.475	771.000	36315.000
3.320	36491.000	16585.532	725.000	36483.000
3.330	36658.000	16619.873	682.000	36653.000
3.340	36825.000	16643.911	638.000	36822.000
3.350	36992.000	16660.738	594.000	36990.000
3.360	37162.000	16762.516	513.000	37160.000
3.370	37331.000	16803.761	451.000	37330.000
3.380	37498.000	16772.633	416.000	37498.000
3.390	37666.000	16780.843	362.000	37667.000
3.400	37835.000	16816.590	294.000	37836.000
3.410	38003.000	16811.613	239.000	38006.000
3.420	38172.000	16838.129	170.000	38176.000
3.430	38340.000	16826.690	113.000	38345.000
3.440	38507.000	16788.683	65.000	38515.000
3.450	38675.000	16792.078	-2.000	38684.000
3.460	38842.000	16764.455	-57.000	38853.000
3.470	39007.000	16685.118	-93.000	39021.000
3.480	39173.000	16659.583	-152.000	39189.000
3.490	39337.000	16581.708	-190.000	39356.000
3.500	39501.000	16527.196	-239.000	39523.000
3.510	39664.000	16459.037	-282.000	39690.000
3.520	39826.000	16381.326	-321.000	39854.000
3.530	39987.000	16296.928	-357.000	40018.000
3.540	40147.000	16207.850	-390.000	40181.000
3.550	40306.000	16115.495	-421.000	40342.000
3.560	40463.000	15990.846	-438.000	40501.000
3.570	40617.000	15813.592	-433.000	40657.000
3.580	40772.000	15719.515	-459.000	40814.000
3.590	40922.000	15503.660	-434.000	40965.000
3.600	41072.000	15352.562	-433.000	41116.000
3.610	41206.000	14766.794	-254.000	41251.000
3.620	41352.000	14716.755	-287.000	41399.000
3.630	41499.000	14711.729	-335.000	41544.000
3.640	41644.000	14648.210	-356.000	41688.000
3.650	41788.000	14573.747	-371.000	41830.000
3.660	41930.000	14461.623	-367.000	41969.000
3.670	42070.000	14323.136	-349.000	42105.000
3.680	42209.000	14196.195	-331.000	42241.000
3.690	42347.000	14077.337	-313.000	42375.000
3.700	42484.000	13964.136	-294.000	42509.000
3.710	42618.000	13794.895	-248.000	42640.000
3.720	42752.000	13676.426	-218.000	42772.000
3.730	42886.000	13593.499	-198.000	42902.000
3.740	43017.000	13445.449	-147.000	43032.000
3.750	43147.000	13311.814	-98.000	43161.000
3.760	43277.000	13218.270	-61.000	43290.000
3.770	43405.000	13092.789	-6.000	43417.000
3.780	43532.000	12974.952	50.000	43543.000
3.790	43658.000	12862.467	108.000	43669.000
3.800	43784.000	12783.727	157.000	43796.000
3.810	43909.000	12698.609	213.000	43921.000
3.820	44033.000	12609.026	275.000	44046.000
3.830	44158.000	12576.318	318.000	44170.000
3.840	44283.000	12553.423	361.000	44294.000
3.850	44408.000	12537.396	404.000	44417.000
3.860	44533.000	12526.177	450.000	44541.000
3.870	44657.000	12488.324	509.000	44662.000
3.880	44784.000	12551.827	531.000	44784.000
3.890	44910.000	12566.279	576.000	44906.000
3.900	45036.000	12576.395	625.000	45028.000
3.910	45162.000	12583.477	678.000	45150.000
3.920	45288.000	12588.434	735.000	45272.000
3.930	45415.000	12621.904	782.000	45396.000
3.940	45542.000	12645.332	835.000	45519.000
3.950	45669.000	12661.733	893.000	45644.000
3.960	45796.000	12673.213	955.000	45771.000
3.970	45923.000	12681.249	1019.000	45898.000
3.980	46051.000	12716.874	1073.000	46026.000
3.990	46180.000	12771.812	1120.000	46156.000
4.000	46309.000	12810.268	1174.000	46286.000
4.010	46440.000	12897.188	1210.000	46418.000
4.020	46570.000	12928.032	1267.000	46550.000
4.030	46702.000	13009.622	1304.000	46682.000
4.040	46834.000	13066.735	1350.000	46816.000
4.050	46969.000	13196.715	1366.000	46951.000
4.060	47104.000	13287.700	1397.000	47086.000
4.070	47241.000	13411.390	1412.000	47222.000
4.080	47380.000	13557.973	1417.000	47359.000
4.090	47521.000	13720.581	1414.000	47497.000
4.100	47663.000	13864.407	1415.000	47636.000
4.110	47806.000	13995.085	1420.000	47776.000
4.120	47952.000	14176.559	1401.000	47917.000
4.130	48099.000	14333.592	1389.000	48060.000
4.140	48248.000	14503.514	1369.000	48205.000
4.150	48398.000	14652.460	1353.000	48352.000
4.160	48551.000	14846.722	1317.000	48502.000
4.170	48702.000	14922.705	1323.000	48653.000
4.180	48856.000	15065.894	1299.000	48807.000
4.190	49011.000	15196.126	1277.000	48965.000
4.200	49166.000	15287.288	1266.000	49123.000
4.210	49325.000	15471.102	1214.000	49286.000
4.220	49482.000	15539.771	1203.000	49448.000
4.230	49642.000	15677.840	1161.000	49613.000
4.240	49803.000	15804.488	1119.000	49780.000
4.250	49966.000	15953.141	1064.000	49947.000
4.260	50130.000	16087.199	1010.000	50116.000
4.270	50294.000	16181.039	968.000	50285.000
4.280	50458.000	16246.728	933.000	50455.000
4.290	50627.000	16442.709	841.000	50627.000
4.300	50794.000	16519.896	793.000	50797.000
4.310	50963.000	16633.928	725.000	50969.000
4.320	51133.000	16743.749	655.000	51139.000
4.330	51302.000	16790.624	606.000	51310.000
4.340	51473.000	16883.437	534.000	51480.000
4.350	51642.000	16888.406	494.000	51650.000
4.360	51811.000	16891.884	451.000	51819.000
4.370	51981.000	16924.319	393.000	51988.000
4.380	52150.000	16917.023	348.000	52157.000
4.390	52319.000	16911.916	299.000	52326.000
4.400	52487.000	16878.341	258.000	52494.000
4.410	52655.000	16854.839	211.000	52662.000
4.420	52822.000	16808.387	171.000	52829.000
4.430	52989.000	16775.871	123.000	52997.000
4.440	53156.000	16753.110	69.000	53164.000
4.450	53322.000	16707.177	23.000	53330.000
4.460	53487.000	16645.024	-19.000	53497.000
4.470	53651.000	16571.517	-57.000	53662.000
4.480	53816.000	16550.062	-117.000	53828.000
4.490	53978.000	16445.043	-144.000	53992.000
4.500	54140.000	16371.530	-184.000	54158.000
4.510	54301.000	16290.071	-221.000	54323.000
4.520	54461.000	16203.050	-256.000	54486.000
4.530	54620.000	16112.135	-288.000	54648.000
4.540	54778.000	16018.494	-319.000	54809.000
4.550	54935.000	15922.946	-349.000	54968.000
4.560	55092.000	15856.062	-388.000	55126.000
4.570	55246.000	15719.244	-399.000	55282.000
4.580	55401.000	15653.471	-436.000	55437.000
4.590	55553.000	15517.429	-443.000	55589.000
4.600	55705.000	15422.201	-464.000	55741.000
4.610	55855.000	15295.540	-470.000	55891.000
4.620	56004.000	15176.878	-476.000	56039.000
4.630	56151.000	15033.815	-470.000	56185.000
4.640	56297.000	14903.670	-466.000	56331.000
4.650	56441.000	14752.569	-451.000	56473.000
4.660	56584.000	14616.798	-438.000	56615.000
4.670	56725.000	14461.759	-414.000	56755.000
4.680	56863.000	14263.231	-368.000	56893.000
4.690	57000.000	14094.262	-330.000	57031.000
4.700	57136.000	13945.983	-296.000	57167.000
4.710	57269.000	13752.188	-240.000	57302.000
4.720	57402.000	13616.532	-203.000	57435.000
4.730	57533.000	13461.572	-154.000	57567.000
4.740	57663.000	13323.101	-107.000	57697.000
4.750	57792.000	13196.170	-60.000	57825.000
4.760	57921.000	13107.319	-24.000	57952.000
4.770	58048.000	12985.124	30.000	58076.000
4.780	58175.000	12899.586	73.000	58200.000
4.790	58302.000	12839.711	111.000	58323.000
4.800	58428.000	12767.797	157.000	58445.000
4.810	58554.000	12717.458	199.000	58567.000
4.820	58679.000	12652.221	251.000	58687.000
4.830	58803.000	12576.554	311.000	58807.000
4.840	58928.000	12553.588	354.000	58927.000
4.850	59052.000	12507.512	410.000	59046.000
4.860	59176.000	12475.258	464.000	59166.000
4.870	59299.000	12422.681	530.000	59286.000
4.880	59422.000	12385.877	592.000	59406.000
4.890	59545.000	12360.114	654.000	59527.000
4.900	59668.000	12342.079	715.000	59649.000
4.910	59792.000	12359.456	765.000	59772.000
4.920	59915.000	12341.619	831.000	59895.000
4.930	60040.000	12389.133	873.000	60019.000
4.940	60164.000	12392.393	935.000	60144.000
4.950	60289.000	12424.675	988.000	60270.000
4.960	60417.000	12537.273	1009.000	60398.000
4.970	60544.000	12586.091	1057.000	60525.000
4.980	60672.000	12650.264	1100.000	60652.000
4.990	60802.000	12755.185	1128.000	60781.000
5.000	60933.000	12858.629	1156.000	60911.000
5.010	61065.000	12961.040	1185.000	61041.000
5.020	61198.000	13062.728	1213.000	61171.000
5.030	61332.000	13163.910	1242.000	61303.000
5.040	61467.000	13264.737	1270.000	61435.000
5.050	61605.000	13425.316	1273.000	61570.000
5.060	61743.000	13537.721	1294.000	61706.000
5.070	61882.000	13646.405	1315.000	61844.000
5.080	62021.000	13722.483	1348.000	61982.000
5.090	62162.000	13835.738	1363.000	62123.000
5.100	62304.000	13945.017	1378.000	62265.000
5.110	62447.000	14051.512	1392.000	62409.000
5.120	62590.000	14126.058	1416.000	62552.000
5.130	62734.000	14208.241	1435.000	62698.000
5.140	62879.000	14295.769	1448.000	62845.000
5.150	63026.000	14417.038	1444.000	62994.000
5.160	63175.000	14561.927	1428.000	63144.000
5.170	63324.000	14663.349	1425.000	63295.000
5.180	63476.000	14824.344	1395.000	63447.000
5.190	63629.000	14967.041	1369.000	63600.000
5.200	63784.000	15126.929	1331.000	63755.000
5.210	63941.000	15298.850	1284.000	63911.000
5.220	64098.000	15419.195	1253.000	64067.000
5.230	64257.000	15563.437	1209.000	64224.000
5.240	64418.000	15724.406	1154.000	64382.000
5.250	64580.000	15867.084	1101.000	64542.000
5.260	64742.000	15966.959	1061.000	64703.000
5.270	64906.000	16096.871	1005.000	64865.000
5.280	65070.000	16187.810	960.000	65030.000
5.290	65235.000	16281.467	909.000	65195.000
5.300	65401.000	16377.027	853.000	65362.000
5.310	65567.000	16443.919	805.000	65532.000
5.320	65735.000	16550.743	737.000	65703.000
5.330	65902.000	16595.520	689.000	65873.000
5.340	66069.000	16626.864	643.000	66046.000
5.350	66237.000	16678.805	584.000	66218.000
5.360	66405.000	16715.163	529.000	66393.000
5.370	66574.000	16770.614	462.000	66567.000
5.380	66742.000	16779.430	411.000	66741.000
5.390	66911.000	16815.601	345.000	66915.000
5.400	67079.000	16810.921	293.000	67089.000
5.410	67246.000	16777.645	250.000	67263.000
5.420	67415.000	16814.351	177.000	67437.000
5.430	67581.000	16750.046	141.000	67607.000
5.440	67748.000	16735.032	84.000	67776.000
5.450	67914.000	16694.522	35.000	67945.000
5.460	68079.000	16636.166	-8.000	68112.000
5.470	68245.000	16625.316	-71.000	68279.000
5.480	68409.000	16557.721	-113.000	68442.000
5.490	68573.000	16510.405	-163.000	68606.000
5.500	68736.000	16447.283	-208.000	68767.000
5.510	68898.000	16373.098	-248.000	68928.000
5.520	69058.000	16261.169	-273.000	69087.000
5.530	69219.000	16212.818	-323.000	69244.000
5.540	69377.000	16088.973	-342.000	69401.000
5.550	69533.000	15942.281	-351.000	69556.000
5.560	69690.000	15869.597	-389.000	69712.000
5.570	69845.000	15758.718	-410.000	69866.000
5.580	69998.000	15621.102	-418.000	70019.000
5.590	70150.000	15494.772	-429.000	70171.000
5.600	70300.000	15346.340	-428.000	70323.000
5.610	70449.000	15212.438	-431.000	70474.000
5.620	70596.000	15058.707	-424.000	70624.000
5.630	70743.000	14951.095	-432.000	70772.000
5.640	70888.000	14815.766	-425.000	70919.000
5.650	71031.000	14661.036	-408.000	71064.000
5.660	71175.000	14582.725	-418.000	71210.000
5.670	71315.000	14407.908	-386.000	71351.000
5.680	71455.000	14285.535	-371.000	71492.000
5.690	71594.000	14169.875	-354.000	71631.000
5.700	71735.000	14148.912	-372.000	71771.000
5.710	71871.000	13984.239	-328.000	71907.000
5.720	72007.000	13868.967	-300.000	72041.000
5.730	72142.000	13758.277	-269.000	72174.000
5.740	72276.000	13650.794	-235.000	72306.000
5.750	72409.000	13545.556	-198.000	72436.000
5.760	72540.000	13411.889	-145.000	72565.000
5.770	72670.000	13288.322	-92.000	72692.000
5.780	72799.000	13171.826	-37.000	72819.000
5.790	72926.000	13030.278	32.000	72945.000
5.800	73052.000	12901.195	101.000	73071.000
5.810	73178.000	12810.836	159.000	73196.000
5.820	73302.000	12687.585	234.000	73320.000
5.830	73426.000	12601.310	298.000	73443.000
5.840	73550.000	12540.917	356.000	73565.000
5.850	73673.000	12468.642	423.000	73687.000
5.860	73797.000	12448.049	472.000	73808.000
5.870	73920.000	12403.634	535.000	73928.000
5.880	74043.000	12372.544	595.000	74047.000
5.890	74166.000	12350.781	655.000	74166.000
5.900	74289.000	12335.547	715.000	74286.000
5.910	74414.000	12384.883	752.000	74407.000
5.920	74538.000	12389.418	810.000	74527.000
5.930	74663.000	12422.592	858.000	74648.000
5.940	74789.000	12475.815	900.000	74770.000
5.950	74915.000	12513.070	950.000	74894.000
5.960	75043.000	12599.149	982.000	75018.000
5.970	75171.000	12659.404	1025.000	75143.000
5.980	75299.000	12701.583	1077.000	75270.000
5.990	75428.000	12761.108	1122.000	75398.000
6.000	75558.000	12832.776	1163.000	75526.000
6.010	75690.000	12942.943	1189.000	75656.000
6.020	75822.000	13020.060	1228.000	75787.000
6.030	75955.000	13104.042	1263.000	75920.000
6.040	76090.000	13222.829	1284.000	76056.000
6.050	76225.000	13305.981	1319.000	76192.000
6.060	76364.000	13484.186	1314.000	76331.000
6.070	76503.000	13608.931	1329.000	76471.000
6.080	76643.000	13726.251	1345.000	76612.000
6.090	76786.000	13898.376	1337.000	76755.000
6.100	76930.000	14048.863	1335.000	76899.000
6.110	77074.000	14154.204	1349.000	77045.000
6.120	77220.000	14287.943	1349.000	77191.000
6.130	77368.000	14441.560	1338.000	77339.000
6.140	77517.000	14579.092	1331.000	77487.000
6.150	77667.000	14705.364	1324.000	77637.000
6.160	77819.000	14853.755	1306.000	77790.000
6.170	77970.000	14927.629	1313.000	77942.000
6.180	78124.000	15069.340	1290.000	78096.000
6.190	78277.000	15138.538	1292.000	78250.000
6.200	78433.000	15276.977	1263.000	78407.000
6.210	78590.000	15403.884	1234.000	78565.000
6.220	78746.000	15462.719	1228.000	78722.000
6.230	78903.000	15533.903	1213.000	78881.000
6.240	79062.000	15643.732	1178.000	79041.000
6.250	79222.000	15750.612	1140.000	79202.000
6.260	79383.000	15855.429	1099.000	79365.000
6.270	79544.000	15928.800	1065.000	79528.000
6.280	79707.000	16040.160	1013.000	79692.000
6.290	79870.000	16118.112	969.000	79856.000
6.300	80034.000	16202.678	918.000	80020.000
6.310	80201.000	16351.875	838.000	80187.000
6.320	80367.000	16426.312	783.000	80353.000
6.330	80534.000	16508.419	720.000	80521.000
6.340	80700.000	16535.893	676.000	80689.000
6.350	80868.000	16615.125	607.000	80858.000
6.360	81035.000	16640.588	556.000	81028.000
6.370	81203.000	16688.411	493.000	81198.000
6.380	81374.000	16811.888	396.000	81371.000
6.390	81538.000	16688.322	394.000	81539.000
6.400	81707.000	16751.825	315.000	81709.000
6.410	81875.000	16766.278	253.000	81880.000
6.420	82041.000	16716.394	214.000	82049.000
6.430	82209.000	16741.476	143.000	82220.000
6.440	82375.000	16699.033	97.000	82389.000
6.450	82541.000	16669.323	44.000	82558.000
6.460	82708.000	16678.526	-26.000	82726.000
6.470	82872.000	16594.968	-60.000	82894.000
6.480	83038.000	16596.478	-129.000	83062.000
6.490	83201.000	16507.535	-163.000	83227.000
6.500	83365.000	16475.274	-220.000	83393.000
6.510	83526.000	16362.692	-245.000	83556.000
6.520	83685.000	16223.884	-260.000	83717.000
6.530	83844.000	16126.719	-290.000	83879.000
6.540	84002.000	16028.703	-319.000	84038.000
6.550	84157.000	15870.092	-323.000	84196.000
6.560	84312.000	15759.065	-345.000	84353.000
6.570	84465.000	15621.345	-355.000	84507.000
6.580	84617.000	15494.942	-367.000	84659.000
6.590	84769.000	15406.459	-393.000	84810.000
6.600	84919.000	15284.521	-403.000	84959.000
6.610	85069.000	15199.165	-425.000	85107.000
6.620	85216.000	15049.415	-419.000	85251.000
6.630	85364.000	14974.591	-440.000	85395.000
6.640	85509.000	14832.214	-431.000	85537.000
6.650	85654.000	14732.550	-436.000	85679.000
6.660	85797.000	14602.785	-426.000	85819.000
6.670	85938.000	14451.949	-403.000	85957.000
6.680	86078.000	14316.364	-383.000	86096.000
6.690	86216.000	14161.455	-351.000	86234.000
6.700	86354.000	14053.019	-333.000	86371.000
6.710	86491.000	13947.113	-313.000	86509.000
6.720	86625.000	13782.979	-265.000	86643.000
6.730	86759.000	13668.085	-232.000	86778.000
6.740	86892.000	13557.660	-197.000	86912.000
6.750	87023.000	13420.362	-147.000	87045.000
6.760	87154.000	13324.253	-109.000	87177.000
6.770	87284.000	13226.977	-66.000	87308.000
6.780	87414.000	13158.884	-30.000	87438.000
6.790	87543.000	13081.219	14.000	87567.000
6.800	87672.000	13026.853	52.000	87695.000
6.810	87800.000	12958.797	101.000	87823.000
6.820	87930.000	12971.158	121.000	87951.000
6.830	88056.000	12859.811	194.000	88074.000
6.840	88182.000	12781.867	259.000	88198.000
6.850	88310.000	12787.307	293.000	88321.000
6.860	88436.000	12731.115	356.000	88444.000
6.870	88562.000	12691.781	416.000	88566.000
6.880	88688.000	12664.246	474.000	88688.000
6.890	88813.000	12614.972	544.000	88810.000
6.900	88938.000	12580.481	611.000	88932.000
6.910	89062.000	12526.337	689.000	89055.000
6.920	89186.000	12488.436	763.000	89177.000
6.930	89310.000	12461.905	835.000	89301.000
6.940	89434.000	12443.333	906.000	89425.000
6.950	89558.000	12430.333	976.000	89549.000
6.960	89683.000	12451.233	1035.000	89674.000
6.970	89808.000	12465.863	1097.000	89798.000
6.980	89935.000	12536.104	1138.000	89923.000
6.990	90062.000	12585.273	1188.000	90049.000
7.000	90189.000	12619.691	1245.000	90174.000
7.010	90319.000	12733.784	1270.000	90301.000
7.020	90450.000	12843.649	1296.000	90429.000
7.030	90581.000	12920.554	1335.000	90557.000
7.040	90716.000	13094.388	1335.000	90688.000
7.050	90851.000	13216.071	1354.000	90820.000
7.060	90987.000	13331.250	1375.000	90952.000
7.070	91125.000	13471.875	1384.000	91086.000
7.080	91263.000	13570.313	1408.000	91221.000
7.090	91405.000	13759.219	1393.000	91361.000
7.100	91546.000	13861.453	1412.000	91501.000
7.110	91690.000	14023.017	1404.000	91644.000
7.120	91833.000	14106.112	1424.000	91787.000
7.130	91979.000	14254.278	1416.000	91933.000
7.140	92126.000	14387.995	1411.000	92080.000
7.150	92275.000	14541.596	1394.000	92231.000
7.160	92425.000	14679.117	1380.000	92383.000
7.170	92577.000	14835.382	1355.000	92536.000
7.180	92730.000	14974.768	1333.000	92692.000
7.190	92884.000	15102.337	1312.000	92848.000
7.200	93040.000	15251.636	1278.000	93007.000
7.210	93197.000	15386.145	1246.000	93167.000
7.220	93355.000	15510.302	1213.000	93326.000
7.230	93514.000	15627.211	1180.000	93487.000
7.240	93675.000	15769.048	1132.000	93650.000
7.250	93835.000	15838.333	1108.000	93813.000
7.260	93998.000	15976.833	1053.000	93979.000
7.270	94161.000	16073.783	1010.000	94144.000
7.280	94324.000	16141.648	974.000	94308.000
7.290	94489.000	16249.154	918.000	94475.000
7.300	94652.000	16264.408	895.000	94640.000
7.310	94818.000	16365.085	834.000	94807.000
7.320	94984.000	16435.560	780.000	94974.000
7.330	95150.000	16484.892	731.000	95141.000
7.340	95316.000	16519.424	684.000	95308.000
7.350	95482.000	16543.597	637.000	95475.000
7.360	95650.000	16620.518	566.000	95642.000
7.370	95817.000	16644.363	512.000	95809.000
7.380	95985.000	16691.054	446.000	95977.000
7.390	96152.000	16693.738	394.000	96144.000
7.400	96319.000	16695.616	340.000	96311.000
7.410	96486.000	16696.931	283.000	96478.000
7.420	96653.000	16697.852	224.000	96645.000
7.430	96819.000	16668.496	175.000	96812.000
7.440	96985.000	16647.947	120.000	96980.000
7.450	97150.000	16603.563	73.000	97147.000
7.460	97315.000	16572.494	20.000	97315.000
7.470	97479.000	16520.746	-27.000	97482.000
7.480	97642.000	16454.522	-69.000	97649.000
7.490	97805.000	16408.166	-120.000	97815.000
7.500	97966.000	16315.716	-152.000	97978.000
7.510	98128.000	16281.001	-208.000	98144.000
7.520	98287.000	16166.701	-232.000	98306.000
7.530	98447.000	16116.691	-281.000	98469.000
7.540	98605.000	16021.683	-312.000	98630.000
7.550	98763.000	15955.178	-353.000	98789.000
7.560	98919.000	15848.625	-377.000	98948.000
7.570	99073.000	15714.037	-388.000	99105.000
7.580	99227.000	15619.826	-414.000	99261.000
7.590	99378.000	15463.878	-413.000	99414.000
7.600	99529.000	15354.715	-428.000	99566.000
7.610	99678.000	15218.300	-430.000	99716.000
7.620	99826.000	15092.810	-434.000	99864.000
7.630	99971.000	14914.967	-414.000	100010.000
7.640	100116.000	14790.477	-412.000	100154.000
7.650	100260.000	14673.334	-410.000	100297.000
7.660	100402.000	14531.334	-394.000	100439.000
7.670	100543.000	14401.934	-380.000	100579.000
7.680	100683.000	14281.354	-366.000	100717.000
7.690	100820.000	14106.947	-326.000	100853.000
7.700	100958.000	14014.863	-315.000	100988.000
7.710	101094.000	13890.404	-287.000	101122.000
7.720	101230.000	13803.283	-269.000	101254.000
7.730	101364.000	13682.298	-235.000	101386.000
7.740	101497.000	13567.609	-198.000	101516.000
7.750	101629.000	13457.326	-158.000	101646.000
7.760	101761.000	13380.128	-128.000	101775.000
7.770	101892.000	13296.090	-90.000	101904.000
7.780	102022.000	13207.263	-47.000	102032.000
7.790	102150.000	13085.084	15.000	102160.000
7.800	102280.000	13059.559	42.000	102289.000
7.810	102408.000	12981.691	94.000	102417.000
7.820	102537.000	12957.184	129.000	102546.000
7.830	102663.000	12850.029	201.000	102671.000
7.840	102790.000	12805.020	252.000	102798.000
7.850	102917.000	12773.514	301.000	102924.000
7.860	103044.000	12751.460	350.000	103051.000
7.870	103171.000	12736.022	400.000	103177.000
7.880	103298.000	12725.215	452.000	103303.000
7.890	103425.000	12717.651	505.000	103429.000
7.900	103554.000	12772.356	536.000	103556.000
7.910	103683.000	12810.649	576.000	103683.000
7.920	103810.000	12777.454	647.000	103809.000
7.930	103938.000	12784.218	705.000	103936.000
7.940	104067.000	12818.953	753.000	104062.000
7.950	104197.000	12873.267	795.000	104190.000
7.960	104327.000	12911.287	846.000	104317.000
7.970	104456.000	12907.901	914.000	104444.000
7.980	104585.000	12905.531	983.000	104572.000
7.990	104716.000	12963.871	1028.000	104701.000
8.000	104847.000	13004.710	1081.000	104831.000
8.010	104978.000	13033.297	1139.000	104961.000
8.020	105110.000	13083.308	1189.000	105092.000
8.030	105242.000	13118.316	1244.000	105224.000
8.040	105376.000	13202.821	1279.000	105358.000
8.050	105510.000	13261.975	1324.000	105492.000
8.060	105647.000	13393.382	1338.000	105628.000
8.070	105783.000	13455.368	1379.000	105764.000
8.080	105921.000	13558.757	1401.000	105901.000
8.090	106062.000	13721.130	1398.000	106039.000
8.100	106202.000	13804.791	1424.000	106178.000
8.110	106345.000	13953.354	1421.000	106318.000
8.120	106488.000	14057.348	1434.000	106459.000
8.130	106634.000	14220.143	1420.000	106601.000
8.140	106781.000	14364.100	1411.000	106745.000
8.150	106929.000	14494.870	1403.000	106891.000
8.160	107080.000	14676.409	1372.000	107040.000
8.170	107230.000	14773.486	1371.000	107189.000
8.180	107381.000	14871.440	1366.000	107340.000
8.190	107534.000	15000.008	1345.000	107493.000
8.200	107687.000	15090.006	1335.000	107647.000
8.210	107842.000	15213.004	1308.000	107805.000
8.220	107998.000	15329.103	1280.000	107963.000
8.230	108154.000	15410.372	1261.000	108123.000
8.240	108312.000	15527.260	1224.000	108285.000
8.250	108472.000	15669.082	1172.000	108448.000
8.260	108633.000	15798.358	1121.000	108612.000
8.270	108795.000	15918.850	1069.000	108777.000
8.280	108958.000	16033.195	1015.000	108943.000
8.290	109122.000	16143.237	959.000	109109.000
8.300	109287.000	16250.266	899.000	109276.000
8.310	109452.000	16325.186	848.000	109443.000
8.320	109618.000	16407.630	789.000	109611.000
8.330	109785.000	16495.341	725.000	109779.000
8.340	109952.000	16556.739	667.000	109948.000
8.350	110118.000	16569.717	625.000	110115.000
8.360	110286.000	16638.802	556.000	110284.000
8.370	110453.000	16657.161	505.000	110452.000
8.380	110620.000	16670.013	452.000	110619.000
8.390	110785.000	16619.009	422.000	110787.000
8.400	110952.000	16643.306	359.000	110954.000
8.410	111117.000	16600.314	320.000	111122.000
8.420	111281.000	16540.220	286.000	111288.000
8.430	111447.000	16558.154	218.000	111456.000
8.440	111611.000	16510.708	175.000	111622.000
8.450	111774.000	16447.496	136.000	111787.000
8.460	111937.000	16403.247	88.000	111953.000
8.470	112100.000	16372.273	33.000	112117.000
8.480	112263.000	16350.591	-26.000	112281.000
8.490	112425.000	16305.414	-77.000	112444.000
8.500	112586.000	16243.790	-122.000	112606.000
8.510	112746.000	16170.653	-162.000	112768.000
8.520	112906.000	16119.457	-211.000	112928.000
8.530	113064.000	16023.620	-242.000	113088.000
8.540	113222.000	15956.534	-283.000	113246.000
8.550	113379.000	15879.574	-320.000	113405.000
8.560	113534.000	15765.702	-341.000	113562.000
8.570	113689.000	15685.991	-374.000	113718.000
8.580	113843.000	15600.194	-403.000	113872.000
8.590	113995.000	15480.136	-416.000	114025.000
8.600	114147.000	15396.095	-442.000	114176.000
8.610	114297.000	15277.266	-451.000	114328.000
8.620	114443.000	15074.087	-424.000	114475.000
8.630	114592.000	15021.861	-455.000	114623.000
8.640	114738.000	14895.302	-452.000	114770.000
8.650	114882.000	14746.712	-438.000	114915.000
8.660	115028.000	14702.698	-462.000	115060.000
8.670	115169.000	14521.889	-427.000	115202.000
8.680	115308.000	14335.322	-387.000	115344.000
8.690	115448.000	14234.725	-377.000	115484.000
8.700	115585.000	14074.308	-339.000	115621.000
8.710	115720.000	13902.015	-292.000	115758.000
8.720	115855.000	13781.411	-261.000	115892.000
8.730	115988.000	13636.988	-217.000	116025.000
8.740	116119.000	13475.891	-161.000	116157.000
8.750	116249.000	13333.124	-109.000	116286.000
8.760	116379.000	13233.187	-69.000	116415.000
8.770	116508.000	13133.231	-24.000	116541.000
8.780	116637.000	13063.262	13.000	116666.000
8.790	116764.000	12954.283	69.000	116790.000
8.800	116892.000	12907.998	105.000	116914.000
8.810	117019.000	12845.599	151.000	117037.000
8.820	117145.000	12771.919	206.000	117157.000
8.830	117272.000	12750.343	244.000	117279.000
8.840	117397.000	12675.240	308.000	117399.000
8.850	117523.000	12652.668	354.000	117520.000
8.860	117649.000	12636.868	401.000	117641.000
8.870	117774.000	12595.807	461.000	117762.000
8.880	117900.000	12597.065	508.000	117884.000
8.890	118025.000	12567.946	570.000	118006.000
8.900	118151.000	12577.562	620.000	118131.000
8.910	118276.000	12554.293	685.000	118256.000
8.920	118402.000	12568.005	738.000	118382.000
8.930	118529.000	12607.604	783.000	118509.000
8.940	118656.000	12635.323	835.000	118637.000
8.950	118783.000	12654.726	892.000	118766.000
8.960	118912.000	12728.308	928.000	118896.000
8.970	119041.000	12779.816	975.000	119026.000
8.980	119172.000	12875.871	1005.000	119157.000
8.990	119303.000	12943.110	1046.000	119289.000
9.000	119437.000	13080.177	1061.000	119422.000
9.010	119571.000	13176.124	1091.000	119556.000
9.020	119706.000	13273.287	1121.000	119691.000
9.030	119843.000	13401.301	1139.000	119826.000
9.040	119979.000	13460.910	1183.000	119961.000
9.050	120119.000	13622.637	1185.000	120099.000
9.060	120259.000	13735.846	1205.000	120237.000
9.070	120399.000	13815.092	1238.000	120374.000
9.080	120541.000	13930.565	1254.000	120514.000
9.090	120683.000	14011.395	1282.000	120654.000
9.100	120826.000	14097.977	1306.000	120797.000
9.110	120971.000	14218.584	1314.000	120941.000
9.120	121115.000	14273.009	1346.000	121086.000
9.130	121261.000	14371.106	1357.000	121233.000
9.140	121407.000	14439.774	1378.000	121381.000
9.150	121555.000	14547.842	1380.000	121530.000
9.160	121704.000	14653.489	1379.000	121681.000
9.170	121854.000	14757.443	1375.000	121832.000
9.180	122005.000	14860.210	1368.000	121984.000
9.190	122158.000	14992.147	1346.000	122137.000
9.200	122311.000	15084.503	1335.000	122290.000
9.210	122466.000	15209.152	1308.000	122446.000
9.220	122623.000	15356.406	1267.000	122601.000
9.230	122781.000	15489.484	1228.000	122759.000
9.240	122939.000	15582.639	1200.000	122915.000
9.250	123101.000	15767.847	1131.000	123075.000
9.260	123263.000	15897.493	1079.000	123236.000
9.270	123424.000	15958.245	1051.000	123396.000
9.280	123588.000	16090.772	990.000	123559.000
9.290	123751.000	16153.540	952.000	123722.000
9.300	123916.000	16257.478	893.000	123886.000
9.310	124082.000	16360.235	831.000	124054.000
9.320	124246.000	16372.164	801.000	124220.000
9.330	124412.000	16440.515	744.000	124388.000
9.340	124578.000	16488.360	692.000	124557.000
9.350	124745.000	16551.852	630.000	124727.000
9.360	124912.000	16596.297	571.000	124897.000
9.370	125078.000	16597.408	527.000	125067.000
9.380	125245.000	16628.185	467.000	125237.000
9.390	125412.000	16649.730	408.000	125407.000
9.400	125579.000	16664.811	349.000	125578.000
9.410	125745.000	16645.368	301.000	125748.000
9.420	125910.000	16601.757	260.000	125918.000
9.430	126076.000	16601.230	199.000	126087.000
9.440	126241.000	16570.861	149.000	126256.000
9.450	126406.000	16549.603	93.000	126423.000
9.460	126570.000	16504.722	45.000	126589.000
9.470	126733.000	16443.305	2.000	126754.000
9.480	126895.000	16370.314	-37.000	126917.000
9.490	127057.000	16319.220	-85.000	127080.000
9.500	127217.000	16223.454	-116.000	127240.000
9.510	127378.000	16186.418	-171.000	127401.000
9.520	127537.000	16100.492	-206.000	127559.000
9.530	127696.000	16040.345	-251.000	127716.000
9.540	127854.000	15968.241	-290.000	127872.000
9.550	128011.000	15887.769	-326.000	128028.000
9.560	128167.000	15801.438	-358.000	128181.000
9.570	128322.000	15711.007	-387.000	128334.000
9.580	128475.000	15587.705	-401.000	128486.000
9.590	128627.000	15471.393	-416.000	128636.000
9.600	128778.000	15359.975	-430.000	128786.000
9.610	128927.000	15221.983	-432.000	128936.000
9.620	129076.000	15125.388	-447.000	129085.000
9.630	129222.000	14967.772	-435.000	129233.000
9.640	129367.000	14827.440	-427.000	129381.000
9.650	129511.000	14699.208	-421.000	129527.000
9.660	129653.000	14549.446	-402.000	129673.000
9.670	129795.000	14444.612	-398.000	129817.000
9.680	129936.000	14341.228	-390.000	129960.000
9.690	130074.000	14178.860	-356.000	130101.000
9.700	130212.000	14065.202	-336.000	130240.000
9.710	130351.000	14015.641	-338.000	130380.000
9.720	130486.000	13860.949	-294.000	130516.000
9.730	130621.000	13752.664	-265.000	130652.000
9.740	130756.000	13676.865	-244.000	130785.000
9.750	130889.000	13563.805	-204.000	130918.000
9.760	131021.000	13454.664	-161.000	131048.000
9.770	131152.000	13348.265	-114.000	131177.000
9.780	131282.000	13243.785	-64.000	131305.000
9.790	131411.000	13140.650	-11.000	131432.000
9.800	131540.000	13068.455	35.000	131558.000
9.810	131667.000	12957.918	100.000	131682.000
9.820	131793.000	12850.543	168.000	131807.000
9.830	131918.000	12745.380	240.000	131930.000
9.840	132043.000	12671.766	303.000	132053.000
9.850	132167.000	12590.236	373.000	132176.000
9.860	132292.000	12563.165	424.000	132298.000
9.870	132415.000	12484.216	500.000	132419.000
9.880	132540.000	12488.951	546.000	132541.000
9.890	132663.000	12432.266	620.000	132662.000
9.900	132786.000	12392.586	690.000	132784.000
9.910	132911.000	12424.810	734.000	132906.000
9.920	133036.000	12447.367	784.000	133028.000
9.930	133161.000	12463.157	839.000	133151.000
9.940	133287.000	12504.210	885.000	133274.000
9.950	133414.000	12562.947	927.000	133398.000
9.960	133541.000	12604.063	977.000	133524.000
9.970	133669.000	12662.844	1021.000	133650.000
9.980	133798.000	12733.991	1061.000	133778.000
9.990	133929.000	12843.794	1086.000	133907.000
10.000	134059.000	12890.655	1137.000	134037.000
10.010	134192.000	13013.459	1157.000	134168.000
10.020	134325.000	13099.421	1192.000	134302.000
10.030	134458.000	13159.595	1237.000	134435.000
10.040	134594.000	13291.716	1253.000	134570.000
10.050	134731.000	13414.201	1271.000	134707.000
10.060	134869.000	13529.941	1291.000	134844.000
10.070	135008.000	13640.959	1311.000	134982.000
10.080	135149.000	13778.671	1319.000	135123.000
10.090	135292.000	13935.070	1318.000	135264.000
10.100	135436.000	14074.549	1320.000	135407.000
10.110	135582.000	14232.184	1313.000	135553.000
10.120	135728.000	14342.529	1323.000	135699.000
10.130	135876.000	14479.770	1318.000	135847.000
10.140	136026.000	14635.839	1303.000	135996.000
10.150	136177.000	14775.087	1292.000	136147.000
10.160	136329.000	14902.561	1281.000	136299.000
10.170	136481.000	14991.793	1282.000	136452.000
10.180	136634.000	15084.255	1279.000	136606.000
10.190	136788.000	15178.978	1271.000	136762.000
10.200	136943.000	15275.285	1258.000	136919.000
10.210	137099.000	15372.699	1241.000	137077.000
10.220	137255.000	15440.890	1231.000	137236.000
10.230	137413.000	15548.623	1202.000	137397.000
10.240	137572.000	15654.036	1169.000	137559.000
10.250	137731.000	15727.825	1144.000	137721.000
10.260	137891.000	15809.478	1112.000	137883.000
10.270	138053.000	15926.634	1062.000	138045.000
10.280	138215.000	16008.644	1021.000	138207.000
10.290	138378.000	16096.051	974.000	138371.000
10.300	138542.000	16187.236	920.000	138534.000
10.310	138708.000	16311.065	850.000	138699.000
10.320	138874.000	16397.745	790.000	138863.000
10.330	139040.000	16458.422	737.000	139029.000
10.340	139206.000	16500.895	686.000	139194.000
10.350	139374.000	16590.627	613.000	139361.000
10.360	139541.000	16623.439	560.000	139527.000
10.370	139707.000	16616.407	518.000	139693.000
10.380	139874.000	16641.485	461.000	139861.000
10.390	140041.000	16659.039	403.000	140030.000
10.400	140207.000	16641.328	357.000	140199.000
10.410	140373.000	16628.929	306.000	140368.000
10.420	140538.000	16590.251	263.000	140537.000
10.430	140704.000	16593.175	202.000	140707.000
10.440	140869.000	16565.223	150.000	140876.000
10.450	141034.000	16545.656	93.000	141044.000
10.460	141199.000	16531.959	33.000	141212.000
10.470	141362.000	16462.371	-6.000	141380.000
10.480	141525.000	16413.660	-55.000	141546.000
10.490	141687.000	16349.562	-99.000	141711.000
10.500	141849.000	16304.693	-150.000	141876.000
10.510	142009.000	16213.285	-183.000	142039.000
10.520	142168.000	16119.300	-215.000	142199.000
10.530	142326.000	16023.510	-246.000	142359.000
10.540	142483.000	15926.457	-275.000	142517.000
10.550	142639.000	15828.520	-303.000	142673.000
10.560	142792.000	15669.964	-306.000	142828.000
10.570	142944.000	15528.975	-314.000	142980.000
10.580	143095.000	15400.282	-326.000	143131.000
10.590	143245.000	15280.198	-338.000	143280.000
10.600	143393.000	15136.138	-339.000	143428.000
10.610	143541.000	15035.297	-355.000	143574.000
10.620	143686.000	14874.708	-344.000	143718.000
10.630	143830.000	14732.295	-338.000	143860.000
10.640	143974.000	14632.607	-345.000	144002.000
10.650	144116.000	14502.825	-337.000	144142.000
10.660	144257.000	14381.977	-330.000	144281.000
10.670	144398.000	14297.384	-333.000	144419.000
10.680	144537.000	14178.169	-319.000	144556.000
10.690	144675.000	14064.718	-304.000	144693.000
10.700	144811.000	13925.303	-274.000	144829.000
10.710	144947.000	13827.712	-256.000	144964.000
10.720	145081.000	13699.398	-222.000	145098.000
10.730	145215.000	13609.579	-200.000	145232.000
10.740	145348.000	13516.705	-172.000	145366.000
10.750	145479.000	13391.694	-126.000	145499.000
10.760	145611.000	13334.186	-104.000	145631.000
10.770	145741.000	13233.930	-60.000	145761.000
10.780	145870.000	13133.751	-11.000	145891.000
10.790	146000.000	13093.626	17.000	146021.000
10.800	146129.000	13035.538	57.000	146150.000
10.810	146258.000	12994.877	95.000	146278.000
10.820	146386.000	12936.414	143.000	146405.000
10.830	146513.000	12865.490	200.000	146532.000
10.840	146642.000	12875.843	229.000	146658.000
10.850	146769.000	12823.090	286.000	146782.000
10.860	146896.000	12786.163	341.000	146907.000
10.870	147025.000	12820.314	371.000	147032.000
10.880	147152.000	12784.220	432.000	147156.000
10.890	147278.000	12728.954	504.000	147280.000
10.900	147404.000	12690.268	573.000	147404.000
10.910	147531.000	12693.187	627.000	147529.000
10.920	147656.000	12635.231	709.000	147653.000
10.930	147783.000	12654.662	762.000	147778.000
10.940	147908.000	12608.263	843.000	147903.000
10.950	148034.000	12605.784	909.000	148029.000
10.960	148161.000	12634.049	964.000	148155.000
10.970	148289.000	12683.834	1011.000	148282.000
10.980	148416.000	12688.684	1078.000	148409.000
10.990	148545.000	12752.079	1122.000	148536.000
11.000	148676.000	12856.455	1150.000	148665.000
11.010	148808.000	12959.519	1179.000	148793.000
11.020	148939.000	13001.663	1232.000	148922.000
11.030	149073.000	13121.164	1253.000	149053.000
11.040	149209.000	13264.815	1264.000	149185.000
11.050	149346.000	13395.370	1280.000	149318.000
11.060	149483.000	13486.759	1309.000	149451.000
11.070	149623.000	13640.732	1313.000	149587.000
11.080	149763.000	13748.512	1332.000	149724.000
11.090	149904.000	13853.958	1351.000	149863.000
11.100	150047.000	13987.771	1357.000	150005.000
11.110	150192.000	14141.440	1351.000	150149.000
11.120	150337.000	14249.008	1362.000	150295.000
11.130	150484.000	14384.305	1359.000	150443.000
11.140	150632.000	14509.014	1357.000	150592.000
11.150	150781.000	14626.310	1354.000	150743.000
11.160	150932.000	14768.417	1338.000	150897.000
11.170	151084.000	14897.892	1324.000	151051.000
11.180	151237.000	15018.524	1309.000	151206.000
11.190	151393.000	15192.967	1269.000	151365.000
11.200	151550.000	15345.077	1234.000	151523.000
11.210	151707.000	15451.554	1213.000	151684.000
11.220	151867.000	15616.088	1165.000	151846.000
11.230	152027.000	15731.261	1131.000	152009.000
11.240	152189.000	15871.883	1084.000	152173.000
11.250	152352.000	16000.318	1037.000	152337.000
11.260	152514.000	16060.223	1012.000	152501.000
11.270	152678.000	16162.156	967.000	152666.000
11.280	152843.000	16263.509	918.000	152832.000
11.290	153008.000	16334.456	876.000	152999.000
11.300	153174.000	16414.119	827.000	153167.000
11.310	153341.000	16499.884	771.000	153336.000
11.320	153506.000	16499.919	745.000	153503.000
11.330	153672.000	16529.943	704.000	153671.000
11.340	153838.000	16550.960	662.000	153839.000
11.350	154005.000	16595.672	607.000	154007.000
11.360	154171.000	16596.970	566.000	154173.000
11.370	154339.000	16657.879	498.000	154341.000
11.380	154508.000	16730.516	422.000	154509.000
11.390	154674.000	16691.361	387.000	154676.000
11.400	154842.000	16723.953	320.000	154843.000
11.410	155010.000	16746.767	255.000	155011.000
11.420	155177.000	16732.737	202.000	155176.000
11.430	155344.000	16722.916	145.000	155343.000
11.440	155511.000	16716.041	85.000	155510.000
11.450	155677.000	16681.229	34.000	155677.000
11.460	155841.000	16596.860	1.000	155842.000
11.470	156005.000	16537.802	-43.000	156008.000
11.480	156169.000	16496.461	-94.000	156174.000
11.490	156332.000	16437.523	-140.000	156340.000
11.500	156494.000	16366.266	-181.000	156504.000
11.510	156655.000	16286.386	-219.000	156668.000
11.520	156815.000	16200.470	-254.000	156832.000
11.530	156973.000	16080.329	-275.000	156993.000
11.540	157130.000	15966.230	-298.000	157154.000
11.550	157287.000	15886.361	-333.000	157313.000
11.560	157441.000	15740.453	-341.000	157471.000
11.570	157595.000	15638.317	-365.000	157628.000
11.580	157748.000	15536.822	-387.000	157783.000
11.590	157899.000	15405.775	-396.000	157936.000
11.600	158049.000	15284.043	-406.000	158087.000
11.610	158197.000	15138.830	-405.000	158236.000
11.620	158344.000	15007.181	-406.000	158382.000
11.630	158490.000	14885.027	-408.000	158526.000
11.640	158633.000	14709.519	-385.000	158669.000
11.650	158776.000	14586.663	-380.000	158808.000
11.660	158917.000	14440.664	-363.000	158947.000
11.670	159056.000	14278.465	-335.000	159084.000
11.680	159194.000	14134.925	-311.000	159219.000
11.690	159331.000	14004.448	-288.000	159353.000
11.700	159467.000	13883.113	-265.000	159486.000
11.710	159601.000	13738.179	-229.000	159616.000
11.720	159735.000	13636.726	-205.000	159747.000
11.730	159868.000	13535.708	-178.000	159877.000
11.740	159999.000	13404.996	-134.000	160006.000
11.750	160130.000	13313.497	-102.000	160134.000
11.760	160259.000	13189.448	-52.000	160261.000
11.770	160387.000	13072.613	-1.000	160389.000
11.780	160515.000	12990.829	41.000	160515.000
11.790	160640.000	12843.581	113.000	160640.000
11.800	160767.000	12800.506	148.000	160767.000
11.810	160892.000	12710.354	205.000	160892.000
11.820	161017.000	12647.248	256.000	161017.000
11.830	161142.000	12603.074	304.000	161143.000
11.840	161267.000	12572.152	350.000	161267.000
11.850	161391.000	12520.506	408.000	161392.000
11.860	161516.000	12514.354	452.000	161516.000
11.870	161640.000	12480.048	510.000	161638.000
11.880	161766.000	12516.034	543.000	161762.000
11.890	161891.000	12511.224	595.000	161884.000
11.900	162017.000	12537.856	638.000	162006.000
11.910	162143.000	12556.500	687.000	162129.000
11.920	162270.000	12599.550	728.000	162253.000
11.930	162397.000	12629.685	777.000	162377.000
11.940	162525.000	12680.779	819.000	162501.000
11.950	162653.000	12716.546	869.000	162627.000
11.960	162782.000	12771.582	912.000	162755.000
11.970	162910.000	12780.107	976.000	162883.000
11.980	163039.000	12816.075	1030.000	163012.000
11.990	163169.000	12871.253	1077.000	163142.000
12.000	163300.000	12939.877	1119.000	163274.000
12.010	163431.000	12987.914	0.000	163406.000
12.020	163561.000	12991.540	0.000	163539.000
12.030	163690.000	12964.078	0.000	163673.000
12.040	163817.000	12884.854	0.000	163809.000
12.050	163944.000	12829.398	0.000	163946.000
12.060	164068.000	12700.579	0.000	164081.000
12.070	164191.000	12580.405	0.000	164217.000
12.080	164315.000	12526.284	0.000	164351.000
12.090	164438.000	12458.398	0.000	164485.000
12.100	164561.000	12410.879	0.000	164616.000
12.110	164683.000	12347.615	0.000	164744.000
12.120	164805.000	12303.331	0.000	164870.000
12.130	164927.000	12272.331	0.000	164993.000
12.140	165051.000	12310.632	0.000	165113.000
12.150	165175.000	12337.442	0.000	165230.000
12.160	165300.000	12386.210	0.000	165346.000
12.170	165422.000	12330.347	0.000	165457.000
12.180	165543.000	12261.243	0.000	165567.000
12.190	165668.000	12332.870	0.000	165678.000
12.200	165790.000	12293.009	0.000	165788.000
12.210	165910.000	12205.106	0.000	165898.000
12.220	166031.000	12173.574	0.000	166009.000
12.230	166149.000	12061.502	0.000	166121.000
12.240	166267.000	11983.051	0.000	166235.000
12.250	166382.000	11838.136	0.000	166351.000
12.260	166498.000	11766.695	0.000	166469.000
12.270	166608.000	11536.687	0.000	166585.000
12.280	166720.000	11435.681	0.000	166705.000
12.290	166829.000	11274.976	0.000	166825.000
12.300	166938.000	11162.484	0.000	166946.000
12.310	167045.000	11023.738	0.000	167066.000
12.320	167152.000	10926.617	0.000	167185.000
12.330	167260.000	10888.632	0.000	167305.000
12.340	167367.000	10832.042	0.000	167421.000
12.350	167475.000	10822.430	0.000	167535.000
12.360	167583.000	10815.701	0.000	167646.000
12.370	167691.000	10810.991	0.000	167755.000
12.380	167801.000	10867.693	0.000	167861.000
12.390	167910.000	10877.385	0.000	167964.000
12.400	168019.000	10884.170	0.000	168064.000
12.410	168129.000	10918.919	0.000	168164.000
12.420	168237.000	10883.243	0.000	168259.000
12.430	168345.000	10858.270	0.000	168356.000
12.440	168452.000	10810.789	0.000	168452.000
12.450	168558.000	10747.552	0.000	168548.000
12.460	168662.000	10643.287	0.000	168645.000
12.470	168764.000	10510.301	0.000	168742.000
12.480	168864.000	10357.210	0.000	168839.000
12.490	168961.000	10160.047	0.000	168938.000
12.500	169058.000	10022.033	0.000	169040.000
12.510	169151.000	9805.423	0.000	169140.000
12.520	169243.000	9623.796	0.000	169241.000
12.530	169334.000	9466.657	0.000	169344.000
12.540	169423.000	9296.660	0.000	169445.000
12.550	169511.000	9147.662	0.000	169546.000
12.560	169598.000	9013.363	0.000	169645.000
12.570	169685.000	8919.354	0.000	169742.000
12.580	169771.000	8823.548	0.000	169836.000
12.590	169858.000	8786.484	0.000	169927.000
12.600	169944.000	8730.539	0.000	170015.000
12.610	170030.000	8691.377	0.000	170100.000
12.620	170117.000	8693.964	0.000	170182.000
12.630	170204.000	8695.775	0.000	170261.000
12.640	170290.000	8667.042	0.000	170337.000
12.650	170377.000	8676.930	0.000	170411.000
12.660	170463.000	8653.851	0.000	170484.000
12.670	170548.000	8607.696	0.000	170555.000
12.680	170632.000	8545.387	0.000	170626.000
12.690	170716.000	8501.771	0.000	170697.000
12.700	170799.000	8441.240	0.000	170770.000
12.710	170879.000	8308.868	0.000	170844.000
12.720	170958.000	8186.207	0.000	170920.000
12.730	171035.000	8040.345	0.000	170997.000
12.740	171110.000	7878.242	0.000	171076.000
12.750	171184.000	7734.769	0.000	171157.000
12.760	171256.000	7574.338	0.000	171239.000
12.770	171326.000	7402.037	0.000	171323.000
12.780	171396.000	7281.426	0.000	171406.000
12.790	171465.000	7166.998	0.000	171488.000
12.800	171534.000	7086.899	0.000	171570.000
12.810	171602.000	7000.829	0.000	171650.000
12.820	171671.000	6970.580	0.000	171728.000
12.830	171740.000	6949.406	0.000	171803.000
12.840	171809.000	6934.584	0.000	171876.000
12.850	171879.000	6954.209	0.000	171945.000
12.860	171950.000	6997.946	0.000	172012.000
12.870	172020.000	6998.562	0.000	172075.000
12.880	172091.000	7028.994	0.000	172136.000
12.890	172162.000	7050.296	0.000	172196.000
12.900	172233.000	7065.207	0.000	172254.000
12.910	172303.000	7045.645	0.000	172311.000
12.920	172373.000	7031.951	0.000	172367.000
12.930	172442.000	6992.366	0.000	172424.000
12.940	172510.000	6934.656	0.000	172481.000
12.950	172576.000	6834.259	0.000	172540.000
12.960	172641.000	6733.982	0.000	172600.000
12.970	172704.000	6603.787	0.000	172661.000
12.980	172765.000	6452.651	0.000	172725.000
12.990	172825.000	6316.856	0.000	172791.000
13.000	172883.000	6161.799	0.000	172858.000
13.010	172940.000	6023.259	0.000	172927.000
13.020	172995.000	5866.281	0.000	172995.000
13.030	173049.000	5726.397	0.000	173064.000
13.040	173103.000	5628.478	0.000	173133.000
13.050	173157.000	5559.935	0.000	173199.000
13.060	173210.000	5481.954	0.000	173264.000
13.070	173264.000	5457.368	0.000	173326.000
13.080	173318.000	5440.158	0.000	173385.000
13.090	173372.000	5428.110	0.000	173441.000
13.100	173427.000	5449.677	0.000	173493.000
13.110	173481.000	5434.774	0.000	173542.000
13.120	173537.000	5484.342	0.000	173588.000
13.130	173591.000	5459.039	0.000	173631.000
13.140	173646.000	5471.327	0.000	173673.000
13.150	173701.000	5479.929	0.000	173713.000
13.160	173753.000	5395.950	0.000	173752.000
13.170	173805.000	5337.165	0.000	173792.000
13.180	173855.000	5236.016	0.000	173832.000
13.190	173903.000	5105.211	0.000	173873.000
13.200	173950.000	4983.648	0.000	173915.000
13.210	173994.000	4808.553	0.000	173959.000
13.220	174036.000	4625.987	0.000	174004.000
13.230	174076.000	4438.191	0.000	174051.000
13.240	174114.000	4246.734	0.000	174098.000
13.250	174150.000	4052.714	0.000	174147.000
13.260	174185.000	3886.900	0.000	174195.000
13.270	174219.000	3740.830	0.000	174243.000
13.280	174252.000	3608.581	0.000	174290.000
13.290	174284.000	3486.007	0.000	174335.000
13.300	174315.000	3370.205	0.000	174377.000
13.310	174347.000	3319.143	0.000	174417.000
13.320	174378.000	3253.400	0.000	174453.000
13.330	174410.000	3237.380	0.000	174485.000
13.340	174442.000	3226.166	0.000	174514.000
13.350	174475.000	3248.316	0.000	174539.000
13.360	174507.000	3233.821	0.000	174562.000
13.370	174539.000	3223.675	0.000	174582.000
13.380	174570.000	3186.572	0.000	174599.000
13.390	174601.000	3160.601	0.000	174616.000
13.400	174630.000	3082.421	0.000	174631.000
13.410	174658.000	2997.694	0.000	174647.000
13.420	174684.000	2878.386	0.000	174663.000
13.430	174709.000	2764.870	0.000	174680.000
13.440	174732.000	2625.409	0.000	174698.000
13.450	174753.000	2467.786	0.000	174718.000
13.460	174772.000	2297.450	0.000	174739.000
13.470	174789.000	2118.215	0.000	174762.000
13.480	174804.000	1932.751	0.000	174786.000
13.490	174817.000	1742.926	0.000	174810.000
13.500	174829.000	1580.048	0.000	174836.000
13.510	174840.000	1436.034	0.000	174861.000
13.520	174849.000	1275.223	0.000	174885.000
13.530	174859.000	1192.656	0.000	174907.000
13.540	174867.000	1074.859	0.000	174927.000
13.550	174876.000	1022.402	0.000	174944.000
13.560	174885.000	985.681	0.000	174958.000
13.570	174894.000	959.977	0.000	174969.000
13.580	174904.000	971.984	0.000	174976.000
13.590	174914.000	980.389	0.000	174980.000
13.600	174924.000	986.272	0.000	174981.000
13.610	174935.000	1020.390	0.000	174981.000
13.620	174945.000	1014.273	0.000	174977.000
13.630	174954.000	979.991	0.000	174972.000
13.640	174964.000	985.994	0.000	174966.000
13.650	174971.000	900.196	0.000	174960.000
13.660	174977.000	810.137	0.000	174955.000
13.670	174982.000	717.096	0.000	174951.000
13.680	174984.000	561.967	0.000	174949.000
13.690	174985.000	423.377	0.000	174948.000
13.700	174985.000	296.364	0.000	174948.000
13.710	174983.000	147.455	0.000	174952.000
13.720	174978.000	-46.782	0.000	174957.000
13.730	174972.000	-212.747	0.000	174962.000
13.740	174965.000	-358.923	0.000	174968.000
13.750	174957.000	-491.246	0.000	174974.000
13.760	174949.000	-583.872	0.000	174980.000
13.770	174942.000	-618.711	0.000	174983.000
13.780	174935.000	-643.097	0.000	174984.000
13.790	174928.000	-660.168	0.000	174984.000
13.800	174922.000	-642.118	0.000	174982.000
13.810	174918.000	-569.482	0.000	174975.000
13.820	174914.000	-518.638	0.000	174966.000
13.830	174911.000	-453.046	0.000	174955.000
13.840	174908.000	-407.132	0.000	174942.000
13.850	174906.000	-344.993	0.000	174927.000
13.860	174905.000	-271.495	0.000	174912.000
13.870	174903.000	-250.046	0.000	174896.000
13.880	174900.000	-265.033	0.000	174881.000
13.890	174897.000	-275.523	0.000	174868.000
13.900	174893.000	-312.866	0.000	174856.000
13.910	174887.000	-399.006	0.000	174845.000
13.920	174881.000	-459.304	0.000	174838.000
13.930	174874.000	-531.513	0.000	174832.000
13.940	174865.000	-642.059	0.000	174829.000
13.950	174855.000	-749.441	0.000	174828.000
13.960	174844.000	-854.609	0.000	174827.000
13.970	174833.000	-928.226	0.000	174827.000
13.980	174821.000	-1009.758	0.000	174829.000
13.990	174810.000	-1036.831	0.000	174830.000
14.000	174798.000	-1085.782	0.000	174831.000
14.010	174787.000	-1090.047	0.000	174831.000
14.020	174776.000	-1093.033	0.000	174829.000
14.030	174767.000	-1035.123	0.000	174824.000
14.040	174758.000	-994.586	0.000	174817.000
14.050	174751.000	-906.210	0.000	174807.000
14.060	174744.000	-844.347	0.000	174795.000
14.070	174739.000	-741.043	0.000	174781.000
14.080	174735.000	-638.730	0.000	174765.000
14.090	174730.000	-597.111	0.000	174748.000
14.100	174727.000	-507.978	0.000	174731.000
14.110	174723.000	-475.584	0.000	174713.000
14.120	174719.000	-452.909	0.000	174697.000
14.130	174714.000	-467.036	0.000	174681.000
14.140	174709.000	-476.925	0.000	174668.000
14.150	174703.000	-513.848	0.000	174656.000
14.160	174695.000	-599.693	0.000	174647.000
14.170	174687.000	-659.785	0.000	174641.000
14.180	174678.000	-731.850	0.000	174637.000
14.190	174668.000	-812.295	0.000	174635.000
14.200	174657.000	-898.606	0.000	174635.000
14.210	174646.000	-959.024	0.000	174635.000
14.220	174635.000	-1001.317	0.000	174637.000
14.230	174624.000	-1030.922	0.000	174639.000
14.240	174613.000	-1051.645	0.000	174640.000
14.250	174603.000	-1036.152	0.000	174640.000
14.260	174594.000	-995.306	0.000	174640.000
14.270	174585.000	-966.714	0.000	174638.000
14.280	174578.000	-886.700	0.000	174632.000
14.290	174572.000	-800.690	0.000	174625.000
14.300	174567.000	-710.483	0.000	174615.000
14.310	174563.000	-617.338	0.000	174603.000
14.320	174560.000	-522.137	0.000	174590.000
14.330	174558.000	-425.496	0.000	174575.000
14.340	174555.000	-387.847	0.000	174561.000
14.350	174553.000	-331.493	0.000	174546.000
14.360	174550.000	-322.045	0.000	174532.000
14.370	174547.000	-315.432	0.000	174519.000
14.380	174544.000	-310.802	0.000	174507.000
14.390	174539.000	-367.561	0.000	174498.000
14.400	174534.000	-407.293	0.000	174491.000
14.410	174527.000	-495.105	0.000	174486.000
14.420	174519.000	-586.574	0.000	174484.000
14.430	174511.000	-650.602	0.000	174483.000
14.440	174502.000	-725.421	0.000	174483.000
14.450	174493.000	-777.795	0.000	174484.000
14.460	174483.000	-844.456	0.000	174487.000
14.470	174474.000	-861.119	0.000	174490.000
14.480	174464.000	-902.784	0.000	174492.000
14.490	174456.000	-871.949	0.000	174493.000
14.500	174448.000	-850.364	0.000	174493.000
14.510	174441.000	-805.255	0.000	174491.000
14.520	174436.000	-713.678	0.000	174487.000
14.530	174431.000	-649.575	0.000	174480.000
14.540	174427.000	-574.702	0.000	174471.000
14.550	174425.000	-462.292	0.000	174461.000
14.560	174423.000	-383.604	0.000	174449.000
14.570	174422.000	-298.523	0.000	174436.000
14.580	174421.000	-238.966	0.000	174423.000
14.590	174420.000	-197.276	0.000	174410.000
14.600	174419.000	-168.093	0.000	174398.000
14.610	174418.000	-147.665	0.000	174387.000
14.620	174416.000	-163.366	0.000	174378.000
14.630	174413.000	-204.356	0.000	174370.000
14.640	174409.000	-263.049	0.000	174365.000
14.650	174404.000	-334.134	0.000	174363.000
14.660	174399.000	-383.894	0.000	174362.000
14.670	174393.000	-448.726	0.000	174362.000
14.680	174387.000	-494.108	0.000	174365.000
14.690	174381.000	-525.876	0.000	174369.000
14.700	174376.000	-518.113	0.000	174374.000
14.710	174371.000	-512.679	0.000	174379.000
14.720	174367.000	-478.875	0.000	174384.000
14.730	174364.000	-425.213	0.000	174388.000
14.740	174363.000	-327.649	0.000	174391.000
14.750	174362.000	-259.354	0.000	174393.000
14.760	174362.000	-181.548	0.000	174393.000
14.770	174364.000	-67.084	0.000	174393.000
14.780	174367.000	43.041	0.000	174392.000
14.790	174371.000	150.129	0.000	174389.000
14.800	174375.000	225.090	0.000	174385.000
14.810	174380.000	307.563	0.000	174381.000
14.820	174384.000	335.294	0.000	174378.000
14.830	174388.000	354.706	0.000	174375.000
14.840	174391.000	338.294	0.000	174373.000
14.850	174394.000	326.806	0.000	174372.000
14.860	174395.000	258.764	0.000	174372.000
14.870	174396.000	211.135	0.000	174373.000
14.880	174396.000	147.794	0.000	174376.000
14.890	174396.000	103.456	0.000	174380.000
14.900	174395.000	42.419	0.000	174385.000
14.910	174393.000	-30.307	0.000	174391.000
14.920	174390.000	-111.215	0.000	174397.000
14.930	174388.000	-137.850	0.000	174402.000
14.940	174386.000	-156.495	0.000	174407.000
14.950	174384.000	-169.547	0.000	174411.000
14.960	174382.000	-178.683	0.000	174413.000
14.970	174382.000	-125.078	0.000	174414.000
14.980	174381.000	-117.554	0.000	174415.000
14.990	174381.000	-82.288	0.000	174414.000
15.000	174381.000	-57.602	0.000	174411.000
