0.000	0.000	0.000	0.000	0.000
0.010	3.000	90.000	-36.000	7.000
0.020	3.000	63.000	-26.000	8.000
0.030	3.000	44.100	-18.000	8.000
0.040	3.000	30.870	-13.000	8.000
0.050	3.000	21.609	-9.000	8.000
0.060	3.000	15.126	-7.000	8.000
0.070	3.000	10.588	-5.000	6.000
0.080	2.000	-22.588	8.000	4.000
0.090	1.000	-45.812	18.000	2.000
0.100	0.000	-62.068	24.000	0.000
0.110	-2.000	-103.448	41.000	-2.000
0.120	-3.000	-102.413	41.000	-5.000
0.130	-4.000	-101.689	41.000	-7.000
0.140	-5.000	-101.183	41.000	-10.000
0.150	-7.000	-130.828	53.000	-12.000
0.160	-8.000	-121.579	50.000	-14.000
0.170	-9.000	-115.106	48.000	-16.000
0.180	-11.000	-140.574	58.000	-18.000
0.190	-12.000	-128.402	54.000	-19.000
0.200	-13.000	-119.881	51.000	-21.000
0.210	-15.000	-143.917	61.000	-22.000
0.220	-16.000	-130.742	56.000	-22.000
0.230	-17.000	-121.519	53.000	-23.000
0.240	-18.000	-115.063	50.000	-23.000
0.250	-19.000	-110.544	49.000	-23.000
0.260	-20.000	-107.381	48.000	-23.000
0.270	-20.000	-75.167	35.000	-23.000
0.280	-21.000	-82.617	38.000	-23.000
0.290	-21.000	-57.832	29.000	-23.000
0.300	-21.000	-40.482	22.000	-23.000
0.310	-21.000	-28.338	17.000	-23.000
0.320	-21.000	-19.836	13.000	-23.000
0.330	-21.000	-13.885	11.000	-23.000
0.340	-21.000	-9.720	9.000	-23.000
0.350	-21.000	-6.804	8.000	-23.000
0.360	-21.000	-4.763	7.000	-23.000
0.370	-20.000	26.666	-6.000	-23.000
0.380	-20.000	18.666	-3.000	-23.000
0.390	-19.000	43.066	-12.000	-23.000
0.400	-18.000	60.146	-20.000	-23.000
0.410	-18.000	42.103	-13.000	-23.000
0.420	-18.000	29.472	-8.000	-22.000
0.430	-18.000	20.630	-4.000	-21.000
0.440	-18.000	14.441	-2.000	-20.000
0.450	-18.000	10.109	0.000	-20.000
0.460	-18.000	7.076	1.000	-19.000
0.470	-18.000	4.953	2.000	-18.000
0.480	-18.000	3.467	2.000	-18.000
0.490	-18.000	2.427	3.000	-17.000
0.500	-18.000	1.699	3.000	-17.000
0.510	-18.000	1.189	125.000	-17.000
0.520	-17.000	30.833	237.000	-17.000
0.530	-17.000	21.583	365.000	-17.000
0.540	-16.000	45.108	481.000	-17.000
0.550	-14.000	91.576	589.000	-17.000
0.560	-11.000	154.103	690.000	-17.000
0.570	-7.000	227.872	789.000	-17.000
0.580	-1.000	339.510	872.000	-17.000
0.590	5.000	417.657	970.000	-17.000
0.600	13.000	532.360	1053.000	-15.000
0.610	22.000	642.652	1139.000	-12.000
0.620	32.000	749.856	1226.000	-8.000
0.630	44.000	884.900	1303.000	-2.000
0.640	57.000	1009.430	1384.000	7.000
0.650	72.000	1156.601	1457.000	17.000
0.660	89.000	1319.621	1524.000	30.000
0.670	106.000	1433.734	1610.000	45.000
0.680	126.000	1603.614	1675.000	62.000
0.690	148.000	1782.530	1736.000	83.000
0.700	171.000	1937.771	1807.000	106.000
0.710	197.000	2136.440	1861.000	132.000
0.720	225.000	2335.508	1915.000	161.000
0.730	255.000	2534.855	1968.000	192.000
0.740	288.000	2764.399	2010.000	226.000
0.750	322.000	2955.079	2068.000	262.000
0.760	359.000	3178.555	2112.000	301.000
0.770	397.000	3364.989	2172.000	341.000
0.780	438.000	3585.492	2218.000	384.000
0.790	480.000	3769.845	2278.000	428.000
0.800	527.000	4048.891	2301.000	474.000
0.810	576.000	4304.224	2333.000	523.000
0.820	627.000	4542.957	2372.000	573.000
0.830	683.000	4860.070	2379.000	626.000
0.840	741.000	5142.049	2401.000	682.000
0.850	802.000	5429.434	2420.000	740.000
0.860	866.000	5720.604	2437.000	800.000
0.870	932.000	5984.423	2466.000	863.000
0.880	1000.000	6229.096	2502.000	928.000
0.890	1073.000	6550.367	2507.000	997.000
0.900	1148.000	6835.257	2527.000	1068.000
0.910	1225.000	7094.680	2556.000	1142.000
0.920	1305.000	7366.276	2581.000	1219.000
0.930	1387.000	7616.393	2615.000	1300.000
0.940	1473.000	7911.475	2630.000	1385.000
0.950	1562.000	8208.033	2645.000	1472.000
0.960	1654.000	8505.623	2660.000	1566.000
0.970	1748.000	8773.936	2686.000	1660.000
0.980	1846.000	9081.755	2696.000	1759.000
0.990	1947.000	9387.229	2707.000	1862.000
1.000	2051.000	9691.060	2718.000	1967.000
1.010	2159.000	10023.742	2596.000	2077.000
1.020	2269.000	10316.619	2488.000	2190.000
1.030	2383.000	10641.634	2366.000	2306.000
1.040	2501.000	10989.144	2234.000	2426.000
1.050	2622.000	11322.400	2107.000	2550.000
1.060	2745.000	11615.680	1994.000	2675.000
1.070	2869.000	11850.976	1904.000	2803.000
1.080	2996.000	12105.683	1805.000	2934.000
1.090	3126.000	12373.978	1700.000	3067.000
1.100	3257.000	12591.785	1615.000	3203.000
1.110	3390.000	12804.249	1531.000	3339.000
1.120	3524.000	12982.975	1460.000	3478.000
1.130	3660.000	13168.082	1386.000	3618.000
1.140	3798.000	13357.658	1309.000	3761.000
1.150	3939.000	13580.360	1219.000	3906.000
1.160	4079.000	13706.252	1167.000	4051.000
1.170	4221.000	13854.377	1106.000	4197.000
1.180	4365.000	14018.064	1038.000	4343.000
1.190	4510.000	14162.645	978.000	4490.000
1.200	4656.000	14293.851	923.000	4637.000
1.210	4803.000	14415.696	871.000	4785.000
1.220	4951.000	14530.987	821.000	4933.000
1.230	5100.000	14641.691	773.000	5082.000
1.240	5250.000	14749.184	727.000	5231.000
1.250	5400.000	14824.429	692.000	5381.000
1.260	5550.000	14877.100	667.000	5531.000
1.270	5700.000	14913.970	648.000	5682.000
1.280	5850.000	14939.779	634.000	5834.000
1.290	6000.000	14957.845	623.000	5985.000
1.300	6150.000	14970.492	614.000	6137.000
1.310	6299.000	14949.344	618.000	6289.000
1.320	6448.000	14934.541	621.000	6442.000
1.330	6596.000	14894.179	633.000	6595.000
1.340	6746.000	14925.925	617.000	6749.000
1.350	6896.000	14948.148	605.000	6902.000
1.360	7046.000	14963.703	596.000	7054.000
1.370	7196.000	14974.592	588.000	7206.000
1.380	7345.000	14952.215	594.000	7357.000
1.390	7497.000	15026.550	561.000	7509.000
1.400	7647.000	15018.585	561.000	7659.000
1.410	7800.000	15103.010	524.000	7808.000
1.420	7952.000	15132.107	509.000	7958.000
1.430	8104.000	15152.475	497.000	8106.000
1.440	8257.000	15196.732	476.000	8255.000
1.450	8411.000	15257.713	448.000	8405.000
1.460	8564.000	15270.399	439.000	8554.000
1.470	8718.000	15309.279	420.000	8705.000
1.480	8872.000	15336.495	406.000	8856.000
1.490	9025.000	15325.547	406.000	9007.000
1.500	9178.000	15317.883	406.000	9159.000
1.510	9332.000	15342.518	392.000	9312.000
1.520	9484.000	15299.763	406.000	9466.000
1.530	9636.000	15269.834	414.000	9621.000
1.540	9789.000	15278.884	408.000	9776.000
1.550	9942.000	15285.219	402.000	9933.000
1.560	10094.000	15259.653	409.000	10090.000
1.570	10246.000	15241.757	413.000	10247.000
1.580	10399.000	15259.230	403.000	10405.000
1.590	10551.000	15241.461	407.000	10561.000
1.600	10704.000	15259.023	397.000	10717.000
1.610	10857.000	15271.316	389.000	10873.000
1.620	11009.000	15249.921	395.000	11027.000
1.630	11161.000	15234.945	398.000	11180.000
1.640	11314.000	15254.461	387.000	11333.000
1.650	11466.000	15238.123	391.000	11484.000
1.660	11618.000	15226.686	393.000	11635.000
1.670	11769.000	15188.680	405.000	11785.000
1.680	11921.000	15192.076	402.000	11935.000
1.690	12072.000	15164.453	410.000	12083.000
1.700	12223.000	15145.117	415.000	12231.000
1.710	12374.000	15131.582	419.000	12379.000
1.720	12524.000	15092.107	432.000	12526.000
1.730	12674.000	15064.475	441.000	12672.000
1.740	12824.000	15045.133	447.000	12819.000
1.750	12973.000	15001.593	462.000	12966.000
1.760	13123.000	15001.115	461.000	13114.000
1.770	13271.000	14940.781	483.000	13261.000
1.780	13421.000	14958.546	474.000	13410.000
1.790	13569.000	14910.982	492.000	13558.000
1.800	13718.000	14907.688	492.000	13707.000
1.810	13866.000	14875.381	503.000	13857.000
1.820	14014.000	14852.767	511.000	14006.000
1.830	14161.000	14806.937	528.000	14155.000
1.840	14310.000	14834.856	515.000	14305.000
1.850	14458.000	14824.399	518.000	14455.000
1.860	14607.000	14847.079	508.000	14605.000
1.870	14755.000	14832.956	512.000	14755.000
1.880	14904.000	14853.069	503.000	14906.000
1.890	15054.000	14897.148	484.000	15055.000
1.900	15203.000	14898.004	482.000	15205.000
1.910	15354.000	14958.603	457.000	15353.000
1.920	15504.000	14971.022	450.000	15501.000
1.930	15655.000	15009.715	433.000	15650.000
1.940	15806.000	15036.801	420.000	15798.000
1.950	15955.000	14995.760	435.000	15946.000
1.960	16105.000	14997.032	432.000	16095.000
1.970	16255.000	14997.923	430.000	16244.000
1.980	16405.000	14998.546	428.000	16394.000
1.990	16553.000	14938.982	450.000	16542.000
2.000	16701.000	14897.287	466.000	16692.000
2.010	16849.000	14868.101	667.000	16841.000
2.020	16996.000	14817.671	872.000	16991.000
2.030	17144.000	14812.370	1047.000	17141.000
2.040	17293.000	14838.659	1192.000	17290.000
2.050	17442.000	14857.061	1316.000	17440.000
2.060	17593.000	14929.943	1390.000	17589.000
2.070	17746.000	15040.960	1417.000	17738.000
2.080	17901.000	15178.672	1397.000	17887.000
2.090	18057.000	15305.070	1346.000	18037.000
2.100	18215.000	15453.549	1249.000	18188.000
2.110	18375.000	15617.484	1111.000	18339.000
2.120	18535.000	15732.239	960.000	18492.000
2.130	18697.000	15872.567	769.000	18647.000
2.140	18858.000	15940.797	582.000	18805.000
2.150	19019.000	15988.558	385.000	18965.000
2.160	19179.000	15991.991	192.000	19127.000
2.170	19337.000	15934.393	18.000	19292.000
2.180	19495.000	15894.075	-162.000	19459.000
2.190	19651.000	15805.853	-315.000	19627.000
2.200	19805.000	15684.097	-440.000	19797.000
2.210	19957.000	15538.868	-535.000	19966.000
2.220	20107.000	15377.208	-598.000	20136.000
2.230	20257.000	15264.045	-650.000	20303.000
2.240	20404.000	15094.832	-646.000	20468.000
2.250	20552.000	15006.382	-638.000	20632.000
2.260	20698.000	14884.468	-580.000	20790.000
2.270	20843.000	14769.127	-489.000	20945.000
2.280	20990.000	14748.389	-401.000	21096.000
2.290	21135.000	14673.872	-260.000	21240.000
2.300	21283.000	14711.711	-137.000	21382.000
2.310	21429.000	14678.197	38.000	21517.000
2.320	21578.000	14744.738	190.000	21649.000
2.330	21727.000	14791.317	359.000	21777.000
2.340	21875.000	14793.922	550.000	21903.000
2.350	22024.000	14825.745	727.000	22028.000
2.360	22173.000	14848.022	897.000	22152.000
2.370	22322.000	14863.615	1054.000	22278.000
2.380	22471.000	14874.531	1191.000	22405.000
2.390	22619.000	14852.171	1314.000	22535.000
2.400	22767.000	14836.520	1404.000	22670.000
2.410	22915.000	14825.564	1457.000	22809.000
2.420	23062.000	14787.895	1486.000	22953.000
2.430	23211.000	14821.526	1450.000	23102.000
2.440	23358.000	14785.068	1407.000	23255.000
2.450	23505.000	14759.548	1325.000	23414.000
2.460	23653.000	14771.684	1199.000	23578.000
2.470	23801.000	14780.178	1048.000	23743.000
2.480	23950.000	14816.125	865.000	23911.000
2.490	24099.000	14841.287	672.000	24081.000
2.500	24248.000	14858.901	473.000	24252.000
2.510	24398.000	14901.231	263.000	24422.000
2.520	24548.000	14930.862	63.000	24592.000
2.530	24699.000	14981.603	-134.000	24760.000
2.540	24851.000	15047.122	-319.000	24925.000
2.550	25002.000	15062.986	-460.000	25087.000
2.560	25154.000	15104.090	-584.000	25244.000
2.570	25306.000	15132.863	-670.000	25396.000
2.580	25457.000	15123.004	-706.000	25545.000
2.590	25608.000	15116.103	-707.000	25689.000
2.600	25757.000	15051.272	-649.000	25829.000
2.610	25907.000	15035.890	-575.000	25967.000
2.620	26055.000	14965.123	-447.000	26100.000
2.630	26202.000	14885.586	-286.000	26232.000
2.640	26349.000	14829.910	-110.000	26363.000
2.650	26494.000	14730.937	103.000	26493.000
2.660	26638.000	14631.656	328.000	26623.000
2.670	26781.000	14532.159	560.000	26754.000
2.680	26923.000	14432.511	792.000	26885.000
2.690	27065.000	14362.758	1005.000	27018.000
2.700	27207.000	14313.931	1195.000	27153.000
2.710	27348.000	14249.751	1372.000	27290.000
2.720	27490.000	14234.826	1504.000	27430.000
2.730	27632.000	14224.378	1604.000	27573.000
2.740	27776.000	14277.065	1646.000	27718.000
2.750	27919.000	14283.945	1670.000	27867.000
2.760	28064.000	14348.762	1636.000	28017.000
2.770	28211.000	14454.133	1548.000	28170.000
2.780	28359.000	14557.893	1427.000	28325.000
2.790	28508.000	14660.525	1275.000	28480.000
2.800	28659.000	14792.368	1082.000	28637.000
2.810	28811.000	14914.657	871.000	28794.000
2.820	28963.000	15000.260	657.000	28953.000
2.830	29115.000	15060.182	443.000	29111.000
2.840	29268.000	15132.127	220.000	29270.000
2.850	29422.000	15212.489	-4.000	29430.000
2.860	29573.000	15178.742	-173.000	29586.000
2.870	29724.000	15155.120	-329.000	29743.000
2.880	29874.000	15108.584	-454.000	29899.000
2.890	30023.000	15046.009	-546.000	30053.000
2.900	30170.000	14942.206	-590.000	30206.000
2.910	30315.000	14809.544	-588.000	30356.000
2.920	30459.000	14686.681	-554.000	30504.000
2.930	30603.000	14600.677	-498.000	30650.000
2.940	30745.000	14480.474	-392.000	30794.000
2.950	30886.000	14366.332	-255.000	30935.000
2.960	31027.000	14286.432	-101.000	31073.000
2.970	31167.000	14200.502	82.000	31209.000
2.980	31308.000	14170.352	263.000	31342.000
2.990	31448.000	14119.246	468.000	31473.000
3.000	31590.000	14143.472	650.000	31602.000
3.010	31731.000	14130.431	849.000	31730.000
3.020	31874.000	14181.301	1018.000	31858.000
3.030	32018.000	14246.911	1168.000	31987.000
3.040	32163.000	14322.838	1296.000	32118.000
3.050	32309.000	14405.986	1397.000	32250.000
3.060	32454.000	14434.190	1491.000	32383.000
3.070	32601.000	14513.933	1533.000	32520.000
3.080	32748.000	14569.753	1549.000	32660.000
3.090	32895.000	14608.827	1535.000	32804.000
3.100	33043.000	14666.179	1478.000	32951.000
3.110	33191.000	14706.325	1393.000	33102.000
3.120	33338.000	14704.428	1291.000	33255.000
3.130	33486.000	14733.099	1149.000	33413.000
3.140	33634.000	14753.170	986.000	33574.000
3.150	33782.000	14767.219	806.000	33738.000
3.160	33929.000	14747.053	628.000	33902.000
3.170	34076.000	14732.937	440.000	34068.000
3.180	34225.000	14783.056	228.000	34234.000
3.190	34374.000	14818.139	29.000	34399.000
3.200	34522.000	14812.697	-139.000	34563.000
3.210	34670.000	14808.888	-288.000	34723.000
3.220	34818.000	14806.222	-413.000	34881.000
3.230	34966.000	14804.355	-507.000	35035.000
3.240	35114.000	14803.049	-569.000	35185.000
3.250	35261.000	14772.134	-584.000	35331.000
3.260	35409.000	14780.494	-578.000	35475.000
3.270	35555.000	14726.346	-511.000	35614.000
3.280	35701.000	14688.442	-417.000	35751.000
3.290	35847.000	14661.909	-295.000	35884.000
3.300	35991.000	14583.337	-125.000	36016.000
3.310	36135.000	14528.336	59.000	36145.000
3.320	36279.000	14489.835	253.000	36273.000
3.330	36422.000	14432.884	465.000	36401.000
3.340	36565.000	14393.019	674.000	36530.000
3.350	36708.000	14365.113	876.000	36659.000
3.360	36852.000	14375.579	1052.000	36791.000
3.370	36995.000	14352.906	1226.000	36925.000
3.380	37139.000	14367.034	1363.000	37062.000
3.390	37283.000	14376.924	1475.000	37202.000
3.400	37428.000	14413.847	1545.000	37346.000
3.410	37574.000	14469.693	1573.000	37493.000
3.420	37720.000	14508.785	1572.000	37643.000
3.430	37867.000	14566.149	1528.000	37798.000
3.440	38015.000	14636.305	1442.000	37955.000
3.450	38163.000	14685.413	1331.000	38114.000
3.460	38313.000	14779.789	1172.000	38276.000
3.470	38463.000	14845.852	998.000	38439.000
3.480	38614.000	14922.097	799.000	38605.000
3.490	38766.000	15005.468	581.000	38769.000
3.500	38919.000	15093.827	354.000	38935.000
3.510	39071.000	15125.679	147.000	39099.000
3.520	39223.000	15147.975	-51.000	39262.000
3.530	39375.000	15163.583	-234.000	39423.000
3.540	39525.000	15114.508	-374.000	39581.000
3.550	39678.000	15170.156	-531.000	39738.000
3.560	39829.000	15149.109	-630.000	39891.000
3.570	39978.000	15074.376	-675.000	40040.000
3.580	40126.000	14992.063	-681.000	40188.000
3.590	40273.000	14904.444	-650.000	40332.000
3.600	40419.000	14813.111	-580.000	40473.000
3.610	40563.000	14689.178	-462.000	40612.000
3.620	40706.000	14572.424	-314.000	40749.000
3.630	40851.000	14550.697	-174.000	40885.000
3.640	40992.000	14415.488	35.000	41017.000
3.650	41134.000	14350.842	235.000	41149.000
3.660	41275.000	14275.589	452.000	41280.000
3.670	41416.000	14222.912	667.000	41411.000
3.680	41558.000	14216.039	862.000	41542.000
3.690	41700.000	14211.227	1050.000	41674.000
3.700	41843.000	14237.859	1210.000	41807.000
3.710	41988.000	14316.501	1330.000	41942.000
3.720	42132.000	14341.551	1446.000	42078.000
3.730	42279.000	14449.086	1498.000	42219.000
3.740	42427.000	14554.360	1518.000	42362.000
3.750	42575.000	14628.052	1515.000	42508.000
3.760	42725.000	14739.636	1460.000	42656.000
3.770	42876.000	14847.745	1371.000	42808.000
3.780	43027.000	14923.422	1260.000	42963.000
3.790	43178.000	14976.395	1126.000	43121.000
3.800	43329.000	15013.477	971.000	43281.000
3.810	43480.000	15039.434	798.000	43443.000
3.820	43631.000	15057.604	611.000	43607.000
3.830	43783.000	15100.323	403.000	43772.000
3.840	43932.000	15040.226	233.000	43937.000
3.850	44082.000	15028.158	47.000	44102.000
3.860	44231.000	14989.711	-119.000	44267.000
3.870	44379.000	14932.797	-261.000	44429.000
3.880	44527.000	14892.958	-388.000	44589.000
3.890	44674.000	14835.071	-481.000	44745.000
3.900	44821.000	14794.550	-549.000	44899.000
3.910	44966.000	14706.185	-564.000	45048.000
3.920	45110.000	14614.329	-542.000	45193.000
3.930	45257.000	14640.030	-530.000	45336.000
3.940	45401.000	14568.021	-444.000	45474.000
3.950	45545.000	14517.615	-333.000	45608.000
3.960	45688.000	14452.330	-185.000	45740.000
3.970	45831.000	14406.631	-19.000	45868.000
3.980	45974.000	14374.642	163.000	45995.000
3.990	46116.000	14322.249	367.000	46120.000
4.000	46258.000	14285.575	574.000	46246.000
4.010	46401.000	14289.902	766.000	46372.000
4.020	46543.000	14262.932	965.000	46499.000
4.030	46686.000	14274.052	1137.000	46628.000
4.040	46828.000	14251.836	1304.000	46760.000
4.050	46972.000	14296.286	1421.000	46896.000
4.060	47116.000	14327.400	1515.000	47034.000
4.070	47261.000	14379.180	1568.000	47176.000
4.080	47407.000	14445.426	1580.000	47321.000
4.090	47554.000	14521.798	1552.000	47470.000
4.100	47702.000	14605.259	1485.000	47623.000
4.110	47850.000	14663.681	1393.000	47779.000
4.120	47998.000	14704.577	1275.000	47938.000
4.130	48148.000	14793.204	1109.000	48100.000
4.140	48298.000	14855.243	929.000	48264.000
4.150	48448.000	14898.670	737.000	48429.000
4.160	48599.000	14959.069	526.000	48595.000
4.170	48750.000	15001.348	315.000	48760.000
4.180	48900.000	15000.944	123.000	48925.000
4.190	49050.000	15000.661	-63.000	49088.000
4.200	49199.000	14970.462	-222.000	49249.000
4.210	49348.000	14949.324	-364.000	49408.000
4.220	49496.000	14904.527	-472.000	49563.000
4.230	49642.000	14813.169	-531.000	49714.000
4.240	49788.000	14749.218	-568.000	49863.000
4.250	49934.000	14704.453	-576.000	50008.000
4.260	50078.000	14613.117	-530.000	50149.000
4.270	50221.000	14519.182	-447.000	50287.000
4.280	50364.000	14453.427	-340.000	50421.000
4.290	50505.000	14347.399	-185.000	50553.000
4.300	50647.000	14303.179	-28.000	50683.000
4.310	50788.000	14242.226	159.000	50810.000
4.320	50929.000	14199.558	356.000	50937.000
4.330	51069.000	14139.691	570.000	51063.000
4.340	51209.000	14097.783	781.000	51189.000
4.350	51350.000	14098.448	972.000	51317.000
4.360	51491.000	14098.914	1154.000	51446.000
4.370	51632.000	14099.240	1319.000	51577.000
4.380	51775.000	14159.468	1439.000	51711.000
4.390	51918.000	14201.627	1538.000	51847.000
4.400	52062.000	14261.139	1600.000	51988.000
4.410	52207.000	14332.797	1622.000	52131.000
4.420	52354.000	14442.958	1593.000	52278.000
4.430	52502.000	14550.071	1529.000	52429.000
4.440	52652.000	14685.050	1417.000	52582.000
4.450	52802.000	14779.535	1288.000	52740.000
4.460	52952.000	14845.674	1139.000	52900.000
4.470	53103.000	14921.972	961.000	53062.000
4.480	53257.000	15065.380	734.000	53227.000
4.490	53408.000	15075.766	546.000	53393.000
4.500	53562.000	15173.036	314.000	53560.000
4.510	53715.000	15211.125	105.000	53727.000
4.520	53868.000	15237.788	-95.000	53894.000
4.530	54019.000	15196.451	-256.000	54058.000
4.540	54169.000	15137.516	-392.000	54221.000
4.550	54319.000	15096.261	-510.000	54381.000
4.560	54466.000	14977.383	-569.000	54538.000
4.570	54613.000	14894.168	-610.000	54692.000
4.580	54760.000	14835.918	-626.000	54843.000
4.590	54905.000	14735.142	-588.000	54989.000
4.600	55048.000	14604.600	-502.000	55131.000
4.610	55192.000	14543.220	-408.000	55269.000
4.620	55336.000	14500.254	-289.000	55404.000
4.630	55480.000	14470.178	-147.000	55537.000
4.640	55621.000	14359.124	53.000	55665.000
4.650	55764.000	14341.387	235.000	55792.000
4.660	55906.000	14298.971	439.000	55917.000
4.670	56048.000	14269.280	644.000	56042.000
4.680	56190.000	14248.496	845.000	56168.000
4.690	56334.000	14293.947	1012.000	56295.000
4.700	56476.000	14265.763	1194.000	56423.000
4.710	56620.000	14306.034	1329.000	56554.000
4.720	56765.000	14364.224	1432.000	56688.000
4.730	56910.000	14404.957	1511.000	56826.000
4.740	57056.000	14463.470	1550.000	56967.000
4.750	57202.000	14504.429	1560.000	57113.000
4.760	57350.000	14593.100	1515.000	57262.000
4.770	57498.000	14655.170	1445.000	57415.000
4.780	57647.000	14728.619	1335.000	57572.000
4.790	57797.000	14810.033	1190.000	57732.000
4.800	57947.000	14867.023	1028.000	57896.000
4.810	58099.000	14966.916	825.000	58062.000
4.820	58251.000	15036.841	618.000	58230.000
4.830	58402.000	15055.789	420.000	58397.000
4.840	58553.000	15069.052	221.000	58565.000
4.850	58705.000	15108.337	14.000	58733.000
4.860	58857.000	15135.836	-179.000	58899.000
4.870	59008.000	15125.085	-340.000	59063.000
4.880	59158.000	15087.559	-469.000	59223.000
4.890	59307.000	15031.292	-563.000	59381.000
4.900	59456.000	14991.904	-632.000	59536.000
4.910	59603.000	14904.333	-648.000	59686.000
4.920	59749.000	14813.033	-627.000	59833.000
4.930	59894.000	14719.123	-568.000	59977.000
4.940	60038.000	14623.386	-472.000	60116.000
4.950	60180.000	14496.370	-330.000	60251.000
4.960	60322.000	14407.459	-173.000	60382.000
4.970	60463.000	14315.221	12.000	60511.000
4.980	60603.000	14220.655	219.000	60637.000
4.990	60743.000	14154.459	430.000	60761.000
5.000	60883.000	14108.121	641.000	60885.000
5.010	61023.000	14075.685	848.000	61008.000
5.020	61163.000	14052.979	1046.000	61131.000
5.030	61305.000	14097.085	1206.000	61257.000
5.040	61447.000	14127.960	1352.000	61384.000
5.050	61589.000	14149.572	1479.000	61514.000
5.060	61733.000	14224.700	1555.000	61647.000
5.070	61877.000	14277.290	1608.000	61785.000
5.080	62020.000	14284.103	1645.000	61925.000
5.090	62166.000	14378.872	1610.000	62069.000
5.100	62311.000	14415.211	1562.000	62218.000
5.110	62458.000	14500.647	1460.000	62371.000
5.120	62606.000	14590.453	1323.000	62528.000
5.130	62754.000	14653.317	1167.000	62688.000
5.140	62904.000	14757.322	970.000	62852.000
5.150	63054.000	14830.125	767.000	63017.000
5.160	63205.000	14911.088	548.000	63185.000
5.170	63355.000	14937.761	344.000	63352.000
5.180	63505.000	14956.433	144.000	63518.000
5.190	63656.000	14999.503	-59.000	63683.000
5.200	63807.000	15029.652	-242.000	63847.000
5.210	63958.000	15050.757	-402.000	64009.000
5.220	64107.000	15005.530	-510.000	64168.000
5.230	64256.000	14973.871	-594.000	64323.000
5.240	64403.000	14891.709	-623.000	64475.000
5.250	64551.000	14864.197	-640.000	64624.000
5.260	64696.000	14754.938	-587.000	64769.000
5.270	64842.000	14708.456	-523.000	64910.000
5.280	64984.000	14555.919	-382.000	65047.000
5.290	65127.000	14479.144	-239.000	65180.000
5.300	65268.000	14365.401	-54.000	65311.000
5.310	65409.000	14285.780	140.000	65439.000
5.320	65550.000	14230.046	342.000	65566.000
5.330	65690.000	14161.032	560.000	65690.000
5.340	65830.000	14112.723	773.000	65814.000
5.350	65970.000	14078.906	978.000	65939.000
5.360	66110.000	14055.234	1170.000	66065.000
5.370	66251.000	14068.664	1330.000	66192.000
5.380	66393.000	14108.065	1458.000	66322.000
5.390	66536.000	14165.645	1552.000	66455.000
5.400	66680.000	14235.952	1609.000	66591.000
5.410	66824.000	14285.166	1640.000	66730.000
5.420	66969.000	14349.616	1630.000	66873.000
5.430	67116.000	14454.731	1566.000	67021.000
5.440	67262.000	14498.312	1492.000	67172.000
5.450	67410.000	14588.818	1365.000	67326.000
5.460	67559.000	14682.173	1206.000	67485.000
5.470	67708.000	14747.521	1032.000	67646.000
5.480	67858.000	14823.265	834.000	67811.000
5.490	68008.000	14876.285	629.000	67976.000
5.500	68158.000	14913.400	422.000	68142.000
5.510	68309.000	14969.380	206.000	68309.000
5.520	68460.000	15008.566	2.000	68475.000
5.530	68610.000	15005.996	-174.000	68640.000
5.540	68761.000	15034.197	-344.000	68803.000
5.550	68911.000	15023.938	-475.000	68964.000
5.560	69061.000	15016.757	-579.000	69123.000
5.570	69210.000	14981.730	-639.000	69278.000
5.580	69359.000	14957.211	-669.000	69429.000
5.590	69506.000	14880.048	-641.000	69577.000
5.600	69652.000	14796.033	-574.000	69722.000
5.610	69797.000	14707.223	-470.000	69863.000
5.620	69941.000	14615.056	-332.000	70000.000
5.630	70084.000	14520.539	-164.000	70134.000
5.640	70227.000	14454.378	18.000	70266.000
5.650	70369.000	14378.064	222.000	70397.000
5.660	70510.000	14294.645	443.000	70525.000
5.670	70651.000	14236.252	659.000	70653.000
5.680	70794.000	14255.376	844.000	70782.000
5.690	70935.000	14208.763	1048.000	70909.000
5.700	71077.000	14206.134	1221.000	71039.000
5.710	71220.000	14234.294	1361.000	71170.000
5.720	71364.000	14284.006	1467.000	71304.000
5.730	71508.000	14318.804	1549.000	71441.000
5.740	71655.000	14433.163	1565.000	71580.000
5.750	71801.000	14483.214	1572.000	71722.000
5.760	71950.000	14608.250	1513.000	71869.000
5.770	72099.000	14695.775	1432.000	72019.000
5.780	72249.000	14787.042	1315.000	72173.000
5.790	72399.000	14850.930	1177.000	72330.000
5.800	72551.000	14955.651	995.000	72492.000
5.810	72702.000	14998.956	815.000	72655.000
5.820	72855.000	15089.269	599.000	72822.000
5.830	73007.000	15122.488	395.000	72989.000
5.840	73160.000	15175.742	180.000	73157.000
5.850	73312.000	15183.019	-15.000	73325.000
5.860	73464.000	15188.113	-199.000	73492.000
5.870	73615.000	15161.679	-354.000	73658.000
5.880	73766.000	15143.176	-490.000	73822.000
5.890	73916.000	15100.223	-590.000	73984.000
5.900	74066.000	15070.156	-663.000	74143.000
5.910	74215.000	15019.109	-694.000	74298.000
5.920	74364.000	14983.376	-695.000	74450.000
5.930	74511.000	14898.364	-640.000	74597.000
5.940	74658.000	14838.854	-559.000	74740.000
5.950	74803.000	14737.198	-428.000	74878.000
5.960	74948.000	14666.039	-279.000	75014.000
5.970	75092.000	14586.227	-100.000	75146.000
5.980	75235.000	14500.359	103.000	75276.000
5.990	75378.000	14440.251	310.000	75403.000
6.000	75520.000	14368.176	531.000	75530.000
6.010	75662.000	14317.723	745.000	75656.000
6.020	75803.000	14252.406	959.000	75782.000
6.030	75944.000	14206.684	1154.000	75908.000
6.040	76086.000	14204.679	1314.000	76038.000
6.050	76229.000	14233.275	1438.000	76170.000
6.060	76371.000	14223.293	1548.000	76304.000
6.070	76515.000	14276.305	1601.000	76441.000
6.080	76660.000	14343.413	1614.000	76581.000
6.090	76803.000	14330.389	1622.000	76723.000
6.100	76948.000	14381.273	1569.000	76871.000
6.110	77095.000	14476.891	1462.000	77021.000
6.120	77242.000	14543.824	1335.000	77175.000
6.130	77390.000	14620.676	1174.000	77332.000
6.140	77539.000	14704.474	985.000	77492.000
6.150	77688.000	14763.131	788.000	77654.000
6.160	77837.000	14804.192	585.000	77817.000
6.170	77986.000	14832.934	381.000	77981.000
6.180	78135.000	14853.054	180.000	78144.000
6.190	78284.000	14867.138	-10.000	78307.000
6.200	78432.000	14846.997	-173.000	78469.000
6.210	78581.000	14862.898	-330.000	78628.000
6.220	78728.000	14814.028	-436.000	78786.000
6.230	78875.000	14779.820	-518.000	78941.000
6.240	79022.000	14755.874	-570.000	79092.000
6.250	79168.000	14709.112	-578.000	79240.000
6.260	79314.000	14676.378	-556.000	79384.000
6.270	79458.000	14593.465	-477.000	79524.000
6.280	79603.000	14565.425	-386.000	79662.000
6.290	79746.000	14485.798	-242.000	79796.000
6.300	79889.000	14430.058	-80.000	79929.000
6.310	80031.000	14361.041	110.000	80059.000
6.320	80172.000	14282.729	320.000	80186.000
6.330	80314.000	14257.910	520.000	80313.000
6.340	80456.000	14240.537	721.000	80441.000
6.350	80597.000	14198.376	929.000	80568.000
6.360	80737.000	14138.863	1134.000	80697.000
6.370	80878.000	14127.204	1304.000	80827.000
6.380	81020.000	14149.043	1439.000	80959.000
6.390	81162.000	14164.330	1549.000	81095.000
6.400	81304.000	14175.031	1631.000	81233.000
6.410	81447.000	14212.522	1667.000	81374.000
6.420	81591.000	14268.765	1660.000	81518.000
6.430	81736.000	14338.136	1611.000	81665.000
6.440	81882.000	14416.695	1523.000	81815.000
6.450	82029.000	14501.686	1399.000	81968.000
6.460	82177.000	14591.181	1242.000	82125.000
6.470	82325.000	14653.826	1069.000	82283.000
6.480	82474.000	14727.678	872.000	82442.000
6.490	82624.000	14809.375	656.000	82603.000
6.500	82775.000	14896.562	429.000	82766.000
6.510	82925.000	14927.594	223.000	82928.000
6.520	83075.000	14949.316	26.000	83090.000
6.530	83225.000	14964.521	-157.000	83252.000
6.540	83375.000	14975.165	-320.000	83413.000
6.550	83524.000	14952.615	-446.000	83572.000
6.560	83673.000	14936.831	-546.000	83729.000
6.570	83818.000	14805.781	-567.000	83880.000
6.580	83966.000	14804.047	-606.000	84033.000
6.590	84112.000	14742.833	-584.000	84180.000
6.600	84257.000	14669.983	-521.000	84324.000
6.610	84401.000	14588.988	-420.000	84465.000
6.620	84545.000	14532.292	-296.000	84604.000
6.630	84689.000	14492.604	-149.000	84739.000
6.640	84831.000	14404.823	41.000	84872.000
6.650	84974.000	14373.376	228.000	85003.000
6.660	85116.000	14321.363	435.000	85133.000
6.670	85260.000	14344.954	619.000	85262.000
6.680	85402.000	14301.468	829.000	85390.000
6.690	85547.000	14361.028	990.000	85520.000
6.700	85692.000	14402.719	1144.000	85651.000
6.710	85835.000	14371.904	1307.000	85784.000
6.720	85982.000	14470.332	1393.000	85919.000
6.730	86126.000	14449.233	1496.000	86057.000
6.740	86271.000	14464.463	1553.000	86197.000
6.750	86418.000	14535.124	1551.000	86342.000
6.760	86564.000	14554.587	1534.000	86490.000
6.770	86711.000	14598.211	1470.000	86641.000
6.780	86858.000	14628.748	1378.000	86796.000
6.790	87006.000	14680.123	1246.000	86954.000
6.800	87155.000	14746.086	1080.000	87114.000
6.810	87305.000	14822.260	888.000	87276.000
6.820	87453.000	14815.582	711.000	87440.000
6.830	87604.000	14900.908	488.000	87604.000
6.840	87755.000	14960.635	270.000	87767.000
6.850	87906.000	15002.445	62.000	87930.000
6.860	88057.000	15031.711	-131.000	88091.000
6.870	88208.000	15052.198	-304.000	88252.000
6.880	88359.000	15066.539	-454.000	88410.000
6.890	88508.000	15016.577	-550.000	88565.000
6.900	88658.000	15011.604	-634.000	88719.000
6.910	88807.000	14978.123	-671.000	88870.000
6.920	88954.000	14894.686	-653.000	89016.000
6.930	89103.000	14896.280	-633.000	89162.000
6.940	89249.000	14807.396	-541.000	89304.000
6.950	89394.000	14715.177	-413.000	89442.000
6.960	89538.000	14620.624	-254.000	89578.000
6.970	89682.000	14554.437	-81.000	89713.000
6.980	89826.000	14508.106	106.000	89847.000
6.990	89969.000	14445.674	314.000	89978.000
7.000	90111.000	14371.972	535.000	90109.000
7.010	90254.000	14350.380	737.000	90242.000
7.020	90397.000	14335.266	932.000	90374.000
7.030	90541.000	14354.686	1100.000	90507.000
7.040	90684.000	14338.280	1265.000	90641.000
7.050	90830.000	14416.796	1368.000	90778.000
7.060	90975.000	14441.757	1464.000	90917.000
7.070	91121.000	14489.230	1519.000	91058.000
7.080	91268.000	14552.461	1532.000	91202.000
7.090	91416.000	14626.723	1505.000	91348.000
7.100	91563.000	14648.706	1462.000	91498.000
7.110	91712.000	14724.094	1363.000	91651.000
7.120	91861.000	14776.866	1240.000	91807.000
7.130	92011.000	14843.806	1083.000	91966.000
7.140	92160.000	14860.664	920.000	92125.000
7.150	92310.000	14902.465	729.000	92287.000
7.160	92460.000	14931.726	531.000	92448.000
7.170	92610.000	14952.208	329.000	92611.000
7.180	92758.000	14906.545	155.000	92772.000
7.190	92907.000	14904.582	-29.000	92934.000
7.200	93056.000	14903.207	-199.000	93094.000
7.210	93204.000	14872.245	-338.000	93252.000
7.220	93352.000	14850.572	-454.000	93409.000
7.230	93498.000	14775.400	-520.000	93561.000
7.240	93644.000	14722.780	-561.000	93711.000
7.250	93790.000	14685.946	-572.000	93857.000
7.260	93934.000	14600.162	-528.000	94000.000
7.270	94077.000	14510.114	-446.000	94139.000
7.280	94220.000	14447.079	-341.000	94276.000
7.290	94362.000	14372.956	-199.000	94410.000
7.300	94503.000	14291.069	-26.000	94541.000
7.310	94645.000	14263.748	148.000	94670.000
7.320	94786.000	14214.624	347.000	94798.000
7.330	94927.000	14180.237	551.000	94925.000
7.340	95068.000	14156.166	755.000	95051.000
7.350	95210.000	14169.316	941.000	95179.000
7.360	95352.000	14178.521	1118.000	95307.000
7.370	95495.000	14214.965	1269.000	95438.000
7.380	95638.000	14240.475	1402.000	95569.000
7.390	95782.000	14288.333	1499.000	95703.000
7.400	95927.000	14351.833	1559.000	95841.000
7.410	96072.000	14396.283	1592.000	95982.000
7.420	96219.000	14487.398	1570.000	96128.000
7.430	96366.000	14551.179	1523.000	96277.000
7.440	96513.000	14595.825	1448.000	96430.000
7.450	96661.000	14657.078	1332.000	96586.000
7.460	96809.000	14699.954	1194.000	96745.000
7.470	96959.000	14789.968	1010.000	96907.000
7.480	97106.000	14762.978	852.000	97070.000
7.490	97256.000	14834.084	641.000	97234.000
7.500	97405.000	14853.859	441.000	97399.000
7.510	97554.000	14867.701	242.000	97564.000
7.520	97703.000	14877.391	50.000	97728.000
7.530	97852.000	14884.174	-129.000	97891.000
7.540	98000.000	14858.922	-277.000	98051.000
7.550	98148.000	14841.245	-404.000	98208.000
7.560	98297.000	14858.872	-517.000	98363.000
7.570	98445.000	14841.210	-584.000	98513.000
7.580	98593.000	14828.847	-618.000	98660.000
7.590	98739.000	14760.193	-594.000	98802.000
7.600	98886.000	14742.135	-553.000	98942.000
7.610	99031.000	14669.495	-455.000	99078.000
7.620	99175.000	14588.646	-322.000	99212.000
7.630	99319.000	14532.052	-169.000	99343.000
7.640	99462.000	14462.437	14.000	99473.000
7.650	99605.000	14413.706	208.000	99603.000
7.660	99748.000	14379.594	408.000	99732.000
7.670	99890.000	14325.716	623.000	99861.000
7.680	100032.000	14288.001	830.000	99992.000
7.690	100174.000	14261.601	1026.000	100123.000
7.700	100318.000	14303.121	1181.000	100257.000
7.710	100461.000	14302.184	1332.000	100393.000
7.720	100606.000	14361.529	1434.000	100532.000
7.730	100751.000	14403.070	1513.000	100674.000
7.740	100897.000	14462.149	1551.000	100819.000
7.750	101044.000	14533.504	1549.000	100968.000
7.760	101192.000	14613.453	1508.000	101119.000
7.770	101341.000	14699.417	1428.000	101274.000
7.780	101491.000	14789.592	1311.000	101432.000
7.790	101641.000	14852.714	1174.000	101591.000
7.800	101794.000	14986.900	980.000	101754.000
7.810	101946.000	15050.830	792.000	101919.000
7.820	102098.000	15095.581	594.000	102082.000
7.830	102250.000	15126.907	391.000	102248.000
7.840	102402.000	15148.835	188.000	102413.000
7.850	102553.000	15134.184	2.000	102577.000
7.860	102704.000	15123.929	-175.000	102740.000
7.870	102854.000	15086.750	-326.000	102902.000
7.880	103003.000	15030.725	-447.000	103061.000
7.890	103152.000	14991.508	-548.000	103218.000
7.900	103299.000	14904.055	-598.000	103371.000
7.910	103446.000	14842.839	-624.000	103521.000
7.920	103592.000	14769.987	-610.000	103667.000
7.930	103737.000	14688.991	-556.000	103809.000
7.940	103881.000	14602.294	-463.000	103949.000
7.950	104025.000	14541.606	-348.000	104085.000
7.960	104168.000	14469.124	-197.000	104219.000
7.970	104310.000	14388.387	-17.000	104350.000
7.980	104453.000	14361.871	162.000	104479.000
7.990	104594.000	14283.310	377.000	104608.000
8.000	104737.000	14288.317	567.000	104736.000
8.010	104879.000	14261.822	772.000	104864.000
8.020	105020.000	14213.275	980.000	104992.000
8.030	105164.000	14269.293	1134.000	105122.000
8.040	105309.000	14338.505	1265.000	105255.000
8.050	105453.000	14356.953	1392.000	105389.000
8.060	105598.000	14399.867	1481.000	105526.000
8.070	105744.000	14459.907	1530.000	105667.000
8.080	105891.000	14531.935	1540.000	105812.000
8.090	106038.000	14582.355	1522.000	105959.000
8.100	106188.000	14707.648	1438.000	106112.000
8.110	106338.000	14795.354	1334.000	106268.000
8.120	106488.000	14856.748	1208.000	106426.000
8.130	106639.000	14929.723	1047.000	106587.000
8.140	106791.000	15010.806	859.000	106752.000
8.150	106943.000	15067.564	662.000	106917.000
8.160	107094.000	15077.295	470.000	107084.000
8.170	107245.000	15084.107	274.000	107250.000
8.180	107395.000	15058.875	91.000	107416.000
8.190	107545.000	15041.212	-87.000	107582.000
8.200	107694.000	14998.849	-242.000	107745.000
8.210	107843.000	14969.194	-381.000	107906.000
8.220	107990.000	14888.436	-474.000	108064.000
8.230	108137.000	14831.905	-547.000	108219.000
8.240	108284.000	14792.334	-593.000	108370.000
8.250	108428.000	14674.633	-573.000	108516.000
8.260	108573.000	14622.243	-542.000	108658.000
8.270	108717.000	14555.570	-469.000	108795.000
8.280	108859.000	14448.899	-346.000	108929.000
8.290	109002.000	14404.229	-216.000	109060.000
8.300	109144.000	14342.961	-52.000	109189.000
8.310	109285.000	14270.072	140.000	109314.000
8.320	109426.000	14219.051	340.000	109439.000
8.330	109567.000	14183.336	545.000	109563.000
8.340	109708.000	14158.335	749.000	109686.000
8.350	109849.000	14140.834	947.000	109811.000
8.360	109989.000	14098.584	1146.000	109937.000
8.370	110130.000	14099.009	1311.000	110065.000
8.380	110271.000	14099.306	1455.000	110196.000
8.390	110412.000	14099.514	1572.000	110330.000
8.400	110555.000	14159.660	1633.000	110468.000
8.410	110698.000	14201.762	1668.000	110610.000
8.420	110842.000	14261.233	1660.000	110756.000
8.430	110987.000	14332.863	1610.000	110906.000
8.440	111134.000	14443.004	1509.000	111060.000
8.450	111282.000	14550.103	1376.000	111217.000
8.460	111431.000	14655.072	1212.000	111376.000
8.470	111580.000	14728.551	1036.000	111538.000
8.480	111730.000	14809.985	835.000	111702.000
8.490	111881.000	14896.990	616.000	111867.000
8.500	112032.000	14957.893	400.000	112032.000
8.510	112184.000	15030.525	177.000	112197.000
8.520	112335.000	15051.367	-20.000	112361.000
8.530	112486.000	15065.957	-203.000	112524.000
8.540	112635.000	15016.170	-342.000	112685.000
8.550	112784.000	14981.319	-463.000	112843.000
8.560	112932.000	14926.923	-547.000	112999.000
8.570	113079.000	14858.846	-594.000	113150.000
8.580	113224.000	14751.192	-590.000	113299.000
8.590	113368.000	14645.835	-550.000	113443.000
8.600	113511.000	14542.084	-475.000	113583.000
8.610	113653.000	14439.459	-365.000	113720.000
8.620	113794.000	14337.621	-222.000	113853.000
8.630	113935.000	14266.335	-62.000	113984.000
8.640	114074.000	14156.434	138.000	114112.000
8.650	114214.000	14109.504	332.000	114238.000
8.660	114354.000	14076.653	533.000	114364.000
8.670	114492.000	13993.657	760.000	114487.000
8.680	114633.000	14025.560	940.000	114612.000
8.690	114774.000	14047.892	1117.000	114737.000
8.700	114916.000	14093.524	1271.000	114864.000
8.710	115058.000	14125.467	1409.000	114993.000
8.720	115201.000	14177.827	1514.000	115126.000
8.730	115345.000	14244.479	1584.000	115261.000
8.740	115490.000	14321.135	1616.000	115401.000
8.750	115636.000	14404.795	1609.000	115545.000
8.760	115783.000	14493.356	1564.000	115693.000
8.770	115931.000	14585.349	1482.000	115846.000
8.780	116079.000	14649.745	1376.000	116002.000
8.790	116229.000	14754.821	1222.000	116162.000
8.800	116380.000	14858.375	1041.000	116325.000
8.810	116531.000	14930.862	849.000	116490.000
8.820	116683.000	15011.604	637.000	116658.000
8.830	116835.000	15068.123	424.000	116827.000
8.840	116987.000	15107.686	214.000	116996.000
8.850	117140.000	15165.380	-1.000	117165.000
8.860	117291.000	15145.766	-175.000	117332.000
8.870	117443.000	15162.036	-347.000	117498.000
8.880	117595.000	15173.425	-495.000	117661.000
8.890	117746.000	15151.398	-603.000	117822.000
8.900	117896.000	15105.978	-671.000	117978.000
8.910	118045.000	15044.185	-698.000	118130.000
8.920	118192.000	14940.929	-672.000	118278.000
8.930	118337.000	14808.651	-598.000	118422.000
8.940	118484.000	14776.055	-528.000	118563.000
8.950	118628.000	14663.239	-392.000	118700.000
8.960	118771.000	14554.267	-228.000	118833.000
8.970	118914.000	14477.987	-50.000	118964.000
8.980	119056.000	14394.591	152.000	119092.000
8.990	119197.000	14306.214	371.000	119218.000
9.000	119340.000	14304.350	564.000	119344.000
9.010	119481.000	14243.045	782.000	119470.000
9.020	119623.000	14230.131	976.000	119595.000
9.030	119765.000	14221.092	1156.000	119722.000
9.040	119908.000	14244.764	1306.000	119850.000
9.050	120051.000	14261.335	1434.000	119981.000
9.060	120196.000	14332.935	1511.000	120116.000
9.070	120342.000	14413.054	1553.000	120255.000
9.080	120487.000	14439.138	1582.000	120397.000
9.090	120633.000	14487.397	1565.000	120543.000
9.100	120781.000	14581.178	1494.000	120695.000
9.110	120929.000	14646.824	1399.000	120851.000
9.120	121078.000	14722.777	1267.000	121009.000
9.130	121228.000	14805.944	1103.000	121171.000
9.140	121378.000	14864.161	924.000	121334.000
9.150	121529.000	14934.913	722.000	121500.000
9.160	121681.000	15014.439	502.000	121667.000
9.170	121832.000	15040.107	299.000	121833.000
9.180	121985.000	15118.075	74.000	122001.000
9.190	122137.000	15142.652	-121.000	122168.000
9.200	122289.000	15159.857	-300.000	122333.000
9.210	122440.000	15141.900	-444.000	122496.000
9.220	122590.000	15099.330	-553.000	122655.000
9.230	122740.000	15069.531	-637.000	122812.000
9.240	122889.000	15018.672	-680.000	122965.000
9.250	123036.000	14923.070	-669.000	123113.000
9.260	123182.000	14826.149	-621.000	123258.000
9.270	123327.000	14728.304	-537.000	123400.000
9.280	123472.000	14659.813	-430.000	123539.000
9.290	123614.000	14521.869	-263.000	123675.000
9.300	123756.000	14425.308	-85.000	123807.000
9.310	123897.000	14327.716	117.000	123938.000
9.320	124037.000	14229.401	336.000	124066.000
9.330	124178.000	14190.581	542.000	124192.000
9.340	124319.000	14163.407	747.000	124318.000
9.350	124458.000	14084.385	970.000	124443.000
9.360	124599.000	14089.069	1150.000	124568.000
9.370	124740.000	14092.348	1314.000	124695.000
9.380	124883.000	14154.644	1433.000	124825.000
9.390	125027.000	14228.251	1520.000	124957.000
9.400	125170.000	14249.776	1597.000	125091.000
9.410	125315.000	14324.843	1618.000	125230.000
9.420	125461.000	14407.390	1600.000	125372.000
9.430	125608.000	14495.173	1544.000	125518.000
9.440	125757.000	14616.621	1438.000	125669.000
9.450	125905.000	14671.635	1325.000	125822.000
9.460	126053.000	14710.144	1188.000	125979.000
9.470	126202.000	14767.101	1017.000	126140.000
9.480	126353.000	14866.971	809.000	126303.000
9.490	126503.000	14906.880	609.000	126469.000
9.500	126653.000	14934.816	406.000	126634.000
9.510	126803.000	14954.371	205.000	126802.000
9.520	126954.000	14998.060	-1.000	126968.000
9.530	127104.000	14998.642	-178.000	127134.000
9.540	127254.000	14999.049	-337.000	127298.000
9.550	127403.000	14969.334	-460.000	127459.000
9.560	127551.000	14918.534	-545.000	127617.000
9.570	127699.000	14882.974	-605.000	127772.000
9.580	127846.000	14828.082	-622.000	127922.000
9.590	127993.000	14789.657	-610.000	128069.000
9.600	128138.000	14702.760	-542.000	128212.000
9.610	128283.000	14641.932	-448.000	128351.000
9.620	128427.000	14569.352	-318.000	128486.000
9.630	128570.000	14488.547	-155.000	128618.000
9.640	128712.000	14401.983	35.000	128747.000
9.650	128854.000	14341.388	233.000	128874.000
9.660	128994.000	14238.972	461.000	129000.000
9.670	129135.000	14197.280	672.000	129125.000
9.680	129275.000	14138.096	888.000	129250.000
9.690	129415.000	14096.667	1091.000	129375.000
9.700	129555.000	14067.667	1274.000	129502.000
9.710	129696.000	14077.367	1422.000	129632.000
9.720	129837.000	14084.157	1545.000	129763.000
9.730	129980.000	14148.910	1616.000	129898.000
9.740	130122.000	14164.237	1673.000	130036.000
9.750	130267.000	14264.966	1660.000	130178.000
9.760	130413.000	14365.476	1611.000	130324.000
9.770	130560.000	14465.833	1526.000	130474.000
9.780	130707.000	14536.083	1418.000	130626.000
9.790	130855.000	14615.258	1275.000	130781.000
9.800	131004.000	14700.681	1101.000	130941.000
9.810	131153.000	14760.477	915.000	131102.000
9.820	131303.000	14832.334	707.000	131265.000
9.830	131453.000	14882.634	497.000	131430.000
9.840	131603.000	14917.843	289.000	131596.000
9.850	131753.000	14942.490	89.000	131761.000
9.860	131904.000	14989.743	-111.000	131926.000
9.870	132053.000	14962.820	-266.000	132088.000
9.880	132203.000	14973.974	-414.000	132249.000
9.890	132352.000	14951.782	-521.000	132407.000
9.900	132501.000	14936.247	-600.000	132562.000
9.910	132648.000	14865.373	-623.000	132714.000
9.920	132795.000	14815.761	-618.000	132862.000
9.930	132942.000	14781.033	-583.000	133007.000
9.940	133088.000	14726.723	-504.000	133149.000
9.950	133233.000	14658.706	-387.000	133288.000
9.960	133377.000	14581.094	-234.000	133423.000
9.970	133521.000	14526.766	-65.000	133556.000
9.980	133664.000	14458.736	130.000	133688.000
9.990	133807.000	14411.115	332.000	133818.000
10.000	133949.000	14347.781	549.000	133947.000
10.010	134091.000	14303.447	761.000	134076.000
10.020	134231.000	14212.413	985.000	134204.000
10.030	134374.000	14238.689	1152.000	134335.000
10.040	134516.000	14227.082	1315.000	134468.000
10.050	134659.000	14248.958	1441.000	134602.000
10.060	134802.000	14264.270	1541.000	134739.000
10.070	134947.000	14334.989	1587.000	134879.000
10.080	135093.000	14414.492	1594.000	135023.000
10.090	135239.000	14470.145	1575.000	135169.000
10.100	135386.000	14539.101	1513.000	135319.000
10.110	135534.000	14617.371	1413.000	135472.000
10.120	135685.000	14762.160	1254.000	135627.000
10.130	135835.000	14833.512	1094.000	135786.000
10.140	135986.000	14913.458	907.000	135946.000
10.150	136137.000	14969.421	710.000	136108.000
10.160	136288.000	15008.595	507.000	136271.000
10.170	136441.000	15096.016	278.000	136436.000
10.180	136592.000	15097.211	85.000	136601.000
10.190	136744.000	15128.048	-113.000	136765.000
10.200	136895.000	15119.634	-281.000	136929.000
10.210	137046.000	15113.743	-431.000	137090.000
10.220	137196.000	15079.620	-543.000	137250.000
10.230	137345.000	15025.734	-618.000	137407.000
10.240	137492.000	14928.014	-642.000	137561.000
10.250	137639.000	14859.610	-641.000	137712.000
10.260	137785.000	14781.727	-601.000	137859.000
10.270	137931.000	14727.209	-534.000	138004.000
10.280	138076.000	14659.046	-427.000	138146.000
10.290	138222.000	14641.332	-308.000	138284.000
10.300	138366.000	14568.933	-140.000	138419.000
10.310	138509.000	14488.253	54.000	138552.000
10.320	138653.000	14461.777	244.000	138682.000
10.330	138797.000	14443.244	441.000	138811.000
10.340	138941.000	14430.271	640.000	138939.000
10.350	139085.000	14421.190	834.000	139068.000
10.360	139227.000	14354.833	1041.000	139196.000
10.370	139370.000	14338.383	1213.000	139326.000
10.380	139513.000	14326.868	1360.000	139457.000
10.390	139657.000	14348.808	1468.000	139592.000
10.400	139800.000	14334.165	1558.000	139729.000
10.410	139945.000	14383.916	1590.000	139870.000
10.420	140090.000	14418.741	1591.000	140014.000
10.430	140235.000	14443.119	1560.000	140162.000
10.440	140382.000	14520.183	1472.000	140315.000
10.450	140527.000	14514.128	1384.000	140467.000
10.460	140673.000	14539.890	1253.000	140622.000
10.470	140821.000	14617.923	1075.000	140780.000
10.480	140969.000	14672.546	885.000	140940.000
10.490	141118.000	14740.782	675.000	141101.000
10.500	141267.000	14788.548	464.000	141263.000
10.510	141416.000	14821.983	258.000	141426.000
10.520	141566.000	14875.388	48.000	141587.000
10.530	141715.000	14882.772	-131.000	141748.000
10.540	141864.000	14887.940	-291.000	141907.000
10.550	142013.000	14891.558	-427.000	142063.000
10.560	142160.000	14834.091	-510.000	142216.000
10.570	142308.000	14823.864	-580.000	142368.000
10.580	142454.000	14756.704	-592.000	142516.000
10.590	142600.000	14709.693	-576.000	142662.000
10.600	142744.000	14616.785	-505.000	142804.000
10.610	142888.000	14551.750	-410.000	142943.000
10.620	143031.000	14476.225	-278.000	143080.000
10.630	143173.000	14393.357	-114.000	143214.000
10.640	143315.000	14335.350	65.000	143346.000
10.650	143457.000	14294.745	255.000	143477.000
10.660	143600.000	14296.322	442.000	143607.000
10.670	143741.000	14237.425	659.000	143735.000
10.680	143883.000	14226.198	856.000	143864.000
10.690	144025.000	14218.338	1044.000	143993.000
10.700	144168.000	14242.837	1206.000	144124.000
10.710	144311.000	14259.986	1350.000	144256.000
10.720	144455.000	14301.990	1459.000	144391.000
10.730	144600.000	14361.393	1531.000	144529.000
10.740	144744.000	14372.975	1588.000	144669.000
10.750	144890.000	14441.083	1588.000	144812.000
10.760	145035.000	14458.758	1572.000	144958.000
10.770	145182.000	14531.130	1497.000	145108.000
10.780	145329.000	14581.791	1397.000	145261.000
10.790	145476.000	14617.254	1271.000	145417.000
10.800	145624.000	14672.078	1110.000	145575.000
10.810	145773.000	14740.454	921.000	145735.000
10.820	145921.000	14758.318	735.000	145897.000
10.830	146070.000	14800.823	528.000	146061.000
10.840	146218.000	14800.576	335.000	146224.000
10.850	146367.000	14830.403	133.000	146386.000
10.860	146515.000	14821.282	-44.000	146548.000
10.870	146664.000	14844.898	-219.000	146708.000
10.880	146812.000	14831.428	-356.000	146865.000
10.890	146960.000	14822.000	-468.000	147020.000
10.900	147107.000	14785.400	-538.000	147173.000
10.910	147253.000	14729.780	-567.000	147322.000
10.920	147399.000	14690.846	-566.000	147469.000
10.930	147545.000	14663.592	-533.000	147613.000
10.940	147688.000	14554.515	-432.000	147752.000
10.950	147818.000	14088.160	-155.000	147876.000
10.960	147961.000	14151.712	-57.000	148011.000
10.970	148105.000	14226.198	62.000	148143.000
10.980	148248.000	14248.339	222.000	148274.000
10.990	148392.000	14293.837	387.000	148403.000
11.000	148535.000	14295.686	578.000	148531.000
11.010	148679.000	14326.980	759.000	148660.000
11.020	148824.000	14378.886	926.000	148790.000
11.030	148967.000	14355.220	1112.000	148921.000
11.040	149112.000	14398.654	1252.000	149054.000
11.050	149257.000	14429.058	1374.000	149190.000
11.060	149403.000	14480.341	1459.000	149330.000
11.070	149551.000	14576.238	1494.000	149473.000
11.080	149699.000	14643.367	1506.000	149620.000
11.090	149846.000	14660.357	1501.000	149771.000
11.100	149995.000	14732.250	1438.000	149925.000
11.110	150143.000	14752.575	1360.000	150081.000
11.120	150293.000	14826.802	1229.000	150241.000
11.130	150443.000	14878.762	1077.000	150403.000
11.140	150594.000	14945.133	895.000	150567.000
11.150	150745.000	14991.593	702.000	150732.000
11.160	150895.000	14994.115	513.000	150898.000
11.170	151047.000	15055.881	295.000	151064.000
11.180	151199.000	15099.116	85.000	151229.000
11.190	151350.000	15099.382	-101.000	151392.000
11.200	151502.000	15129.567	-285.000	151553.000
11.210	151653.000	15120.697	-433.000	151712.000
11.220	151805.000	15144.488	-568.000	151868.000
11.230	151955.000	15101.142	-647.000	152021.000
11.240	152105.000	15070.799	-698.000	152170.000
11.250	152254.000	15019.559	-705.000	152317.000
11.260	152401.000	14923.692	-658.000	152460.000
11.270	152548.000	14856.584	-586.000	152601.000
11.280	152694.000	14779.609	-476.000	152741.000
11.290	152839.000	14695.726	-331.000	152877.000
11.300	152983.000	14607.008	-157.000	153011.000
11.310	153128.000	14574.906	18.000	153145.000
11.320	153270.000	14462.434	242.000	153277.000
11.330	153415.000	14473.704	427.000	153410.000
11.340	153556.000	14361.593	665.000	153542.000
11.350	153699.000	14343.115	863.000	153674.000
11.360	153842.000	14330.180	1050.000	153807.000
11.370	153987.000	14381.126	1194.000	153943.000
11.380	154131.000	14386.788	1335.000	154080.000
11.390	154277.000	14450.752	1425.000	154220.000
11.400	154423.000	14495.526	1492.000	154363.000
11.410	154570.000	14556.868	1518.000	154508.000
11.420	154718.000	14629.808	1503.000	154655.000
11.430	154868.000	14740.866	1437.000	154807.000
11.440	155017.000	14788.606	1360.000	154959.000
11.450	155168.000	14882.024	1231.000	155114.000
11.460	155319.000	14947.417	1083.000	155272.000
11.470	155470.000	14993.192	917.000	155432.000
11.480	155622.000	15055.234	723.000	155594.000
11.490	155772.000	15038.664	546.000	155757.000
11.500	155923.000	15057.065	346.000	155921.000
11.510	156072.000	15009.945	171.000	156085.000
11.520	156222.000	15006.962	-16.000	156248.000
11.530	156371.000	14974.873	-179.000	156409.000
11.540	156519.000	14922.411	-317.000	156568.000
11.550	156666.000	14855.688	-424.000	156725.000
11.560	156812.000	14778.982	-499.000	156878.000
11.570	156958.000	14725.287	-551.000	157030.000
11.580	157103.000	14657.701	-562.000	157177.000
11.590	157247.000	14580.391	-534.000	157321.000
11.600	157391.000	14526.273	-478.000	157461.000
11.610	157534.000	14458.391	-381.000	157597.000
11.620	157676.000	14380.874	-248.000	157731.000
11.630	157818.000	14326.612	-95.000	157862.000
11.640	157959.000	14258.628	88.000	157990.000
11.650	158100.000	14211.040	282.000	158116.000
11.660	158240.000	14147.728	495.000	158241.000
11.670	158380.000	14103.409	706.000	158367.000
11.680	158522.000	14132.387	888.000	158492.000
11.690	158663.000	14122.671	1077.000	158619.000
11.700	158804.000	14115.869	1252.000	158747.000
11.710	158946.000	14141.109	1393.000	158878.000
11.720	159090.000	14218.776	1488.000	159012.000
11.730	159233.000	14243.143	1574.000	159148.000
11.740	159378.000	14320.200	1606.000	159289.000
11.750	159523.000	14374.140	1612.000	159433.000
11.760	159670.000	14471.898	1563.000	159581.000
11.770	159816.000	14510.329	1502.000	159731.000
11.780	159964.000	14597.230	1388.000	159885.000
11.790	160113.000	14688.061	1240.000	160044.000
11.800	160262.000	14751.643	1075.000	160205.000
11.810	160410.000	14766.150	907.000	160368.000
11.820	160560.000	14836.305	700.000	160533.000
11.830	160710.000	14885.413	491.000	160699.000
11.840	160859.000	14889.789	295.000	160864.000
11.850	161008.000	14892.853	103.000	161029.000
11.860	161156.000	14864.997	-67.000	161191.000
11.870	161305.000	14875.498	-236.000	161352.000
11.880	161454.000	14882.848	-382.000	161513.000
11.890	161600.000	14797.994	-464.000	161666.000
11.900	161746.000	14738.596	-525.000	161818.000
11.910	161892.000	14697.017	-558.000	161967.000
11.920	162037.000	14637.912	-549.000	162111.000
11.930	162182.000	14596.538	-511.000	162251.000
11.940	162326.000	14537.577	-430.000	162388.000
11.950	162470.000	14496.304	-322.000	162521.000
11.960	162613.000	14437.413	-177.000	162651.000
11.970	162755.000	14366.189	-1.000	162779.000
11.980	162897.000	14316.332	188.000	162905.000
11.990	163038.000	14251.433	397.000	163030.000
12.000	163179.000	14206.003	608.000	163155.000
12.010	163320.000	14174.202	0.000	163280.000
12.020	163460.000	14121.941	0.000	163407.000
12.030	163598.000	14025.359	0.000	163536.000
12.040	163736.000	13957.751	0.000	163669.000
12.050	163870.000	13790.426	0.000	163803.000
12.060	164002.000	13613.298	0.000	163939.000
12.070	164132.000	13429.309	0.000	164079.000
12.080	164260.000	13240.516	0.000	164221.000
12.090	164387.000	13078.361	0.000	164363.000
12.100	164513.000	12934.853	0.000	164507.000
12.110	164638.000	12804.397	0.000	164649.000
12.120	164762.000	12683.078	0.000	164792.000
12.130	164887.000	12628.155	0.000	164932.000
12.140	165011.000	12559.708	0.000	165070.000
12.150	165136.000	12541.796	0.000	165205.000
12.160	165263.000	12589.257	0.000	165337.000
12.170	165389.000	12592.480	0.000	165465.000
12.180	165517.000	12654.736	0.000	165589.000
12.190	165644.000	12668.315	0.000	165710.000
12.200	165772.000	12707.821	0.000	165828.000
12.210	165901.000	12765.474	0.000	165943.000
12.220	166029.000	12775.832	0.000	166055.000
12.230	166156.000	12753.082	0.000	166166.000
12.240	166282.000	12707.158	0.000	166277.000
12.250	166406.000	12615.010	0.000	166387.000
12.260	166530.000	12550.507	0.000	166499.000
12.270	166650.000	12385.355	0.000	166611.000
12.280	166769.000	12239.749	0.000	166725.000
12.290	166886.000	12077.824	0.000	166841.000
12.300	167001.000	11904.477	0.000	166961.000
12.310	167113.000	11693.134	0.000	167081.000
12.320	167223.000	11485.194	0.000	167202.000
12.330	167331.000	11279.636	0.000	167325.000
12.340	167439.000	11135.745	0.000	167448.000
12.350	167545.000	10975.021	0.000	167570.000
12.360	167653.000	10922.515	0.000	167693.000
12.370	167759.000	10825.760	0.000	167812.000
12.380	167865.000	10758.032	0.000	167929.000
12.390	167972.000	10740.623	0.000	168043.000
12.400	168080.000	10758.436	0.000	168154.000
12.410	168188.000	10770.905	0.000	168262.000
12.420	168297.000	10809.634	0.000	168365.000
12.430	168407.000	10866.743	0.000	168466.000
12.440	168518.000	10936.720	0.000	168563.000
12.450	168628.000	10955.704	0.000	168659.000
12.460	168740.000	11028.993	0.000	168755.000
12.470	168850.000	11020.295	0.000	168848.000
12.480	168959.000	10984.207	0.000	168942.000
12.490	169067.000	10928.945	0.000	169037.000
12.500	169175.000	10890.261	0.000	169134.000
12.510	169280.000	10773.183	0.000	169232.000
12.520	169384.000	10661.228	0.000	169333.000
12.530	169485.000	10492.860	0.000	169435.000
12.540	169584.000	10315.002	0.000	169540.000
12.550	169682.000	10160.501	0.000	169648.000
12.560	169779.000	10022.351	0.000	169757.000
12.570	169875.000	9895.646	0.000	169867.000
12.580	169969.000	9746.952	0.000	169977.000
12.590	170063.000	9642.866	0.000	170087.000
12.600	170156.000	9540.006	0.000	170197.000
12.610	170250.000	9498.005	0.000	170304.000
12.620	170345.000	9498.603	0.000	170409.000
12.630	170439.000	9469.022	0.000	170510.000
12.640	170534.000	9478.316	0.000	170608.000
12.650	170629.000	9484.821	0.000	170702.000
12.660	170725.000	9519.375	0.000	170793.000
12.670	170822.000	9573.562	0.000	170881.000
12.680	170918.000	9581.494	0.000	170966.000
12.690	171014.000	9587.045	0.000	171048.000
12.700	171109.000	9560.932	0.000	171129.000
12.710	171204.000	9542.652	0.000	171209.000
12.720	171297.000	9469.857	0.000	171289.000
12.730	171388.000	9358.900	0.000	171369.000
12.740	171477.000	9221.230	0.000	171450.000
12.750	171564.000	9064.861	0.000	171533.000
12.760	171650.000	8925.403	0.000	171617.000
12.770	171733.000	8737.782	0.000	171702.000
12.780	171814.000	8546.447	0.000	171789.000
12.790	171893.000	8352.513	0.000	171877.000
12.800	171970.000	8156.759	0.000	171966.000
12.810	172046.000	7989.731	0.000	172055.000
12.820	172121.000	7842.812	0.000	172143.000
12.830	172194.000	7679.968	0.000	172230.000
12.840	172267.000	7565.978	0.000	172315.000
12.850	172341.000	7516.185	0.000	172399.000
12.860	172412.000	7391.329	0.000	172477.000
12.870	172485.000	7363.930	0.000	172553.000
12.880	172557.000	7314.751	0.000	172626.000
12.890	172630.000	7310.326	0.000	172696.000
12.900	172703.000	7307.228	0.000	172762.000
12.910	172776.000	7305.060	0.000	172826.000
12.920	172848.000	7273.542	0.000	172887.000
12.930	172921.000	7281.479	0.000	172947.000
12.940	172992.000	7227.035	0.000	173005.000
12.950	173063.000	7188.925	0.000	173063.000
12.960	173133.000	7132.247	0.000	173121.000
12.970	173201.000	7032.573	0.000	173179.000
12.980	173268.000	6932.801	0.000	173238.000
12.990	173334.000	6832.961	0.000	173299.000
13.000	173398.000	6703.073	0.000	173362.000
13.010	173460.000	6552.151	0.000	173426.000
13.020	173520.000	6386.506	0.000	173492.000
13.030	173579.000	6240.554	0.000	173559.000
13.040	173636.000	6078.388	0.000	173627.000
13.050	173692.000	5934.871	0.000	173695.000
13.060	173747.000	5804.410	0.000	173763.000
13.070	173802.000	5713.087	0.000	173831.000
13.080	173855.000	5589.161	0.000	173897.000
13.090	173909.000	5532.413	0.000	173961.000
13.100	173963.000	5492.689	0.000	174022.000
13.110	174017.000	5464.882	0.000	174081.000
13.120	174072.000	5475.418	0.000	174136.000
13.130	174127.000	5482.792	0.000	174189.000
13.140	174182.000	5487.955	0.000	174238.000
13.150	174238.000	5521.568	0.000	174285.000
13.160	174293.000	5515.098	0.000	174330.000
13.170	174349.000	5540.568	0.000	174372.000
13.180	174403.000	5498.398	0.000	174414.000
13.190	174458.000	5498.879	0.000	174455.000
13.200	174511.000	5439.215	0.000	174496.000
13.210	174563.000	5367.450	0.000	174537.000
13.220	174613.000	5257.215	0.000	174579.000
13.230	174663.000	5180.051	0.000	174623.000
13.240	174710.000	5036.036	0.000	174669.000
13.250	174756.000	4905.225	0.000	174716.000
13.260	174799.000	4723.657	0.000	174764.000
13.270	174841.000	4566.560	0.000	174814.000
13.280	174882.000	4426.592	0.000	174865.000
13.290	174922.000	4298.614	0.000	174917.000
13.300	174961.000	4179.030	0.000	174968.000
13.310	174999.000	4065.321	0.000	175019.000
13.320	175036.000	3955.725	0.000	175069.000
13.330	175074.000	3909.007	0.000	175117.000
13.340	175112.000	3876.305	0.000	175164.000
13.350	175150.000	3853.414	0.000	175208.000
13.360	175188.000	3837.390	0.000	175250.000
13.370	175227.000	3856.173	0.000	175288.000
13.380	175267.000	3899.321	0.000	175324.000
13.390	175307.000	3929.525	0.000	175357.000
13.400	175347.000	3950.667	0.000	175387.000
13.410	175387.000	3965.467	0.000	175415.000
13.420	175427.000	3975.827	0.000	175441.000
13.430	175467.000	3983.079	0.000	175467.000
13.440	175506.000	3958.155	0.000	175492.000
13.450	175543.000	3880.709	0.000	175517.000
13.460	175579.000	3796.496	0.000	175542.000
13.470	175614.000	3707.547	0.000	175569.000
13.480	175646.000	3555.283	0.000	175597.000
13.490	175676.000	3388.698	0.000	175628.000
13.500	175705.000	3242.089	0.000	175660.000
13.510	175732.000	3079.462	0.000	175694.000
13.520	175757.000	2905.623	0.000	175730.000
13.530	175781.000	2753.936	0.000	175766.000
13.540	175803.000	2587.755	0.000	175803.000
13.550	175824.000	2441.429	0.000	175840.000
13.560	175845.000	2339.000	0.000	175875.000
13.570	175865.000	2237.300	0.000	175909.000
13.580	175885.000	2166.110	0.000	175941.000
13.590	175906.000	2146.277	0.000	175970.000
13.600	175927.000	2132.394	0.000	175996.000
13.610	175948.000	2122.676	0.000	176019.000
13.620	175970.000	2145.873	0.000	176038.000
13.630	175993.000	2192.111	0.000	176054.000
13.640	176016.000	2224.478	0.000	176067.000
13.650	176039.000	2247.134	0.000	176077.000
13.660	176061.000	2232.994	0.000	176085.000
13.670	176083.000	2223.096	0.000	176092.000
13.680	176104.000	2186.167	0.000	176097.000
13.690	176124.000	2130.317	0.000	176103.000
13.700	176142.000	2031.222	0.000	176110.000
13.710	176159.000	1931.855	0.000	176117.000
13.720	176174.000	1802.299	0.000	176126.000
13.730	176187.000	1651.609	0.000	176137.000
13.740	176198.000	1486.126	0.000	176150.000
13.750	176207.000	1310.288	0.000	176165.000
13.760	176214.000	1127.202	0.000	176181.000
13.770	176220.000	969.041	0.000	176199.000
13.780	176224.000	798.329	0.000	176217.000
13.790	176227.000	648.830	0.000	176236.000
13.800	176229.000	514.181	0.000	176254.000
13.810	176231.000	419.927	0.000	176270.000
13.820	176233.000	353.949	0.000	176284.000
13.830	176234.000	277.764	0.000	176296.000
13.840	176236.000	254.435	0.000	176304.000
13.850	176239.000	268.104	0.000	176309.000
13.860	176242.000	277.673	0.000	176311.000
13.870	176245.000	284.371	0.000	176311.000
13.880	176249.000	319.060	0.000	176306.000
13.890	176252.000	313.342	0.000	176298.000
13.900	176256.000	339.339	0.000	176288.000
13.910	176259.000	327.538	0.000	176276.000
13.920	176262.000	319.276	0.000	176264.000
13.930	176263.000	253.493	0.000	176252.000
13.940	176263.000	177.445	0.000	176240.000
13.950	176263.000	124.212	0.000	176229.000
13.960	176260.000	-3.052	0.000	176220.000
13.970	176255.000	-152.136	0.000	176213.000
13.980	176248.000	-316.495	0.000	176208.000
13.990	176240.000	-461.547	0.000	176204.000
14.000	176230.000	-623.083	0.000	176203.000
14.010	176220.000	-736.158	0.000	176202.000
14.020	176209.000	-845.311	0.000	176202.000
14.030	176197.000	-951.717	0.000	176202.000
14.040	176185.000	-1026.202	0.000	176202.000
14.050	176173.000	-1078.342	0.000	176202.000
14.060	176162.000	-1084.839	0.000	176200.000
14.070	176151.000	-1089.387	0.000	176196.000
14.080	176141.000	-1062.571	0.000	176190.000
14.090	176133.000	-983.800	0.000	176182.000
14.100	176125.000	-928.660	0.000	176171.000
14.110	176118.000	-860.062	0.000	176158.000
14.120	176112.000	-782.043	0.000	176143.000
14.130	176106.000	-727.430	0.000	176127.000
14.140	176101.000	-659.201	0.000	176110.000
14.150	176096.000	-611.441	0.000	176092.000
14.160	176090.000	-608.009	0.000	176074.000
14.170	176085.000	-575.606	0.000	176058.000
14.180	176078.000	-612.924	0.000	176042.000
14.190	176071.000	-639.047	0.000	176028.000
14.200	176064.000	-657.333	0.000	176017.000
14.210	176055.000	-730.133	0.000	176007.000
14.220	176045.000	-811.093	0.000	176001.000
14.230	176034.000	-897.765	0.000	175996.000
14.240	176022.000	-988.436	0.000	175993.000
14.250	176010.000	-1051.905	0.000	175992.000
14.260	175997.000	-1126.333	0.000	175992.000
14.270	175985.000	-1148.433	0.000	175992.000
14.280	175973.000	-1163.903	0.000	175992.000
14.290	175961.000	-1174.732	0.000	175991.000
14.300	175950.000	-1152.313	0.000	175989.000
14.310	175940.000	-1106.619	0.000	175986.000
14.320	175931.000	-1044.633	0.000	175980.000
14.330	175924.000	-941.243	0.000	175973.000
14.340	175917.000	-868.870	0.000	175963.000
14.350	175912.000	-758.209	0.000	175951.000
14.360	175908.000	-650.746	0.000	175938.000
14.370	175904.000	-575.523	0.000	175923.000
14.380	175901.000	-492.866	0.000	175908.000
14.390	175899.000	-405.006	0.000	175893.000
14.400	175897.000	-343.504	0.000	175878.000
14.410	175894.000	-330.453	0.000	175865.000
14.420	175891.000	-321.317	0.000	175852.000
14.430	175887.000	-344.922	0.000	175842.000
14.440	175883.000	-361.445	0.000	175834.000
14.450	175877.000	-433.012	0.000	175829.000
14.460	175871.000	-483.108	0.000	175825.000
14.470	175864.000	-548.176	0.000	175824.000
14.480	175857.000	-593.723	0.000	175824.000
14.490	175849.000	-655.606	0.000	175826.000
14.500	175841.000	-698.924	0.000	175829.000
14.510	175832.000	-759.247	0.000	175833.000
14.520	175825.000	-741.473	0.000	175837.000
14.530	175817.000	-759.031	0.000	175840.000
14.540	175811.000	-711.322	0.000	175842.000
14.550	175806.000	-647.925	0.000	175843.000
14.560	175802.000	-573.548	0.000	175843.000
14.570	175800.000	-461.483	0.000	175840.000
14.580	175800.000	-323.038	0.000	175835.000
14.590	175800.000	-226.127	0.000	175829.000
14.600	175802.000	-98.289	0.000	175821.000
14.610	175807.000	81.198	0.000	175813.000
14.620	175812.000	206.838	0.000	175804.000
14.630	175818.000	324.787	0.000	175796.000
14.640	175824.000	407.351	0.000	175789.000
14.650	175830.000	465.146	0.000	175785.000
14.660	175835.000	475.602	0.000	175782.000
14.670	175840.000	482.921	0.000	175782.000
14.680	175843.000	428.045	0.000	175783.000
14.690	175846.000	389.631	0.000	175789.000
14.700	175847.000	302.742	0.000	175797.000
14.710	175847.000	211.919	0.000	175807.000
14.720	175847.000	148.344	0.000	175820.000
14.730	175846.000	73.841	0.000	175833.000
14.740	175844.000	-8.312	0.000	175847.000
14.750	175842.000	-65.818	0.000	175861.000
14.760	175841.000	-76.073	0.000	175873.000
14.770	175840.000	-83.251	0.000	175884.000
14.780	175840.000	-58.276	0.000	175893.000
14.790	175840.000	-40.793	0.000	175899.000
14.800	175842.000	31.445	0.000	175902.000
14.810	175846.000	142.011	0.000	175903.000
14.820	175851.000	249.408	0.000	175902.000
14.830	175856.000	324.586	0.000	175898.000
14.840	175862.000	407.210	0.000	175891.000
14.850	175869.000	495.047	0.000	175884.000
14.860	175875.000	526.533	0.000	175876.000
14.870	175881.000	548.573	0.000	175868.000
14.880	175886.000	534.001	0.000	175861.000
14.890	175890.000	493.801	0.000	175855.000
14.900	175893.000	435.661	0.000	175851.000
14.910	175895.000	364.962	0.000	175849.000
14.920	175895.000	255.474	0.000	175849.000
14.930	175895.000	178.832	0.000	175851.000
14.940	175894.000	95.182	0.000	175855.000
14.950	175890.000	-53.373	0.000	175862.000
14.960	175886.000	-157.361	0.000	175870.000
14.970	175881.000	-260.153	0.000	175878.000
14.980	175876.000	-332.107	0.000	175886.000
14.990	175871.000	-382.475	0.000	175894.000
15.000	175867.000	-387.732	0.000	175901.000
