0.000	0.000	0.000	0.000	0.000
0.010	5.000	150.000	-60.000	8.000
0.020	5.000	105.000	-43.000	8.000
0.030	5.000	73.500	-30.000	9.000
0.040	5.000	51.450	-22.000	9.000
0.050	5.000	36.015	-16.000	9.000
0.060	4.000	-4.790	1.000	9.000
0.070	3.000	-33.353	12.000	9.000
0.080	2.000	-53.347	20.000	7.000
0.090	0.000	-97.343	38.000	5.000
0.100	-1.000	-98.140	39.000	3.000
0.110	-2.000	-98.698	39.000	1.000
0.120	-3.000	-99.089	40.000	-2.000
0.130	-5.000	-129.362	52.000	-5.000
0.140	-6.000	-120.553	49.000	-7.000
0.150	-7.000	-114.387	47.000	-10.000
0.160	-8.000	-110.071	46.000	-13.000
0.170	-10.000	-137.050	57.000	-15.000
0.180	-11.000	-125.935	53.000	-18.000
0.190	-12.000	-118.154	50.000	-19.000
0.200	-13.000	-112.708	48.000	-21.000
0.210	-15.000	-138.896	59.000	-22.000
0.220	-16.000	-127.227	55.000	-23.000
0.230	-18.000	-149.059	64.000	-23.000
0.240	-19.000	-134.341	58.000	-24.000
0.250	-20.000	-124.039	54.000	-24.000
0.260	-21.000	-116.827	52.000	-24.000
0.270	-22.000	-111.779	50.000	-24.000
0.280	-23.000	-108.245	49.000	-24.000
0.290	-24.000	-105.772	48.000	-24.000
0.300	-24.000	-74.040	36.000	-24.000
0.310	-24.000	-51.828	27.000	-24.000
0.320	-24.000	-36.280	21.000	-24.000
0.330	-24.000	-25.396	16.000	-24.000
0.340	-24.000	-17.777	13.000	-24.000
0.350	-24.000	-12.444	11.000	-24.000
0.360	-24.000	-8.711	9.000	-24.000
0.370	-24.000	-6.098	8.000	-24.000
0.380	-23.000	25.732	-4.000	-24.000
0.390	-22.000	48.012	-14.000	-24.000
0.400	-22.000	33.609	-8.000	-24.000
0.410	-21.000	53.526	-16.000	-24.000
0.420	-21.000	37.468	-10.000	-24.000
0.430	-21.000	26.228	-6.000	-24.000
0.440	-21.000	18.359	-3.000	-23.000
0.450	-21.000	12.852	-1.000	-22.000
0.460	-21.000	8.996	1.000	-21.000
0.470	-21.000	6.297	2.000	-21.000
0.480	-21.000	4.408	3.000	-20.000
0.490	-21.000	3.086	3.000	-19.000
0.500	-21.000	2.160	3.000	-19.000
0.510	-21.000	1.512	126.000	-18.000
0.520	-21.000	1.058	250.000	-18.000
0.530	-20.000	30.741	362.000	-18.000
0.540	-19.000	51.519	479.000	-18.000
0.550	-17.000	96.063	587.000	-18.000
0.560	-14.000	157.244	690.000	-18.000
0.570	-9.000	260.071	776.000	-18.000
0.580	-3.000	362.050	864.000	-18.000
0.590	4.000	463.435	952.000	-18.000
0.600	12.000	564.404	1041.000	-16.000
0.610	22.000	695.083	1118.000	-13.000
0.620	33.000	816.558	1200.000	-8.000
0.630	45.000	931.591	1284.000	-1.000
0.640	58.000	1042.113	1371.000	7.000
0.650	73.000	1179.479	1447.000	18.000
0.660	89.000	1305.636	1529.000	31.000
0.670	106.000	1423.945	1614.000	47.000
0.680	125.000	1566.761	1689.000	65.000
0.690	145.000	1696.733	1770.000	86.000
0.700	166.000	1817.713	1855.000	109.000
0.710	189.000	1962.399	1931.000	135.000
0.720	213.000	2093.679	2012.000	163.000
0.730	241.000	2305.576	2062.000	193.000
0.740	271.000	2513.903	2113.000	224.000
0.750	304.000	2749.732	2153.000	258.000
0.760	340.000	3004.812	2186.000	294.000
0.770	379.000	3273.369	2213.000	331.000
0.780	421.000	3551.358	2236.000	371.000
0.790	466.000	3835.951	2256.000	413.000
0.800	514.000	4125.165	2275.000	457.000
0.810	564.000	4387.616	2304.000	504.000
0.820	617.000	4661.331	2328.000	553.000
0.830	671.000	4882.932	2373.000	606.000
0.840	729.000	5158.052	2397.000	661.000
0.850	789.000	5410.637	2430.000	719.000
0.860	852.000	5677.446	2457.000	780.000
0.870	918.000	5954.212	2481.000	844.000
0.880	987.000	6237.948	2501.000	911.000
0.890	1058.000	6496.564	2531.000	982.000
0.900	1131.000	6737.595	2569.000	1056.000
0.910	1207.000	6996.316	2599.000	1133.000
0.920	1286.000	7267.421	2625.000	1212.000
0.930	1369.000	7577.195	2634.000	1295.000
0.940	1455.000	7884.036	2645.000	1381.000
0.950	1543.000	8158.826	2669.000	1469.000
0.960	1634.000	8441.178	2690.000	1561.000
0.970	1729.000	8758.825	2696.000	1656.000
0.980	1828.000	9101.177	2692.000	1754.000
0.990	1929.000	9400.824	2705.000	1856.000
1.000	2034.000	9730.577	2707.000	1960.000
1.010	2143.000	10081.404	2576.000	2068.000
1.020	2255.000	10416.983	2451.000	2179.000
1.030	2371.000	10771.888	2317.000	2293.000
1.040	2489.000	11080.321	2200.000	2411.000
1.050	2609.000	11356.225	2096.000	2532.000
1.060	2733.000	11669.358	1975.000	2657.000
1.070	2858.000	11918.550	1879.000	2785.000
1.080	2984.000	12122.985	1800.000	2917.000
1.090	3113.000	12356.090	1709.000	3051.000
1.100	3243.000	12549.263	1634.000	3188.000
1.110	3375.000	12744.484	1557.000	3329.000
1.120	3509.000	12941.139	1479.000	3470.000
1.130	3645.000	13138.797	1400.000	3613.000
1.140	3782.000	13307.158	1332.000	3758.000
1.150	3920.000	13455.011	1272.000	3903.000
1.160	4063.000	13708.507	1169.000	4050.000
1.170	4205.000	13855.955	1108.000	4196.000
1.180	4349.000	14019.169	1041.000	4342.000
1.190	4495.000	14193.418	969.000	4489.000
1.200	4641.000	14315.393	917.000	4636.000
1.210	4788.000	14430.775	867.000	4784.000
1.220	4938.000	14601.542	796.000	4931.000
1.230	5087.000	14691.080	756.000	5079.000
1.240	5236.000	14753.756	727.000	5225.000
1.250	5390.000	14947.629	645.000	5375.000
1.260	5540.000	14963.340	634.000	5524.000
1.270	5691.000	15004.338	614.000	5673.000
1.280	5841.000	15003.037	610.000	5822.000
1.290	5991.000	15002.126	606.000	5972.000
1.300	6141.000	15001.488	602.000	6123.000
1.310	6290.000	14971.042	610.000	6275.000
1.320	6438.000	14919.729	627.000	6426.000
1.330	6588.000	14943.810	614.000	6580.000
1.340	6737.000	14930.667	616.000	6734.000
1.350	6886.000	14921.467	616.000	6887.000
1.360	7036.000	14945.027	604.000	7040.000
1.370	7185.000	14931.519	606.000	7193.000
1.380	7336.000	14982.063	583.000	7346.000
1.390	7487.000	15017.444	565.000	7497.000
1.400	7638.000	15042.211	552.000	7647.000
1.410	7791.000	15119.548	518.000	7797.000
1.420	7944.000	15173.683	493.000	7947.000
1.430	8097.000	15211.578	474.000	8095.000
1.440	8250.000	15238.105	460.000	8244.000
1.450	8403.000	15256.673	449.000	8394.000
1.460	8557.000	15299.671	428.000	8544.000
1.470	8711.000	15329.770	412.000	8695.000
1.480	8864.000	15320.839	412.000	8845.000
1.490	9018.000	15344.587	399.000	8998.000
1.500	9170.000	15301.211	413.000	9150.000
1.510	9323.000	15300.848	409.000	9303.000
1.520	9475.000	15270.593	418.000	9456.000
1.530	9628.000	15279.415	411.000	9611.000
1.540	9780.000	15255.591	417.000	9766.000
1.550	9932.000	15238.914	421.000	9921.000
1.560	10084.000	15227.239	423.000	10077.000
1.570	10236.000	15219.068	423.000	10233.000
1.580	10387.000	15183.347	434.000	10389.000
1.590	10539.000	15188.343	429.000	10545.000
1.600	10691.000	15191.840	425.000	10700.000
1.610	10843.000	15194.288	422.000	10854.000
1.620	10995.000	15196.002	418.000	11007.000
1.630	11146.000	15167.201	427.000	11160.000
1.640	11298.000	15177.041	420.000	11312.000
1.650	11449.000	15153.929	427.000	11463.000
1.660	11600.000	15137.750	431.000	11613.000
1.670	11751.000	15126.425	433.000	11763.000
1.680	11902.000	15118.498	434.000	11912.000
1.690	12051.000	15052.948	458.000	12060.000
1.700	12202.000	15067.064	450.000	12207.000
1.710	12352.000	15046.945	456.000	12353.000
1.720	12501.000	15002.861	472.000	12498.000
1.730	12650.000	14972.003	482.000	12644.000
1.740	12800.000	14980.402	477.000	12790.000
1.750	12949.000	14956.281	485.000	12937.000
1.760	13099.000	14969.397	478.000	13084.000
1.770	13248.000	14948.578	484.000	13231.000
1.780	13397.000	14934.005	489.000	13379.000
1.790	13546.000	14923.803	491.000	13527.000
1.800	13695.000	14916.662	492.000	13676.000
1.810	13843.000	14881.664	505.000	13824.000
1.820	13992.000	14887.164	501.000	13975.000
1.830	14140.000	14861.015	510.000	14124.000
1.840	14289.000	14872.711	504.000	14275.000
1.850	14438.000	14880.897	499.000	14427.000
1.860	14587.000	14886.628	495.000	14578.000
1.870	14737.000	14920.640	480.000	14729.000
1.880	14886.000	14914.448	481.000	14880.000
1.890	15036.000	14940.113	469.000	15031.000
1.900	15186.000	14958.079	461.000	15182.000
1.910	15337.000	15000.656	442.000	15332.000
1.920	15487.000	15000.459	440.000	15481.000
1.930	15637.000	15000.321	438.000	15630.000
1.940	15788.000	15030.225	425.000	15780.000
1.950	15938.000	15021.157	426.000	15929.000
1.960	16088.000	15014.810	427.000	16078.000
1.970	16238.000	15010.367	427.000	16228.000
1.980	16387.000	14977.257	439.000	16377.000
1.990	16536.000	14954.080	446.000	16526.000
2.000	16684.000	14907.856	463.000	16674.000
2.010	16833.000	14905.499	838.000	16824.000
2.020	16980.000	14843.849	1188.000	16971.000
2.030	17130.000	14890.695	1398.000	17121.000
2.040	17279.000	14893.486	1499.000	17267.000
2.050	17432.000	15015.440	1409.000	17416.000
2.060	17586.000	15130.808	1184.000	17564.000
2.070	17741.000	15241.566	849.000	17713.000
2.080	17897.000	15349.096	443.000	17862.000
2.090	18054.000	15454.367	16.000	18013.000
2.100	18209.000	15468.057	-341.000	18165.000
2.110	18361.000	15387.640	-580.000	18317.000
2.120	18512.000	15301.348	-697.000	18472.000
2.130	18659.000	15120.944	-636.000	18627.000
2.140	18803.000	14904.660	-419.000	18782.000
2.150	18944.000	14663.262	-69.000	18939.000
2.160	19085.000	14494.284	340.000	19095.000
2.170	19225.000	14345.999	779.000	19250.000
2.180	19367.000	14302.199	1163.000	19404.000
2.190	19510.000	14301.539	1463.000	19555.000
2.200	19658.000	14451.078	1595.000	19704.000
2.210	19808.000	14615.754	1586.000	19850.000
2.220	19962.000	14851.028	1405.000	19993.000
2.230	20120.000	15135.720	1072.000	20133.000
2.240	20281.000	15425.004	637.000	20274.000
2.250	20443.000	15657.503	167.000	20414.000
2.260	20604.000	15790.252	-266.000	20555.000
2.270	20765.000	15883.176	-634.000	20698.000
2.280	20922.000	15828.223	-848.000	20843.000
2.290	21074.000	15639.756	-880.000	20992.000
2.300	21223.000	15417.829	-755.000	21145.000
2.310	21366.000	15082.481	-447.000	21300.000
2.320	21507.000	14787.736	-42.000	21459.000
2.330	21644.000	14461.416	448.000	21619.000
2.340	21781.000	14232.991	921.000	21781.000
2.350	21916.000	14013.094	1359.000	21940.000
2.360	22054.000	13949.166	1655.000	22099.000
2.370	22196.000	14024.416	1775.000	22256.000
2.380	22341.000	14167.091	1728.000	22409.000
2.390	22491.000	14416.964	1497.000	22559.000
2.400	22645.000	14711.875	1125.000	22706.000
2.410	22802.000	15008.312	664.000	22851.000
2.420	22961.000	15275.819	175.000	22993.000
2.430	23119.000	15433.073	-256.000	23132.000
2.440	23280.000	15633.151	-639.000	23272.000
2.450	23437.000	15653.206	-842.000	23411.000
2.460	23592.000	15607.244	-884.000	23552.000
2.470	23741.000	15395.071	-715.000	23694.000
2.480	23888.000	15186.550	-417.000	23838.000
2.490	24032.000	14950.585	-7.000	23984.000
2.500	24173.000	14695.409	467.000	24133.000
2.510	24314.000	14516.787	915.000	24283.000
2.520	24454.000	14361.751	1304.000	24435.000
2.530	24597.000	14343.225	1543.000	24588.000
2.540	24742.000	14390.258	1629.000	24742.000
2.550	24889.000	14483.180	1553.000	24894.000
2.560	25039.000	14638.226	1315.000	25046.000
2.570	25193.000	14866.758	935.000	25199.000
2.580	25348.000	15056.731	498.000	25350.000
2.590	25504.000	15219.712	50.000	25501.000
2.600	25661.000	15363.798	-359.000	25653.000
2.610	25815.000	15374.659	-633.000	25804.000
2.620	25969.000	15382.261	-787.000	25957.000
2.630	26119.000	15267.583	-752.000	26110.000
2.640	26266.000	15097.308	-554.000	26263.000
2.650	26411.000	14918.116	-229.000	26416.000
2.660	26554.000	14732.681	186.000	26569.000
2.670	26696.000	14572.877	630.000	26720.000
2.680	26839.000	14491.014	1028.000	26871.000
2.690	26982.000	14433.710	1351.000	27020.000
2.700	27127.000	14453.597	1535.000	27166.000
2.710	27274.000	14527.518	1563.000	27310.000
2.720	27426.000	14729.262	1396.000	27454.000
2.730	27579.000	14900.484	1110.000	27595.000
2.740	27734.000	15080.339	719.000	27736.000
2.750	27890.000	15236.237	282.000	27878.000
2.760	28044.000	15285.366	-116.000	28018.000
2.770	28197.000	15289.756	-446.000	28160.000
2.780	28348.000	15232.829	-657.000	28303.000
2.790	28495.000	15072.981	-698.000	28448.000
2.800	28638.000	14841.086	-567.000	28595.000
2.810	28777.000	14558.760	-279.000	28743.000
2.820	28915.000	14331.132	101.000	28895.000
2.830	29050.000	14081.793	562.000	29046.000
2.840	29185.000	13907.255	1016.000	29198.000
2.850	29321.000	13815.078	1404.000	29348.000
2.860	29460.000	13840.555	1664.000	29497.000
2.870	29601.000	13918.388	1783.000	29644.000
2.880	29746.000	14092.872	1724.000	29788.000
2.890	29895.000	14335.010	1497.000	29929.000
2.900	30047.000	14594.507	1139.000	30069.000
2.910	30202.000	14866.155	688.000	30208.000
2.920	30358.000	15086.309	219.000	30346.000
2.930	30514.000	15240.416	-210.000	30485.000
2.940	30668.000	15288.291	-531.000	30625.000
2.950	30820.000	15261.804	-715.000	30767.000
2.960	30969.000	15153.263	-730.000	30911.000
2.970	31114.000	14957.284	-567.000	31057.000
2.980	31255.000	14700.099	-248.000	31206.000
2.990	31394.000	14460.069	166.000	31356.000
3.000	31530.000	14202.048	643.000	31509.000
3.010	31667.000	14051.434	1081.000	31662.000
3.020	31804.000	13946.004	1451.000	31815.000
3.030	31943.000	13932.203	1690.000	31966.000
3.040	32086.000	14042.542	1752.000	32117.000
3.050	32231.000	14179.779	1659.000	32266.000
3.060	32380.000	14395.845	1398.000	32413.000
3.070	32532.000	14637.092	1013.000	32557.000
3.080	32686.000	14865.964	561.000	32701.000
3.090	32840.000	15026.175	114.000	32843.000
3.100	32995.000	15168.323	-293.000	32985.000
3.110	33148.000	15207.826	-578.000	33128.000
3.120	33297.000	15115.478	-692.000	33270.000
3.130	33443.000	14960.835	-640.000	33413.000
3.140	33586.000	14762.584	-430.000	33557.000
3.150	33727.000	14563.809	-96.000	33703.000
3.160	33865.000	14334.666	337.000	33850.000
3.170	34002.000	14144.266	795.000	33996.000
3.180	34139.000	14010.986	1215.000	34143.000
3.190	34277.000	13947.691	1542.000	34289.000
3.200	34419.000	14023.383	1705.000	34434.000
3.210	34563.000	14136.368	1718.000	34579.000
3.220	34710.000	14305.458	1565.000	34722.000
3.230	34861.000	14543.820	1253.000	34865.000
3.240	35014.000	14770.674	845.000	35007.000
3.250	35168.000	14959.472	395.000	35150.000
3.260	35322.000	15091.630	-35.000	35293.000
3.270	35476.000	15184.141	-401.000	35438.000
3.280	35628.000	15188.899	-636.000	35584.000
3.290	35776.000	15072.229	-695.000	35733.000
3.300	35921.000	14900.560	-589.000	35883.000
3.310	36063.000	14690.392	-329.000	36035.000
3.320	36203.000	14483.275	42.000	36187.000
3.330	36341.000	14278.292	484.000	36341.000
3.340	36480.000	14164.805	912.000	36494.000
3.350	36619.000	14085.363	1294.000	36647.000
3.360	36759.000	14059.754	1574.000	36798.000
3.370	36904.000	14191.828	1671.000	36947.000
3.380	37053.000	14404.280	1596.000	37094.000
3.390	37205.000	14642.996	1368.000	37240.000
3.400	37361.000	14930.097	998.000	37384.000
3.410	37519.000	15191.068	551.000	37526.000
3.420	37677.000	15373.748	96.000	37668.000
3.430	37834.000	15471.623	-312.000	37810.000
3.440	37989.000	15480.136	-618.000	37953.000
3.450	38141.000	15396.095	-778.000	38097.000
3.460	38289.000	15217.267	-766.000	38244.000
3.470	38433.000	14972.087	-583.000	38392.000
3.480	38574.000	14710.461	-262.000	38543.000
3.490	38710.000	14377.323	189.000	38694.000
3.500	38845.000	14114.126	668.000	38847.000
3.510	38981.000	13959.888	1108.000	38999.000
3.520	39118.000	13881.922	1469.000	39150.000
3.530	39257.000	13887.345	1700.000	39300.000
3.540	39399.000	13981.142	1768.000	39447.000
3.550	39546.000	14196.799	1645.000	39592.000
3.560	39696.000	14437.759	1373.000	39734.000
3.570	39851.000	14756.432	958.000	39875.000
3.580	40007.000	15009.502	496.000	40014.000
3.590	40165.000	15246.651	18.000	40154.000
3.600	40322.000	15382.656	-388.000	40292.000
3.610	40477.000	15417.859	-672.000	40434.000
3.620	40630.000	15382.501	-809.000	40577.000
3.630	40780.000	15267.751	-774.000	40722.000
3.640	40926.000	15067.426	-564.000	40869.000
3.650	41068.000	14807.198	-206.000	41019.000
3.660	41208.000	14565.039	232.000	41172.000
3.670	41346.000	14335.527	704.000	41324.000
3.680	41484.000	14174.869	1135.000	41478.000
3.690	41623.000	14092.408	1469.000	41632.000
3.700	41765.000	14124.686	1650.000	41785.000
3.710	41911.000	14267.280	1651.000	41938.000
3.720	42059.000	14427.096	1501.000	42089.000
3.730	42211.000	14658.967	1192.000	42239.000
3.740	42365.000	14881.277	785.000	42387.000
3.750	42521.000	15096.894	325.000	42534.000
3.760	42677.000	15247.826	-114.000	42679.000
3.770	42833.000	15353.478	-485.000	42824.000
3.780	42986.000	15337.435	-712.000	42969.000
3.790	43136.000	15236.204	-777.000	43115.000
3.800	43283.000	15075.343	-675.000	43262.000
3.810	43427.000	14872.740	-419.000	43410.000
3.820	43567.000	14610.918	-27.000	43559.000
3.830	43704.000	14337.643	443.000	43707.000
3.840	43842.000	14176.350	890.000	43856.000
3.850	43979.000	14033.445	1298.000	44003.000
3.860	44119.000	14023.411	1571.000	44149.000
3.870	44260.000	14046.388	1713.000	44292.000
3.880	44406.000	14212.472	1657.000	44435.000
3.890	44553.000	14358.730	1467.000	44575.000
3.900	44705.000	14611.111	1112.000	44716.000
3.910	44858.000	14817.778	688.000	44854.000
3.920	45011.000	14962.444	249.000	44992.000
3.930	45165.000	15093.711	-170.000	45132.000
3.940	45317.000	15125.598	-484.000	45273.000
3.950	45467.000	15087.918	-662.000	45415.000
3.960	45613.000	14941.543	-662.000	45560.000
3.970	45756.000	14749.080	-499.000	45706.000
3.980	45895.000	14494.356	-180.000	45854.000
3.990	46032.000	14256.049	233.000	46004.000
4.000	46167.000	14029.234	698.000	46155.000
4.010	46303.000	13900.464	1128.000	46306.000
4.020	46440.000	13840.325	1482.000	46456.000
4.030	46579.000	13858.227	1708.000	46606.000
4.040	46722.000	13990.759	1761.000	46753.000
4.050	46870.000	14233.531	1626.000	46899.000
4.060	47021.000	14493.472	1347.000	47044.000
4.070	47174.000	14735.430	962.000	47186.000
4.080	47329.000	14964.801	509.000	47326.000
4.090	47486.000	15185.361	38.000	47467.000
4.100	47644.000	15369.753	-387.000	47610.000
4.110	47796.000	15318.827	-636.000	47750.000
4.120	47947.000	15253.179	-761.000	47893.000
4.130	48095.000	15117.225	-717.000	48039.000
4.140	48238.000	14872.058	-488.000	48186.000
4.150	48378.000	14610.440	-130.000	48335.000
4.160	48515.000	14337.308	321.000	48487.000
4.170	48650.000	14086.116	803.000	48638.000
4.180	48785.000	13910.281	1241.000	48789.000
4.190	48922.000	13847.197	1568.000	48940.000
4.200	49061.000	13863.038	1756.000	49089.000
4.210	49203.000	13964.126	1774.000	49236.000
4.220	49349.000	14154.888	1613.000	49382.000
4.230	49498.000	14378.422	1308.000	49525.000
4.240	49650.000	14624.895	892.000	49666.000
4.250	49804.000	14857.427	426.000	49807.000
4.260	49960.000	15080.199	-41.000	49947.000
4.270	50115.000	15206.139	-420.000	50087.000
4.280	50268.000	15234.297	-664.000	50227.000
4.290	50418.000	15164.008	-742.000	50369.000
4.300	50565.000	15024.806	-649.000	50513.000
4.310	50709.000	14837.364	-399.000	50658.000
4.320	50850.000	14616.155	-23.000	50805.000
4.330	50988.000	14371.308	436.000	50954.000
4.340	51127.000	14229.916	874.000	51103.000
4.350	51265.000	14100.941	1276.000	51254.000
4.360	51406.000	14100.659	1546.000	51404.000
4.370	51549.000	14160.461	1672.000	51554.000
4.380	51695.000	14292.323	1629.000	51703.000
4.390	51844.000	14474.626	1425.000	51852.000
4.400	51997.000	14722.238	1071.000	51999.000
4.410	52153.000	14985.567	624.000	52145.000
4.420	52309.000	15169.897	168.000	52291.000
4.430	52465.000	15298.928	-251.000	52437.000
4.440	52620.000	15359.249	-577.000	52585.000
4.450	52774.000	15371.475	-776.000	52733.000
4.460	52923.000	15230.032	-778.000	52882.000
4.470	53069.000	15041.023	-618.000	53033.000
4.480	53212.000	14818.716	-313.000	53186.000
4.490	53352.000	14573.101	103.000	53339.000
4.500	53492.000	14401.171	545.000	53493.000
4.510	53629.000	14190.820	1007.000	53646.000
4.520	53769.000	14133.574	1358.000	53798.000
4.530	53910.000	14123.502	1595.000	53947.000
4.540	54054.000	14206.451	1667.000	54095.000
4.550	54201.000	14354.516	1569.000	54241.000
4.560	54352.000	14578.161	1305.000	54385.000
4.570	54505.000	14794.713	930.000	54527.000
4.580	54660.000	15006.299	484.000	54668.000
4.590	54816.000	15184.409	30.000	54810.000
4.600	54971.000	15279.086	-358.000	54950.000
4.610	55123.000	15255.361	-619.000	55092.000
4.620	55273.000	15178.752	-738.000	55235.000
4.630	55420.000	15035.127	-691.000	55379.000
4.640	55564.000	14844.589	-484.000	55524.000
4.650	55705.000	14621.212	-140.000	55672.000
4.660	55842.000	14344.848	312.000	55822.000
4.670	55979.000	14151.394	771.000	55972.000
4.680	56116.000	14015.976	1192.000	56122.000
4.690	56255.000	13981.183	1508.000	56273.000
4.700	56395.000	13986.828	1699.000	56422.000
4.710	56540.000	14140.780	1696.000	56570.000
4.720	56688.000	14338.546	1532.000	56716.000
4.730	56839.000	14566.982	1224.000	56861.000
4.740	56995.000	14876.887	783.000	57007.000
4.750	57149.000	15033.821	346.000	57148.000
4.760	57305.000	15203.675	-100.000	57291.000
4.770	57460.000	15292.572	-464.000	57434.000
4.780	57614.000	15324.801	-711.000	57580.000
4.790	57764.000	15227.360	-777.000	57725.000
4.800	57911.000	15069.152	-677.000	57874.000
4.810	58055.000	14868.407	-421.000	58024.000
4.820	58197.000	14667.885	-53.000	58176.000
4.830	58336.000	14437.519	399.000	58329.000
4.840	58474.000	14246.263	858.000	58480.000
4.850	58613.000	14142.384	1250.000	58632.000
4.860	58754.000	14129.669	1524.000	58781.000
4.870	58896.000	14150.768	1666.000	58930.000
4.880	59042.000	14285.538	1622.000	59077.000
4.890	59192.000	14499.877	1405.000	59222.000
4.900	59342.000	14649.914	1090.000	59365.000
4.910	59495.000	14844.939	671.000	59507.000
4.920	59650.000	15041.458	211.000	59649.000
4.930	59804.000	15149.020	-199.000	59791.000
4.940	59956.000	15164.314	-506.000	59933.000
4.950	60106.000	15115.020	-680.000	60076.000
4.960	60252.000	14960.514	-676.000	60220.000
4.970	60395.000	14762.360	-511.000	60364.000
4.980	60535.000	14533.652	-203.000	60511.000
4.990	60673.000	14313.556	204.000	60658.000
5.000	60809.000	14099.489	664.000	60806.000
5.010	60944.000	13919.643	1114.000	60953.000
5.020	61082.000	13883.750	1457.000	61101.000
5.030	61221.000	13888.625	1689.000	61247.000
5.040	61364.000	14012.037	1745.000	61392.000
5.050	61510.000	14188.426	1637.000	61535.000
5.060	61659.000	14401.898	1377.000	61677.000
5.070	61811.000	14641.329	993.000	61818.000
5.080	61965.000	14868.930	542.000	61958.000
5.090	62120.000	15058.251	83.000	62099.000
5.100	62274.000	15160.776	-308.000	62240.000
5.110	62426.000	15172.543	-582.000	62382.000
5.120	62575.000	15090.780	-700.000	62526.000
5.130	62720.000	14913.546	-639.000	62671.000
5.140	62863.000	14729.482	-434.000	62820.000
5.150	63002.000	14480.638	-80.000	62969.000
5.160	63140.000	14276.446	344.000	63120.000
5.170	63277.000	14103.512	795.000	63271.000
5.180	63414.000	13982.459	1210.000	63422.000
5.190	63552.000	13927.721	1534.000	63573.000
5.200	63693.000	13979.405	1707.000	63723.000
5.210	63838.000	14135.583	1703.000	63871.000
5.220	63986.000	14334.908	1538.000	64017.000
5.230	64138.000	14594.436	1217.000	64161.000
5.240	64291.000	14806.105	815.000	64303.000
5.250	64447.000	15044.274	346.000	64446.000
5.260	64601.000	15150.991	-75.000	64586.000
5.270	64755.000	15225.694	-434.000	64729.000
5.280	64905.000	15157.986	-640.000	64870.000
5.290	65054.000	15080.590	-714.000	65014.000
5.300	65198.000	14876.413	-594.000	65159.000
5.310	65337.000	14583.489	-302.000	65305.000
5.320	65474.000	14318.442	93.000	65453.000
5.330	65609.000	14072.910	552.000	65601.000
5.340	65744.000	13901.037	1004.000	65750.000
5.350	65880.000	13810.726	1392.000	65899.000
5.360	66016.000	13747.508	1687.000	66045.000
5.370	66156.000	13823.256	1808.000	66190.000
5.380	66300.000	13996.279	1750.000	66334.000
5.390	66448.000	14237.395	1523.000	66475.000
5.400	66600.000	14526.177	1153.000	66615.000
5.410	66754.000	14788.324	707.000	66754.000
5.420	66909.000	15001.827	240.000	66893.000
5.430	67064.000	15151.279	-186.000	67032.000
5.440	67218.000	15225.895	-518.000	67173.000
5.450	67370.000	15218.127	-708.000	67317.000
5.460	67518.000	15092.689	-717.000	67462.000
5.470	67663.000	14914.882	-561.000	67610.000
5.480	67804.000	14670.417	-246.000	67760.000
5.490	67943.000	14439.292	163.000	67914.000
5.500	68081.000	14247.505	614.000	68067.000
5.510	68218.000	14083.253	1057.000	68220.000
5.520	68356.000	13998.277	1420.000	68374.000
5.530	68498.000	14058.794	1629.000	68527.000
5.540	68641.000	14131.156	1705.000	68678.000
5.550	68789.000	14331.809	1587.000	68829.000
5.560	68940.000	14562.266	1319.000	68976.000
5.570	69094.000	14813.586	930.000	69121.000
5.580	69250.000	15049.511	474.000	69267.000
5.590	69410.000	15334.657	-23.000	69411.000
5.600	69567.000	15444.260	-418.000	69555.000
5.610	69722.000	15460.982	-695.000	69699.000
5.620	69874.000	15382.687	-815.000	69844.000
5.630	70022.000	15207.881	-756.000	69990.000
5.640	70167.000	14995.517	-540.000	70138.000
5.650	70308.000	14726.862	-179.000	70287.000
5.660	70446.000	14448.803	274.000	70437.000
5.670	70584.000	14254.162	732.000	70587.000
5.680	70720.000	14057.914	1178.000	70737.000
5.690	70858.000	13980.540	1510.000	70886.000
5.700	71000.000	14046.378	1678.000	71034.000
5.710	71144.000	14152.464	1693.000	71179.000
5.720	71292.000	14346.725	1531.000	71325.000
5.730	71442.000	14542.708	1236.000	71467.000
5.740	71596.000	14799.895	816.000	71607.000
5.750	71751.000	15009.927	358.000	71747.000
5.760	71906.000	15156.949	-79.000	71887.000
5.770	72062.000	15289.864	-461.000	72029.000
5.780	72214.000	15262.905	-683.000	72171.000
5.790	72364.000	15184.033	-757.000	72315.000
5.800	72510.000	15008.823	-650.000	72463.000
5.810	72653.000	14796.176	-389.000	72611.000
5.820	72793.000	14557.323	-6.000	72762.000
5.830	72932.000	14360.126	434.000	72915.000
5.840	73069.000	14162.088	895.000	73067.000
5.850	73207.000	14053.462	1289.000	73219.000
5.860	73349.000	14097.423	1541.000	73370.000
5.870	73491.000	14128.196	1679.000	73519.000
5.880	73638.000	14299.737	1621.000	73667.000
5.890	73789.000	14539.816	1393.000	73813.000
5.900	73942.000	14767.871	1047.000	73959.000
5.910	74098.000	15017.510	605.000	74104.000
5.920	74255.000	15222.257	142.000	74249.000
5.930	74412.000	15365.580	-283.000	74393.000
5.940	74567.000	15405.906	-601.000	74538.000
5.950	74719.000	15344.134	-771.000	74683.000
5.960	74868.000	15210.894	-776.000	74830.000
5.970	75013.000	14997.626	-606.000	74978.000
5.980	75154.000	14728.338	-282.000	75128.000
5.990	75293.000	14479.837	135.000	75280.000
6.000	75430.000	14245.886	602.000	75431.000
6.010	75566.000	14052.120	1058.000	75583.000
6.020	75703.000	13946.484	1429.000	75734.000
6.030	75842.000	13932.539	1668.000	75883.000
6.040	75984.000	14012.777	1742.000	76029.000
6.050	76129.000	14158.944	1646.000	76172.000
6.060	76280.000	14441.261	1358.000	76315.000
6.070	76432.000	14668.883	979.000	76455.000
6.080	76586.000	14888.218	531.000	76593.000
6.090	76742.000	15101.752	63.000	76731.000
6.100	76897.000	15221.227	-335.000	76870.000
6.110	77050.000	15244.859	-614.000	77009.000
6.120	77201.000	15201.401	-747.000	77151.000
6.130	77348.000	15050.981	-698.000	77293.000
6.140	77492.000	14855.687	-488.000	77438.000
6.150	77632.000	14598.981	-131.000	77586.000
6.160	77770.000	14359.286	306.000	77735.000
6.170	77907.000	14161.500	767.000	77885.000
6.180	78043.000	13993.050	1201.000	78035.000
6.190	78180.000	13905.135	1538.000	78186.000
6.200	78321.000	13963.595	1708.000	78335.000
6.210	78465.000	14094.516	1715.000	78484.000
6.220	78612.000	14276.161	1557.000	78632.000
6.230	78763.000	14523.313	1242.000	78778.000
6.240	78918.000	14816.319	807.000	78924.000
6.250	79073.000	15021.423	351.000	79068.000
6.260	79230.000	15224.996	-108.000	79213.000
6.270	79384.000	15277.497	-458.000	79356.000
6.280	79537.000	15284.248	-694.000	79500.000
6.290	79687.000	15198.974	-765.000	79647.000
6.300	79834.000	15049.282	-668.000	79795.000
6.310	79977.000	14824.497	-403.000	79944.000
6.320	80118.000	14607.148	-28.000	80094.000
6.330	80255.000	14335.004	441.000	80245.000
6.340	80393.000	14174.503	888.000	80397.000
6.350	80530.000	14032.152	1295.000	80546.000
6.360	80669.000	13992.506	1580.000	80694.000
6.370	80811.000	14054.754	1706.000	80841.000
6.380	80955.000	14158.328	1675.000	80985.000
6.390	81104.000	14380.830	1455.000	81128.000
6.400	81254.000	14566.581	1127.000	81269.000
6.410	81406.000	14756.607	709.000	81409.000
6.420	81560.000	14949.625	251.000	81548.000
6.430	81714.000	15084.737	-170.000	81687.000
6.440	81866.000	15119.316	-484.000	81827.000
6.450	82016.000	15083.521	-663.000	81968.000
6.460	82163.000	14968.465	-675.000	82111.000
6.470	82306.000	14767.925	-509.000	82256.000
6.480	82446.000	14537.548	-200.000	82402.000
6.490	82584.000	14316.283	206.000	82549.000
6.500	82721.000	14131.398	654.000	82698.000
6.510	82856.000	13941.979	1108.000	82846.000
6.520	82993.000	13869.385	1466.000	82995.000
6.530	83132.000	13878.570	1696.000	83143.000
6.540	83275.000	14004.999	1751.000	83290.000
6.550	83420.000	14153.499	1654.000	83436.000
6.560	83570.000	14407.449	1378.000	83580.000
6.570	83722.000	14645.215	995.000	83724.000
6.580	83875.000	14841.650	556.000	83866.000
6.590	84031.000	15069.155	82.000	84010.000
6.600	84186.000	15198.409	-320.000	84153.000
6.610	84339.000	15228.886	-602.000	84296.000
6.620	84489.000	15160.220	-725.000	84442.000
6.630	84637.000	15052.154	-692.000	84589.000
6.640	84781.000	14856.508	-483.000	84737.000
6.650	84923.000	14659.556	-150.000	84888.000
6.660	85062.000	14431.689	283.000	85040.000
6.670	85200.000	14242.182	739.000	85192.000
6.680	85338.000	14109.528	1159.000	85344.000
6.690	85477.000	14046.669	1486.000	85496.000
6.700	85619.000	14092.668	1661.000	85647.000
6.710	85764.000	14214.868	1670.000	85795.000
6.720	85912.000	14390.408	1514.000	85942.000
6.730	86062.000	14573.285	1224.000	86087.000
6.740	86216.000	14821.300	808.000	86231.000
6.750	86371.000	15024.910	352.000	86375.000
6.760	86526.000	15167.437	-83.000	86517.000
6.770	86680.000	15237.206	-439.000	86660.000
6.780	86832.000	15226.044	-668.000	86803.000
6.790	86982.000	15158.231	-746.000	86948.000
6.800	87127.000	14960.762	-630.000	87095.000
6.810	87269.000	14732.533	-363.000	87243.000
6.820	87410.000	14542.773	1.000	87391.000
6.830	87548.000	14319.941	451.000	87541.000
6.840	87686.000	14163.959	896.000	87691.000
6.850	87824.000	14054.771	1290.000	87840.000
6.860	87964.000	14038.340	1566.000	87989.000
6.870	88108.000	14146.838	1673.000	88136.000
6.880	88254.000	14282.787	1628.000	88282.000
6.890	88404.000	14497.951	1411.000	88427.000
6.900	88558.000	14768.565	1048.000	88571.000
6.910	88713.000	14987.996	618.000	88714.000
6.920	88870.000	15201.597	151.000	88857.000
6.930	89026.000	15321.118	-264.000	89000.000
6.940	89181.000	15374.783	-588.000	89144.000
6.950	89332.000	15292.348	-748.000	89289.000
6.960	89481.000	15174.643	-760.000	89437.000
6.970	89627.000	15002.250	-606.000	89586.000
6.980	89772.000	14851.575	-330.000	89741.000
6.990	89909.000	14506.103	126.000	89892.000
7.000	90048.000	14324.272	572.000	90046.000
7.010	90186.000	14166.990	1013.000	90200.000
7.020	90326.000	14116.893	1361.000	90353.000
7.030	90469.000	14171.825	1572.000	90506.000
7.040	90613.000	14240.278	1650.000	90654.000
7.050	90761.000	14408.194	1544.000	90801.000
7.060	90912.000	14615.736	1286.000	90946.000
7.070	91067.000	14881.015	891.000	91091.000
7.080	91221.000	15036.711	468.000	91232.000
7.090	91377.000	15205.697	18.000	91374.000
7.100	91532.000	15293.988	-369.000	91516.000
7.110	91686.000	15325.792	-651.000	91659.000
7.120	91834.000	15168.054	-739.000	91802.000
7.130	91980.000	14997.638	-681.000	91947.000
7.140	92122.000	14758.347	-453.000	92094.000
7.150	92260.000	14470.843	-84.000	92241.000
7.160	92397.000	14239.590	351.000	92388.000
7.170	92532.000	14017.713	822.000	92535.000
7.180	92667.000	13862.399	1252.000	92683.000
7.190	92805.000	13843.679	1561.000	92829.000
7.200	92944.000	13860.576	1748.000	92972.000
7.210	93086.000	13962.403	1767.000	93115.000
7.220	93233.000	14183.682	1594.000	93257.000
7.230	93384.000	14458.577	1268.000	93397.000
7.240	93536.000	14681.004	861.000	93536.000
7.250	93690.000	14896.703	402.000	93675.000
7.260	93844.000	15047.692	-36.000	93814.000
7.270	93998.000	15153.384	-407.000	93955.000
7.280	94149.000	15137.369	-634.000	94098.000
7.290	94297.000	15036.158	-698.000	94242.000
7.300	94441.000	14845.311	-584.000	94388.000
7.310	94582.000	14621.718	-319.000	94537.000
7.320	94720.000	14375.202	68.000	94689.000
7.330	94857.000	14172.642	510.000	94842.000
7.340	94992.000	13970.849	974.000	94994.000
7.350	95130.000	13919.594	1346.000	95145.000
7.360	95269.000	13913.716	1618.000	95296.000
7.370	95411.000	13999.601	1734.000	95446.000
7.380	95558.000	14209.721	1660.000	95594.000
7.390	95707.000	14416.805	1446.000	95739.000
7.400	95859.000	14651.763	1098.000	95882.000
7.410	96015.000	14936.234	642.000	96024.000
7.420	96171.000	15135.364	181.000	96166.000
7.430	96326.000	15244.755	-230.000	96307.000
7.440	96480.000	15291.328	-551.000	96448.000
7.450	96631.000	15233.930	-721.000	96592.000
7.460	96779.000	15103.751	-728.000	96736.000
7.470	96922.000	14862.626	-546.000	96882.000
7.480	97062.000	14603.838	-226.000	97029.000
7.490	97199.000	14332.687	200.000	97178.000
7.500	97334.000	14082.881	674.000	97327.000
7.510	97469.000	13908.016	1122.000	97476.000
7.520	97605.000	13815.611	1489.000	97625.000
7.530	97743.000	13810.928	1724.000	97773.000
7.540	97883.000	13867.650	1808.000	97919.000
7.550	98027.000	14027.355	1707.000	98062.000
7.560	98175.000	14259.148	1440.000	98204.000
7.570	98327.000	14541.404	1039.000	98345.000
7.580	98481.000	14798.983	576.000	98484.000
7.590	98636.000	15009.288	109.000	98623.000
7.600	98790.000	15126.502	-288.000	98762.000
7.610	98942.000	15148.551	-566.000	98903.000
7.620	99093.000	15133.986	-711.000	99046.000
7.630	99239.000	14973.790	-657.000	99190.000
7.640	99383.000	14801.653	-457.000	99337.000
7.650	99523.000	14561.157	-107.000	99485.000
7.660	99661.000	14332.810	326.000	99635.000
7.670	99798.000	14142.967	784.000	99787.000
7.680	99934.000	13980.077	1216.000	99938.000
7.690	100074.000	13986.054	1515.000	100090.000
7.700	100215.000	14020.238	1695.000	100240.000
7.710	100360.000	14164.166	1695.000	100389.000
7.720	100509.000	14384.916	1522.000	100537.000
7.730	100661.000	14629.442	1207.000	100683.000
7.740	100815.000	14860.609	797.000	100829.000
7.750	100972.000	15112.426	322.000	100973.000
7.760	101128.000	15258.698	-115.000	101117.000
7.770	101286.000	15421.089	-509.000	101264.000
7.780	101440.000	15414.762	-740.000	101409.000
7.790	101590.000	15290.334	-796.000	101556.000
7.800	101737.000	15113.233	-689.000	101705.000
7.810	101880.000	14869.263	-416.000	101855.000
7.820	102020.000	14608.484	-24.000	102006.000
7.830	102159.000	14395.939	421.000	102157.000
7.840	102296.000	14187.157	887.000	102309.000
7.850	102433.000	14041.010	1296.000	102460.000
7.860	102574.000	14058.707	1558.000	102610.000
7.870	102715.000	14071.095	1704.000	102758.000
7.880	102861.000	14229.766	1651.000	102903.000
7.890	103011.000	14460.837	1427.000	103046.000
7.900	103164.000	14712.586	1072.000	103188.000
7.910	103319.000	14948.810	636.000	103328.000
7.920	103476.000	15174.167	164.000	103468.000
7.930	103633.000	15331.917	-267.000	103607.000
7.940	103787.000	15352.342	-577.000	103747.000
7.950	103940.000	15336.639	-764.000	103889.000
7.960	104089.000	15205.647	-771.000	104033.000
7.970	104235.000	15023.953	-613.000	104180.000
7.980	104378.000	14806.767	-310.000	104329.000
7.990	104518.000	14564.737	104.000	104481.000
8.000	104656.000	14335.316	569.000	104635.000
8.010	104794.000	14174.721	1011.000	104788.000
8.020	104933.000	14092.305	1372.000	104943.000
8.030	105074.000	14094.613	1605.000	105096.000
8.040	105219.000	14216.229	1661.000	105248.000
8.050	105367.000	14391.361	1553.000	105398.000
8.060	105519.000	14633.952	1280.000	105547.000
8.070	105674.000	14893.767	888.000	105695.000
8.080	105831.000	15135.637	430.000	105842.000
8.090	105989.000	15334.946	-33.000	105988.000
8.100	106146.000	15444.462	-428.000	106134.000
8.110	106302.000	15491.123	-717.000	106281.000
8.120	106455.000	15433.786	-845.000	106428.000
8.130	106604.000	15273.650	-792.000	106576.000
8.140	106750.000	15071.555	-581.000	106725.000
8.150	106892.000	14810.089	-222.000	106874.000
8.160	107032.000	14567.062	216.000	107025.000
8.170	107170.000	14336.943	689.000	107175.000
8.180	107308.000	14175.860	1120.000	107325.000
8.190	107447.000	14093.102	1455.000	107474.000
8.200	107588.000	14095.172	1647.000	107623.000
8.210	107731.000	14156.620	1681.000	107768.000
8.220	107878.000	14319.634	1531.000	107912.000
8.230	108027.000	14493.744	1245.000	108054.000
8.240	108179.000	14705.621	843.000	108195.000
8.250	108333.000	14913.934	386.000	108334.000
8.260	108486.000	15029.754	-37.000	108472.000
8.270	108639.000	15110.828	-398.000	108611.000
8.280	108789.000	15077.580	-617.000	108752.000
8.290	108936.000	14964.306	-677.000	108892.000
8.300	109080.000	14795.014	-571.000	109035.000
8.310	109221.000	14586.510	-311.000	109181.000
8.320	109359.000	14350.557	72.000	109327.000
8.330	109495.000	14125.390	523.000	109475.000
8.340	109631.000	13967.773	969.000	109624.000
8.350	109766.000	13827.441	1377.000	109772.000
8.360	109904.000	13819.209	1650.000	109919.000
8.370	110044.000	13873.446	1780.000	110066.000
8.380	110188.000	14031.412	1727.000	110212.000
8.390	110336.000	14261.989	1504.000	110356.000
8.400	110486.000	14483.392	1162.000	110498.000
8.410	110640.000	14758.374	711.000	110640.000
8.420	110795.000	14980.862	241.000	110781.000
8.430	110949.000	15106.603	-177.000	110922.000
8.440	111103.000	15194.622	-513.000	111065.000
8.450	111254.000	15166.236	-695.000	111208.000
8.460	111402.000	15056.365	-709.000	111352.000
8.470	111546.000	14859.455	-546.000	111498.000
8.480	111687.000	14631.619	-238.000	111646.000
8.490	111826.000	14412.133	167.000	111796.000
8.500	111962.000	14168.493	639.000	111946.000
8.510	112099.000	14027.945	1073.000	112097.000
8.520	112236.000	13929.562	1441.000	112247.000
8.530	112376.000	13950.693	1666.000	112396.000
8.540	112518.000	14025.485	1742.000	112544.000
8.550	112663.000	14167.840	1647.000	112690.000
8.560	112811.000	14357.488	1396.000	112834.000
8.570	112962.000	14580.241	1019.000	112976.000
8.580	113115.000	14796.169	573.000	113116.000
8.590	113269.000	14977.318	118.000	113257.000
8.600	113422.000	15074.123	-271.000	113397.000
8.610	113574.000	15111.886	-555.000	113539.000
8.620	113722.000	15018.320	-668.000	113681.000
8.630	113869.000	14922.824	-640.000	113826.000
8.640	114011.000	14705.977	-422.000	113970.000
8.650	114151.000	14494.184	-82.000	114116.000
8.660	114289.000	14285.929	343.000	114264.000
8.670	114426.000	14110.150	795.000	114412.000
8.680	114563.000	13987.105	1211.000	114560.000
8.690	114701.000	13930.974	1535.000	114707.000
8.700	114842.000	13981.681	1708.000	114854.000
8.710	114986.000	14107.177	1717.000	114999.000
8.720	115134.000	14315.024	1548.000	115143.000
8.730	115284.000	14520.517	1250.000	115286.000
8.740	115438.000	14784.362	827.000	115429.000
8.750	115593.000	14999.053	367.000	115572.000
8.760	115747.000	15119.337	-59.000	115715.000
8.770	115901.000	15203.536	-422.000	115859.000
8.780	116053.000	15202.475	-654.000	116005.000
8.790	116202.000	15111.733	-723.000	116151.000
8.800	116348.000	14958.213	-624.000	116299.000
8.810	116491.000	14760.749	-370.000	116450.000
8.820	116631.000	14532.524	9.000	116602.000
8.830	116770.000	14342.767	446.000	116756.000
8.840	116908.000	14179.937	893.000	116908.000
8.850	117048.000	14125.956	1265.000	117062.000
8.860	117187.000	14058.169	1561.000	117212.000
8.870	117331.000	14160.718	1670.000	117363.000
8.880	117478.000	14322.503	1616.000	117511.000
8.890	117628.000	14525.752	1403.000	117658.000
8.900	117782.000	14788.026	1043.000	117803.000
8.910	117937.000	15001.618	615.000	117946.000
8.920	118094.000	15211.133	150.000	118088.000
8.930	118248.000	15267.793	-240.000	118231.000
8.940	118402.000	15307.455	-558.000	118374.000
8.950	118553.000	15245.219	-727.000	118518.000
8.960	118700.000	15081.653	-719.000	118664.000
8.970	118845.000	14907.157	-565.000	118812.000
8.980	118985.000	14635.010	-239.000	118961.000
8.990	119123.000	14384.507	179.000	119111.000
9.000	119260.000	14179.155	635.000	119262.000
9.010	119396.000	14005.408	1083.000	119411.000
9.020	119535.000	13973.786	1424.000	119560.000
9.030	119676.000	14011.650	1642.000	119708.000
9.040	119819.000	14098.155	1713.000	119854.000
9.050	119966.000	14278.709	1603.000	119997.000
9.060	120118.000	14555.096	1317.000	120140.000
9.070	120272.000	14808.567	927.000	120282.000
9.080	120427.000	15015.997	483.000	120422.000
9.090	120585.000	15251.198	7.000	120564.000
9.100	120741.000	15355.839	-386.000	120707.000
9.110	120896.000	15399.087	-674.000	120850.000
9.120	121048.000	15339.361	-801.000	120996.000
9.130	121196.000	15177.553	-747.000	121144.000
9.140	121340.000	14944.287	-523.000	121295.000
9.150	121481.000	14691.001	-168.000	121447.000
9.160	121620.000	14453.701	269.000	121601.000
9.170	121758.000	14257.590	728.000	121756.000
9.180	121897.000	14150.313	1138.000	121912.000
9.190	122037.000	14105.219	1457.000	122066.000
9.200	122180.000	14163.654	1627.000	122220.000
9.210	122325.000	14264.557	1645.000	122370.000
9.220	122475.000	14485.190	1471.000	122518.000
9.230	122628.000	14729.633	1156.000	122664.000
9.240	122783.000	14960.743	746.000	122808.000
9.250	122940.000	15182.520	283.000	122951.000
9.260	123096.000	15307.764	-145.000	123092.000
9.270	123251.000	15365.435	-497.000	123234.000
9.280	123404.000	15345.804	-723.000	123376.000
9.290	123554.000	15242.063	-787.000	123520.000
9.300	123699.000	15019.444	-661.000	123665.000
9.310	123841.000	14773.611	-387.000	123811.000
9.320	123980.000	14511.528	6.000	123959.000
9.330	124116.000	14238.069	476.000	124107.000
9.340	124251.000	14016.649	948.000	124255.000
9.350	124387.000	13891.654	1349.000	124402.000
9.360	124524.000	13834.158	1642.000	124549.000
9.370	124664.000	13883.910	1773.000	124695.000
9.380	124807.000	14008.737	1734.000	124839.000
9.390	124954.000	14216.116	1521.000	124982.000
9.400	125104.000	14451.281	1173.000	125123.000
9.410	125257.000	14705.897	730.000	125263.000
9.420	125411.000	14914.128	266.000	125402.000
9.430	125565.000	15059.889	-159.000	125543.000
9.440	125717.000	15101.923	-477.000	125683.000
9.450	125868.000	15101.346	-670.000	125825.000
9.460	126015.000	14980.942	-679.000	125969.000
9.470	126158.000	14776.659	-512.000	126115.000
9.480	126298.000	14543.662	-202.000	126262.000
9.490	126437.000	14350.563	193.000	126411.000
9.500	126572.000	14095.394	669.000	126560.000
9.510	126709.000	13976.776	1095.000	126710.000
9.520	126846.000	13893.743	1457.000	126859.000
9.530	126987.000	13955.620	1666.000	127008.000
9.540	127130.000	14058.934	1730.000	127155.000
9.550	127278.000	14281.254	1603.000	127301.000
9.560	127428.000	14496.878	1341.000	127444.000
9.570	127581.000	14737.814	957.000	127586.000
9.580	127735.000	14936.470	516.000	127728.000
9.590	127891.000	15135.529	54.000	127871.000
9.600	128046.000	15244.870	-340.000	128014.000
9.610	128198.000	15231.409	-605.000	128158.000
9.620	128347.000	15131.986	-715.000	128304.000
9.630	128493.000	14972.391	-662.000	128451.000
9.640	128635.000	14740.673	-438.000	128600.000
9.650	128774.000	14488.471	-82.000	128750.000
9.660	128910.000	14221.930	366.000	128900.000
9.670	129045.000	14005.351	835.000	129051.000
9.680	129180.000	13853.746	1263.000	129201.000
9.690	129317.000	13807.622	1583.000	129350.000
9.700	129457.000	13865.335	1754.000	129496.000
9.710	129600.000	13995.735	1761.000	129641.000
9.720	129747.000	14207.014	1592.000	129784.000
9.730	129897.000	14444.910	1280.000	129925.000
9.740	130050.000	14701.437	860.000	130064.000
9.750	130205.000	14941.006	391.000	130202.000
9.760	130361.000	15138.704	-66.000	130341.000
9.770	130516.000	15247.093	-438.000	130480.000
9.780	130669.000	15262.965	-678.000	130621.000
9.790	130819.000	15184.076	-752.000	130763.000
9.800	130965.000	15008.853	-644.000	130909.000
9.810	131108.000	14796.197	-384.000	131057.000
9.820	131249.000	14587.338	-13.000	131207.000
9.830	131386.000	14321.137	454.000	131358.000
9.840	131524.000	14164.796	899.000	131512.000
9.850	131662.000	14055.357	1293.000	131665.000
9.860	131801.000	14008.750	1581.000	131818.000
9.870	131944.000	14096.125	1697.000	131971.000
9.880	132091.000	14277.287	1634.000	132122.000
9.890	132241.000	14494.101	1416.000	132272.000
9.900	132395.000	14765.871	1053.000	132420.000
9.910	132550.000	14986.110	622.000	132565.000
9.920	132708.000	15230.277	143.000	132712.000
9.930	132864.000	15341.194	-269.000	132857.000
9.940	133021.000	15448.836	-614.000	133003.000
9.950	133174.000	15404.185	-790.000	133149.000
9.960	133327.000	15372.929	-837.000	133298.000
9.970	133474.000	15171.051	-672.000	133447.000
9.980	133616.000	14879.735	-340.000	133597.000
9.990	133758.000	14675.815	59.000	133746.000
10.000	133896.000	14413.070	537.000	133897.000
10.010	134034.000	14229.149	988.000	134046.000
10.020	134173.000	14130.404	1356.000	134197.000
10.030	134313.000	14091.283	1605.000	134346.000
10.040	134456.000	14153.898	1685.000	134492.000
10.050	134603.000	14317.729	1582.000	134638.000
10.060	134751.000	14462.410	1349.000	134782.000
10.070	134903.000	14683.687	972.000	134923.000
10.080	135058.000	14928.581	514.000	135064.000
10.090	135212.000	15070.007	75.000	135205.000
10.100	135366.000	15169.005	-315.000	135347.000
10.110	135518.000	15178.303	-588.000	135487.000
10.120	135669.000	15154.812	-729.000	135630.000
10.130	135815.000	14988.369	-673.000	135774.000
10.140	135959.000	14811.858	-471.000	135920.000
10.150	136100.000	14598.301	-131.000	136068.000
10.160	136238.000	14358.810	307.000	136217.000
10.170	136376.000	14191.167	755.000	136367.000
10.180	136513.000	14043.817	1181.000	136518.000
10.190	136652.000	14000.672	1500.000	136668.000
10.200	136794.000	14060.470	1669.000	136818.000
10.210	136939.000	14192.329	1675.000	136966.000
10.220	137088.000	14404.630	1505.000	137112.000
10.230	137240.000	14643.241	1192.000	137257.000
10.240	137394.000	14870.269	784.000	137401.000
10.250	137551.000	15119.188	310.000	137546.000
10.260	137707.000	15263.432	-126.000	137690.000
10.270	137862.000	15334.402	-483.000	137834.000
10.280	138016.000	15354.082	-724.000	137980.000
10.290	138166.000	15247.857	-788.000	138127.000
10.300	138314.000	15113.500	-697.000	138276.000
10.310	138457.000	14869.450	-424.000	138426.000
10.320	138597.000	14608.615	-32.000	138577.000
10.330	138736.000	14396.030	414.000	138729.000
10.340	138872.000	14157.221	892.000	138879.000
10.350	139011.000	14080.055	1273.000	139032.000
10.360	139150.000	14026.038	1564.000	139181.000
10.370	139292.000	14078.227	1694.000	139330.000
10.380	139437.000	14204.759	1654.000	139477.000
10.390	139585.000	14383.331	1451.000	139622.000
10.400	139736.000	14598.332	1111.000	139765.000
10.410	139889.000	14808.832	685.000	139906.000
10.420	140044.000	15016.183	221.000	140046.000
10.430	140198.000	15131.328	-192.000	140185.000
10.440	140351.000	15181.929	-513.000	140324.000
10.450	140500.000	15097.351	-672.000	140464.000
10.460	140648.000	15008.145	-695.000	140606.000
10.470	140792.000	14825.702	-536.000	140750.000
10.480	140932.000	14577.991	-220.000	140896.000
10.490	141070.000	14344.594	191.000	141043.000
10.500	141205.000	14091.216	666.000	141191.000
10.510	141342.000	13973.851	1092.000	141339.000
10.520	141479.000	13891.696	1454.000	141487.000
10.530	141618.000	13894.187	1686.000	141634.000
10.540	141759.000	13955.931	1767.000	141780.000
10.550	141904.000	14119.152	1665.000	141925.000
10.560	142053.000	14353.406	1396.000	142068.000
10.570	142205.000	14607.384	1007.000	142211.000
10.580	142359.000	14845.169	551.000	142353.000
10.590	142513.000	15011.618	102.000	142495.000
10.600	142667.000	15128.133	-295.000	142637.000
10.610	142820.000	15179.693	-585.000	142780.000
10.620	142970.000	15125.785	-713.000	142925.000
10.630	143116.000	14968.050	-661.000	143071.000
10.640	143260.000	14797.635	-461.000	143219.000
10.650	143400.000	14558.344	-111.000	143368.000
10.660	143539.000	14360.841	310.000	143517.000
10.670	143676.000	14162.589	770.000	143667.000
10.680	143814.000	14053.812	1181.000	143818.000
10.690	143953.000	14007.668	1501.000	143967.000
10.700	144094.000	14035.368	1683.000	144115.000
10.710	144239.000	14174.758	1685.000	144262.000
10.720	144387.000	14362.330	1525.000	144406.000
10.730	144538.000	14583.631	1220.000	144550.000
10.740	144690.000	14768.542	828.000	144692.000
10.750	144843.000	14927.979	391.000	144833.000
10.760	144997.000	15069.586	-43.000	144974.000
10.770	145149.000	15108.710	-387.000	145115.000
10.780	145299.000	15076.097	-607.000	145258.000
10.790	145445.000	14933.268	-655.000	145401.000
10.800	145588.000	14743.287	-541.000	145546.000
10.810	145728.000	14520.301	-276.000	145693.000
10.820	145865.000	14274.211	112.000	145840.000
10.830	146001.000	14071.948	554.000	145989.000
10.840	146136.000	13900.363	1006.000	146136.000
10.850	146273.000	13840.254	1381.000	146284.000
10.860	146411.000	13828.178	1656.000	146430.000
10.870	146552.000	13909.725	1774.000	146575.000
10.880	146698.000	14116.807	1702.000	146719.000
10.890	146847.000	14351.765	1477.000	146861.000
10.900	146999.000	14606.236	1121.000	147002.000
10.910	147154.000	14874.365	672.000	147142.000
10.920	147311.000	15122.055	191.000	147283.000
10.930	147466.000	15235.439	-222.000	147424.000
10.940	147621.000	15314.807	-555.000	147567.000
10.950	147773.000	15280.365	-735.000	147712.000
10.960	147921.000	15136.256	-736.000	147858.000
10.970	148066.000	14945.379	-575.000	148007.000
10.980	148208.000	14721.765	-269.000	148159.000
10.990	148346.000	14445.236	159.000	148311.000
11.000	148483.000	14221.665	622.000	148465.000
11.010	148621.000	14095.165	1050.000	148619.000
11.020	148759.000	14006.616	1414.000	148773.000
11.030	148900.000	14034.631	1636.000	148926.000
11.040	149045.000	14174.242	1686.000	149077.000
11.050	149192.000	14331.969	1585.000	149226.000
11.060	149344.000	14592.378	1305.000	149374.000
11.070	149498.000	14834.665	919.000	149519.000
11.080	149654.000	15064.265	466.000	149664.000
11.090	149811.000	15254.986	7.000	149807.000
11.100	149965.000	15298.490	-361.000	149949.000
11.110	150120.000	15358.943	-655.000	150093.000
11.120	150271.000	15281.260	-775.000	150237.000
11.130	150418.000	15106.882	-716.000	150384.000
11.140	150562.000	14894.817	-500.000	150531.000
11.150	150702.000	14626.372	-139.000	150679.000
11.160	150842.000	14438.461	278.000	150830.000
11.170	150979.000	14216.922	748.000	150980.000
11.180	151115.000	14031.846	1189.000	151130.000
11.190	151254.000	13992.292	1506.000	151279.000
11.200	151395.000	14024.604	1687.000	151426.000
11.210	151540.000	14167.223	1688.000	151573.000
11.220	151688.000	14357.056	1527.000	151717.000
11.230	151839.000	14579.939	1221.000	151860.000
11.240	151992.000	14795.958	817.000	152001.000
11.250	152148.000	15037.170	347.000	152143.000
11.260	152304.000	15206.019	-99.000	152284.000
11.270	152459.000	15294.213	-463.000	152426.000
11.280	152613.000	15325.949	-709.000	152571.000
11.290	152763.000	15228.165	-775.000	152717.000
11.300	152910.000	15069.715	-675.000	152865.000
11.310	153052.000	14808.801	-395.000	153014.000
11.320	153192.000	14566.160	-10.000	153165.000
11.330	153330.000	14336.312	442.000	153317.000
11.340	153468.000	14175.419	889.000	153470.000
11.350	153608.000	14122.793	1261.000	153624.000
11.360	153747.000	14055.955	1557.000	153775.000
11.370	153891.000	14159.169	1666.000	153926.000
11.380	154038.000	14321.418	1611.000	154075.000
11.390	154189.000	14554.993	1386.000	154223.000
11.400	154343.000	14808.495	1030.000	154368.000
11.410	154499.000	15045.946	593.000	154512.000
11.420	154656.000	15242.162	132.000	154655.000
11.430	154813.000	15379.514	-290.000	154798.000
11.440	154968.000	15415.660	-607.000	154941.000
11.450	155122.000	15410.962	-799.000	155087.000
11.460	155269.000	15197.673	-772.000	155232.000
11.470	155413.000	14958.371	-592.000	155379.000
11.480	155554.000	14700.860	-272.000	155528.000
11.490	155692.000	14430.602	154.000	155679.000
11.500	155832.000	14301.421	579.000	155833.000
11.510	155964.000	13970.995	1089.000	155979.000
11.520	156101.000	13889.696	1451.000	156129.000
11.530	156240.000	13892.788	1684.000	156276.000
11.540	156382.000	13984.951	1752.000	156422.000
11.550	156528.000	14169.466	1641.000	156566.000
11.560	156676.000	14358.626	1391.000	156706.000
11.570	156828.000	14611.038	1002.000	156846.000
11.580	156983.000	14877.727	535.000	156985.000
11.590	157138.000	15064.409	78.000	157124.000
11.600	157294.000	15225.086	-337.000	157263.000
11.610	157447.000	15247.560	-615.000	157403.000
11.620	157597.000	15173.292	-736.000	157545.000
11.630	157744.000	15031.305	-690.000	157690.000
11.640	157887.000	14811.913	-471.000	157835.000
11.650	158029.000	14628.339	-143.000	157985.000
11.660	158165.000	14319.837	322.000	158134.000
11.670	158302.000	14133.886	778.000	158285.000
11.680	158438.000	13973.720	1209.000	158436.000
11.690	158576.000	13921.604	1532.000	158589.000
11.700	158717.000	13975.123	1704.000	158740.000
11.710	158861.000	14102.586	1712.000	158889.000
11.720	159008.000	14281.810	1555.000	159037.000
11.730	159160.000	14557.267	1229.000	159183.000
11.740	159315.000	14840.087	798.000	159329.000
11.750	159471.000	15068.061	333.000	159472.000
11.760	159627.000	15227.643	-109.000	159616.000
11.770	159782.000	15309.350	-471.000	159760.000
11.780	159935.000	15306.545	-703.000	159904.000
11.790	160085.000	15214.581	-772.000	160049.000
11.800	160231.000	15030.207	-661.000	160196.000
11.810	160374.000	14811.145	-398.000	160344.000
11.820	160513.000	14537.801	-1.000	160493.000
11.830	160651.000	14316.461	448.000	160643.000
11.840	160787.000	14101.523	917.000	160792.000
11.850	160924.000	13981.066	1316.000	160941.000
11.860	161062.000	13926.746	1607.000	161090.000
11.870	161202.000	13948.722	1749.000	161236.000
11.880	161346.000	14084.106	1706.000	161380.000
11.890	161492.000	14238.874	1513.000	161522.000
11.900	161643.000	14497.212	1156.000	161663.000
11.910	161795.000	14708.048	731.000	161803.000
11.920	161949.000	14915.634	267.000	161942.000
11.930	162102.000	15030.944	-146.000	162080.000
11.940	162253.000	15051.661	-455.000	162220.000
11.950	162403.000	15036.162	-642.000	162361.000
11.960	162551.000	14965.314	-671.000	162503.000
11.970	162694.000	14765.720	-506.000	162647.000
11.980	162834.000	14536.004	-197.000	162794.000
11.990	162972.000	14315.203	209.000	162942.000
12.000	163108.000	14100.642	669.000	163091.000
12.010	163245.000	13980.449	0.000	163242.000
12.020	163380.000	13836.314	0.000	163392.000
12.030	163515.000	13735.420	0.000	163541.000
12.040	163651.000	13694.794	0.000	163689.000
12.050	163786.000	13636.356	0.000	163835.000
12.060	163921.000	13595.449	0.000	163979.000
12.070	164056.000	13566.814	0.000	164119.000
12.080	164192.000	13576.770	0.000	164256.000
12.090	164329.000	13613.739	0.000	164391.000
12.100	164467.000	13669.617	0.000	164522.000
12.110	164604.000	13678.732	0.000	164651.000
12.120	164741.000	13685.112	0.000	164777.000
12.130	164878.000	13689.579	0.000	164902.000
12.140	165016.000	13722.705	0.000	165025.000
12.150	165152.000	13685.894	0.000	165149.000
12.160	165288.000	13660.126	0.000	165273.000
12.170	165423.000	13612.088	0.000	165398.000
12.180	165555.000	13488.461	0.000	165523.000
12.190	165686.000	13371.923	0.000	165649.000
12.200	165815.000	13230.346	0.000	165777.000
12.210	165941.000	13041.242	0.000	165907.000
12.220	166066.000	12878.870	0.000	166038.000
12.230	166188.000	12675.209	0.000	166170.000
12.240	166309.000	12502.646	0.000	166304.000
12.250	166428.000	12321.852	0.000	166437.000
12.260	166547.000	12195.297	0.000	166570.000
12.270	166665.000	12076.708	0.000	166702.000
12.280	166781.000	11933.695	0.000	166832.000
12.290	166899.000	11893.587	0.000	166959.000
12.300	167017.000	11865.511	0.000	167083.000
12.310	167136.000	11875.857	0.000	167205.000
12.320	167254.000	11853.100	0.000	167323.000
12.330	167373.000	11867.170	0.000	167438.000
12.340	167492.000	11877.019	0.000	167549.000
12.350	167612.000	11913.913	0.000	167656.000
12.360	167732.000	11939.739	0.000	167762.000
12.370	167852.000	11957.818	0.000	167867.000
12.380	167971.000	11940.472	0.000	167970.000
12.390	168089.000	11898.331	0.000	168074.000
12.400	168207.000	11868.831	0.000	168177.000
12.410	168323.000	11788.182	0.000	168282.000
12.420	168437.000	11671.727	0.000	168389.000
12.430	168551.000	11590.209	0.000	168499.000
12.440	168661.000	11413.146	0.000	168610.000
12.450	168770.000	11259.202	0.000	168724.000
12.460	168878.000	11121.442	0.000	168841.000
12.470	168984.000	10965.009	0.000	168958.000
12.480	169088.000	10795.506	0.000	169077.000
12.490	169192.000	10676.855	0.000	169195.000
12.500	169294.000	10533.798	0.000	169313.000
12.510	169396.000	10433.659	0.000	169429.000
12.520	169500.000	10423.561	0.000	169545.000
12.530	169601.000	10326.493	0.000	169658.000
12.540	169704.000	10318.545	0.000	169767.000
12.550	169808.000	10342.981	0.000	169874.000
12.560	169912.000	10360.087	0.000	169978.000
12.570	170017.000	10402.061	0.000	170079.000
12.580	170122.000	10431.443	0.000	170177.000
12.590	170228.000	10482.010	0.000	170272.000
12.600	170334.000	10517.407	0.000	170364.000
12.610	170439.000	10512.185	0.000	170455.000
12.620	170544.000	10508.529	0.000	170546.000
12.630	170647.000	10445.971	0.000	170635.000
12.640	170750.000	10402.179	0.000	170725.000
12.650	170850.000	10281.526	0.000	170816.000
12.660	170948.000	10137.068	0.000	170909.000
12.670	171045.000	10005.948	0.000	171003.000
12.680	171140.000	9854.163	0.000	171100.000
12.690	171232.000	9657.914	0.000	171198.000
12.700	171321.000	9430.540	0.000	171297.000
12.710	171409.000	9241.378	0.000	171397.000
12.720	171495.000	9048.965	0.000	171498.000
12.730	171580.000	8884.275	0.000	171599.000
12.740	171664.000	8738.993	0.000	171698.000
12.750	171746.000	8577.295	0.000	171795.000
12.760	171829.000	8494.106	0.000	171890.000
12.770	171911.000	8405.874	0.000	171982.000
12.780	171993.000	8344.112	0.000	172070.000
12.790	172076.000	8330.878	0.000	172154.000
12.800	172158.000	8291.615	0.000	172234.000
12.810	172241.000	8294.130	0.000	172311.000
12.820	172324.000	8295.891	0.000	172384.000
12.830	172407.000	8297.124	0.000	172455.000
12.840	172491.000	8327.987	0.000	172523.000
12.850	172573.000	8289.591	0.000	172589.000
12.860	172655.000	8262.714	0.000	172654.000
12.870	172735.000	8183.899	0.000	172719.000
12.880	172815.000	8128.730	0.000	172784.000
12.890	172893.000	8030.111	0.000	172851.000
12.900	172969.000	7901.078	0.000	172919.000
12.910	173043.000	7750.754	0.000	172989.000
12.920	173115.000	7585.528	0.000	173061.000
12.930	173185.000	7409.870	0.000	173136.000
12.940	173253.000	7226.909	0.000	173213.000
12.950	173320.000	7068.836	0.000	173292.000
12.960	173386.000	6928.185	0.000	173371.000
12.970	173450.000	6769.730	0.000	173451.000
12.980	173513.000	6628.811	0.000	173530.000
12.990	173576.000	6530.168	0.000	173609.000
13.000	173639.000	6461.117	0.000	173685.000
13.010	173703.000	6442.782	0.000	173759.000
13.020	173766.000	6399.947	0.000	173830.000
13.030	173830.000	6399.963	0.000	173897.000
13.040	173895.000	6429.974	0.000	173962.000
13.050	173960.000	6450.982	0.000	174023.000
13.060	174027.000	6525.687	0.000	174080.000
13.070	174093.000	6547.981	0.000	174135.000
13.080	174160.000	6593.587	0.000	174187.000
13.090	174226.000	6595.511	0.000	174238.000
13.100	174293.000	6626.858	0.000	174288.000
13.110	174358.000	6588.800	0.000	174337.000
13.120	174422.000	6532.160	0.000	174387.000
13.130	174485.000	6462.512	0.000	174438.000
13.140	174546.000	6353.758	0.000	174491.000
13.150	174605.000	6217.631	0.000	174546.000
13.160	174662.000	6062.342	0.000	174603.000
13.170	174717.000	5893.639	0.000	174662.000
13.180	174771.000	5745.547	0.000	174723.000
13.190	174823.000	5581.883	0.000	174786.000
13.200	174874.000	5437.318	0.000	174850.000
13.210	174923.000	5276.123	0.000	174915.000
13.220	174972.000	5163.286	0.000	174981.000
13.230	175020.000	5054.300	0.000	175045.000
13.240	175068.000	4978.010	0.000	175107.000
13.250	175116.000	4924.607	0.000	175167.000
13.260	175165.000	4917.225	0.000	175224.000
13.270	175214.000	4912.057	0.000	175278.000
13.280	175264.000	4938.440	0.000	175328.000
13.290	175314.000	4956.908	0.000	175375.000
13.300	175366.000	5029.836	0.000	175418.000
13.310	175417.000	5050.885	0.000	175459.000
13.320	175469.000	5095.619	0.000	175497.000
13.330	175520.000	5096.934	0.000	175533.000
13.340	175571.000	5097.854	0.000	175568.000
13.350	175622.000	5098.497	0.000	175603.000
13.360	175671.000	5038.948	0.000	175638.000
13.370	175718.000	4937.264	0.000	175674.000
13.380	175763.000	4806.085	0.000	175712.000
13.390	175807.000	4684.259	0.000	175752.000
13.400	175849.000	4538.981	0.000	175794.000
13.410	175889.000	4377.287	0.000	175838.000
13.420	175926.000	4174.101	0.000	175885.000
13.430	175962.000	4001.871	0.000	175932.000
13.440	175996.000	3821.309	0.000	175981.000
13.450	176029.000	3664.917	0.000	176030.000
13.460	176061.000	3525.442	0.000	176079.000
13.470	176093.000	3427.809	0.000	176127.000
13.480	176124.000	3329.466	0.000	176172.000
13.490	176155.000	3260.626	0.000	176215.000
13.500	176186.000	3212.439	0.000	176254.000
13.510	176217.000	3178.707	0.000	176289.000
13.520	176249.000	3185.095	0.000	176320.000
13.530	176282.000	3219.566	0.000	176346.000
13.540	176314.000	3213.696	0.000	176369.000
13.550	176347.000	3239.588	0.000	176389.000
13.560	176379.000	3227.711	0.000	176405.000
13.570	176411.000	3219.398	0.000	176420.000
13.580	176442.000	3183.579	0.000	176433.000
13.590	176471.000	3098.505	0.000	176446.000
13.600	176498.000	2978.953	0.000	176460.000
13.610	176524.000	2865.267	0.000	176475.000
13.620	176547.000	2695.687	0.000	176491.000
13.630	176569.000	2546.981	0.000	176510.000
13.640	176587.000	2322.887	0.000	176531.000
13.650	176603.000	2106.021	0.000	176554.000
13.660	176618.000	1924.214	0.000	176579.000
13.670	176629.000	1676.950	0.000	176605.000
13.680	176639.000	1473.865	0.000	176632.000
13.690	176648.000	1301.706	0.000	176659.000
13.700	176655.000	1121.194	0.000	176684.000
13.710	176662.000	994.836	0.000	176708.000
13.720	176669.000	906.385	0.000	176729.000
13.730	176676.000	844.470	0.000	176747.000
13.740	176683.000	801.129	0.000	176761.000
13.750	176690.000	770.790	0.000	176771.000
13.760	176699.000	809.553	0.000	176777.000
13.770	176707.000	806.687	0.000	176779.000
13.780	176716.000	834.681	0.000	176779.000
13.790	176726.000	884.277	0.000	176773.000
13.800	176735.000	888.994	0.000	176766.000
13.810	176744.000	892.296	0.000	176756.000
13.820	176752.000	864.607	0.000	176746.000
13.830	176759.000	815.225	0.000	176736.000
13.840	176764.000	720.657	0.000	176727.000
13.850	176767.000	594.460	0.000	176719.000
13.860	176769.000	476.122	0.000	176713.000
13.870	176769.000	333.285	0.000	176710.000
13.880	176767.000	173.300	0.000	176709.000
13.890	176762.000	-28.690	0.000	176709.000
13.900	176756.000	-200.083	0.000	176713.000
13.910	176748.000	-380.058	0.000	176718.000
13.920	176738.000	-566.041	0.000	176724.000
13.930	176728.000	-696.228	0.000	176730.000
13.940	176718.000	-787.360	0.000	176736.000
13.950	176708.000	-851.152	0.000	176740.000
13.960	176698.000	-895.806	0.000	176743.000
13.970	176689.000	-897.064	0.000	176743.000
13.980	176681.000	-867.945	0.000	176741.000
13.990	176673.000	-847.562	0.000	176735.000
14.000	176667.000	-773.293	0.000	176725.000
14.010	176662.000	-691.305	0.000	176712.000
14.020	176657.000	-633.914	0.000	176697.000
14.030	176653.000	-563.740	0.000	176680.000
14.040	176650.000	-484.618	0.000	176661.000
14.050	176646.000	-459.232	0.000	176641.000
14.060	176642.000	-441.463	0.000	176622.000
14.070	176637.000	-459.024	0.000	176603.000
14.080	176632.000	-471.317	0.000	176586.000
14.090	176625.000	-539.922	0.000	176570.000
14.100	176617.000	-617.945	0.000	176557.000
14.110	176607.000	-732.562	0.000	176547.000
14.120	176595.000	-872.793	0.000	176539.000
14.130	176582.000	-1000.955	0.000	176534.000
14.140	176569.000	-1090.669	0.000	176531.000
14.150	176554.000	-1213.468	0.000	176529.000
14.160	176539.000	-1299.428	0.000	176529.000
14.170	176523.000	-1389.599	0.000	176529.000
14.180	176508.000	-1422.720	0.000	176528.000
14.190	176493.000	-1445.904	0.000	176526.000
14.200	176479.000	-1432.133	0.000	176523.000
14.210	176466.000	-1392.493	0.000	176518.000
14.220	176455.000	-1304.745	0.000	176510.000
14.230	176444.000	-1243.321	0.000	176499.000
14.240	176435.000	-1140.325	0.000	176485.000
14.250	176427.000	-1038.228	0.000	176469.000
14.260	176421.000	-906.759	0.000	176451.000
14.270	176414.000	-844.731	0.000	176432.000
14.280	176409.000	-741.312	0.000	176411.000
14.290	176403.000	-698.918	0.000	176389.000
14.300	176397.000	-669.243	0.000	176368.000
14.310	176391.000	-648.470	0.000	176348.000
14.320	176384.000	-663.929	0.000	176329.000
14.330	176376.000	-704.750	0.000	176313.000
14.340	176367.000	-763.325	0.000	176298.000
14.350	176356.000	-864.328	0.000	176287.000
14.360	176344.000	-965.029	0.000	176278.000
14.370	176331.000	-1065.521	0.000	176272.000
14.380	176317.000	-1165.864	0.000	176268.000
14.390	176301.000	-1296.105	0.000	176267.000
14.400	176286.000	-1357.274	0.000	176266.000
14.410	176270.000	-1430.091	0.000	176266.000
14.420	176254.000	-1481.064	0.000	176266.000
14.430	176238.000	-1516.745	0.000	176265.000
14.440	176224.000	-1481.721	0.000	176263.000
14.450	176210.000	-1457.205	0.000	176258.000
14.460	176197.000	-1410.043	0.000	176250.000
14.470	176186.000	-1317.030	0.000	176240.000
14.480	176177.000	-1191.921	0.000	176227.000
14.490	176168.000	-1104.345	0.000	176212.000
14.500	176161.000	-983.041	0.000	176194.000
14.510	176154.000	-898.129	0.000	176175.000
14.520	176149.000	-778.690	0.000	176154.000
14.530	176143.000	-725.083	0.000	176133.000
14.540	176138.000	-657.558	0.000	176112.000
14.550	176132.000	-640.291	0.000	176092.000
14.560	176125.000	-658.204	0.000	176075.000
14.570	176118.000	-670.742	0.000	176059.000
14.580	176110.000	-709.520	0.000	176046.000
14.590	176100.000	-796.664	0.000	176036.000
14.600	176090.000	-857.665	0.000	176029.000
14.610	176078.000	-960.365	0.000	176025.000
14.620	176066.000	-1032.256	0.000	176024.000
14.630	176053.000	-1112.579	0.000	176024.000
14.640	176039.000	-1198.805	0.000	176024.000
14.650	176026.000	-1229.164	0.000	176027.000
14.660	176013.000	-1250.415	0.000	176029.000
14.670	176001.000	-1235.290	0.000	176031.000
14.680	175989.000	-1224.703	0.000	176031.000
14.690	175979.000	-1157.292	0.000	176031.000
14.700	175971.000	-1050.105	0.000	176027.000
14.710	175964.000	-945.073	0.000	176020.000
14.720	175958.000	-841.551	0.000	176010.000
14.730	175954.000	-709.086	0.000	175998.000
14.740	175951.000	-586.360	0.000	175985.000
14.750	175949.000	-470.452	0.000	175970.000
14.760	175948.000	-359.316	0.000	175954.000
14.770	175948.000	-251.522	0.000	175938.000
14.780	175947.000	-206.065	0.000	175923.000
14.790	175946.000	-174.246	0.000	175909.000
14.800	175945.000	-151.972	0.000	175897.000
14.810	175944.000	-136.380	0.000	175887.000
14.820	175941.000	-185.466	0.000	175880.000
14.830	175937.000	-249.826	0.000	175876.000
14.840	175933.000	-294.878	0.000	175875.000
14.850	175927.000	-386.415	0.000	175875.000
14.860	175921.000	-450.490	0.000	175879.000
14.870	175914.000	-525.343	0.000	175884.000
14.880	175907.000	-577.740	0.000	175892.000
14.890	175900.000	-614.418	0.000	175899.000
14.900	175894.000	-610.093	0.000	175907.000
14.910	175888.000	-607.065	0.000	175914.000
14.920	175883.000	-574.945	0.000	175920.000
14.930	175880.000	-492.462	0.000	175924.000
14.940	175877.000	-434.723	0.000	175925.000
14.950	175877.000	-304.306	0.000	175926.000
14.960	175877.000	-213.014	0.000	175924.000
14.970	175877.000	-149.110	0.000	175919.000
14.980	175880.000	-14.377	0.000	175912.000
14.990	175884.000	109.936	0.000	175904.000
15.000	175888.000	196.955	0.000	175895.000
