0.000	0.000	0.000	0.000	-1.000
0.010	2.000	60.000	-24.000	5.000
0.020	2.000	42.000	-17.000	5.000
0.030	2.000	29.400	-12.000	5.000
0.040	2.000	20.580	-9.000	5.000
0.050	1.000	-15.594	6.000	5.000
0.060	0.000	-40.916	16.000	3.000
0.070	-1.000	-58.641	23.000	1.000
0.080	-2.000	-71.049	28.000	-1.000
0.090	-3.000	-79.734	32.000	-3.000
0.100	-5.000	-115.814	47.000	-6.000
0.110	-6.000	-111.070	45.000	-9.000
0.120	-7.000	-107.749	44.000	-12.000
0.130	-8.000	-105.424	44.000	-15.000
0.140	-10.000	-133.797	55.000	-17.000
0.150	-11.000	-123.658	52.000	-20.000
0.160	-12.000	-116.560	49.000	-22.000
0.170	-14.000	-141.592	60.000	-24.000
0.180	-15.000	-129.115	55.000	-25.000
0.190	-17.000	-150.380	64.000	-26.000
0.200	-18.000	-135.266	58.000	-27.000
0.210	-19.000	-124.686	54.000	-27.000
0.220	-20.000	-117.280	52.000	-28.000
0.230	-22.000	-142.096	62.000	-28.000
0.240	-22.000	-99.467	45.000	-28.000
0.250	-23.000	-99.627	45.000	-28.000
0.260	-24.000	-99.739	46.000	-28.000
0.270	-24.000	-69.817	34.000	-28.000
0.280	-24.000	-48.872	26.000	-28.000
0.290	-24.000	-34.210	20.000	-28.000
0.300	-24.000	-23.947	16.000	-27.000
0.310	-24.000	-16.763	13.000	-27.000
0.320	-24.000	-11.734	11.000	-27.000
0.330	-24.000	-8.214	9.000	-27.000
0.340	-24.000	-5.750	8.000	-27.000
0.350	-23.000	25.975	-5.000	-27.000
0.360	-22.000	48.183	-14.000	-27.000
0.370	-21.000	63.728	-20.000	-27.000
0.380	-20.000	74.609	-25.000	-26.000
0.390	-20.000	52.227	-16.000	-26.000
0.400	-20.000	36.559	-10.000	-25.000
0.410	-20.000	25.591	-6.000	-25.000
0.420	-19.000	47.914	-15.000	-24.000
0.430	-19.000	33.540	-9.000	-23.000
0.440	-19.000	23.478	-6.000	-22.000
0.450	-19.000	16.434	-3.000	-22.000
0.460	-19.000	11.504	-1.000	-21.000
0.470	-19.000	8.053	0.000	-20.000
0.480	-19.000	5.637	1.000	-20.000
0.490	-19.000	3.946	2.000	-20.000
0.500	-19.000	2.762	2.000	-20.000
0.510	-19.000	1.933	125.000	-20.000
0.520	-19.000	1.353	249.000	-20.000
0.530	-19.000	0.947	373.000	-20.000
0.540	-18.000	30.663	487.000	-20.000
0.550	-16.000	81.464	593.000	-21.000
0.560	-13.000	147.025	694.000	-21.000
0.570	-8.000	252.917	779.000	-21.000
0.580	-2.000	357.042	865.000	-21.000
0.590	4.000	429.930	965.000	-21.000
0.600	13.000	570.951	1038.000	-20.000
0.610	22.000	669.665	1128.000	-16.000
0.620	33.000	798.766	1207.000	-11.000
0.630	45.000	919.136	1289.000	-4.000
0.640	58.000	1033.395	1374.000	5.000
0.650	73.000	1173.377	1450.000	16.000
0.660	89.000	1301.364	1531.000	30.000
0.670	106.000	1420.955	1615.000	46.000
0.680	124.000	1534.668	1702.000	64.000
0.690	144.000	1674.268	1779.000	85.000
0.700	165.000	1801.987	1862.000	109.000
0.710	188.000	1951.391	1936.000	135.000
0.720	213.000	2115.974	2004.000	163.000
0.730	240.000	2291.182	2068.000	193.000
0.740	270.000	2503.827	2117.000	225.000
0.750	303.000	2742.679	2156.000	259.000
0.760	338.000	2969.875	2200.000	295.000
0.770	377.000	3248.913	2223.000	332.000
0.780	419.000	3534.239	2243.000	371.000
0.790	464.000	3823.967	2262.000	412.000
0.800	511.000	4086.777	2291.000	455.000
0.810	562.000	4390.744	2303.000	500.000
0.820	614.000	4633.521	2340.000	547.000
0.830	669.000	4893.465	2370.000	598.000
0.840	726.000	5135.425	2407.000	651.000
0.850	786.000	5394.798	2437.000	708.000
0.860	848.000	5636.358	2475.000	767.000
0.870	912.000	5865.451	2517.000	829.000
0.880	980.000	6145.816	2539.000	895.000
0.890	1051.000	6432.071	2559.000	966.000
0.900	1123.000	6662.450	2600.000	1039.000
0.910	1197.000	6883.715	2646.000	1116.000
0.920	1275.000	7158.600	2670.000	1196.000
0.930	1356.000	7441.020	2691.000	1280.000
0.940	1441.000	7758.714	2698.000	1367.000
0.950	1529.000	8071.100	2707.000	1458.000
0.960	1619.000	8349.770	2730.000	1551.000
0.970	1713.000	8664.839	2737.000	1647.000
0.980	1812.000	9035.387	2723.000	1746.000
0.990	1913.000	9354.771	2728.000	1848.000
1.000	2018.000	9698.340	2723.000	1951.000
1.010	2127.000	10058.838	2590.000	2057.000
1.020	2241.000	10461.186	2438.000	2167.000
1.030	2358.000	10832.831	2297.000	2280.000
1.040	2477.000	11152.981	2175.000	2396.000
1.050	2599.000	11467.087	2054.000	2514.000
1.060	2723.000	11746.961	1947.000	2637.000
1.070	2850.000	12032.873	1836.000	2763.000
1.080	2977.000	12233.011	1758.000	2893.000
1.090	3107.000	12463.108	1668.000	3026.000
1.100	3238.000	12654.175	1593.000	3162.000
1.110	3370.000	12817.923	1528.000	3302.000
1.120	3504.000	12992.546	1459.000	3444.000
1.130	3639.000	13144.782	1398.000	3589.000
1.140	3776.000	13311.347	1331.000	3735.000
1.150	3914.000	13457.943	1271.000	3883.000
1.160	4055.000	13650.560	1193.000	4032.000
1.170	4196.000	13785.392	1138.000	4180.000
1.180	4340.000	13969.775	1062.000	4330.000
1.190	4484.000	14098.842	1008.000	4479.000
1.200	4631.000	14279.190	933.000	4628.000
1.210	4779.000	14435.433	867.000	4778.000
1.220	4929.000	14604.803	796.000	4926.000
1.230	5079.000	14723.362	745.000	5075.000
1.240	5229.000	14806.353	707.000	5223.000
1.250	5381.000	14924.447	656.000	5372.000
1.260	5532.000	14977.113	630.000	5520.000
1.270	5684.000	15043.979	599.000	5670.000
1.280	5835.000	15060.785	588.000	5819.000
1.290	5986.000	15072.550	579.000	5968.000
1.300	6136.000	15050.785	583.000	6119.000
1.310	6286.000	15035.549	585.000	6270.000
1.320	6435.000	14994.885	598.000	6422.000
1.330	6585.000	14996.419	593.000	6575.000
1.340	6735.000	14997.493	589.000	6729.000
1.350	6885.000	14998.245	585.000	6883.000
1.360	7035.000	14998.772	582.000	7037.000
1.370	7183.000	14939.140	602.000	7189.000
1.380	7333.000	14957.398	592.000	7342.000
1.390	7485.000	15030.179	560.000	7495.000
1.400	7635.000	15021.125	560.000	7647.000
1.410	7786.000	15044.788	548.000	7798.000
1.420	7938.000	15091.351	526.000	7949.000
1.430	8090.000	15123.946	509.000	8099.000
1.440	8243.000	15176.762	485.000	8250.000
1.450	8397.000	15243.733	455.000	8400.000
1.460	8550.000	15260.613	444.000	8550.000
1.470	8704.000	15302.429	424.000	8701.000
1.480	8858.000	15331.701	409.000	8851.000
1.490	9012.000	15352.190	397.000	9002.000
1.500	9165.000	15336.533	399.000	9152.000
1.510	9318.000	15325.573	400.000	9303.000
1.520	9471.000	15317.901	400.000	9456.000
1.530	9624.000	15312.531	398.000	9609.000
1.540	9777.000	15308.772	396.000	9762.000
1.550	9930.000	15306.140	394.000	9917.000
1.560	10082.000	15274.298	404.000	10072.000
1.570	10235.000	15282.009	397.000	10229.000
1.580	10387.000	15257.406	404.000	10386.000
1.590	10539.000	15240.184	408.000	10542.000
1.600	10691.000	15228.129	410.000	10698.000
1.610	10842.000	15189.690	423.000	10853.000
1.620	10992.000	15132.783	443.000	11006.000
1.630	11145.000	15182.948	420.000	11162.000
1.640	11296.000	15158.064	427.000	11315.000
1.650	11446.000	15110.645	444.000	11467.000
1.660	11598.000	15137.451	431.000	11619.000
1.670	11748.000	15096.216	445.000	11769.000
1.680	11900.000	15127.351	430.000	11919.000
1.690	12051.000	15119.146	431.000	12067.000
1.700	12202.000	15113.402	431.000	12215.000
1.710	12353.000	15109.381	430.000	12362.000
1.720	12504.000	15106.567	429.000	12508.000
1.730	12655.000	15104.597	428.000	12654.000
1.740	12806.000	15103.218	426.000	12800.000
1.750	12956.000	15072.252	436.000	12946.000
1.760	13107.000	15080.577	431.000	13093.000
1.770	13258.000	15086.404	427.000	13241.000
1.780	13409.000	15090.483	423.000	13390.000
1.790	13558.000	15033.338	444.000	13539.000
1.800	13707.000	14993.336	458.000	13689.000
1.810	13856.000	14965.336	467.000	13839.000
1.820	14005.000	14945.735	473.000	13990.000
1.830	14154.000	14932.014	477.000	14142.000
1.840	14303.000	14922.410	480.000	14294.000
1.850	14452.000	14915.687	481.000	14447.000
1.860	14601.000	14910.981	481.000	14599.000
1.870	14751.000	14937.687	469.000	14753.000
1.880	14900.000	14926.381	472.000	14905.000
1.890	15050.000	14948.466	462.000	15057.000
1.900	15201.000	14993.927	442.000	15209.000
1.910	15352.000	15025.749	427.000	15360.000
1.920	15502.000	15018.024	429.000	15511.000
1.930	15653.000	15042.617	417.000	15661.000
1.940	15804.000	15059.832	408.000	15811.000
1.950	15955.000	15071.882	402.000	15959.000
1.960	16106.000	15080.318	396.000	16108.000
1.970	16256.000	15056.222	404.000	16257.000
1.980	16406.000	15039.356	409.000	16406.000
1.990	16556.000	15027.549	412.000	16553.000
2.000	16705.000	14989.284	426.000	16701.000
2.010	16853.000	14932.499	762.000	16848.000
2.020	17001.000	14892.749	1064.000	16996.000
2.030	17150.000	14894.924	1292.000	17144.000
2.040	17300.000	14926.447	1430.000	17292.000
2.050	17451.000	14978.513	1466.000	17440.000
2.060	17604.000	15074.959	1384.000	17587.000
2.070	17759.000	15202.471	1193.000	17736.000
2.080	17914.000	15291.730	935.000	17886.000
2.090	18071.000	15414.211	603.000	18037.000
2.100	18227.000	15469.948	264.000	18189.000
2.110	18382.000	15478.963	-59.000	18343.000
2.120	18536.000	15455.274	-341.000	18498.000
2.130	18688.000	15378.692	-545.000	18655.000
2.140	18837.000	15235.084	-642.000	18814.000
2.150	18984.000	15074.559	-639.000	18973.000
2.160	19128.000	14872.191	-518.000	19134.000
2.170	19269.000	14640.534	-290.000	19294.000
2.180	19410.000	14478.374	-6.000	19453.000
2.190	19550.000	14334.862	332.000	19610.000
2.200	19691.000	14264.403	674.000	19765.000
2.210	19833.000	14245.082	999.000	19916.000
2.220	19979.000	14351.558	1245.000	20063.000
2.230	20128.000	14516.090	1411.000	20205.000
2.240	20279.000	14691.263	1493.000	20343.000
2.250	20438.000	15053.884	1406.000	20482.000
2.260	20598.000	15337.719	1249.000	20616.000
2.270	20759.000	15566.403	1017.000	20750.000
2.280	20923.000	15816.482	694.000	20883.000
2.290	21087.000	15991.538	340.000	21019.000
2.300	21249.000	16054.076	-3.000	21159.000
2.310	21409.000	16037.853	-318.000	21302.000
2.320	21566.000	15936.497	-570.000	21452.000
2.330	21717.000	15685.548	-705.000	21606.000
2.340	21864.000	15389.884	-743.000	21764.000
2.350	22005.000	15002.919	-648.000	21928.000
2.360	22142.000	14612.043	-451.000	22095.000
2.370	22275.000	14218.430	-156.000	22264.000
2.380	22406.000	13882.901	199.000	22435.000
2.390	22536.000	13618.031	588.000	22603.000
2.400	22667.000	13462.622	967.000	22769.000
2.410	22800.000	13413.835	1306.000	22929.000
2.420	22939.000	13559.685	1540.000	23085.000
2.430	23083.000	13811.779	1673.000	23232.000
2.440	23231.000	14108.245	1709.000	23374.000
2.450	23386.000	14525.772	1602.000	23509.000
2.460	23546.000	14968.040	1383.000	23637.000
2.470	23712.000	15457.628	1048.000	23762.000
2.480	23878.000	15800.340	688.000	23884.000
2.490	24047.000	16130.238	271.000	24006.000
2.500	24216.000	16361.166	-140.000	24130.000
2.510	24380.000	16372.817	-467.000	24256.000
2.520	24541.000	16290.972	-728.000	24390.000
2.530	24698.000	16113.680	-894.000	24531.000
2.540	24848.000	15779.576	-917.000	24679.000
2.550	24991.000	15335.703	-801.000	24834.000
2.560	25127.000	14814.992	-553.000	24996.000
2.570	25261.000	14390.495	-247.000	25167.000
2.580	25390.000	13943.346	153.000	25340.000
2.590	25516.000	13540.342	597.000	25515.000
2.600	25643.000	13288.240	1016.000	25691.000
2.610	25772.000	13171.768	1383.000	25863.000
2.620	25904.000	13180.237	1672.000	26032.000
2.630	26043.000	13396.166	1822.000	26195.000
2.640	26188.000	13727.316	1846.000	26351.000
2.650	26339.000	14139.121	1742.000	26500.000
2.660	26495.000	14577.385	1526.000	26639.000
2.670	26659.000	15124.170	1169.000	26774.000
2.680	26826.000	15596.919	758.000	26902.000
2.690	26996.000	16017.843	306.000	27026.000
2.700	27166.000	16312.490	-131.000	27150.000
2.710	27334.000	16458.743	-511.000	27275.000
2.720	27499.000	16471.120	-811.000	27402.000
2.730	27659.000	16329.784	-992.000	27533.000
2.740	27812.000	16020.849	-1026.000	27672.000
2.750	27958.000	15594.594	-918.000	27815.000
2.760	28099.000	15146.216	-700.000	27966.000
2.770	28233.000	14622.351	-354.000	28122.000
2.780	28362.000	14105.646	73.000	28284.000
2.790	28487.000	13623.952	548.000	28448.000
2.800	28612.000	13286.766	1000.000	28614.000
2.810	28736.000	13020.737	1428.000	28780.000
2.820	28864.000	12954.516	1748.000	28944.000
2.830	28995.000	12998.161	1967.000	29105.000
2.840	29133.000	13238.713	2029.000	29260.000
2.850	29276.000	13557.099	1964.000	29408.000
2.860	29426.000	13989.969	1752.000	29551.000
2.870	29583.000	14502.978	1411.000	29687.000
2.880	29743.000	14952.085	1012.000	29819.000
2.890	29907.000	15386.459	556.000	29946.000
2.900	30072.000	15720.522	106.000	30071.000
2.910	30238.000	15984.365	-321.000	30197.000
2.920	30402.000	16109.056	-663.000	30324.000
2.930	30562.000	16076.339	-887.000	30454.000
2.940	30717.000	15903.437	-975.000	30589.000
2.950	30867.000	15632.406	-929.000	30730.000
2.960	31011.000	15262.684	-743.000	30877.000
2.970	31150.000	14853.879	-444.000	31031.000
2.980	31283.000	14387.715	-39.000	31188.000
2.990	31414.000	14001.401	397.000	31350.000
3.000	31542.000	13640.980	858.000	31513.000
3.010	31670.000	13388.686	1278.000	31678.000
3.020	31801.000	13302.080	1605.000	31843.000
3.030	31934.000	13301.456	1841.000	32005.000
3.040	32072.000	13451.019	1938.000	32164.000
3.050	32215.000	13705.714	1898.000	32318.000
3.060	32363.000	14034.000	1728.000	32466.000
3.070	32516.000	14413.800	1440.000	32610.000
3.080	32674.000	14829.660	1054.000	32749.000
3.090	32834.000	15180.762	633.000	32883.000
3.100	32997.000	15516.533	182.000	33015.000
3.110	33158.000	15691.573	-208.000	33145.000
3.120	33319.000	15814.101	-548.000	33276.000
3.130	33477.000	15809.871	-782.000	33409.000
3.140	33631.000	15686.910	-890.000	33544.000
3.150	33780.000	15450.837	-857.000	33683.000
3.160	33923.000	15105.586	-680.000	33826.000
3.170	34063.000	14773.910	-412.000	33974.000
3.180	34199.000	14421.737	-52.000	34125.000
3.190	34330.000	14025.216	388.000	34278.000
3.200	34461.000	13747.651	815.000	34434.000
3.210	34592.000	13553.356	1212.000	34590.000
3.220	34724.000	13447.349	1546.000	34747.000
3.230	34859.000	13463.144	1775.000	34900.000
3.240	34997.000	13564.201	1891.000	35052.000
3.250	35141.000	13814.941	1852.000	35202.000
3.260	35290.000	14140.459	1682.000	35348.000
3.270	35442.000	14458.321	1419.000	35491.000
3.280	35597.000	14770.825	1075.000	35630.000
3.290	35757.000	15139.577	646.000	35768.000
3.300	35918.000	15427.704	215.000	35906.000
3.310	36079.000	15629.393	-185.000	36044.000
3.320	36238.000	15710.575	-509.000	36181.000
3.330	36395.000	15707.403	-743.000	36322.000
3.340	36548.000	15585.182	-851.000	36465.000
3.350	36697.000	15379.627	-830.000	36612.000
3.360	36843.000	15145.739	-697.000	36764.000
3.370	36983.000	14802.017	-424.000	36917.000
3.380	37120.000	14471.412	-73.000	37073.000
3.390	37255.000	14179.988	325.000	37232.000
3.400	37388.000	13915.992	745.000	37391.000
3.410	37522.000	13761.194	1126.000	37551.000
3.420	37657.000	13682.836	1448.000	37709.000
3.430	37795.000	13717.985	1669.000	37864.000
3.440	37937.000	13862.590	1766.000	38016.000
3.450	38083.000	14083.813	1738.000	38163.000
3.460	38234.000	14388.669	1576.000	38308.000
3.470	38388.000	14692.068	1318.000	38448.000
3.480	38546.000	15024.448	965.000	38586.000
3.490	38707.000	15347.113	554.000	38722.000
3.500	38868.000	15572.979	148.000	38858.000
3.510	39029.000	15731.086	-235.000	38993.000
3.520	39187.000	15751.760	-535.000	39131.000
3.530	39342.000	15676.232	-740.000	39271.000
3.540	39496.000	15593.362	-863.000	39415.000
3.550	39644.000	15355.354	-829.000	39562.000
3.560	39787.000	15038.748	-663.000	39713.000
3.570	39925.000	14667.123	-378.000	39868.000
3.580	40062.000	14376.986	-43.000	40025.000
3.590	40196.000	14083.890	356.000	40184.000
3.600	40329.000	13848.723	766.000	40344.000
3.610	40463.000	13714.106	1139.000	40503.000
3.620	40600.000	13709.874	1431.000	40660.000
3.630	40739.000	13766.912	1643.000	40814.000
3.640	40883.000	13956.838	1722.000	40965.000
3.650	41033.000	14269.787	1657.000	41112.000
3.660	41186.000	14578.851	1493.000	41255.000
3.670	41344.000	14945.196	1209.000	41395.000
3.680	41505.000	15291.637	850.000	41533.000
3.690	41669.000	15624.146	434.000	41670.000
3.700	41833.000	15856.902	24.000	41807.000
3.710	41997.000	16019.831	-362.000	41946.000
3.720	42157.000	16013.882	-652.000	42086.000
3.730	42314.000	15919.717	-850.000	42230.000
3.740	42467.000	15733.802	-932.000	42378.000
3.750	42614.000	15423.662	-869.000	42530.000
3.760	42757.000	15086.563	-695.000	42686.000
3.770	42894.000	14670.594	-393.000	42843.000
3.780	43028.000	14289.416	-20.000	43004.000
3.790	43159.000	13932.591	404.000	43165.000
3.800	43289.000	13652.814	833.000	43327.000
3.810	43420.000	13486.970	1219.000	43487.000
3.820	43553.000	13430.879	1533.000	43643.000
3.830	43690.000	13511.615	1737.000	43796.000
3.840	43831.000	13688.131	1822.000	43943.000
3.850	43977.000	13961.691	1774.000	44086.000
3.860	44129.000	14333.184	1586.000	44223.000
3.870	44284.000	14683.229	1309.000	44355.000
3.880	44442.000	15018.260	955.000	44483.000
3.890	44603.000	15342.782	544.000	44610.000
3.900	44764.000	15569.947	137.000	44736.000
3.910	44925.000	15728.963	-247.000	44864.000
3.920	45083.000	15750.274	-547.000	44995.000
3.930	45237.000	15645.192	-740.000	45129.000
3.940	45387.000	15451.634	-818.000	45269.000
3.950	45531.000	15136.144	-753.000	45414.000
3.960	45670.000	14765.301	-564.000	45565.000
3.970	45804.000	14355.711	-263.000	45720.000
3.980	45934.000	13948.997	120.000	45879.000
3.990	46062.000	13604.298	541.000	46040.000
4.000	46189.000	13333.009	967.000	46203.000
4.010	46318.000	13203.106	1339.000	46364.000
4.020	46448.000	13142.174	1657.000	46523.000
4.030	46583.000	13249.522	1850.000	46680.000
4.040	46724.000	13504.665	1904.000	46831.000
4.050	46869.000	13803.266	1847.000	46978.000
4.060	47021.000	14222.286	1640.000	47118.000
4.070	47178.000	14665.600	1326.000	47255.000
4.080	47339.000	15095.920	934.000	47387.000
4.090	47502.000	15457.144	507.000	47517.000
4.100	47666.000	15740.001	77.000	47646.000
4.110	47830.000	15938.001	-323.000	47777.000
4.120	47991.000	15986.600	-635.000	47909.000
4.130	48148.000	15900.620	-837.000	48044.000
4.140	48299.000	15660.434	-897.000	48184.000
4.150	48446.000	15372.304	-843.000	48330.000
4.160	48586.000	14960.613	-639.000	48481.000
4.170	48721.000	14522.429	-328.000	48636.000
4.180	48852.000	14095.700	63.000	48794.000
4.190	48981.000	13736.990	489.000	48955.000
4.200	49108.000	13425.893	930.000	49117.000
4.210	49235.000	13208.125	1338.000	49279.000
4.220	49364.000	13115.688	1668.000	49437.000
4.230	49497.000	13170.981	1882.000	49592.000
4.240	49636.000	13389.687	1951.000	49743.000
4.250	49779.000	13662.781	1904.000	49888.000
4.260	49928.000	14033.947	1717.000	50028.000
4.270	50082.000	14443.763	1417.000	50164.000
4.280	50240.000	14850.634	1035.000	50295.000
4.290	50401.000	15225.444	604.000	50424.000
4.300	50564.000	15547.811	158.000	50551.000
4.310	50726.000	15743.467	-240.000	50680.000
4.320	50887.000	15850.427	-575.000	50811.000
4.330	51044.000	15805.299	-792.000	50945.000
4.340	51196.000	15623.709	-876.000	51084.000
4.350	51344.000	15376.597	-839.000	51228.000
4.360	51486.000	15023.618	-658.000	51378.000
4.370	51624.000	14656.532	-375.000	51532.000
4.380	51757.000	14249.573	7.000	51691.000
4.390	51887.000	13874.701	439.000	51853.000
4.400	52017.000	13612.291	860.000	52017.000
4.410	52148.000	13458.603	1241.000	52180.000
4.420	52280.000	13381.022	1564.000	52341.000
4.430	52416.000	13446.716	1773.000	52501.000
4.440	52558.000	13672.701	1839.000	52656.000
4.450	52704.000	13950.891	1789.000	52807.000
4.460	52854.000	14265.623	1623.000	52952.000
4.470	53012.000	14725.936	1303.000	53094.000
4.480	53172.000	15108.156	929.000	53232.000
4.490	53337.000	15525.709	480.000	53368.000
4.500	53502.000	15817.996	46.000	53501.000
4.510	53666.000	15992.597	-344.000	53635.000
4.520	53828.000	16054.818	-662.000	53770.000
4.530	53986.000	15978.373	-868.000	53907.000
4.540	54140.000	15804.861	-955.000	54049.000
4.550	54287.000	15473.403	-884.000	54195.000
4.560	54429.000	15091.382	-692.000	54345.000
4.570	54566.000	14673.967	-389.000	54499.000
4.580	54699.000	14261.777	-5.000	54657.000
4.590	54829.000	13883.244	429.000	54816.000
4.600	54958.000	13588.271	863.000	54976.000
4.610	55089.000	13441.790	1242.000	55135.000
4.620	55220.000	13339.253	1575.000	55292.000
4.630	55356.000	13417.477	1779.000	55445.000
4.640	55496.000	13592.234	1866.000	55593.000
4.650	55643.000	13924.564	1794.000	55737.000
4.660	55793.000	14247.195	1626.000	55876.000
4.670	55948.000	14623.036	1339.000	56012.000
4.680	56108.000	15036.125	954.000	56145.000
4.690	56270.000	15385.288	532.000	56276.000
4.700	56433.000	15659.701	106.000	56407.000
4.710	56596.000	15851.791	-291.000	56540.000
4.720	56756.000	15896.254	-601.000	56675.000
4.730	56913.000	15837.378	-813.000	56814.000
4.740	57067.000	15706.164	-917.000	56958.000
4.750	57213.000	15374.315	-846.000	57105.000
4.760	57356.000	15052.021	-677.000	57258.000
4.770	57494.000	14676.414	-391.000	57415.000
4.780	57628.000	14293.490	-18.000	57576.000
4.790	57760.000	13965.443	395.000	57740.000
4.800	57891.000	13705.810	815.000	57904.000
4.810	58023.000	13554.067	1195.000	58069.000
4.820	58157.000	13507.847	1505.000	58231.000
4.830	58295.000	13595.493	1705.000	58389.000
4.840	58438.000	13806.845	1777.000	58543.000
4.850	58585.000	14074.792	1730.000	58692.000
4.860	58737.000	14412.354	1555.000	58835.000
4.870	58894.000	14798.648	1264.000	58974.000
4.880	59054.000	15159.053	899.000	59109.000
4.890	59218.000	15531.337	468.000	59243.000
4.900	59380.000	15731.936	71.000	59374.000
4.910	59543.000	15902.355	-317.000	59506.000
4.920	59702.000	15901.649	-609.000	59640.000
4.930	59858.000	15811.154	-808.000	59776.000
4.940	60009.000	15597.808	-879.000	59916.000
4.950	60155.000	15298.466	-821.000	60061.000
4.960	60296.000	14938.926	-637.000	60209.000
4.970	60431.000	14507.248	-328.000	60362.000
4.980	60563.000	14115.074	49.000	60516.000
4.990	60692.000	13750.552	478.000	60674.000
5.000	60821.000	13495.386	897.000	60833.000
5.010	60950.000	13316.770	1288.000	60989.000
5.020	61081.000	13251.739	1607.000	61145.000
5.030	61216.000	13326.217	1813.000	61296.000
5.040	61355.000	13498.352	1901.000	61444.000
5.050	61501.000	13828.847	1830.000	61588.000
5.060	61650.000	14150.193	1663.000	61728.000
5.070	61804.000	14525.135	1377.000	61864.000
5.080	61962.000	14907.594	1004.000	61996.000
5.090	62123.000	15265.316	579.000	62127.000
5.100	62284.000	15515.721	163.000	62258.000
5.110	62446.000	15721.005	-239.000	62390.000
5.120	62604.000	15744.703	-540.000	62523.000
5.130	62760.000	15701.292	-758.000	62661.000
5.140	62911.000	15520.905	-842.000	62802.000
5.150	63057.000	15244.633	-792.000	62948.000
5.160	63198.000	14901.243	-615.000	63100.000
5.170	63335.000	14540.870	-335.000	63255.000
5.180	63468.000	14168.609	34.000	63413.000
5.190	63599.000	13848.026	445.000	63573.000
5.200	63729.000	13593.619	863.000	63735.000
5.210	63860.000	13445.533	1242.000	63896.000
5.220	63992.000	13371.873	1563.000	64055.000
5.230	64129.000	13470.311	1759.000	64211.000
5.240	64269.000	13629.218	1852.000	64362.000
5.250	64415.000	13920.452	1797.000	64508.000
5.260	64566.000	14274.317	1616.000	64650.000
5.270	64721.000	14642.022	1332.000	64788.000
5.280	64879.000	14989.415	973.000	64922.000
5.290	65040.000	15322.591	558.000	65053.000
5.300	65202.000	15585.813	136.000	65183.000
5.310	65363.000	15740.069	-245.000	65314.000
5.320	65521.000	15758.049	-544.000	65447.000
5.330	65676.000	15680.634	-749.000	65582.000
5.340	65827.000	15506.444	-835.000	65722.000
5.350	65973.000	15234.511	-787.000	65866.000
5.360	66115.000	14924.157	-623.000	66014.000
5.370	66252.000	14556.910	-340.000	66166.000
5.380	66385.000	14179.837	31.000	66323.000
5.390	66516.000	13855.886	443.000	66482.000
5.400	66646.000	13599.120	862.000	66641.000
5.410	66777.000	13449.384	1241.000	66800.000
5.420	66910.000	13404.569	1551.000	66958.000
5.430	67046.000	13463.198	1763.000	67113.000
5.440	67187.000	13654.239	1843.000	67264.000
5.450	67333.000	13937.967	1791.000	67412.000
5.460	67484.000	14286.577	1612.000	67555.000
5.470	67640.000	14680.604	1317.000	67695.000
5.480	67800.000	15076.423	939.000	67832.000
5.490	67963.000	15443.496	510.000	67967.000
5.500	68126.000	15700.447	90.000	68102.000
5.510	68290.000	15910.313	-314.000	68237.000
5.520	68451.000	15967.219	-629.000	68374.000
5.530	68608.000	15887.053	-833.000	68515.000
5.540	68761.000	15710.937	-919.000	68659.000
5.550	68910.000	15467.656	-883.000	68809.000
5.560	69054.000	15147.359	-716.000	68963.000
5.570	69193.000	14773.152	-430.000	69121.000
5.580	69327.000	14361.206	-46.000	69281.000
5.590	69459.000	14012.844	375.000	69444.000
5.600	69590.000	13738.991	800.000	69607.000
5.610	69722.000	13577.294	1184.000	69769.000
5.620	69855.000	13494.106	1509.000	69928.000
5.630	69991.000	13525.874	1732.000	70084.000
5.640	70133.000	13728.112	1807.000	70235.000
5.650	70279.000	13989.678	1763.000	70382.000
5.660	70429.000	14292.775	1603.000	70523.000
5.670	70584.000	14654.942	1321.000	70661.000
5.680	70743.000	15028.460	952.000	70794.000
5.690	70905.000	15379.922	530.000	70926.000
5.700	71067.000	15625.945	115.000	71056.000
5.710	71228.000	15768.162	-262.000	71188.000
5.720	71387.000	15807.713	-569.000	71320.000
5.730	71544.000	15775.399	-792.000	71456.000
5.740	71696.000	15602.779	-879.000	71595.000
5.750	71842.000	15301.946	-820.000	71740.000
5.760	71983.000	14941.362	-636.000	71889.000
5.770	72121.000	14598.953	-362.000	72043.000
5.780	72254.000	14209.267	13.000	72200.000
5.790	72385.000	13876.487	429.000	72360.000
5.800	72515.000	13613.541	850.000	72521.000
5.810	72646.000	13459.479	1232.000	72682.000
5.820	72778.000	13381.635	1555.000	72841.000
5.830	72916.000	13507.145	1740.000	72998.000
5.840	73057.000	13685.001	1825.000	73150.000
5.850	73203.000	13959.501	1776.000	73297.000
5.860	73354.000	14301.651	1600.000	73441.000
5.870	73510.000	14691.155	1308.000	73581.000
5.880	73670.000	15083.809	930.000	73717.000
5.890	73834.000	15478.666	490.000	73852.000
5.900	73998.000	15755.066	63.000	73987.000
5.910	74162.000	15948.546	-335.000	74122.000
5.920	74323.000	15993.982	-645.000	74258.000
5.930	74481.000	15935.788	-858.000	74397.000
5.940	74634.000	15745.051	-938.000	74540.000
5.950	74782.000	15461.536	-887.000	74687.000
5.960	74925.000	15113.075	-708.000	74839.000
5.970	75062.000	14689.153	-402.000	74994.000
5.980	75196.000	14302.407	-28.000	75152.000
5.990	75326.000	13911.685	410.000	75313.000
6.000	75455.000	13608.179	848.000	75474.000
6.010	75585.000	13425.726	1241.000	75634.000
6.020	75717.000	13358.008	1560.000	75792.000
6.030	75852.000	13400.606	1779.000	75947.000
6.040	75991.000	13550.424	1876.000	76097.000
6.050	76135.000	13805.297	1835.000	76242.000
6.060	76285.000	14163.708	1653.000	76382.000
6.070	76439.000	14534.595	1369.000	76517.000
6.080	76597.000	14914.217	997.000	76648.000
6.090	76758.000	15269.952	573.000	76777.000
6.100	76919.000	15518.966	158.000	76905.000
6.110	77080.000	15693.276	-232.000	77034.000
6.120	77240.000	15785.293	-560.000	77165.000
6.130	77395.000	15699.705	-761.000	77299.000
6.140	77546.000	15519.794	-845.000	77438.000
6.150	77692.000	15243.856	-796.000	77581.000
6.160	77833.000	14900.699	-619.000	77730.000
6.170	77969.000	14510.489	-326.000	77882.000
6.180	78100.000	14087.342	63.000	78038.000
6.190	78230.000	13761.140	476.000	78198.000
6.200	78359.000	13502.798	896.000	78359.000
6.210	78488.000	13321.958	1289.000	78520.000
6.220	78619.000	13255.371	1608.000	78679.000
6.230	78754.000	13328.760	1814.000	78835.000
6.240	78894.000	13530.132	1890.000	78988.000
6.250	79039.000	13821.092	1835.000	79135.000
6.260	79190.000	14204.765	1643.000	79278.000
6.270	79346.000	14623.335	1339.000	79417.000
6.280	79505.000	15006.335	966.000	79552.000
6.290	79668.000	15394.434	529.000	79685.000
6.300	79831.000	15666.104	103.000	79817.000
6.310	79994.000	15856.273	-293.000	79950.000
6.320	80154.000	15899.391	-602.000	80085.000
6.330	80311.000	15839.574	-814.000	80223.000
6.340	80463.000	15647.702	-894.000	80365.000
6.350	80609.000	15333.391	-830.000	80510.000
6.360	80750.000	14963.374	-642.000	80661.000
6.370	80886.000	14554.362	-342.000	80815.000
6.380	81018.000	14148.053	41.000	80972.000
6.390	81147.000	13773.637	472.000	81131.000
6.400	81274.000	13451.546	918.000	81290.000
6.410	81403.000	13286.082	1305.000	81448.000
6.420	81533.000	13200.258	1631.000	81603.000
6.430	81667.000	13260.180	1844.000	81756.000
6.440	81805.000	13422.126	1936.000	81905.000
6.450	81949.000	13715.488	1880.000	82049.000
6.460	82097.000	14040.842	1711.000	82188.000
6.470	82250.000	14418.589	1424.000	82322.000
6.480	82408.000	14833.013	1039.000	82453.000
6.490	82569.000	15213.109	606.000	82582.000
6.500	82731.000	15509.176	171.000	82711.000
6.510	82892.000	15686.423	-219.000	82840.000
6.520	83052.000	15780.496	-549.000	82972.000
6.530	83208.000	15726.347	-763.000	83107.000
6.540	83360.000	15568.443	-856.000	83247.000
6.550	83507.000	15307.910	-813.000	83393.000
6.560	83649.000	14975.537	-640.000	83544.000
6.570	83786.000	14592.876	-351.000	83700.000
6.580	83920.000	14235.013	12.000	83861.000
6.590	84050.000	13864.509	442.000	84023.000
6.600	84181.000	13635.156	850.000	84186.000
6.610	84311.000	13444.610	1246.000	84349.000
6.620	84445.000	13431.227	1543.000	84511.000
6.630	84582.000	13511.859	1746.000	84669.000
6.640	84723.000	13688.301	1831.000	84824.000
6.650	84870.000	13991.811	1771.000	84974.000
6.660	85023.000	14384.268	1574.000	85119.000
6.670	85179.000	14748.987	1291.000	85260.000
6.680	85341.000	15184.291	897.000	85397.000
6.690	85505.000	15549.004	468.000	85532.000
6.700	85669.000	15804.303	49.000	85665.000
6.710	85833.000	15983.012	-343.000	85799.000
6.720	85994.000	16018.108	-649.000	85933.000
6.730	86151.000	15922.676	-847.000	86070.000
6.740	86303.000	15705.873	-917.000	86212.000
6.750	86450.000	15404.111	-858.000	86358.000
6.760	86593.000	15072.878	-686.000	86508.000
6.770	86729.000	14631.014	-373.000	86663.000
6.780	86861.000	14201.710	18.000	86820.000
6.790	86993.000	13901.197	421.000	86979.000
6.800	87123.000	13630.838	845.000	87138.000
6.810	87253.000	13441.587	1241.000	87298.000
6.820	87385.000	13369.111	1562.000	87455.000
6.830	87521.000	13438.377	1770.000	87608.000
6.840	87662.000	13636.864	1847.000	87757.000
6.850	87807.000	13895.805	1804.000	87902.000
6.860	87959.000	14287.063	1608.000	88043.000
6.870	88115.000	14680.944	1314.000	88179.000
6.880	88274.000	15046.661	948.000	88313.000
6.890	88436.000	15392.663	528.000	88446.000
6.900	88600.000	15694.864	90.000	88578.000
6.910	88763.000	15876.405	-302.000	88712.000
6.920	88923.000	15913.483	-609.000	88847.000
6.930	89080.000	15849.438	-820.000	88986.000
6.940	89233.000	15684.607	-910.000	89129.000
6.950	89381.000	15419.225	-865.000	89277.000
6.960	89523.000	15053.457	-680.000	89429.000
6.970	89661.000	14677.420	-393.000	89586.000
6.980	89796.000	14324.194	-32.000	89746.000
6.990	89928.000	13986.936	384.000	89909.000
7.000	90059.000	13720.855	807.000	90072.000
7.010	90191.000	13564.599	1189.000	90235.000
7.020	90326.000	13545.219	1488.000	90395.000
7.030	90463.000	13591.653	1705.000	90553.000
7.040	90605.000	13774.157	1788.000	90705.000
7.050	90752.000	14051.910	1737.000	90853.000
7.060	90904.000	14396.337	1560.000	90996.000
7.070	91060.000	14757.436	1279.000	91135.000
7.080	91221.000	15160.205	897.000	91271.000
7.090	91382.000	15442.144	502.000	91403.000
7.100	91545.000	15699.501	83.000	91535.000
7.110	91706.000	15819.650	-285.000	91667.000
7.120	91865.000	15843.755	-587.000	91801.000
7.130	92020.000	15740.629	-781.000	91937.000
7.140	92171.000	15548.440	-860.000	92078.000
7.150	92316.000	15233.908	-795.000	92222.000
7.160	92457.000	14893.736	-619.000	92371.000
7.170	92593.000	14505.615	-327.000	92524.000
7.180	92725.000	14113.930	50.000	92679.000
7.190	92856.000	13809.751	454.000	92837.000
7.200	92986.000	13566.826	868.000	92996.000
7.210	93116.000	13396.778	1256.000	93154.000
7.220	93248.000	13337.745	1572.000	93310.000
7.230	93385.000	13446.421	1764.000	93462.000
7.240	93526.000	13642.495	1842.000	93612.000
7.250	93672.000	13929.746	1788.000	93756.000
7.260	93822.000	14250.823	1620.000	93897.000
7.270	93978.000	14655.576	1322.000	94034.000
7.280	94136.000	14998.903	964.000	94168.000
7.290	94298.000	15359.232	538.000	94301.000
7.300	94461.000	15641.462	109.000	94433.000
7.310	94623.000	15809.024	-278.000	94566.000
7.320	94783.000	15866.317	-593.000	94702.000
7.330	94940.000	15816.422	-808.000	94842.000
7.340	95092.000	15631.495	-891.000	94985.000
7.350	95238.000	15322.047	-828.000	95133.000
7.360	95380.000	14985.433	-654.000	95285.000
7.370	95517.000	14599.803	-363.000	95440.000
7.380	95650.000	14209.862	13.000	95599.000
7.390	95781.000	13876.903	428.000	95760.000
7.400	95911.000	13613.832	849.000	95922.000
7.410	96041.000	13429.683	1243.000	96083.000
7.420	96174.000	13390.778	1551.000	96241.000
7.430	96311.000	13483.545	1749.000	96397.000
7.440	96451.000	13638.481	1843.000	96547.000
7.450	96596.000	13896.937	1801.000	96692.000
7.460	96746.000	14227.856	1629.000	96833.000
7.470	96900.000	14579.499	1352.000	96969.000
7.480	97058.000	14945.649	986.000	97100.000
7.490	97218.000	15261.955	578.000	97231.000
7.500	97379.000	15513.368	161.000	97360.000
7.510	97539.000	15659.358	-216.000	97490.000
7.520	97698.000	15731.550	-537.000	97622.000
7.530	97852.000	15632.085	-732.000	97756.000
7.540	98002.000	15442.460	-812.000	97895.000
7.550	98148.000	15189.722	-772.000	98038.000
7.560	98289.000	14862.805	-601.000	98187.000
7.570	98425.000	14483.964	-313.000	98340.000
7.580	98557.000	14098.775	61.000	98495.000
7.590	98687.000	13769.142	475.000	98653.000
7.600	98816.000	13508.400	896.000	98813.000
7.610	98945.000	13325.880	1290.000	98972.000
7.620	99077.000	13288.116	1597.000	99129.000
7.630	99213.000	13381.681	1795.000	99284.000
7.640	99353.000	13567.177	1877.000	99434.000
7.650	99498.000	13847.024	1827.000	99581.000
7.660	99648.000	14192.917	1649.000	99723.000
7.670	99803.000	14585.042	1356.000	99862.000
7.680	99962.000	14979.529	978.000	99997.000
7.690	100124.000	15345.670	550.000	100131.000
7.700	100286.000	15601.969	131.000	100262.000
7.710	100449.000	15811.378	-273.000	100396.000
7.720	100611.000	15927.965	-611.000	100532.000
7.730	100767.000	15829.575	-808.000	100671.000
7.740	100920.000	15670.703	-901.000	100814.000
7.750	101068.000	15409.492	-858.000	100961.000
7.760	101211.000	15076.644	-686.000	101114.000
7.770	101349.000	14693.651	-396.000	101271.000
7.780	101484.000	14335.556	-34.000	101431.000
7.790	101614.000	13934.889	408.000	101593.000
7.800	101745.000	13684.422	825.000	101756.000
7.810	101876.000	13509.096	1214.000	101918.000
7.820	102008.000	13416.367	1543.000	102078.000
7.830	102144.000	13471.457	1757.000	102235.000
7.840	102284.000	13630.020	1849.000	102387.000
7.850	102429.000	13891.014	1806.000	102535.000
7.860	102580.000	14253.710	1622.000	102677.000
7.870	102735.000	14627.597	1336.000	102815.000
7.880	102895.000	15039.318	951.000	102951.000
7.890	103057.000	15387.522	530.000	103082.000
7.900	103219.000	15631.266	116.000	103213.000
7.910	103382.000	15831.886	-284.000	103343.000
7.920	103543.000	15912.320	-608.000	103476.000
7.930	103701.000	15878.624	-831.000	103612.000
7.940	103853.000	15675.037	-906.000	103752.000
7.950	104000.000	15382.526	-850.000	103896.000
7.960	104142.000	15027.768	-669.000	104046.000
7.970	104281.000	14689.438	-397.000	104200.000
7.980	104415.000	14302.606	-23.000	104358.000
7.990	104547.000	13971.824	391.000	104518.000
8.000	104678.000	13710.277	812.000	104681.000
8.010	104809.000	13527.194	1205.000	104843.000
8.020	104943.000	13489.036	1512.000	105003.000
8.030	105079.000	13522.325	1734.000	105160.000
8.040	105221.000	13725.628	1808.000	105313.000
8.050	105367.000	13987.939	1764.000	105463.000
8.060	105519.000	14351.557	1579.000	105608.000
8.070	105676.000	14756.090	1281.000	105749.000
8.080	105837.000	15159.263	899.000	105887.000
8.090	106000.000	15501.484	480.000	106023.000
8.100	106165.000	15801.039	44.000	106158.000
8.110	106329.000	15980.727	-349.000	106293.000
8.120	106491.000	16046.509	-668.000	106429.000
8.130	106650.000	16002.556	-886.000	106569.000
8.140	106803.000	15791.789	-958.000	106712.000
8.150	106951.000	15494.253	-901.000	106859.000
8.160	107094.000	15135.977	-719.000	107010.000
8.170	107232.000	14735.184	-423.000	107166.000
8.180	107365.000	14304.629	-31.000	107323.000
8.190	107495.000	13913.240	408.000	107483.000
8.200	107625.000	13639.268	834.000	107644.000
8.210	107754.000	13417.488	1243.000	107804.000
8.220	107885.000	13322.241	1573.000	107961.000
8.230	108020.000	13375.569	1788.000	108115.000
8.240	108158.000	13502.898	1893.000	108264.000
8.250	108302.000	13772.029	1847.000	108407.000
8.260	108451.000	14110.420	1673.000	108546.000
8.270	108604.000	14467.294	1395.000	108681.000
8.280	108761.000	14837.106	1027.000	108811.000
8.290	108920.000	15155.974	619.000	108939.000
8.300	109081.000	15439.182	190.000	109067.000
8.310	109243.000	15667.427	-221.000	109196.000
8.320	109401.000	15707.199	-529.000	109326.000
8.330	109557.000	15675.039	-751.000	109460.000
8.340	109707.000	15472.528	-826.000	109599.000
8.350	109853.000	15210.769	-782.000	109742.000
8.360	109994.000	14877.539	-609.000	109890.000
8.370	110131.000	14524.277	-331.000	110043.000
8.380	110263.000	14126.994	48.000	110199.000
8.390	110392.000	13758.896	478.000	110359.000
8.400	110521.000	13501.227	898.000	110521.000
8.410	110651.000	13350.859	1278.000	110682.000
8.420	110783.000	13305.601	1588.000	110842.000
8.430	110919.000	13393.921	1789.000	110999.000
8.440	111059.000	13575.745	1872.000	111151.000
8.450	111205.000	13883.021	1811.000	111300.000
8.460	111356.000	14248.115	1625.000	111443.000
8.470	111512.000	14653.680	1326.000	111582.000
8.480	111671.000	15027.576	957.000	111718.000
8.490	111833.000	15379.303	534.000	111851.000
8.500	111996.000	15655.512	107.000	111984.000
8.510	112159.000	15848.859	-290.000	112117.000
8.520	112318.000	15864.201	-589.000	112251.000
8.530	112474.000	15784.941	-793.000	112389.000
8.540	112626.000	15609.459	-879.000	112530.000
8.550	112772.000	15306.621	-819.000	112675.000
8.560	112913.000	14944.635	-635.000	112825.000
8.570	113048.000	14511.244	-325.000	112978.000
8.580	113180.000	14117.871	53.000	113135.000
8.590	113309.000	13752.510	481.000	113293.000
8.600	113437.000	13466.757	912.000	113451.000
8.610	113566.000	13296.730	1301.000	113609.000
8.620	113696.000	13207.711	1629.000	113765.000
8.630	113831.000	13295.398	1830.000	113917.000
8.640	113970.000	13476.778	1914.000	114065.000
8.650	114113.000	13723.745	1877.000	114208.000
8.660	114262.000	14076.621	1697.000	114347.000
8.670	114416.000	14473.635	1402.000	114482.000
8.680	114574.000	14871.544	1023.000	114614.000
8.690	114735.000	15240.081	594.000	114743.000
8.700	114897.000	15528.057	163.000	114872.000
8.710	115058.000	15699.640	-225.000	115003.000
8.720	115217.000	15759.748	-541.000	115135.000
8.730	115372.000	15681.823	-745.000	115271.000
8.740	115523.000	15507.276	-831.000	115413.000
8.750	115669.000	15235.094	-784.000	115559.000
8.760	115811.000	14924.565	-620.000	115711.000
8.770	115947.000	14527.196	-325.000	115868.000
8.780	116080.000	14159.037	43.000	116027.000
8.790	116211.000	13841.326	452.000	116190.000
8.800	116341.000	13588.928	869.000	116353.000
8.810	116472.000	13442.250	1248.000	116515.000
8.820	116605.000	13399.575	1557.000	116677.000
8.830	116742.000	13489.702	1756.000	116835.000
8.840	116884.000	13702.792	1827.000	116988.000
8.850	117032.000	14031.954	1756.000	117137.000
8.860	117184.000	14382.368	1576.000	117281.000
8.870	117342.000	14807.658	1269.000	117420.000
8.880	117505.000	15255.360	869.000	117557.000
8.890	117668.000	15568.752	461.000	117690.000
8.900	117832.000	15818.127	44.000	117822.000
8.910	117996.000	15992.689	-346.000	117954.000
8.920	118157.000	16024.882	-652.000	118089.000
8.930	118314.000	15927.417	-849.000	118227.000
8.940	118466.000	15709.192	-918.000	118370.000
8.950	118613.000	15406.435	-859.000	118517.000
8.960	118753.000	14984.504	-651.000	118668.000
8.970	118890.000	14599.153	-360.000	118824.000
8.980	119024.000	14239.407	4.000	118982.000
8.990	119155.000	13897.585	422.000	119143.000
9.000	119284.000	13598.309	859.000	119303.000
9.010	119416.000	13478.817	1226.000	119464.000
9.020	119549.000	13425.172	1540.000	119621.000
9.030	119686.000	13507.620	1742.000	119774.000
9.040	119829.000	13745.334	1803.000	119924.000
9.050	119977.000	14061.734	1737.000	120070.000
9.060	120129.000	14403.214	1561.000	120211.000
9.070	120288.000	14852.250	1245.000	120349.000
9.080	120448.000	15196.575	886.000	120484.000
9.090	120612.000	15557.602	459.000	120618.000
9.100	120777.000	15840.322	29.000	120751.000
9.110	120941.000	16008.225	-358.000	120886.000
9.120	121103.000	16065.758	-674.000	121022.000
9.130	121261.000	15986.030	-878.000	121163.000
9.140	121414.000	15780.221	-953.000	121307.000
9.150	121563.000	15516.155	-909.000	121455.000
9.160	121706.000	15151.308	-724.000	121609.000
9.170	121844.000	14745.916	-426.000	121767.000
9.180	121979.000	14372.141	-57.000	121928.000
9.190	122110.000	13990.499	378.000	122093.000
9.200	122241.000	13723.349	801.000	122259.000
9.210	122373.000	13566.344	1183.000	122423.000
9.220	122506.000	13486.441	1507.000	122585.000
9.230	122643.000	13550.509	1717.000	122742.000
9.240	122785.000	13745.356	1795.000	122895.000
9.250	122931.000	14001.749	1753.000	123043.000
9.260	123083.000	14361.225	1570.000	123186.000
9.270	123239.000	14732.857	1285.000	123324.000
9.280	123399.000	15113.000	913.000	123458.000
9.290	123561.000	15439.100	500.000	123589.000
9.300	123723.000	15667.370	92.000	123719.000
9.310	123885.000	15827.159	-291.000	123849.000
9.320	124044.000	15849.011	-592.000	123981.000
9.330	124199.000	15744.308	-786.000	124115.000
9.340	124350.000	15551.016	-864.000	124254.000
9.350	124495.000	15235.711	-799.000	124395.000
9.360	124635.000	14864.998	-611.000	124543.000
9.370	124771.000	14485.498	-322.000	124694.000
9.380	124903.000	14099.849	53.000	124848.000
9.390	125032.000	13739.894	479.000	125005.000
9.400	125160.000	13457.926	909.000	125163.000
9.410	125289.000	13290.548	1296.000	125322.000
9.420	125421.000	13263.384	1600.000	125478.000
9.430	125555.000	13304.369	1819.000	125631.000
9.440	125694.000	13483.058	1904.000	125780.000
9.450	125837.000	13728.141	1868.000	125924.000
9.460	125987.000	14109.698	1677.000	126065.000
9.470	126139.000	14436.789	1410.000	126202.000
9.480	126297.000	14845.752	1027.000	126335.000
9.490	126457.000	15192.027	607.000	126467.000
9.500	126619.000	15494.419	170.000	126598.000
9.510	126764.000	15196.093	-30.000	126716.000
9.520	126922.000	15377.265	-392.000	126849.000
9.530	127079.000	15474.086	-665.000	126986.000
9.540	127232.000	15421.860	-800.000	127127.000
9.550	127380.000	15235.302	-786.000	127272.000
9.560	127522.000	14924.711	-622.000	127420.000
9.570	127660.000	14587.298	-351.000	127574.000
9.580	127795.000	14261.109	-1.000	127731.000
9.590	127926.000	13912.776	420.000	127892.000
9.600	128056.000	13638.943	846.000	128053.000
9.610	128187.000	13477.260	1230.000	128214.000
9.620	128320.000	13424.082	1543.000	128374.000
9.630	128455.000	13446.858	1769.000	128530.000
9.640	128595.000	13612.800	1859.000	128683.000
9.650	128739.000	13848.960	1826.000	128830.000
9.660	128888.000	14164.272	1661.000	128974.000
9.670	129042.000	14534.990	1376.000	129112.000
9.680	129199.000	14884.493	1017.000	129247.000
9.690	129359.000	15219.145	601.000	129380.000
9.700	129519.000	15453.402	192.000	129510.000
9.710	129681.000	15677.381	-218.000	129642.000
9.720	129840.000	15744.167	-536.000	129774.000
9.730	129996.000	15700.917	-754.000	129910.000
9.740	130148.000	15550.642	-850.000	130048.000
9.750	130295.000	15295.449	-809.000	130191.000
9.760	130438.000	14996.814	-650.000	130340.000
9.770	130575.000	14607.770	-358.000	130490.000
9.780	130709.000	14245.439	6.000	130645.000
9.790	130840.000	13901.807	426.000	130802.000
9.800	130971.000	13661.265	838.000	130961.000
9.810	131102.000	13492.886	1225.000	131119.000
9.820	131235.000	13435.020	1540.000	131276.000
9.830	131371.000	13484.514	1755.000	131432.000
9.840	131511.000	13639.160	1850.000	131584.000
9.850	131656.000	13897.412	1807.000	131732.000
9.860	131807.000	14258.188	1624.000	131876.000
9.870	131962.000	14630.732	1338.000	132017.000
9.880	132121.000	15011.512	966.000	132153.000
9.890	132283.000	15368.059	541.000	132289.000
9.900	132445.000	15617.641	125.000	132423.000
9.910	132607.000	15792.349	-265.000	132558.000
9.920	132767.000	15854.644	-582.000	132695.000
9.930	132925.000	15838.251	-811.000	132836.000
9.940	133079.000	15706.776	-915.000	132981.000
9.950	133227.000	15434.743	-867.000	133129.000
9.960	133370.000	15094.320	-692.000	133282.000
9.970	133509.000	14736.024	-413.000	133439.000
9.980	133644.000	14365.217	-45.000	133599.000
9.990	133776.000	14015.652	376.000	133760.000
10.000	133907.000	13740.956	802.000	133922.000
10.010	134038.000	13548.669	1198.000	134083.000
10.020	134171.000	13474.069	1520.000	134242.000
10.030	134307.000	13511.848	1740.000	134398.000
10.040	134447.000	13658.294	1838.000	134549.000
10.050	134592.000	13910.806	1798.000	134695.000
10.060	134743.000	14267.564	1616.000	134838.000
10.070	134898.000	14637.295	1332.000	134975.000
10.080	135057.000	15016.106	960.000	135110.000
10.090	135217.000	15311.274	560.000	135242.000
10.100	135379.000	15577.892	137.000	135372.000
10.110	135542.000	15794.524	-269.000	135503.000
10.120	135701.000	15826.167	-574.000	135635.000
10.130	135858.000	15788.317	-794.000	135771.000
10.140	136009.000	15581.822	-867.000	135910.000
10.150	136158.000	15377.275	-847.000	136055.000
10.160	136301.000	15054.093	-678.000	136204.000
10.170	136438.000	14647.865	-380.000	136358.000
10.180	136573.000	14303.505	-22.000	136515.000
10.190	136706.000	14002.454	380.000	136676.000
10.200	136836.000	13701.718	816.000	136837.000
10.210	136969.000	13581.202	1184.000	137000.000
10.220	137103.000	13526.842	1497.000	137160.000
10.230	137240.000	13578.789	1712.000	137317.000
10.240	137381.000	13735.152	1805.000	137471.000
10.250	137528.000	14024.607	1750.000	137621.000
10.260	137681.000	14407.225	1557.000	137767.000
10.270	137838.000	14795.057	1265.000	137909.000
10.280	137999.000	15186.540	888.000	138048.000
10.290	138163.000	15550.578	460.000	138185.000
10.300	138327.000	15805.405	42.000	138320.000
10.310	138491.000	15983.783	-350.000	138456.000
10.320	138653.000	16048.648	-669.000	138593.000
10.330	138810.000	15944.054	-863.000	138733.000
10.340	138963.000	15750.838	-942.000	138876.000
10.350	139111.000	15465.586	-890.000	139024.000
10.360	139253.000	15085.910	-699.000	139175.000
10.370	139390.000	14670.137	-396.000	139329.000
10.380	139523.000	14259.096	-12.000	139486.000
10.390	139654.000	13911.367	409.000	139646.000
10.400	139783.000	13607.957	847.000	139805.000
10.410	139913.000	13425.570	1240.000	139964.000
10.420	140045.000	13357.899	1559.000	140121.000
10.430	140180.000	13400.529	1778.000	140273.000
10.440	140319.000	13550.370	1875.000	140421.000
10.450	140464.000	13835.259	1822.000	140564.000
10.460	140612.000	14124.682	1668.000	140702.000
10.470	140767.000	14537.277	1367.000	140837.000
10.480	140924.000	14886.094	1008.000	140968.000
10.490	141085.000	15250.266	580.000	141098.000
10.500	141246.000	15505.186	163.000	141226.000
10.510	141407.000	15683.630	-228.000	141355.000
10.520	141565.000	15718.541	-534.000	141486.000
10.530	141720.000	15652.979	-743.000	141621.000
10.540	141870.000	15457.085	-820.000	141760.000
10.550	142015.000	15169.960	-766.000	141903.000
10.560	142156.000	14848.972	-598.000	142053.000
10.570	142291.000	14444.280	-299.000	142206.000
10.580	142423.000	14070.996	71.000	142364.000
10.590	142552.000	13719.697	494.000	142525.000
10.600	142680.000	13443.788	921.000	142687.000
10.610	142810.000	13310.652	1294.000	142848.000
10.620	142941.000	13247.456	1612.000	143007.000
10.630	143077.000	13353.219	1806.000	143163.000
10.640	143218.000	13577.254	1872.000	143314.000
10.650	143364.000	13884.077	1811.000	143461.000
10.660	143516.000	14278.854	1614.000	143603.000
10.670	143671.000	14645.198	1330.000	143741.000
10.680	143831.000	15051.639	948.000	143875.000
10.690	143993.000	15396.147	528.000	144007.000
10.700	144157.000	15697.303	91.000	144139.000
10.710	144319.000	15848.112	-290.000	144271.000
10.720	144479.000	15893.678	-600.000	144405.000
10.730	144634.000	15775.575	-789.000	144541.000
10.740	144785.000	15572.902	-864.000	144682.000
10.750	144931.000	15281.032	-808.000	144828.000
10.760	145071.000	14896.722	-615.000	144978.000
10.770	145206.000	14477.706	-311.000	145133.000
10.780	145337.000	14064.394	75.000	145290.000
10.790	145465.000	13685.076	509.000	145450.000
10.800	145594.000	13449.553	920.000	145610.000
10.810	145722.000	13254.687	1319.000	145769.000
10.820	145853.000	13208.281	1630.000	145926.000
10.830	145988.000	13295.797	1831.000	146079.000
10.840	146127.000	13477.058	1915.000	146228.000
10.850	146273.000	13813.940	1842.000	146373.000
10.860	146423.000	14169.758	1660.000	146511.000
10.870	146579.000	14598.831	1352.000	146646.000
10.880	146739.000	15019.182	964.000	146778.000
10.890	146902.000	15403.427	529.000	146909.000
10.900	147066.000	15702.399	92.000	147039.000
10.910	147228.000	15851.679	-288.000	147170.000
10.920	147389.000	15926.175	-610.000	147304.000
10.930	147546.000	15858.323	-819.000	147442.000
10.940	147699.000	15690.826	-908.000	147585.000
10.950	147847.000	15423.578	-863.000	147733.000
10.960	147988.000	15026.505	-665.000	147886.000
10.970	148126.000	14658.553	-381.000	148045.000
10.980	148260.000	14280.987	-11.000	148206.000
10.990	148391.000	13926.691	413.000	148371.000
11.000	148522.000	13678.684	828.000	148536.000
11.010	148653.000	13505.079	1217.000	148701.000
11.020	148786.000	13443.555	1534.000	148864.000
11.030	148923.000	13520.489	1738.000	149023.000
11.040	149066.000	13754.342	1801.000	149178.000
11.050	149213.000	14038.039	1748.000	149328.000
11.060	149366.000	14416.628	1557.000	149472.000
11.070	149525.000	14861.639	1242.000	149611.000
11.080	149686.000	15233.148	873.000	149747.000
11.090	149850.000	15583.203	450.000	149879.000
11.100	150014.000	15828.242	35.000	150010.000
11.110	150177.000	15969.770	-342.000	150142.000
11.120	150338.000	16008.839	-650.000	150274.000
11.130	150495.000	15916.187	-849.000	150410.000
11.140	150647.000	15701.331	-920.000	150549.000
11.150	150792.000	15340.932	-837.000	150693.000
11.160	150934.000	14998.652	-661.000	150842.000
11.170	151071.000	14609.057	-368.000	150994.000
11.180	151202.000	14156.340	33.000	151150.000
11.190	151333.000	13839.438	442.000	151309.000
11.200	151461.000	13527.606	883.000	151468.000
11.210	151591.000	13369.324	1267.000	151627.000
11.220	151723.000	13318.527	1579.000	151784.000
11.230	151858.000	13372.969	1794.000	151938.000
11.240	151998.000	13561.078	1875.000	152089.000
11.250	152144.000	13872.755	1812.000	152236.000
11.260	152294.000	14210.928	1637.000	152378.000
11.270	152449.000	14597.650	1346.000	152517.000
11.280	152608.000	14988.355	970.000	152653.000
11.290	152770.000	15351.848	543.000	152787.000
11.300	152934.000	15666.294	101.000	152920.000
11.310	153096.000	15826.406	-283.000	153054.000
11.320	153257.000	15908.484	-608.000	153189.000
11.330	153414.000	15845.939	-819.000	153328.000
11.340	153567.000	15682.157	-910.000	153469.000
11.350	153716.000	15447.510	-878.000	153617.000
11.360	153859.000	15103.257	-701.000	153769.000
11.370	153997.000	14712.280	-408.000	153924.000
11.380	154132.000	14348.596	-43.000	154083.000
11.390	154265.000	14034.017	364.000	154245.000
11.400	154396.000	13753.812	792.000	154406.000
11.410	154527.000	13557.668	1190.000	154568.000
11.420	154661.000	13510.368	1501.000	154727.000
11.430	154798.000	13567.258	1713.000	154883.000
11.440	154939.000	13727.080	1805.000	155035.000
11.450	155085.000	13988.956	1761.000	155182.000
11.460	155236.000	14322.269	1588.000	155325.000
11.470	155391.000	14675.589	1311.000	155464.000
11.480	155549.000	15012.912	956.000	155600.000
11.490	155709.000	15309.038	556.000	155733.000
11.500	155870.000	15546.327	145.000	155865.000
11.510	156030.000	15682.429	-229.000	155996.000
11.520	156188.000	15717.700	-535.000	156130.000
11.530	156343.000	15652.390	-744.000	156265.000
11.540	156494.000	15486.673	-833.000	156404.000
11.550	156639.000	15190.671	-776.000	156547.000
11.560	156780.000	14863.470	-605.000	156694.000
11.570	156917.000	14514.429	-329.000	156846.000
11.580	157049.000	14120.100	49.000	157000.000
11.590	157180.000	13814.070	454.000	157157.000
11.600	157309.000	13539.849	880.000	157315.000
11.610	157440.000	13407.894	1253.000	157472.000
11.620	157572.000	13345.526	1570.000	157627.000
11.630	157707.000	13391.868	1787.000	157780.000
11.640	157847.000	13574.308	1871.000	157928.000
11.650	157992.000	13852.015	1821.000	158073.000
11.660	158141.000	14166.411	1656.000	158213.000
11.670	158296.000	14566.488	1360.000	158350.000
11.680	158453.000	14906.541	1004.000	158484.000
11.690	158614.000	15264.579	579.000	158618.000
11.700	158775.000	15515.205	163.000	158750.000
11.710	158937.000	15720.644	-239.000	158883.000
11.720	159096.000	15774.451	-552.000	159019.000
11.730	159251.000	15692.115	-755.000	159158.000
11.740	159402.000	15514.481	-839.000	159300.000
11.750	159549.000	15270.137	-803.000	159447.000
11.760	159691.000	14949.096	-635.000	159598.000
11.770	159828.000	14574.367	-349.000	159753.000
11.780	159962.000	14222.057	12.000	159911.000
11.790	160093.000	13885.440	429.000	160071.000
11.800	160223.000	13619.808	851.000	160231.000
11.810	160354.000	13463.865	1234.000	160391.000
11.820	160487.000	13414.706	1545.000	160549.000
11.830	160622.000	13440.294	1770.000	160704.000
11.840	160762.000	13608.206	1859.000	160854.000
11.850	160906.000	13845.744	1826.000	160999.000
11.860	161055.000	14162.021	1660.000	161140.000
11.870	161209.000	14533.415	1375.000	161276.000
11.880	161366.000	14883.390	1016.000	161410.000
11.890	161526.000	15218.373	600.000	161540.000
11.900	161686.000	15452.861	190.000	161670.000
11.910	161846.000	15617.003	-195.000	161800.000
11.920	162004.000	15671.902	-508.000	161932.000
11.930	162160.000	15650.331	-735.000	162066.000
11.940	162311.000	15485.232	-824.000	162205.000
11.950	162457.000	15219.662	-779.000	162349.000
11.960	162598.000	14883.764	-605.000	162496.000
11.970	162735.000	14528.635	-327.000	162648.000
11.980	162868.000	14160.044	41.000	162803.000
11.990	162998.000	13812.031	462.000	162961.000
12.000	163128.000	13568.422	876.000	163120.000
12.010	163259.000	13427.895	0.000	163279.000
12.020	163391.000	13359.527	0.000	163437.000
12.030	163523.000	13311.669	0.000	163593.000
12.040	163656.000	13308.168	0.000	163745.000
12.050	163790.000	13335.718	0.000	163892.000
12.060	163926.000	13415.002	0.000	164035.000
12.070	164063.000	13500.502	0.000	164171.000
12.080	164202.000	13620.351	0.000	164302.000
12.090	164342.000	13734.246	0.000	164428.000
12.100	164484.000	13873.972	0.000	164550.000
12.110	164626.000	13971.780	0.000	164668.000
12.120	164768.000	14040.246	0.000	164784.000
12.130	164912.000	14148.172	0.000	164901.000
12.140	165052.000	14103.721	0.000	165015.000
12.150	165191.000	14042.604	0.000	165132.000
12.160	165329.000	13969.823	0.000	165252.000
12.170	165463.000	13798.876	0.000	165374.000
12.180	165595.000	13619.213	0.000	165501.000
12.190	165723.000	13373.449	0.000	165633.000
12.200	165848.000	13111.415	0.000	165767.000
12.210	165971.000	12867.990	0.000	165906.000
12.220	166090.000	12577.593	0.000	166047.000
12.230	166207.000	12314.315	0.000	166190.000
12.240	166323.000	12100.021	0.000	166334.000
12.250	166437.000	11890.014	0.000	166477.000
12.260	166551.000	11743.010	0.000	166619.000
12.270	166666.000	11670.107	0.000	166757.000
12.280	166782.000	11649.075	0.000	166892.000
12.290	166898.000	11634.352	0.000	167021.000
12.300	167016.000	11684.047	0.000	167145.000
12.310	167135.000	11748.833	0.000	167262.000
12.320	167255.000	11824.183	0.000	167373.000
12.330	167378.000	11966.928	0.000	167479.000
12.340	167501.000	12066.850	0.000	167580.000
12.350	167626.000	12196.795	0.000	167678.000
12.360	167749.000	12227.756	0.000	167772.000
12.370	167873.000	12279.429	0.000	167867.000
12.380	167995.000	12255.601	0.000	167961.000
12.390	168116.000	12208.920	0.000	168057.000
12.400	168235.000	12116.244	0.000	168156.000
12.410	168351.000	11961.371	0.000	168259.000
12.420	168464.000	11762.960	0.000	168366.000
12.430	168575.000	11564.072	0.000	168478.000
12.440	168683.000	11334.850	0.000	168595.000
12.450	168788.000	11084.395	0.000	168715.000
12.460	168890.000	10819.077	0.000	168838.000
12.470	168991.000	10603.354	0.000	168964.000
12.480	169090.000	10392.348	0.000	169091.000
12.490	169188.000	10214.643	0.000	169218.000
12.500	169286.000	10090.250	0.000	169344.000
12.510	169385.000	10033.175	0.000	169467.000
12.520	169484.000	9993.223	0.000	169586.000
12.530	169585.000	10025.256	0.000	169701.000
12.540	169687.000	10077.679	0.000	169811.000
12.550	169791.000	10174.375	0.000	169915.000
12.560	169898.000	10332.063	0.000	170013.000
12.570	170006.000	10472.444	0.000	170106.000
12.580	170115.000	10600.711	0.000	170194.000
12.590	170225.000	10720.498	0.000	170278.000
12.600	170334.000	10774.348	0.000	170360.000
12.610	170444.000	10842.044	0.000	170440.000
12.620	170552.000	10829.431	0.000	170521.000
12.630	170658.000	10760.601	0.000	170603.000
12.640	170762.000	10652.421	0.000	170688.000
12.650	170863.000	10486.695	0.000	170776.000
12.660	170961.000	10280.686	0.000	170868.000
12.670	171055.000	10016.480	0.000	170964.000
12.680	171146.000	9741.536	0.000	171064.000
12.690	171234.000	9459.075	0.000	171169.000
12.700	171319.000	9171.353	0.000	171276.000
12.710	171402.000	8909.947	0.000	171385.000
12.720	171483.000	8666.963	0.000	171495.000
12.730	171563.000	8466.874	0.000	171604.000
12.740	171642.000	8296.812	0.000	171711.000
12.750	171721.000	8177.768	0.000	171816.000
12.760	171801.000	8124.438	0.000	171916.000
12.770	171882.000	8117.106	0.000	172010.000
12.780	171964.000	8141.975	0.000	172099.000
12.790	172048.000	8219.382	0.000	172180.000
12.800	172133.000	8303.568	0.000	172255.000
12.810	172219.000	8392.497	0.000	172325.000
12.820	172307.000	8514.748	0.000	172389.000
12.830	172395.000	8600.324	0.000	172450.000
12.840	172483.000	8660.227	0.000	172509.000
12.850	172570.000	8672.159	0.000	172566.000
12.860	172656.000	8650.511	0.000	172623.000
12.870	172741.000	8605.358	0.000	172683.000
12.880	172823.000	8483.750	0.000	172745.000
12.890	172902.000	8308.625	0.000	172810.000
12.900	172979.000	8126.038	0.000	172880.000
12.910	173053.000	7908.226	0.000	172954.000
12.920	173124.000	7665.758	0.000	173033.000
12.930	173192.000	7406.031	0.000	173117.000
12.940	173258.000	7164.222	0.000	173204.000
12.950	173322.000	6934.955	0.000	173293.000
12.960	173385.000	6744.469	0.000	173384.000
12.970	173446.000	6551.128	0.000	173474.000
12.980	173507.000	6415.790	0.000	173564.000
12.990	173569.000	6351.053	0.000	173650.000
13.000	173631.000	6305.737	0.000	173733.000
13.010	173694.000	6304.016	0.000	173810.000
13.020	173759.000	6362.811	0.000	173883.000
13.030	173826.000	6463.968	0.000	173949.000
13.040	173894.000	6564.777	0.000	174010.000
13.050	173965.000	6725.344	0.000	174065.000
13.060	174036.000	6837.741	0.000	174116.000
13.070	174108.000	6946.419	0.000	174163.000
13.080	174181.000	7052.493	0.000	174207.000
13.090	174253.000	7096.745	0.000	174250.000
13.100	174325.000	7127.722	0.000	174293.000
13.110	174395.000	7089.405	0.000	174337.000
13.120	174462.000	6972.584	0.000	174384.000
13.130	174528.000	6860.809	0.000	174434.000
13.140	174591.000	6692.566	0.000	174488.000
13.150	174651.000	6484.796	0.000	174548.000
13.160	174707.000	6219.357	0.000	174611.000
13.170	174761.000	5973.550	0.000	174679.000
13.180	174813.000	5741.485	0.000	174751.000
13.190	174862.000	5489.040	0.000	174825.000
13.200	174909.000	5252.328	0.000	174901.000
13.210	174956.000	5086.629	0.000	174977.000
13.220	175002.000	4940.641	0.000	175051.000
13.230	175049.000	4868.448	0.000	175123.000
13.240	175096.000	4817.914	0.000	175192.000
13.250	175144.000	4812.540	0.000	175256.000
13.260	175194.000	4868.778	0.000	175315.000
13.270	175245.000	4938.144	0.000	175368.000
13.280	175298.000	5046.701	0.000	175415.000
13.290	175353.000	5182.691	0.000	175457.000
13.300	175408.000	5277.884	0.000	175495.000
13.310	175464.000	5374.518	0.000	175528.000
13.320	175521.000	5472.163	0.000	175558.000
13.330	175577.000	5510.514	0.000	175587.000
13.340	175633.000	5537.360	0.000	175615.000
13.350	175687.000	5496.152	0.000	175644.000
13.360	175739.000	5407.306	0.000	175674.000
13.370	175789.000	5285.114	0.000	175708.000
13.380	175835.000	5079.580	0.000	175745.000
13.390	175879.000	4875.706	0.000	175786.000
13.400	175920.000	4642.994	0.000	175831.000
13.410	175957.000	4360.096	0.000	175878.000
13.420	175993.000	4132.067	0.000	175929.000
13.430	176025.000	3852.447	0.000	175981.000
13.440	176055.000	3596.713	0.000	176036.000
13.450	176084.000	3387.699	0.000	176092.000
13.460	176112.000	3211.389	0.000	176147.000
13.470	176139.000	3057.973	0.000	176199.000
13.480	176167.000	2980.581	0.000	176250.000
13.490	176195.000	2926.407	0.000	176295.000
13.500	176223.000	2888.485	0.000	176336.000
13.510	176253.000	2921.939	0.000	176372.000
13.520	176285.000	3005.357	0.000	176402.000
13.530	176317.000	3063.750	0.000	176427.000
13.540	176351.000	3164.625	0.000	176447.000
13.550	176385.000	3235.238	0.000	176462.000
13.560	176419.000	3284.666	0.000	176474.000
13.570	176454.000	3349.266	0.000	176484.000
13.580	176487.000	3334.486	0.000	176492.000
13.590	176519.000	3294.141	0.000	176501.000
13.600	176550.000	3235.898	0.000	176510.000
13.610	176579.000	3135.129	0.000	176522.000
13.620	176605.000	2974.590	0.000	176536.000
13.630	176628.000	2772.213	0.000	176553.000
13.640	176647.000	2510.549	0.000	176574.000
13.650	176664.000	2267.384	0.000	176598.000
13.660	176678.000	2007.169	0.000	176626.000
13.670	176689.000	1735.018	0.000	176655.000
13.680	176699.000	1514.513	0.000	176686.000
13.690	176707.000	1300.159	0.000	176717.000
13.700	176713.000	1090.111	0.000	176748.000
13.710	176719.000	943.078	0.000	176778.000
13.720	176725.000	840.155	0.000	176804.000
13.730	176732.000	798.108	0.000	176827.000
13.740	176739.000	768.676	0.000	176845.000
13.750	176748.000	808.073	0.000	176858.000
13.760	176757.000	835.651	0.000	176866.000
13.770	176768.000	914.956	0.000	176868.000
13.780	176779.000	970.469	0.000	176868.000
13.790	176791.000	1039.328	0.000	176862.000
13.800	176804.000	1117.530	0.000	176853.000
13.810	176816.000	1142.271	0.000	176841.000
13.820	176827.000	1129.590	0.000	176829.000
13.830	176837.000	1090.713	0.000	176816.000
13.840	176845.000	1003.499	0.000	176805.000
13.850	176851.000	882.449	0.000	176796.000
13.860	176854.000	707.714	0.000	176789.000
13.870	176854.000	495.400	0.000	176786.000
13.880	176853.000	316.780	0.000	176786.000
13.890	176848.000	71.746	0.000	176788.000
13.900	176841.000	-159.778	0.000	176794.000
13.910	176831.000	-411.844	0.000	176802.000
13.920	176820.000	-618.291	0.000	176812.000
13.930	176808.000	-792.804	0.000	176822.000
13.940	176796.000	-914.963	0.000	176831.000
13.950	176784.000	-1000.474	0.000	176838.000
13.960	176773.000	-1030.332	0.000	176843.000
13.970	176763.000	-1021.232	0.000	176844.000
13.980	176754.000	-984.863	0.000	176844.000
13.990	176747.000	-899.404	0.000	176837.000
14.000	176741.000	-809.583	0.000	176826.000
14.010	176737.000	-686.708	0.000	176811.000
14.020	176734.000	-570.695	0.000	176793.000
14.030	176732.000	-459.487	0.000	176772.000
14.040	176730.000	-381.641	0.000	176749.000
14.050	176729.000	-297.149	0.000	176726.000
14.060	176727.000	-268.004	0.000	176703.000
14.070	176724.000	-277.603	0.000	176682.000
14.080	176720.000	-314.322	0.000	176662.000
14.090	176714.000	-400.025	0.000	176646.000
14.100	176706.000	-520.018	0.000	176633.000
14.110	176697.000	-634.012	0.000	176623.000
14.120	176686.000	-773.809	0.000	176617.000
14.130	176673.000	-931.666	0.000	176615.000
14.140	176658.000	-1102.166	0.000	176615.000
14.150	176642.000	-1251.516	0.000	176616.000
14.160	176626.000	-1356.061	0.000	176620.000
14.170	176609.000	-1459.243	0.000	176624.000
14.180	176592.000	-1531.470	0.000	176627.000
14.190	176575.000	-1582.029	0.000	176629.000
14.200	176560.000	-1557.420	0.000	176629.000
14.210	176546.000	-1510.194	0.000	176626.000
14.220	176534.000	-1417.136	0.000	176619.000
14.230	176523.000	-1321.995	0.000	176608.000
14.240	176515.000	-1165.397	0.000	176593.000
14.250	176508.000	-1025.778	0.000	176574.000
14.260	176502.000	-898.044	0.000	176553.000
14.270	176497.000	-778.631	0.000	176530.000
14.280	176493.000	-665.042	0.000	176505.000
14.290	176490.000	-555.529	0.000	176481.000
14.300	176486.000	-508.870	0.000	176458.000
14.310	176481.000	-506.209	0.000	176436.000
14.320	176476.000	-504.347	0.000	176417.000
14.330	176469.000	-563.043	0.000	176401.000
14.340	176461.000	-634.130	0.000	176389.000
14.350	176451.000	-743.891	0.000	176381.000
14.360	176440.000	-850.724	0.000	176376.000
14.370	176427.000	-985.507	0.000	176375.000
14.380	176414.000	-1079.855	0.000	176375.000
14.390	176399.000	-1205.898	0.000	176378.000
14.400	176384.000	-1294.129	0.000	176383.000
14.410	176369.000	-1355.890	0.000	176388.000
14.420	176355.000	-1369.123	0.000	176393.000
14.430	176341.000	-1378.386	0.000	176396.000
14.440	176329.000	-1324.870	0.000	176397.000
14.450	176318.000	-1257.409	0.000	176396.000
14.460	176309.000	-1150.186	0.000	176391.000
14.470	176301.000	-1045.131	0.000	176382.000
14.480	176295.000	-911.591	0.000	176370.000
14.490	176291.000	-758.114	0.000	176354.000
14.500	176289.000	-590.680	0.000	176336.000
14.510	176287.000	-473.476	0.000	176317.000
14.520	176286.000	-361.433	0.000	176296.000
14.530	176286.000	-253.003	0.000	176275.000
14.540	176285.000	-207.102	0.000	176255.000
14.550	176283.000	-204.972	0.000	176237.000
14.560	176281.000	-203.480	0.000	176221.000
14.570	176278.000	-232.436	0.000	176208.000
14.580	176273.000	-312.705	0.000	176198.000
14.590	176266.000	-428.894	0.000	176192.000
14.600	176258.000	-540.226	0.000	176190.000
14.610	176249.000	-648.158	0.000	176190.000
14.620	176239.000	-753.711	0.000	176193.000
14.630	176228.000	-857.597	0.000	176199.000
14.640	176216.000	-960.318	0.000	176207.000
14.650	176205.000	-1002.223	0.000	176215.000
14.660	176193.000	-1061.556	0.000	176222.000
14.670	176183.000	-1043.089	0.000	176228.000
14.680	176174.000	-1000.162	0.000	176232.000
14.690	176166.000	-940.114	0.000	176233.000
14.700	176159.000	-868.080	0.000	176232.000
14.710	176154.000	-757.656	0.000	176227.000
14.720	176151.000	-620.359	0.000	176218.000
14.730	176150.000	-464.251	0.000	176207.000
14.740	176149.000	-354.976	0.000	176192.000
14.750	176149.000	-248.483	0.000	176177.000
14.760	176149.000	-173.938	0.000	176160.000
14.770	176151.000	-61.757	0.000	176142.000
14.780	176152.000	-13.230	0.000	176126.000
14.790	176152.000	-9.261	0.000	176111.000
14.800	176152.000	-6.483	0.000	176098.000
14.810	176152.000	-4.538	0.000	176088.000
14.820	176149.000	-93.176	0.000	176081.000
14.830	176145.000	-185.224	0.000	176078.000
14.840	176139.000	-309.656	0.000	176078.000
14.850	176132.000	-426.760	0.000	176079.000
14.860	176124.000	-538.732	0.000	176085.000
14.870	176116.000	-617.112	0.000	176092.000
14.880	176107.000	-701.979	0.000	176101.000
14.890	176098.000	-761.385	0.000	176110.000
14.900	176089.000	-802.969	0.000	176118.000
14.910	176082.000	-772.079	0.000	176124.000
14.920	176075.000	-750.455	0.000	176129.000
14.930	176070.000	-675.319	0.000	176131.000
14.940	176066.000	-592.723	0.000	176131.000
14.950	176064.000	-474.906	0.000	176128.000
14.960	176063.000	-362.434	0.000	176121.000
14.970	176063.000	-253.704	0.000	176111.000
14.980	176063.000	-177.593	0.000	176100.000
14.990	176065.000	-64.315	0.000	176086.000
15.000	176068.000	44.980	0.000	176072.000
