0.000	0.000	0.000	0.000	0.000
0.010	5.000	150.000	-60.000	8.000
0.020	6.000	135.000	-55.000	9.000
0.030	6.000	94.500	-39.000	10.000
0.040	6.000	66.150	-28.000	10.000
0.050	6.000	46.305	-20.000	10.000
0.060	6.000	32.413	-15.000	10.000
0.070	5.000	-7.311	1.000	9.000
0.080	4.000	-35.117	13.000	7.000
0.090	3.000	-54.582	20.000	5.000
0.100	2.000	-68.208	26.000	3.000
0.110	1.000	-77.745	30.000	0.000
0.120	0.000	-84.422	33.000	-3.000
0.130	-2.000	-119.095	47.000	-5.000
0.140	-3.000	-113.367	45.000	-8.000
0.150	-4.000	-109.357	44.000	-11.000
0.160	-6.000	-136.550	55.000	-14.000
0.170	-7.000	-125.585	52.000	-16.000
0.180	-9.000	-147.909	61.000	-18.000
0.190	-10.000	-133.537	56.000	-20.000
0.200	-12.000	-153.476	64.000	-22.000
0.210	-13.000	-137.433	58.000	-23.000
0.220	-15.000	-156.203	66.000	-24.000
0.230	-16.000	-139.342	60.000	-25.000
0.240	-17.000	-127.539	55.000	-25.000
0.250	-19.000	-149.278	64.000	-25.000
0.260	-20.000	-134.494	59.000	-25.000
0.270	-21.000	-124.146	55.000	-25.000
0.280	-21.000	-86.902	40.000	-25.000
0.290	-22.000	-90.832	42.000	-25.000
0.300	-22.000	-63.582	31.000	-25.000
0.310	-22.000	-44.507	24.000	-25.000
0.320	-22.000	-31.155	18.000	-25.000
0.330	-22.000	-21.809	15.000	-25.000
0.340	-22.000	-15.266	12.000	-25.000
0.350	-22.000	-10.686	10.000	-25.000
0.360	-22.000	-7.480	9.000	-25.000
0.370	-22.000	-5.236	8.000	-25.000
0.380	-21.000	26.335	-5.000	-25.000
0.390	-21.000	18.434	-2.000	-25.000
0.400	-20.000	42.904	-12.000	-25.000
0.410	-20.000	30.033	-7.000	-25.000
0.420	-19.000	51.023	-16.000	-25.000
0.430	-19.000	35.716	-10.000	-25.000
0.440	-19.000	25.001	-6.000	-24.000
0.450	-19.000	17.501	-3.000	-23.000
0.460	-19.000	12.251	-1.000	-22.000
0.470	-19.000	8.575	1.000	-22.000
0.480	-19.000	6.003	2.000	-21.000
0.490	-19.000	4.202	2.000	-21.000
0.500	-19.000	2.941	3.000	-20.000
0.510	-18.000	32.059	113.000	-20.000
0.520	-18.000	22.441	241.000	-19.000
0.530	-18.000	15.709	368.000	-19.000
0.540	-16.000	70.996	471.000	-19.000
0.550	-14.000	109.697	581.000	-19.000
0.560	-11.000	166.788	685.000	-19.000
0.570	-6.000	266.752	773.000	-19.000
0.580	0.000	366.726	861.000	-19.000
0.590	7.000	466.708	950.000	-18.000
0.600	15.000	566.696	1039.000	-16.000
0.610	25.000	696.687	1117.000	-12.000
0.620	36.000	817.681	1199.000	-7.000
0.630	49.000	962.377	1271.000	-1.000
0.640	63.000	1093.664	1350.000	8.000
0.650	79.000	1245.565	1420.000	19.000
0.660	96.000	1381.895	1497.000	32.000
0.670	114.000	1507.327	1579.000	49.000
0.680	134.000	1655.129	1652.000	68.000
0.690	156.000	1818.590	1720.000	90.000
0.700	179.000	1963.013	1795.000	114.000
0.710	204.000	2124.109	1864.000	142.000
0.720	232.000	2326.876	1916.000	172.000
0.730	260.000	2468.813	1993.000	204.000
0.740	291.000	2658.169	2051.000	239.000
0.750	325.000	2880.719	2096.000	276.000
0.760	361.000	3096.503	2144.000	316.000
0.770	400.000	3337.552	2182.000	356.000
0.780	442.000	3596.286	2213.000	399.000
0.790	488.000	3897.401	2226.000	443.000
0.800	538.000	4228.180	2228.000	490.000
0.810	591.000	4549.726	2233.000	539.000
0.820	645.000	4804.808	2265.000	587.000
0.830	702.000	5073.366	2291.000	640.000
0.840	763.000	5381.356	2301.000	696.000
0.850	824.000	5596.949	2348.000	753.000
0.860	890.000	5897.864	2361.000	815.000
0.870	958.000	6168.505	2386.000	879.000
0.880	1028.000	6417.954	2420.000	946.000
0.890	1101.000	6682.568	2447.000	1016.000
0.900	1175.000	6897.797	2495.000	1090.000
0.910	1252.000	7138.458	2532.000	1168.000
0.920	1331.000	7366.921	2574.000	1249.000
0.930	1414.000	7646.844	2596.000	1333.000
0.940	1499.000	7902.791	2627.000	1421.000
0.950	1587.000	8171.954	2653.000	1512.000
0.960	1677.000	8420.368	2687.000	1606.000
0.970	1771.000	8714.257	2704.000	1703.000
0.980	1868.000	9009.980	2719.000	1802.000
0.990	1969.000	9336.986	2722.000	1905.000
1.000	2074.000	9685.890	2715.000	2009.000
1.010	2181.000	9990.123	2604.000	2115.000
1.020	2292.000	10323.086	2481.000	2225.000
1.030	2407.000	10676.160	2348.000	2338.000
1.040	2524.000	10983.312	2232.000	2452.000
1.050	2644.000	11288.319	2116.000	2570.000
1.060	2766.000	11561.823	2011.000	2691.000
1.070	2891.000	11843.276	1903.000	2814.000
1.080	3016.000	12040.293	1827.000	2939.000
1.090	3144.000	12268.205	1739.000	3069.000
1.100	3273.000	12457.744	1665.000	3201.000
1.110	3405.000	12680.421	1577.000	3336.000
1.120	3538.000	12866.294	1504.000	3475.000
1.130	3672.000	13026.406	1440.000	3616.000
1.140	3805.000	13108.484	1407.000	3757.000
1.150	3942.000	13285.939	1336.000	3902.000
1.160	4079.000	13410.157	1286.000	4046.000
1.170	4218.000	13557.110	1226.000	4192.000
1.180	4360.000	13749.977	1148.000	4339.000
1.190	4502.000	13884.984	1092.000	4486.000
1.200	4646.000	14039.489	1028.000	4633.000
1.210	4792.000	14207.642	958.000	4780.000
1.220	4939.000	14355.349	896.000	4927.000
1.230	5087.000	14488.745	840.000	5073.000
1.240	5236.000	14612.121	787.000	5219.000
1.250	5385.000	14698.485	748.000	5365.000
1.260	5535.000	14788.939	708.000	5511.000
1.270	5686.000	14882.258	667.000	5658.000
1.280	5836.000	14917.580	649.000	5805.000
1.290	5987.000	14972.306	623.000	5953.000
1.300	6137.000	14980.614	615.000	6102.000
1.310	6287.000	14986.430	609.000	6251.000
1.320	6435.000	14930.501	627.000	6400.000
1.330	6585.000	14951.351	615.000	6552.000
1.340	6733.000	14905.946	630.000	6705.000
1.350	6881.000	14874.162	639.000	6857.000
1.360	7030.000	14881.913	633.000	7009.000
1.370	7176.000	14797.339	664.000	7161.000
1.380	7326.000	14858.138	637.000	7315.000
1.390	7474.000	14840.696	641.000	7467.000
1.400	7623.000	14858.487	631.000	7620.000
1.410	7773.000	14900.941	611.000	7771.000
1.420	7924.000	14960.659	585.000	7922.000
1.430	8075.000	15002.461	565.000	8072.000
1.440	8228.000	15091.723	526.000	8222.000
1.450	8381.000	15154.206	498.000	8371.000
1.460	8535.000	15227.944	465.000	8520.000
1.470	8688.000	15249.561	452.000	8668.000
1.480	8842.000	15294.693	431.000	8817.000
1.490	8996.000	15326.285	414.000	8966.000
1.500	9149.000	15318.399	414.000	9116.000
1.510	9303.000	15342.880	400.000	9267.000
1.520	9457.000	15360.016	390.000	9419.000
1.530	9610.000	15342.011	393.000	9571.000
1.540	9763.000	15329.408	395.000	9725.000
1.550	9916.000	15320.585	395.000	9879.000
1.560	10069.000	15314.410	394.000	10035.000
1.570	10221.000	15280.087	404.000	10192.000
1.580	10374.000	15286.061	398.000	10349.000
1.590	10526.000	15260.243	406.000	10506.000
1.600	10678.000	15242.170	410.000	10664.000
1.610	10830.000	15229.519	412.000	10823.000
1.620	10982.000	15220.663	413.000	10980.000
1.630	11134.000	15214.464	412.000	11138.000
1.640	11286.000	15210.125	411.000	11295.000
1.650	11439.000	15237.087	398.000	11453.000
1.660	11591.000	15225.961	399.000	11607.000
1.670	11744.000	15248.173	388.000	11761.000
1.680	11896.000	15233.721	391.000	11914.000
1.690	12049.000	15253.605	380.000	12065.000
1.700	12201.000	15237.523	384.000	12215.000
1.710	12354.000	15256.266	374.000	12364.000
1.720	12507.000	15269.386	366.000	12512.000
1.730	12659.000	15248.570	371.000	12660.000
1.740	12811.000	15233.999	374.000	12808.000
1.750	12963.000	15223.800	376.000	12956.000
1.760	13114.000	15186.660	388.000	13103.000
1.770	13266.000	15190.662	384.000	13250.000
1.780	13417.000	15163.463	393.000	13398.000
1.790	13569.000	15174.424	386.000	13546.000
1.800	13718.000	15092.097	417.000	13694.000
1.810	13868.000	15064.468	426.000	13844.000
1.820	14018.000	15045.128	432.000	13994.000
1.830	14166.000	14971.589	459.000	14145.000
1.840	14317.000	15010.112	442.000	14299.000
1.850	14466.000	14977.079	454.000	14452.000
1.860	14616.000	14983.955	450.000	14607.000
1.870	14764.000	14928.769	470.000	14759.000
1.880	14913.000	14920.138	472.000	14912.000
1.890	15063.000	14944.097	461.000	15066.000
1.900	15216.000	15050.868	417.000	15220.000
1.910	15364.000	14975.607	445.000	15371.000
1.920	15516.000	15042.925	417.000	15523.000
1.930	15668.000	15090.048	396.000	15674.000
1.940	15821.000	15153.033	369.000	15827.000
1.950	15972.000	15137.123	373.000	15977.000
1.960	16125.000	15185.986	351.000	16127.000
1.970	16278.000	15220.190	335.000	16276.000
1.980	16430.000	15214.133	336.000	16425.000
1.990	16582.000	15209.893	335.000	16574.000
2.000	16734.000	15206.925	334.000	16723.000
2.010	16885.000	15174.848	345.000	16872.000
2.020	17033.000	15062.393	388.000	17019.000
2.030	17182.000	15013.675	406.000	17167.000
2.040	17330.000	14949.573	430.000	17316.000
2.050	17478.000	14904.701	446.000	17465.000
2.060	17625.000	14843.291	470.000	17614.000
2.070	17771.000	14770.303	498.000	17763.000
2.080	17918.000	14749.212	506.000	17912.000
2.090	18063.000	14674.449	535.000	18061.000
2.100	18210.000	14682.114	532.000	18209.000
2.110	18355.000	14627.480	553.000	18356.000
2.120	18501.000	14619.236	556.000	18503.000
2.130	18649.000	14673.465	534.000	18651.000
2.140	18794.000	14621.426	555.000	18795.000
2.150	18941.000	14644.998	545.000	18941.000
2.160	19089.000	14691.499	526.000	19087.000
2.170	19237.000	14724.049	512.000	19232.000
2.180	19385.000	14746.834	503.000	19376.000
2.190	19532.000	14732.784	507.000	19520.000
2.200	19680.000	14752.949	499.000	19664.000
2.210	19828.000	14767.064	492.000	19808.000
2.220	19975.000	14746.945	499.000	19953.000
2.230	20122.000	14732.861	504.000	20099.000
2.240	20270.000	14753.003	495.000	20245.000
2.250	20417.000	14737.102	501.000	20392.000
2.260	20565.000	14755.971	493.000	20541.000
2.270	20711.000	14709.180	511.000	20688.000
2.280	20857.000	14676.426	523.000	20837.000
2.290	21005.000	14713.498	508.000	20986.000
2.300	21153.000	14739.449	497.000	21135.000
2.310	21299.000	14697.614	513.000	21284.000
2.320	21447.000	14728.330	500.000	21434.000
2.330	21595.000	14749.831	491.000	21584.000
2.340	21740.000	14674.882	520.000	21732.000
2.350	21889.000	14742.417	492.000	21881.000
2.360	22037.000	14759.692	485.000	22031.000
2.370	22183.000	14711.784	503.000	22179.000
2.380	22330.000	14708.249	504.000	22327.000
2.390	22477.000	14705.774	504.000	22475.000
2.400	22623.000	14674.042	516.000	22622.000
2.410	22770.000	14681.829	513.000	22768.000
2.420	22916.000	14657.281	522.000	22914.000
2.430	23062.000	14640.096	529.000	23059.000
2.440	23208.000	14628.067	533.000	23204.000
2.450	23354.000	14619.647	536.000	23349.000
2.460	23500.000	14613.753	538.000	23493.000
2.470	23646.000	14609.627	539.000	23637.000
2.480	23792.000	14606.739	540.000	23782.000
2.490	23938.000	14604.717	541.000	23926.000
2.500	24083.000	14573.302	553.000	24070.000
2.510	24230.000	14611.311	538.000	24214.000
2.520	24377.000	14637.918	527.000	24359.000
2.530	24522.000	14596.543	543.000	24503.000
2.540	24670.000	14657.580	518.000	24649.000
2.550	24817.000	14670.306	513.000	24796.000
2.560	24964.000	14679.214	509.000	24943.000
2.570	25112.000	14715.450	494.000	25090.000
2.580	25259.000	14710.815	495.000	25239.000
2.590	25406.000	14707.570	495.000	25387.000
2.600	25555.000	14765.299	472.000	25538.000
2.610	25703.000	14775.710	467.000	25688.000
2.620	25851.000	14782.997	463.000	25838.000
2.630	26000.000	14818.098	448.000	25988.000
2.640	26149.000	14842.668	437.000	26140.000
2.650	26299.000	14889.868	417.000	26291.000
2.660	26448.000	14892.907	415.000	26442.000
2.670	26598.000	14925.035	401.000	26594.000
2.680	26747.000	14917.525	403.000	26745.000
2.690	26898.000	14972.267	380.000	26897.000
2.700	27048.000	14980.587	375.000	27048.000
2.710	27198.000	14986.411	371.000	27199.000
2.720	27349.000	15020.488	356.000	27350.000
2.730	27497.000	14954.341	382.000	27500.000
2.740	27648.000	14998.039	363.000	27650.000
2.750	27797.000	14968.627	373.000	27799.000
2.760	27945.000	14918.039	392.000	27948.000
2.770	28093.000	14882.627	406.000	28096.000
2.780	28240.000	14827.839	427.000	28244.000
2.790	28387.000	14789.487	441.000	28390.000
2.800	28535.000	14792.641	440.000	28538.000
2.810	28683.000	14794.849	438.000	28685.000
2.820	28831.000	14796.394	437.000	28833.000
2.830	28976.000	14707.476	472.000	28976.000
2.840	29124.000	14735.233	461.000	29122.000
2.850	29270.000	14694.663	477.000	29268.000
2.860	29418.000	14726.264	464.000	29413.000
2.870	29565.000	14718.385	467.000	29556.000
2.880	29713.000	14742.869	456.000	29700.000
2.890	29861.000	14760.009	449.000	29845.000
2.900	30008.000	14742.006	456.000	29990.000
2.910	30155.000	14729.404	460.000	30135.000
2.920	30302.000	14720.583	464.000	30282.000
2.930	30450.000	14744.408	454.000	30429.000
2.940	30598.000	14761.086	447.000	30577.000
2.950	30744.000	14712.760	466.000	30725.000
2.960	30892.000	14738.932	455.000	30875.000
2.970	31039.000	14727.252	459.000	31025.000
2.980	31187.000	14749.077	450.000	31175.000
2.990	31334.000	14734.354	455.000	31324.000
3.000	31482.000	14754.048	447.000	31474.000
3.010	31631.000	14797.833	429.000	31624.000
3.020	31779.000	14798.483	428.000	31773.000
3.030	31928.000	14828.938	415.000	31923.000
3.040	32078.000	14880.257	394.000	32075.000
3.050	32225.000	14826.180	415.000	32222.000
3.060	32373.000	14818.326	417.000	32371.000
3.070	32522.000	14842.828	407.000	32520.000
3.080	32670.000	14829.980	411.000	32667.000
3.090	32819.000	14850.986	402.000	32816.000
3.100	32966.000	14805.690	420.000	32962.000
3.110	33113.000	14773.983	432.000	33110.000
3.120	33260.000	14751.788	440.000	33256.000
3.130	33406.000	14706.252	458.000	33402.000
3.140	33553.000	14704.376	459.000	33549.000
3.150	33699.000	14673.063	471.000	33695.000
3.160	33845.000	14651.144	480.000	33841.000
3.170	33990.000	14605.801	498.000	33985.000
3.180	34135.000	14574.061	511.000	34129.000
3.190	34281.000	14581.843	508.000	34273.000
3.200	34426.000	14557.290	518.000	34417.000
3.210	34572.000	14570.103	513.000	34560.000
3.220	34718.000	14579.072	510.000	34705.000
3.230	34863.000	14555.350	519.000	34848.000
3.240	35010.000	14598.745	502.000	34993.000
3.250	35156.000	14599.122	502.000	35138.000
3.260	35303.000	14629.385	490.000	35283.000
3.270	35449.000	14620.570	493.000	35427.000
3.280	35595.000	14614.399	496.000	35572.000
3.290	35741.000	14610.079	498.000	35717.000
3.300	35887.000	14607.055	499.000	35863.000
3.310	36032.000	14574.939	512.000	36009.000
3.320	36179.000	14612.457	497.000	36156.000
3.330	36325.000	14608.720	498.000	36303.000
3.340	36472.000	14636.104	487.000	36452.000
3.350	36619.000	14655.273	479.000	36600.000
3.360	36766.000	14668.691	474.000	36749.000
3.370	36914.000	14708.084	458.000	36898.000
3.380	37063.000	14765.659	434.000	37049.000
3.390	37207.000	14655.961	478.000	37195.000
3.400	37355.000	14699.173	460.000	37343.000
3.410	37501.000	14669.421	472.000	37491.000
3.420	37650.000	14738.595	444.000	37640.000
3.430	37796.000	14697.016	460.000	37787.000
3.440	37942.000	14667.911	472.000	37934.000
3.450	38089.000	14677.538	468.000	38081.000
3.460	38236.000	14684.277	465.000	38228.000
3.470	38382.000	14658.994	475.000	38374.000
3.480	38527.000	14611.296	494.000	38520.000
3.490	38674.000	14637.907	483.000	38665.000
3.500	38819.000	14596.535	500.000	38810.000
3.510	38964.000	14567.574	511.000	38954.000
3.520	39109.000	14547.302	520.000	39098.000
3.530	39253.000	14503.111	537.000	39242.000
3.540	39398.000	14502.178	538.000	39385.000
3.550	39543.000	14501.525	539.000	39529.000
3.560	39688.000	14501.067	539.000	39673.000
3.570	39833.000	14500.747	540.000	39816.000
3.580	39978.000	14500.523	540.000	39958.000
3.590	40125.000	14560.366	517.000	40103.000
3.600	40269.000	14512.256	536.000	40246.000
3.610	40415.000	14538.579	526.000	40389.000
3.620	40560.000	14527.006	530.000	40533.000
3.630	40706.000	14548.904	522.000	40678.000
3.640	40851.000	14534.233	528.000	40823.000
3.650	40996.000	14523.963	532.000	40968.000
3.660	41142.000	14546.774	523.000	41114.000
3.670	41287.000	14532.742	529.000	41262.000
3.680	41432.000	14522.919	533.000	41409.000
3.690	41578.000	14546.043	524.000	41557.000
3.700	41724.000	14562.230	518.000	41705.000
3.710	41871.000	14603.561	501.000	41854.000
3.720	42017.000	14602.493	502.000	42002.000
3.730	42163.000	14601.745	502.000	42151.000
3.740	42310.000	14631.222	490.000	42299.000
3.750	42458.000	14681.855	469.000	42447.000
3.760	42606.000	14717.299	455.000	42595.000
3.770	42754.000	14742.109	445.000	42743.000
3.780	42903.000	14789.476	425.000	42891.000
3.790	43051.000	14792.633	423.000	43040.000
3.800	43199.000	14794.843	422.000	43187.000
3.810	43346.000	14766.390	432.000	43335.000
3.820	43494.000	14776.473	428.000	43483.000
3.830	43642.000	14783.531	424.000	43631.000
3.840	43788.000	14728.472	446.000	43779.000
3.850	43935.000	14719.930	449.000	43927.000
3.860	44081.000	14683.951	463.000	44075.000
3.870	44227.000	14658.766	473.000	44222.000
3.880	44373.000	14641.136	480.000	44370.000
3.890	44519.000	14628.795	485.000	44517.000
3.900	44665.000	14620.157	488.000	44665.000
3.910	44812.000	14644.110	479.000	44812.000
3.920	44958.000	14630.877	484.000	44959.000
3.930	45104.000	14621.614	488.000	45106.000
3.940	45253.000	14705.130	454.000	45253.000
3.950	45399.000	14673.591	467.000	45398.000
3.960	45546.000	14681.514	463.000	45543.000
3.970	45694.000	14717.059	449.000	45688.000
3.980	45841.000	14711.942	451.000	45834.000
3.990	45988.000	14708.359	452.000	45979.000
4.000	46136.000	14735.851	440.000	46125.000
4.010	46284.000	14755.096	432.000	46270.000
4.020	46432.000	14768.567	427.000	46417.000
4.030	46580.000	14777.997	422.000	46565.000
4.040	46728.000	14784.598	419.000	46712.000
4.050	46876.000	14789.219	417.000	46860.000
4.060	47023.000	14762.453	427.000	47007.000
4.070	47171.000	14773.717	422.000	47156.000
4.080	47318.000	14751.602	431.000	47304.000
4.090	47466.000	14766.121	424.000	47452.000
4.100	47614.000	14776.285	420.000	47602.000
4.110	47762.000	14783.399	417.000	47751.000
4.120	47910.000	14788.380	414.000	47901.000
4.130	48058.000	14791.866	412.000	48051.000
4.140	48205.000	14764.306	423.000	48201.000
4.150	48354.000	14805.014	406.000	48350.000
4.160	48501.000	14773.510	419.000	48499.000
4.170	48649.000	14781.457	415.000	48648.000
4.180	48796.000	14757.020	424.000	48796.000
4.190	48943.000	14739.914	431.000	48944.000
4.200	49089.000	14697.940	447.000	49091.000
4.210	49236.000	14698.558	447.000	49238.000
4.220	49381.000	14638.990	471.000	49385.000
4.230	49528.000	14657.293	464.000	49532.000
4.240	49673.000	14610.105	483.000	49677.000
4.250	49818.000	14577.074	496.000	49821.000
4.260	49963.000	14553.952	506.000	49966.000
4.270	50109.000	14567.766	500.000	50109.000
4.280	50253.000	14517.436	521.000	50251.000
4.290	50398.000	14512.205	523.000	50393.000
4.300	50543.000	14508.544	525.000	50535.000
4.310	50688.000	14505.981	527.000	50677.000
4.320	50833.000	14504.186	528.000	50819.000
4.330	50979.000	14532.931	517.000	50963.000
4.340	51124.000	14523.051	521.000	51106.000
4.350	51269.000	14516.136	524.000	51249.000
4.360	51414.000	14511.295	526.000	51393.000
4.370	51559.000	14507.907	528.000	51537.000
4.380	51705.000	14535.535	517.000	51682.000
4.390	51850.000	14524.874	522.000	51826.000
4.400	51995.000	14517.412	525.000	51972.000
4.410	52140.000	14512.188	528.000	52117.000
4.420	52285.000	14508.532	529.000	52264.000
4.430	52430.000	14505.972	531.000	52411.000
4.440	52576.000	14534.181	520.000	52560.000
4.450	52722.000	14553.926	512.000	52707.000
4.460	52868.000	14567.749	507.000	52854.000
4.470	53014.000	14577.424	503.000	53002.000
4.480	53161.000	14614.197	488.000	53150.000
4.490	53308.000	14639.938	478.000	53298.000
4.500	53455.000	14657.956	471.000	53445.000
4.510	53602.000	14670.569	465.000	53592.000
4.520	53749.000	14679.399	462.000	53739.000
4.530	53895.000	14655.579	471.000	53885.000
4.540	54042.000	14668.905	465.000	54032.000
4.550	54188.000	14648.234	473.000	54179.000
4.560	54333.000	14603.764	491.000	54325.000
4.570	54479.000	14602.635	492.000	54471.000
4.580	54624.000	14571.844	504.000	54618.000
4.590	54768.000	14520.291	525.000	54762.000
4.600	54912.000	14484.204	540.000	54907.000
4.610	55056.000	14458.943	550.000	55053.000
4.620	55200.000	14441.260	558.000	55197.000
4.630	55343.000	14398.882	575.000	55340.000
4.640	55488.000	14429.217	564.000	55484.000
4.650	55633.000	14450.452	556.000	55629.000
4.660	55776.000	14405.316	574.000	55772.000
4.670	55921.000	14433.722	564.000	55915.000
4.680	56065.000	14423.605	568.000	56058.000
4.690	56210.000	14446.524	560.000	56201.000
4.700	56355.000	14462.566	554.000	56344.000
4.710	56500.000	14473.797	550.000	56487.000
4.720	56646.000	14511.658	535.000	56630.000
4.730	56791.000	14508.160	536.000	56774.000
4.740	56937.000	14535.712	525.000	56919.000
4.750	57083.000	14554.999	518.000	57064.000
4.760	57229.000	14568.499	512.000	57210.000
4.770	57374.000	14547.949	521.000	57356.000
4.780	57520.000	14563.565	515.000	57503.000
4.790	57666.000	14574.495	510.000	57650.000
4.800	57814.000	14642.147	483.000	57799.000
4.810	57959.000	14599.503	500.000	57946.000
4.820	58108.000	14689.652	464.000	58096.000
4.830	58255.000	14692.756	462.000	58243.000
4.840	58401.000	14664.929	473.000	58390.000
4.850	58548.000	14675.451	469.000	58539.000
4.860	58695.000	14682.815	465.000	58688.000
4.870	58843.000	14717.971	451.000	58836.000
4.880	58991.000	14742.580	441.000	58986.000
4.890	59139.000	14759.806	433.000	59135.000
4.900	59288.000	14801.864	416.000	59284.000
4.910	59435.000	14771.305	428.000	59432.000
4.920	59583.000	14779.913	424.000	59581.000
4.930	59733.000	14845.939	397.000	59731.000
4.940	59877.000	14712.158	449.000	59877.000
4.950	60024.000	14708.510	451.000	60024.000
4.960	60171.000	14705.957	451.000	60171.000
4.970	60317.000	14674.170	464.000	60318.000
4.980	60464.000	14681.919	461.000	60466.000
4.990	60610.000	14657.343	470.000	60613.000
5.000	60756.000	14640.140	1497.000	60759.000
5.010	60905.000	14718.098	1475.000	60904.000
5.020	61055.000	14802.669	1449.000	61049.000
5.030	61209.000	14981.868	1385.000	61197.000
5.040	61364.000	15137.308	1329.000	61341.000
5.050	61522.000	15336.115	1256.000	61488.000
5.060	61680.000	15475.281	1205.000	61634.000
5.070	61841.000	15662.697	1135.000	61784.000
5.080	62002.000	15793.888	1086.000	61935.000
5.090	62164.000	15915.721	1041.000	62090.000
5.100	62326.000	16001.005	1009.000	62247.000
5.110	62488.000	16060.703	988.000	62409.000
5.120	62650.000	16102.492	973.000	62573.000
5.130	62813.000	16161.745	952.000	62741.000
5.140	62976.000	16203.221	937.000	62912.000
5.150	63139.000	16232.255	927.000	63085.000
5.160	63302.000	16252.578	921.000	63260.000
5.170	63467.000	16326.805	893.000	63437.000
5.180	63632.000	16378.763	873.000	63614.000
5.190	63798.000	16445.134	848.000	63792.000
5.200	63964.000	16491.594	830.000	63970.000
5.210	64133.000	16614.116	782.000	64148.000
5.220	64302.000	16699.881	748.000	64324.000
5.230	64472.000	16789.917	712.000	64499.000
5.240	64644.000	16912.942	663.000	64671.000
5.250	64817.000	17029.059	616.000	64843.000
5.260	64989.000	17080.341	595.000	65011.000
5.270	65163.000	17176.239	555.000	65179.000
5.280	65337.000	17243.367	527.000	65346.000
5.290	65512.000	17320.357	495.000	65513.000
5.300	65685.000	17314.250	496.000	65678.000
5.310	65860.000	17369.975	472.000	65845.000
5.320	66032.000	17318.982	491.000	66009.000
5.330	66204.000	17283.288	504.000	66174.000
5.340	66375.000	17228.301	525.000	66339.000
5.350	66547.000	17219.811	527.000	66506.000
5.360	66716.000	17123.868	565.000	66674.000
5.370	66887.000	17116.707	567.000	66845.000
5.380	67056.000	17051.695	593.000	67016.000
5.390	67225.000	17006.187	611.000	67189.000
5.400	67394.000	16974.331	623.000	67363.000
5.410	67562.000	16922.031	644.000	67538.000
5.420	67731.000	16915.422	647.000	67713.000
5.430	67899.000	16880.795	661.000	67888.000
5.440	68068.000	16886.557	659.000	68063.000
5.450	68238.000	16920.590	646.000	68238.000
5.460	68408.000	16944.413	637.000	68412.000
5.470	68580.000	17021.089	606.000	68585.000
5.480	68752.000	17074.762	584.000	68757.000
5.490	68925.000	17142.334	557.000	68929.000
5.500	69098.000	17189.634	537.000	69099.000
5.510	69273.000	17282.743	499.000	69268.000
5.520	69447.000	17317.920	484.000	69436.000
5.530	69622.000	17372.544	461.000	69605.000
5.540	69796.000	17380.781	457.000	69773.000
5.550	69970.000	17386.547	453.000	69943.000
5.560	70143.000	17360.583	462.000	70113.000
5.570	70316.000	17342.408	469.000	70283.000
5.580	70487.000	17269.686	497.000	70453.000
5.590	70659.000	17248.780	504.000	70626.000
5.600	70829.000	17174.146	534.000	70797.000
5.610	70999.000	17121.902	554.000	70970.000
5.620	71168.000	17055.331	581.000	71143.000
5.630	71338.000	17038.732	587.000	71317.000
5.640	71507.000	16997.112	604.000	71491.000
5.650	71676.000	16967.979	616.000	71665.000
5.660	71847.000	17007.585	600.000	71839.000
5.670	72016.000	16975.310	613.000	72011.000
5.680	72189.000	17072.717	574.000	72185.000
5.690	72360.000	17080.902	571.000	72356.000
5.700	72532.000	17116.631	557.000	72527.000
5.710	72705.000	17171.642	534.000	72698.000
5.720	72878.000	17210.149	518.000	72868.000
5.730	73052.000	17267.104	495.000	73038.000
5.740	73225.000	17276.973	490.000	73208.000
5.750	73399.000	17313.881	475.000	73378.000
5.760	73573.000	17339.717	463.000	73549.000
5.770	73747.000	17357.802	455.000	73719.000
5.780	73921.000	17370.461	449.000	73891.000
5.790	74095.000	17379.323	445.000	74062.000
5.800	74268.000	17355.526	453.000	74235.000
5.810	74445.000	17458.868	411.000	74412.000
5.820	74615.000	17321.208	465.000	74584.000
5.830	74788.000	17314.845	466.000	74759.000
5.840	74961.000	17310.392	468.000	74936.000
5.850	75134.000	17307.274	468.000	75113.000
5.860	75306.000	17275.092	480.000	75291.000
5.870	75478.000	17252.564	489.000	75469.000
5.880	75651.000	17266.795	483.000	75647.000
5.890	75823.000	17246.757	490.000	75824.000
5.900	75994.000	17202.730	507.000	76001.000
5.910	76167.000	17231.911	495.000	76177.000
5.920	76338.000	17192.337	511.000	76353.000
5.930	76511.000	17224.636	497.000	76527.000
5.940	76684.000	17247.245	488.000	76701.000
5.950	76858.000	17293.072	469.000	76874.000
5.960	77031.000	17295.150	468.000	77045.000
5.970	77206.000	17356.605	442.000	77217.000
5.980	77380.000	17369.624	436.000	77386.000
5.990	77555.000	17408.737	420.000	77554.000
6.000	77731.000	17466.116	396.000	77724.000
6.010	77905.000	17446.281	403.000	77892.000
6.020	78079.000	17432.397	407.000	78060.000
6.030	78254.000	17452.678	398.000	78230.000
6.040	78431.000	17526.874	367.000	78402.000
6.050	78605.000	17488.812	381.000	78574.000
6.060	78780.000	17492.168	379.000	78747.000
6.070	78954.000	17464.518	389.000	78922.000
6.080	79129.000	17475.163	384.000	79099.000
6.090	79301.000	17392.614	416.000	79273.000
6.100	79474.000	17364.830	426.000	79451.000
6.110	79646.000	17315.381	445.000	79629.000
6.120	79820.000	17340.767	435.000	79808.000
6.130	79993.000	17328.537	439.000	79988.000
6.140	80167.000	17349.976	430.000	80168.000
6.150	80340.000	17334.983	435.000	80346.000
6.160	80512.000	17294.488	451.000	80523.000
6.170	80688.000	17386.142	414.000	80701.000
6.180	80861.000	17360.299	424.000	80876.000
6.190	81035.000	17372.209	418.000	81051.000
6.200	81207.000	17320.547	438.000	81224.000
6.210	81380.000	17314.383	440.000	81396.000
6.220	81555.000	17370.068	417.000	81569.000
6.230	81726.000	17289.047	449.000	81737.000
6.240	81900.000	17322.333	436.000	81907.000
6.250	82072.000	17285.633	450.000	82074.000
6.260	82245.000	17289.943	448.000	82241.000
6.270	82417.000	17262.960	458.000	82408.000
6.280	82589.000	17244.072	466.000	82575.000
6.290	82761.000	17230.851	471.000	82742.000
6.300	82933.000	17221.595	474.000	82911.000
6.310	83103.000	17155.117	501.000	83078.000
6.320	83274.000	17138.582	507.000	83248.000
6.330	83445.000	17127.007	512.000	83418.000
6.340	83614.000	17058.905	540.000	83588.000
6.350	83783.000	17011.234	559.000	83758.000
6.360	83953.000	17007.863	561.000	83930.000
6.370	84123.000	17005.504	562.000	84101.000
6.380	84292.000	16973.853	575.000	84274.000
6.390	84462.000	16981.697	573.000	84447.000
6.400	84631.000	16957.188	583.000	84620.000
6.410	84802.000	17000.032	567.000	84794.000
6.420	84973.000	17030.022	555.000	84966.000
6.430	85144.000	17051.015	547.000	85139.000
6.440	85316.000	17095.711	529.000	85311.000
6.450	85487.000	17096.998	529.000	85483.000
6.460	85660.000	17157.898	505.000	85655.000
6.470	85832.000	17170.529	499.000	85826.000
6.480	86004.000	17179.370	496.000	85997.000
6.490	86176.000	17185.559	493.000	86168.000
6.500	86349.000	17219.891	479.000	86339.000
6.510	86520.000	17183.924	493.000	86509.000
6.520	86691.000	17158.747	503.000	86679.000
6.530	86862.000	17141.123	510.000	86849.000
6.540	87034.000	17158.786	503.000	87021.000
6.550	87204.000	17111.150	522.000	87191.000
6.560	87375.000	17107.805	523.000	87362.000
6.570	87544.000	17045.464	548.000	87531.000
6.580	87714.000	17031.824	554.000	87702.000
6.590	87884.000	17022.277	558.000	87873.000
6.600	88054.000	17015.594	561.000	88043.000
6.610	88225.000	17040.916	551.000	88214.000
6.620	88397.000	17088.641	532.000	88384.000
6.630	88568.000	17092.049	531.000	88555.000
6.640	88740.000	17124.434	518.000	88726.000
6.650	88912.000	17147.104	509.000	88898.000
6.660	89085.000	17192.973	490.000	89070.000
6.670	89257.000	17195.081	489.000	89243.000
6.680	89430.000	17226.557	476.000	89416.000
6.690	89603.000	17248.590	467.000	89588.000
6.700	89779.000	17354.013	425.000	89764.000
6.710	89951.000	17307.809	442.000	89937.000
6.720	90127.000	17395.466	407.000	90112.000
6.730	90299.000	17336.826	429.000	90285.000
6.740	90473.000	17355.778	421.000	90460.000
6.750	90646.000	17339.045	427.000	90635.000
6.760	90819.000	17327.331	431.000	90810.000
6.770	90993.000	17349.132	422.000	90986.000
6.780	91167.000	17364.392	415.000	91163.000
6.790	91341.000	17375.075	410.000	91339.000
6.800	91513.000	17322.552	430.000	91514.000
6.810	91687.000	17345.787	421.000	91689.000
6.820	91859.000	17302.051	438.000	91864.000
6.830	92031.000	17271.435	449.000	92038.000
6.840	92204.000	17280.005	446.000	92211.000
6.850	92375.000	17226.003	467.000	92384.000
6.860	92548.000	17248.202	458.000	92557.000
6.870	92718.000	17173.742	488.000	92728.000
6.880	92891.000	17211.619	472.000	92898.000
6.890	93063.000	17208.133	474.000	93068.000
6.900	93237.000	17265.693	450.000	93239.000
6.910	93409.000	17245.985	458.000	93407.000
6.920	93582.000	17262.190	451.000	93576.000
6.930	93755.000	17273.533	447.000	93744.000
6.940	93929.000	17311.473	431.000	93912.000
6.950	94102.000	17308.031	432.000	94081.000
6.960	94274.000	17275.622	445.000	94251.000
6.970	94447.000	17282.935	441.000	94421.000
6.980	94620.000	17288.055	439.000	94593.000
6.990	94792.000	17261.638	449.000	94765.000
7.000	94964.000	17243.147	456.000	94939.000
7.010	95136.000	17230.203	461.000	95113.000
7.020	95308.000	17221.142	465.000	95287.000
7.030	95479.000	17184.799	479.000	95462.000
7.040	95651.000	17189.360	477.000	95637.000
7.050	95823.000	17192.552	476.000	95812.000
7.060	95995.000	17194.786	475.000	95989.000
7.070	96167.000	17196.350	474.000	96165.000
7.080	96339.000	17197.445	474.000	96339.000
7.090	96511.000	17198.212	474.000	96514.000
7.100	96683.000	17198.748	473.000	96687.000
7.110	96855.000	17199.124	473.000	96860.000
7.120	97027.000	17199.387	473.000	97032.000
7.130	97199.000	17199.571	473.000	97205.000
7.140	97371.000	17199.699	473.000	97376.000
7.150	97543.000	17199.790	473.000	97547.000
7.160	97714.000	17169.853	484.000	97717.000
7.170	97886.000	17178.897	481.000	97886.000
7.180	98057.000	17155.228	490.000	98055.000
7.190	98228.000	17138.659	497.000	98222.000
7.200	98399.000	17127.062	502.000	98389.000
7.210	98570.000	17118.943	505.000	98557.000
7.220	98741.000	17113.260	508.000	98725.000
7.230	98912.000	17109.282	509.000	98893.000
7.240	99083.000	17106.497	511.000	99062.000
7.250	99253.000	17074.548	524.000	99230.000
7.260	99425.000	17112.184	509.000	99401.000
7.270	99595.000	17078.529	523.000	99570.000
7.280	99764.000	17024.970	544.000	99740.000
7.290	99934.000	17017.479	548.000	99911.000
7.300	100104.000	17012.235	550.000	100082.000
7.310	100273.000	16978.565	564.000	100253.000
7.320	100444.000	17014.995	550.000	100426.000
7.330	100614.000	17010.497	552.000	100597.000
7.340	100785.000	17037.348	542.000	100770.000
7.350	100955.000	17026.143	547.000	100942.000
7.360	101127.000	17078.300	526.000	101115.000
7.370	101298.000	17084.810	524.000	101285.000
7.380	101469.000	17089.367	522.000	101455.000
7.390	101640.000	17092.557	521.000	101627.000
7.400	101812.000	17124.790	508.000	101798.000
7.410	101984.000	17147.353	499.000	101969.000
7.420	102155.000	17133.147	505.000	102139.000
7.430	102326.000	17123.203	509.000	102310.000
7.440	102497.000	17116.242	512.000	102481.000
7.450	102667.000	17081.369	526.000	102650.000
7.460	102837.000	17056.959	536.000	102821.000
7.470	103007.000	17039.871	543.000	102991.000
7.480	103176.000	16997.910	560.000	103162.000
7.490	103346.000	16998.537	560.000	103333.000
7.500	103514.000	16938.976	584.000	103503.000
7.510	103684.000	16957.283	578.000	103673.000
7.520	103854.000	16970.098	573.000	103844.000
7.530	104024.000	16979.069	570.000	104013.000
7.540	104195.000	17015.348	556.000	104183.000
7.550	104366.000	17040.744	546.000	104353.000
7.560	104538.000	17088.521	527.000	104522.000
7.570	104709.000	17091.964	526.000	104691.000
7.580	104881.000	17124.375	513.000	104860.000
7.590	105054.000	17177.063	492.000	105029.000
7.600	105226.000	17183.944	489.000	105199.000
7.610	105399.000	17218.761	475.000	105370.000
7.620	105571.000	17213.132	476.000	105541.000
7.630	105744.000	17239.193	466.000	105713.000
7.640	105917.000	17257.435	458.000	105886.000
7.650	106089.000	17240.204	464.000	106059.000
7.660	106262.000	17258.143	457.000	106234.000
7.670	106436.000	17300.700	439.000	106408.000
7.680	106608.000	17270.490	451.000	106583.000
7.690	106781.000	17279.343	447.000	106759.000
7.700	106953.000	17255.540	456.000	106935.000
7.710	107126.000	17268.878	450.000	107112.000
7.720	107298.000	17248.215	458.000	107289.000
7.730	107470.000	17233.750	464.000	107466.000
7.740	107642.000	17223.625	468.000	107642.000
7.750	107813.000	17186.538	482.000	107817.000
7.760	107986.000	17220.576	469.000	107992.000
7.770	108157.000	17184.403	483.000	108166.000
7.780	108329.000	17189.082	481.000	108340.000
7.790	108501.000	17192.358	480.000	108512.000
7.800	108673.000	17194.650	479.000	108683.000
7.810	108846.000	17226.255	466.000	108854.000
7.820	109018.000	17218.379	469.000	109024.000
7.830	109191.000	17242.865	459.000	109194.000
7.840	109365.000	17290.006	440.000	109363.000
7.850	109538.000	17293.004	438.000	109531.000
7.860	109711.000	17295.103	437.000	109700.000
7.870	109883.000	17266.572	448.000	109869.000
7.880	110057.000	17306.600	431.000	110039.000
7.890	110229.000	17274.620	444.000	110208.000
7.900	110401.000	17252.234	452.000	110378.000
7.910	110575.000	17296.564	434.000	110551.000
7.920	110747.000	17267.595	446.000	110723.000
7.930	110919.000	17247.316	453.000	110896.000
7.940	111091.000	17233.121	459.000	111070.000
7.950	111263.000	17223.185	463.000	111244.000
7.960	111435.000	17216.229	465.000	111419.000
7.970	111606.000	17181.361	479.000	111595.000
7.980	111779.000	17216.952	465.000	111772.000
7.990	111951.000	17211.867	467.000	111948.000
8.000	112125.000	17268.307	444.000	112126.000
8.010	112297.000	17247.815	452.000	112300.000
8.020	112470.000	17263.470	446.000	112475.000
8.030	112643.000	17274.429	441.000	112650.000
8.040	112816.000	17282.100	438.000	112823.000
8.050	112988.000	17257.470	447.000	112995.000
8.060	113161.000	17270.229	442.000	113167.000
8.070	113334.000	17279.160	438.000	113338.000
8.080	113506.000	17255.412	447.000	113508.000
8.090	113679.000	17268.789	442.000	113679.000
8.100	113850.000	17218.152	462.000	113847.000
8.110	114022.000	17212.706	464.000	114016.000
8.120	114193.000	17178.894	477.000	114184.000
8.130	114364.000	17155.226	487.000	114352.000
8.140	114536.000	17168.658	482.000	114521.000
8.150	114707.000	17148.061	490.000	114690.000
8.160	114877.000	17103.643	508.000	114858.000
8.170	115049.000	17132.550	496.000	115028.000
8.180	115220.000	17122.785	501.000	115198.000
8.190	115391.000	17115.949	503.000	115369.000
8.200	115561.000	17081.165	518.000	115540.000
8.210	115732.000	17086.815	516.000	115712.000
8.220	115903.000	17090.771	514.000	115884.000
8.230	116074.000	17093.539	514.000	116056.000
8.240	116245.000	17095.478	513.000	116228.000
8.250	116415.000	17066.834	525.000	116401.000
8.260	116587.000	17106.784	509.000	116575.000
8.270	116759.000	17134.749	498.000	116748.000
8.280	116931.000	17154.324	490.000	116921.000
8.290	117104.000	17198.027	473.000	117094.000
8.300	117275.000	17168.619	484.000	117266.000
8.310	117450.000	17268.033	445.000	117441.000
8.320	117620.000	17187.623	476.000	117612.000
8.330	117792.000	17191.336	475.000	117785.000
8.340	117964.000	17193.935	474.000	117957.000
8.350	118136.000	17195.755	473.000	118129.000
8.360	118308.000	17197.028	472.000	118301.000
8.370	118479.000	17167.920	484.000	118472.000
8.380	118649.000	17117.544	504.000	118642.000
8.390	118820.000	17112.281	506.000	118812.000
8.400	118989.000	17048.597	532.000	118982.000
8.410	119159.000	17034.018	538.000	119152.000
8.420	119329.000	17023.812	543.000	119322.000
8.430	119498.000	16986.669	558.000	119490.000
8.440	119667.000	16960.668	569.000	119660.000
8.450	119836.000	16942.468	577.000	119828.000
8.460	120006.000	16959.727	571.000	119997.000
8.470	120175.000	16941.809	579.000	120166.000
8.480	120346.000	16989.266	560.000	120335.000
8.490	120516.000	16992.486	559.000	120503.000
8.500	120687.000	17024.741	547.000	120672.000
8.510	120858.000	17047.318	538.000	120842.000
8.520	121029.000	17063.123	532.000	121012.000
8.530	121199.000	17044.186	540.000	121182.000
8.540	121370.000	17060.930	533.000	121353.000
8.550	121542.000	17102.651	517.000	121525.000
8.560	121713.000	17101.856	517.000	121697.000
8.570	121884.000	17101.299	518.000	121870.000
8.580	122056.000	17130.909	506.000	122043.000
8.590	122228.000	17151.637	497.000	122216.000
8.600	122401.000	17196.146	480.000	122390.000
8.610	122572.000	17167.302	491.000	122563.000
8.620	122744.000	17177.111	487.000	122737.000
8.630	122917.000	17213.978	472.000	122911.000
8.640	123089.000	17209.785	473.000	123085.000
8.650	123263.000	17266.849	450.000	123259.000
8.660	123435.000	17246.794	458.000	123433.000
8.670	123609.000	17292.756	439.000	123607.000
8.680	123781.000	17264.929	450.000	123780.000
8.690	123952.000	17215.450	469.000	123952.000
8.700	124123.000	17180.815	483.000	124125.000
8.710	124296.000	17216.571	468.000	124298.000
8.720	124468.000	17211.600	470.000	124469.000
8.730	124638.000	17148.120	495.000	124641.000
8.740	124810.000	17163.684	489.000	124812.000
8.750	124984.000	17234.579	461.000	124983.000
8.760	125155.000	17194.205	477.000	125153.000
8.770	125327.000	17195.944	476.000	125323.000
8.780	125500.000	17227.160	463.000	125493.000
8.790	125673.000	17249.012	454.000	125662.000
8.800	125845.000	17234.309	460.000	125832.000
8.810	126019.000	17284.016	440.000	126003.000
8.820	126191.000	17258.811	450.000	126173.000
8.830	126363.000	17241.168	456.000	126344.000
8.840	126537.000	17288.818	437.000	126517.000
8.850	126709.000	17262.172	447.000	126689.000
8.860	126882.000	17273.521	443.000	126863.000
8.870	127056.000	17311.464	427.000	127038.000
8.880	127227.000	17248.025	452.000	127210.000
8.890	127399.000	17233.618	458.000	127383.000
8.900	127572.000	17253.532	449.000	127558.000
8.910	127745.000	17267.473	444.000	127732.000
8.920	127917.000	17247.231	451.000	127908.000
8.930	128090.000	17263.062	445.000	128083.000
8.940	128262.000	17244.143	452.000	128258.000
8.950	128435.000	17260.900	445.000	128432.000
8.960	128607.000	17242.630	452.000	128606.000
8.970	128780.000	17259.841	445.000	128779.000
8.980	128952.000	17241.889	452.000	128952.000
8.990	129124.000	17229.322	457.000	129125.000
9.000	129296.000	17220.525	460.000	129298.000
9.010	129467.000	17184.368	475.000	129469.000
9.020	129638.000	17159.057	485.000	129641.000
9.030	129808.000	17111.340	504.000	129811.000
9.040	129979.000	17107.938	506.000	129982.000
9.050	130151.000	17135.557	495.000	130152.000
9.060	130321.000	17094.890	512.000	130319.000
9.070	130491.000	17066.423	523.000	130488.000
9.080	130662.000	17076.496	520.000	130655.000
9.090	130833.000	17083.547	517.000	130822.000
9.100	131005.000	17118.483	503.000	130991.000
9.110	131175.000	17082.938	518.000	131158.000
9.120	131347.000	17118.057	504.000	131325.000
9.130	131518.000	17112.640	506.000	131493.000
9.140	131690.000	17138.848	496.000	131663.000
9.150	131860.000	17097.193	513.000	131831.000
9.160	132030.000	17068.035	525.000	132000.000
9.170	132201.000	17077.625	521.000	132170.000
9.180	132371.000	17054.337	531.000	132341.000
9.190	132542.000	17068.036	526.000	132513.000
9.200	132714.000	17107.625	510.000	132687.000
9.210	132884.000	17075.338	523.000	132859.000
9.220	133054.000	17052.736	532.000	133032.000
9.230	133225.000	17066.915	527.000	133205.000
9.240	133395.000	17046.841	535.000	133378.000
9.250	133566.000	17062.789	529.000	133552.000
9.260	133737.000	17073.952	525.000	133726.000
9.270	133908.000	17081.766	522.000	133899.000
9.280	134079.000	17087.236	520.000	134073.000
9.290	134250.000	17091.066	519.000	134246.000
9.300	134421.000	17093.746	518.000	134418.000
9.310	134592.000	17095.622	517.000	134589.000
9.320	134762.000	17066.935	529.000	134759.000
9.330	134932.000	17046.855	537.000	134928.000
9.340	135103.000	17062.798	531.000	135098.000
9.350	135274.000	17073.959	527.000	135267.000
9.360	135444.000	17051.771	536.000	135435.000
9.370	135614.000	17036.240	542.000	135602.000
9.380	135786.000	17085.368	523.000	135771.000
9.390	135957.000	17089.758	521.000	135939.000
9.400	136128.000	17092.830	520.000	136107.000
9.410	136299.000	17094.981	520.000	136275.000
9.420	136470.000	17096.487	519.000	136443.000
9.430	136641.000	17097.541	519.000	136611.000
9.440	136812.000	17098.279	519.000	136781.000
9.450	136982.000	17068.795	531.000	136951.000
9.460	137153.000	17078.156	527.000	137121.000
9.470	137323.000	17054.710	537.000	137293.000
9.480	137496.000	17128.297	507.000	137468.000
9.490	137664.000	17029.808	547.000	137639.000
9.500	137835.000	17050.865	539.000	137812.000
9.510	138006.000	17065.606	533.000	137985.000
9.520	138177.000	17075.924	529.000	138158.000
9.530	138351.000	17173.147	490.000	138334.000
9.540	138521.000	17121.203	511.000	138507.000
9.550	138694.000	17174.842	489.000	138680.000
9.560	138868.000	17242.389	462.000	138856.000
9.570	139039.000	17199.673	479.000	139028.000
9.580	139211.000	17199.771	479.000	139202.000
9.590	139383.000	17199.840	478.000	139375.000
9.600	139556.000	17229.888	466.000	139549.000
9.610	139729.000	17250.921	458.000	139722.000
9.620	139901.000	17235.645	463.000	139895.000
9.630	140073.000	17224.951	467.000	140068.000
9.640	140245.000	17217.466	470.000	140241.000
9.650	140417.000	17212.226	472.000	140414.000
9.660	140589.000	17208.558	473.000	140586.000
9.670	140764.000	17295.991	438.000	140762.000
9.680	140933.000	17177.194	485.000	140931.000
9.690	141105.000	17184.036	482.000	141104.000
9.700	141278.000	17218.825	468.000	141276.000
9.710	141452.000	17273.177	446.000	141448.000
9.720	141625.000	17281.224	443.000	141620.000
9.730	141798.000	17286.857	440.000	141791.000
9.740	141972.000	17320.800	426.000	141962.000
9.750	142146.000	17344.560	416.000	142134.000
9.760	142320.000	17361.192	409.000	142306.000
9.770	142494.000	17372.834	403.000	142479.000
9.780	142668.000	17380.984	400.000	142651.000
9.790	142843.000	17416.689	385.000	142824.000
9.800	143017.000	17411.682	386.000	142998.000
9.810	143191.000	17408.178	387.000	143171.000
9.820	143365.000	17405.724	387.000	143345.000
9.830	143539.000	17404.007	387.000	143520.000
9.840	143714.000	17432.805	375.000	143697.000
9.850	143886.000	17362.963	402.000	143872.000
9.860	144060.000	17374.074	397.000	144050.000
9.870	144232.000	17321.852	417.000	144226.000
9.880	144405.000	17315.296	420.000	144402.000
9.890	144578.000	17310.708	421.000	144578.000
9.900	144750.000	17277.495	434.000	144754.000
9.910	144922.000	17254.247	443.000	144929.000
9.920	145094.000	17237.973	450.000	145102.000
9.930	145264.000	17166.581	478.000	145275.000
9.940	145436.000	17176.607	474.000	145448.000
9.950	145608.000	17183.625	472.000	145620.000
9.960	145779.000	17158.537	482.000	145791.000
9.970	145950.000	17140.976	489.000	145960.000
9.980	146122.000	17158.683	482.000	146129.000
9.990	146293.000	17141.078	489.000	146296.000
10.000	146464.000	17128.755	495.000	146463.000
10.010	146635.000	17120.128	498.000	146630.000
10.020	146806.000	17114.090	501.000	146796.000
10.030	146977.000	17109.863	503.000	146962.000
10.040	147149.000	17136.904	492.000	147130.000
10.050	147324.000	17245.833	449.000	147300.000
10.060	147491.000	17082.083	514.000	147465.000
10.070	147661.000	17057.458	524.000	147633.000
10.080	147832.000	17070.221	520.000	147802.000
10.090	148001.000	17019.154	541.000	147972.000
10.100	148170.000	16983.408	555.000	148143.000
10.110	148339.000	16958.386	566.000	148314.000
10.120	148508.000	16940.870	574.000	148487.000
10.130	148677.000	16928.609	579.000	148660.000
10.140	148847.000	16950.026	572.000	148834.000
10.150	149017.000	16965.018	566.000	149006.000
10.160	149187.000	16975.513	563.000	149178.000
10.170	149357.000	16982.859	560.000	149351.000
10.180	149528.000	17018.001	547.000	149523.000
10.190	149698.000	17012.601	549.000	149695.000
10.200	149870.000	17068.821	527.000	149866.000
10.210	150041.000	17078.174	523.000	150038.000
10.220	150212.000	17084.722	521.000	150208.000
10.230	150383.000	17089.305	519.000	150379.000
10.240	150554.000	17092.514	518.000	150548.000
10.250	150725.000	17094.760	517.000	150718.000
10.260	150895.000	17066.332	529.000	150887.000
10.270	151065.000	17046.432	537.000	151056.000
10.280	151235.000	17032.503	543.000	151224.000
10.290	151405.000	17022.752	547.000	151393.000
10.300	151575.000	17015.926	550.000	151561.000
10.310	151745.000	17011.148	553.000	151730.000
10.320	151914.000	16977.804	566.000	151899.000
10.330	152084.000	16984.463	564.000	152069.000
10.340	152254.000	16989.124	563.000	152239.000
10.350	152424.000	16992.387	562.000	152409.000
10.360	152595.000	17024.671	549.000	152579.000
10.370	152765.000	17017.269	553.000	152749.000
10.380	152935.000	17012.089	555.000	152920.000
10.390	153107.000	17068.462	533.000	153092.000
10.400	153278.000	17077.923	529.000	153264.000
10.410	153449.000	17084.546	527.000	153436.000
10.420	153620.000	17089.182	525.000	153608.000
10.430	153791.000	17092.428	524.000	153781.000
10.440	153964.000	17154.699	499.000	153954.000
10.450	154136.000	17168.290	493.000	154127.000
10.460	154309.000	17207.803	477.000	154300.000
10.470	154481.000	17205.462	478.000	154473.000
10.480	154654.000	17233.823	466.000	154647.000
10.490	154828.000	17283.676	446.000	154821.000
10.500	155000.000	17258.573	455.000	154993.000
10.510	155174.000	17301.001	438.000	155167.000
10.520	155349.000	17360.701	413.000	155341.000
10.530	155521.000	17312.491	432.000	155515.000
10.540	155695.000	17338.743	421.000	155688.000
10.550	155866.000	17267.120	449.000	155861.000
10.560	156039.000	17276.984	445.000	156035.000
10.570	156209.000	17193.889	478.000	156208.000
10.580	156381.000	17195.722	477.000	156381.000
10.590	156553.000	17197.006	476.000	156555.000
10.600	156722.000	17107.904	512.000	156727.000
10.610	156877.000	16625.533	705.000	156881.000
10.620	157048.000	16767.873	650.000	157052.000
10.630	157221.000	16927.511	587.000	157223.000
10.640	157394.000	17039.258	543.000	157393.000
10.650	157568.000	17147.480	500.000	157562.000
10.660	157741.000	17193.236	482.000	157731.000
10.670	157915.000	17255.265	457.000	157901.000
10.680	158090.000	17328.686	427.000	158071.000
10.690	158264.000	17350.080	418.000	158242.000
10.700	158438.000	17365.056	411.000	158414.000
10.710	158612.000	17375.539	406.000	158586.000
10.720	158786.000	17382.877	402.000	158759.000
10.730	158962.000	17448.014	376.000	158935.000
10.740	159134.000	17373.610	404.000	159108.000
10.750	159307.000	17351.527	413.000	159283.000
10.760	159480.000	17336.069	418.000	159459.000
10.770	159656.000	17415.248	386.000	159638.000
10.780	159827.000	17320.674	423.000	159813.000
10.790	160000.000	17314.472	425.000	159991.000
10.800	160173.000	17310.130	427.000	160169.000
10.810	160346.000	17307.091	427.000	160346.000
10.820	160518.000	17274.964	440.000	160523.000
10.830	160692.000	17312.475	425.000	160699.000
10.840	160865.000	17308.732	426.000	160874.000
10.850	161037.000	17276.113	438.000	161048.000
10.860	161209.000	17253.279	447.000	161221.000
10.870	161382.000	17267.295	442.000	161393.000
10.880	161554.000	17247.107	449.000	161565.000
10.890	161726.000	17232.975	455.000	161735.000
10.900	161898.000	17223.082	459.000	161904.000
10.910	162070.000	17216.158	462.000	162073.000
10.920	162242.000	17211.310	463.000	162240.000
10.930	162413.000	17177.917	477.000	162406.000
10.940	162585.000	17184.542	474.000	162573.000
10.950	162757.000	17189.179	472.000	162742.000
10.960	162927.000	17132.426	495.000	162907.000
10.970	163097.000	17092.698	511.000	163074.000
10.980	163268.000	17094.889	511.000	163243.000
10.990	163439.000	17096.422	510.000	163411.000
11.000	163609.000	17067.495	522.000	163580.000
11.010	163778.000	17017.247	543.000	163749.000
11.020	163946.000	16952.073	569.000	163918.000
11.030	164116.000	16966.451	564.000	164090.000
11.040	164286.000	16976.516	561.000	164261.000
11.050	164455.000	16953.561	571.000	164434.000
11.060	164625.000	16967.493	566.000	164607.000
11.070	164794.000	16947.245	575.000	164778.000
11.080	164966.000	17023.071	545.000	164952.000
11.090	165136.000	17016.150	548.000	165125.000
11.100	165307.000	17041.305	538.000	165297.000
11.110	165478.000	17058.913	532.000	165468.000
11.120	165649.000	17071.239	527.000	165639.000
11.130	165821.000	17109.868	512.000	165811.000
11.140	165992.000	17106.907	513.000	165982.000
11.150	166165.000	17164.835	490.000	166155.000
11.160	166335.000	17115.385	510.000	166324.000
11.170	166505.000	17080.769	523.000	166493.000
11.180	166677.000	17116.538	509.000	166664.000
11.190	166848.000	17111.577	511.000	166833.000
11.200	167018.000	17078.104	525.000	167002.000
11.210	167189.000	17084.673	522.000	167171.000
11.220	167359.000	17059.271	533.000	167341.000
11.230	167530.000	17071.490	528.000	167511.000
11.240	167700.000	17050.043	537.000	167680.000
11.250	167870.000	17035.030	543.000	167850.000
11.260	168043.000	17114.521	512.000	168022.000
11.270	168212.000	17050.165	538.000	168190.000
11.280	168384.000	17095.115	520.000	168361.000
11.290	168556.000	17126.581	507.000	168531.000
11.300	168727.000	17118.606	510.000	168702.000
11.310	168899.000	17143.025	501.000	168873.000
11.320	169070.000	17130.117	506.000	169045.000
11.330	169243.000	17181.082	485.000	169218.000
11.340	169416.000	17216.757	471.000	169391.000
11.350	169587.000	17181.730	485.000	169563.000
11.360	169760.000	17217.211	470.000	169736.000
11.370	169932.000	17212.048	472.000	169910.000
11.380	170106.000	17268.433	449.000	170084.000
11.390	170279.000	17277.903	445.000	170259.000
11.400	170452.000	17284.532	442.000	170434.000
11.410	170625.000	17289.173	440.000	170609.000
11.420	170799.000	17322.421	426.000	170784.000
11.430	170973.000	17345.695	416.000	170961.000
11.440	171145.000	17301.986	433.000	171135.000
11.450	171319.000	17331.390	421.000	171312.000
11.460	171491.000	17291.973	436.000	171487.000
11.470	171664.000	17294.381	435.000	171662.000
11.480	171836.000	17266.067	446.000	171836.000
11.490	172006.000	17186.247	477.000	172008.000
11.500	172178.000	17190.373	476.000	172181.000
11.510	172349.000	17163.261	487.000	172354.000
11.520	172520.000	17144.283	494.000	172526.000
11.530	172693.000	17190.998	476.000	172699.000
11.540	172865.000	17193.699	474.000	172870.000
11.550	173036.000	17165.589	486.000	173040.000
11.560	173208.000	17175.912	482.000	173210.000
11.570	173382.000	17243.139	455.000	173380.000
11.580	173555.000	17260.197	448.000	173549.000
11.590	173727.000	17242.138	455.000	173717.000
11.600	173899.000	17229.497	459.000	173885.000
11.610	174072.000	17250.648	451.000	174055.000
11.620	174245.000	17265.453	445.000	174225.000
11.630	174418.000	17275.817	440.000	174397.000
11.640	174590.000	17253.072	449.000	174568.000
11.650	174762.000	17237.150	455.000	174740.000
11.660	174934.000	17226.005	459.000	174913.000
11.670	175105.000	17188.204	474.000	175084.000
11.680	175278.000	17221.743	461.000	175259.000
11.690	175449.000	17185.220	475.000	175434.000
11.700	175621.000	17189.654	474.000	175609.000
11.710	175794.000	17222.758	460.000	175784.000
11.720	175965.000	17185.930	475.000	175959.000
11.730	176138.000	17220.151	461.000	176136.000
11.740	176310.000	17214.106	464.000	176310.000
11.750	176483.000	17239.874	453.000	176485.000
11.760	176655.000	17227.912	458.000	176660.000
11.770	176827.000	17219.538	461.000	176833.000
11.780	176999.000	17213.677	463.000	177006.000
11.790	177171.000	17209.574	465.000	177178.000
11.800	177343.000	17206.702	466.000	177349.000
11.810	177515.000	17204.691	467.000	177520.000
11.820	177686.000	17173.284	479.000	177690.000
11.830	177858.000	17181.299	476.000	177860.000
11.840	178029.000	17156.909	486.000	178028.000
11.850	178200.000	17139.836	493.000	178197.000
11.860	178371.000	17127.885	498.000	178364.000
11.870	178542.000	17119.520	501.000	178531.000
11.880	178713.000	17113.664	504.000	178699.000
11.890	178884.000	17109.565	505.000	178866.000
11.900	179055.000	17106.695	507.000	179035.000
11.910	179225.000	17074.687	520.000	179203.000
11.920	179397.000	17112.281	505.000	179373.000
11.930	179566.000	17048.596	531.000	179542.000
11.940	179736.000	17034.018	537.000	179711.000
11.950	179906.000	17023.812	542.000	179881.000
11.960	180075.000	16986.669	557.000	180052.000
11.970	180243.000	16930.668	580.000	180222.000
11.980	180413.000	16951.468	572.000	180394.000
11.990	180583.000	16966.027	567.000	180567.000
12.000	180752.000	16946.219	576.000	180739.000
12.010	180923.000	16992.353	0.000	180911.000
12.020	181093.000	16994.647	0.000	181084.000
12.030	181261.000	16936.253	0.000	181255.000
12.040	181430.000	16925.377	0.000	181427.000
12.050	181597.000	16857.764	0.000	181600.000
12.060	181763.000	16780.435	0.000	181770.000
12.070	181930.000	16756.304	0.000	181940.000
12.080	182094.000	16649.413	0.000	182109.000
12.090	182258.000	16574.589	0.000	182276.000
12.100	182421.000	16492.212	0.000	182442.000
12.110	182584.000	16434.549	0.000	182606.000
12.120	182746.000	16364.184	0.000	182769.000
12.130	182906.000	16254.929	0.000	182929.000
12.140	183066.000	16178.450	0.000	183088.000
12.150	183225.000	16094.915	0.000	183245.000
12.160	183382.000	15976.441	0.000	183400.000
12.170	183540.000	15923.508	0.000	183554.000
12.180	183696.000	15826.456	0.000	183708.000
12.190	183852.000	15758.519	0.000	183861.000
12.200	184007.000	15680.963	0.000	184012.000
12.210	184161.000	15596.674	0.000	184163.000
12.220	184314.000	15507.672	0.000	184314.000
12.230	184467.000	15445.370	0.000	184464.000
12.240	184620.000	15401.759	0.000	184613.000
12.250	184772.000	15341.232	0.000	184764.000
12.260	184922.000	15238.862	0.000	184914.000
12.270	185072.000	15167.203	0.000	185063.000
12.280	185221.000	15087.042	0.000	185214.000
12.290	185371.000	15060.930	0.000	185366.000
12.300	185518.000	14952.651	0.000	185515.000
12.310	185665.000	14876.856	0.000	185665.000
12.320	185811.000	14793.799	0.000	185815.000
12.330	185958.000	14765.659	0.000	185964.000
12.340	186104.000	14715.961	0.000	186114.000
12.350	186249.000	14651.173	0.000	186259.000
12.360	186394.000	14605.821	0.000	186407.000
12.370	186538.000	14544.075	0.000	186552.000
12.380	186683.000	14530.852	0.000	186699.000
12.390	186826.000	14461.597	0.000	186841.000
12.400	186969.000	14413.118	0.000	186984.000
12.410	187112.000	14379.182	0.000	187127.000
12.420	187255.000	14355.428	0.000	187268.000
12.430	187398.000	14338.799	0.000	187410.000
12.440	187536.000	14177.160	0.000	187547.000
12.450	187677.000	14154.012	0.000	187685.000
12.460	187815.000	14047.808	0.000	187823.000
12.470	187952.000	13943.466	0.000	187960.000
12.480	188088.000	13840.426	0.000	188096.000
12.490	188225.000	13798.298	0.000	188233.000
12.500	188357.000	13618.809	0.000	188367.000
12.510	188492.000	13583.166	0.000	188502.000
12.520	188622.000	13408.216	0.000	188635.000
12.530	188753.000	13315.751	0.000	188768.000
12.540	188885.000	13281.026	0.000	188901.000
12.550	189013.000	13136.718	0.000	189030.000
12.560	189142.000	13065.703	0.000	189161.000
12.570	189272.000	13045.992	0.000	189290.000
12.580	189399.000	12942.194	0.000	189416.000
12.590	189527.000	12899.536	0.000	189541.000
12.600	189654.000	12839.675	0.000	189666.000
12.610	189781.000	12797.773	0.000	189790.000
12.620	189906.000	12708.441	0.000	189913.000
12.630	190032.000	12675.909	0.000	190036.000
12.640	190157.000	12623.136	0.000	190158.000
12.650	190282.000	12586.195	0.000	190281.000
12.660	190405.000	12500.337	0.000	190403.000
12.670	190529.000	12470.236	0.000	190524.000
12.680	190651.000	12389.165	0.000	190646.000
12.690	190772.000	12302.415	0.000	190768.000
12.700	190893.000	12241.691	0.000	190889.000
12.710	191014.000	12199.184	0.000	191010.000
12.720	191133.000	12109.429	0.000	191130.000
12.730	191251.000	12016.600	0.000	191251.000
12.740	191369.000	11951.620	0.000	191371.000
12.750	191487.000	11906.134	0.000	191490.000
12.760	191604.000	11844.294	0.000	191609.000
12.770	191720.000	11771.006	0.000	191727.000
12.780	191836.000	11719.704	0.000	191844.000
12.790	191951.000	11653.793	0.000	191962.000
12.800	192066.000	11607.655	0.000	192079.000
12.810	192180.000	11545.358	0.000	192193.000
12.820	192294.000	11501.751	0.000	192307.000
12.830	192407.000	11441.226	0.000	192420.000
12.840	192519.000	11368.858	0.000	192532.000
12.850	192630.000	11288.201	0.000	192643.000
12.860	192741.000	11231.740	0.000	192752.000
12.870	192850.000	11132.218	0.000	192860.000
12.880	192959.000	11062.553	0.000	192967.000
12.890	193067.000	10983.787	0.000	193074.000
12.900	193174.000	10898.651	0.000	193180.000
12.910	193280.000	10809.056	0.000	193286.000
12.920	193383.000	10656.339	0.000	193389.000
12.930	193487.000	10579.437	0.000	193493.000
12.940	193589.000	10465.606	0.000	193596.000
12.950	193689.000	10325.924	0.000	193698.000
12.960	193789.000	10228.147	0.000	193799.000
12.970	193888.000	10129.703	0.000	193899.000
12.980	193986.000	10030.792	0.000	193998.000
12.990	194083.000	9931.554	0.000	194096.000
13.000	194179.000	9832.088	0.000	194193.000
13.010	194274.000	9732.462	0.000	194289.000
13.020	194368.000	9632.723	0.000	194384.000
13.030	194462.000	9562.906	0.000	194478.000
13.040	194557.000	9544.034	0.000	194571.000
13.050	194650.000	9470.824	0.000	194664.000
13.060	194743.000	9419.577	0.000	194755.000
13.070	194836.000	9383.704	0.000	194845.000
13.080	194927.000	9298.593	0.000	194932.000
13.090	195019.000	9269.015	0.000	195020.000
13.100	195110.000	9218.310	0.000	195106.000
13.110	195200.000	9152.817	0.000	195192.000
13.120	195289.000	9076.972	0.000	195278.000
13.130	195377.000	8993.880	0.000	195364.000
13.140	195465.000	8935.716	0.000	195450.000
13.150	195551.000	8835.001	0.000	195536.000
13.160	195637.000	8764.501	0.000	195622.000
13.170	195721.000	8655.151	0.000	195708.000
13.180	195804.000	8548.605	0.000	195795.000
13.190	195887.000	8474.024	0.000	195881.000
13.200	195969.000	8391.817	0.000	195967.000
13.210	196050.000	8304.272	0.000	196053.000
13.220	196132.000	8272.990	0.000	196138.000
13.230	196212.000	8191.093	0.000	196223.000
13.240	196293.000	8163.765	0.000	196306.000
13.250	196373.000	8114.636	0.000	196389.000
13.260	196454.000	8110.245	0.000	196471.000
13.270	196533.000	8047.171	0.000	196549.000
13.280	196614.000	8063.020	0.000	196627.000
13.290	196691.000	7954.114	0.000	196701.000
13.300	196771.000	7967.880	0.000	196777.000
13.310	196850.000	7947.516	0.000	196851.000
13.320	196929.000	7933.261	0.000	196925.000
13.330	197005.000	7833.283	0.000	196996.000
13.340	197081.000	7763.298	0.000	197069.000
13.350	197157.000	7714.309	0.000	197141.000
13.360	197230.000	7590.016	0.000	197212.000
13.370	197304.000	7533.011	0.000	197284.000
13.380	197376.000	7433.108	0.000	197357.000
13.390	197446.000	7303.175	0.000	197428.000
13.400	197515.000	7182.223	0.000	197500.000
13.410	197583.000	7067.556	0.000	197572.000
13.420	197651.000	6987.289	0.000	197645.000
13.430	197717.000	6871.102	0.000	197716.000
13.440	197782.000	6759.772	0.000	197787.000
13.450	197846.000	6651.840	0.000	197856.000
13.460	197910.000	6576.288	0.000	197924.000
13.470	197973.000	6493.402	0.000	197991.000
13.480	198035.000	6405.381	0.000	198056.000
13.490	198097.000	6343.767	0.000	198120.000
13.500	198158.000	6270.637	0.000	198181.000
13.510	198219.000	6219.446	0.000	198241.000
13.520	198279.000	6153.612	0.000	198299.000
13.530	198338.000	6077.528	0.000	198356.000
13.540	198396.000	5994.270	0.000	198411.000
13.550	198454.000	5935.989	0.000	198465.000
13.560	198511.000	5865.192	0.000	198518.000
13.570	198567.000	5785.635	0.000	198571.000
13.580	198621.000	5669.944	0.000	198622.000
13.590	198674.000	5558.961	0.000	198673.000
13.600	198726.000	5451.273	0.000	198723.000
13.610	198777.000	5345.891	0.000	198772.000
13.620	198826.000	5212.124	0.000	198821.000
13.630	198875.000	5118.487	0.000	198870.000
13.640	198921.000	4962.941	0.000	198917.000
13.650	198967.000	4854.058	0.000	198965.000
13.660	199011.000	4717.841	0.000	199011.000
13.670	199055.000	4622.489	0.000	199056.000
13.680	199097.000	4495.742	0.000	199100.000
13.690	199138.000	4377.019	0.000	199143.000
13.700	199178.000	4263.914	0.000	199185.000
13.710	199218.000	4184.740	0.000	199225.000
13.720	199257.000	4099.318	0.000	199265.000
13.730	199294.000	3979.522	0.000	199302.000
13.740	199331.000	3895.666	0.000	199339.000
13.750	199367.000	3806.966	0.000	199374.000
13.760	199401.000	3684.876	0.000	199408.000
13.770	199435.000	3599.413	0.000	199442.000
13.780	199469.000	3539.589	0.000	199474.000
13.790	199502.000	3467.713	0.000	199505.000
13.800	199534.000	3387.399	0.000	199536.000
13.810	199565.000	3301.179	0.000	199566.000
13.820	199595.000	3210.825	0.000	199595.000
13.830	199624.000	3117.578	0.000	199625.000
13.840	199652.000	3022.304	0.000	199653.000
13.850	199680.000	2955.613	0.000	199681.000
13.860	199706.000	2848.929	0.000	199709.000
13.870	199733.000	2804.250	0.000	199736.000
13.880	199758.000	2712.975	0.000	199763.000
13.890	199783.000	2649.083	0.000	199788.000
13.900	199807.000	2574.358	0.000	199813.000
13.910	199831.000	2522.051	0.000	199837.000
13.920	199854.000	2455.435	0.000	199859.000
13.930	199876.000	2378.805	0.000	199881.000
13.940	199898.000	2325.163	0.000	199902.000
13.950	199919.000	2257.614	0.000	199922.000
13.960	199939.000	2180.330	0.000	199940.000
13.970	199959.000	2126.231	0.000	199959.000
13.980	199978.000	2058.362	0.000	199976.000
13.990	199997.000	2010.853	0.000	199992.000
14.000	200015.000	1947.597	0.000	200009.000
14.010	200033.000	1903.318	0.000	200024.000
14.020	200050.000	1842.323	0.000	200040.000
14.030	200066.000	1769.626	0.000	200055.000
14.040	200081.000	1688.738	0.000	200070.000
14.050	200096.000	1632.117	0.000	200085.000
14.060	200109.000	1532.482	0.000	200100.000
14.070	200122.000	1462.737	0.000	200114.000
14.080	200134.000	1383.916	0.000	200128.000
14.090	200144.000	1268.741	0.000	200142.000
14.100	200155.000	1218.119	0.000	200155.000
14.110	200164.000	1122.683	0.000	200167.000
14.120	200174.000	1085.878	0.000	200179.000
14.130	200182.000	1000.115	0.000	200189.000
14.140	200191.000	970.080	0.000	200198.000
14.150	200199.000	919.056	0.000	200206.000
14.160	200207.000	883.339	0.000	200213.000
14.170	200215.000	858.338	0.000	200219.000
14.180	200222.000	810.836	0.000	200224.000
14.190	200229.000	777.585	0.000	200229.000
14.200	200236.000	754.310	0.000	200232.000
14.210	200242.000	708.017	0.000	200235.000
14.220	200248.000	675.612	0.000	200238.000
14.230	200253.000	622.928	0.000	200240.000
14.240	200258.000	586.050	0.000	200242.000
14.250	200262.000	530.235	0.000	200244.000
14.260	200265.000	461.164	0.000	200247.000
14.270	200268.000	412.815	0.000	200249.000
14.280	200270.000	348.971	0.000	200252.000
14.290	200271.000	274.279	0.000	200255.000
14.300	200271.000	191.996	0.000	200258.000
14.310	200271.000	134.397	0.000	200260.000
14.320	200271.000	94.078	0.000	200263.000
14.330	200271.000	65.854	0.000	200265.000
14.340	200270.000	16.098	0.000	200267.000
14.350	200268.000	-48.731	0.000	200268.000
14.360	200266.000	-94.112	0.000	200268.000
14.370	200264.000	-125.878	0.000	200268.000
14.380	200262.000	-148.115	0.000	200268.000
14.390	200261.000	-133.680	0.000	200265.000
14.400	200259.000	-153.576	0.000	200262.000
14.410	200257.000	-167.503	0.000	200258.000
14.420	200256.000	-147.252	0.000	200253.000
14.430	200255.000	-133.077	0.000	200248.000
14.440	200253.000	-153.154	0.000	200243.000
14.450	200252.000	-137.208	0.000	200237.000
14.460	200250.000	-156.045	0.000	200232.000
14.470	200248.000	-169.232	0.000	200227.000
14.480	200246.000	-178.462	0.000	200222.000
14.490	200243.000	-214.924	0.000	200218.000
14.500	200240.000	-240.446	0.000	200214.000
14.510	200237.000	-258.313	0.000	200212.000
14.520	200234.000	-270.819	0.000	200209.000
14.530	200230.000	-309.573	0.000	200208.000
14.540	200227.000	-306.701	0.000	200206.000
14.550	200223.000	-334.691	0.000	200206.000
14.560	200219.000	-354.284	0.000	200205.000
14.570	200216.000	-337.999	0.000	200205.000
14.580	200212.000	-356.599	0.000	200204.000
14.590	200209.000	-339.619	0.000	200204.000
14.600	200206.000	-327.733	0.000	200203.000
14.610	200204.000	-289.413	0.000	200201.000
14.620	200202.000	-262.589	0.000	200200.000
14.630	200200.000	-243.813	0.000	200197.000
14.640	200199.000	-200.669	0.000	200195.000
14.650	200198.000	-170.468	0.000	200192.000
14.660	200197.000	-149.328	0.000	200188.000
14.670	200197.000	-104.529	0.000	200185.000
14.680	200196.000	-103.171	0.000	200181.000
14.690	200196.000	-72.219	0.000	200178.000
14.700	200196.000	-50.554	0.000	200175.000
14.710	200196.000	-35.388	0.000	200172.000
14.720	200196.000	-24.771	0.000	200171.000
14.730	200195.000	-47.340	0.000	200169.000
14.740	200195.000	-33.138	0.000	200168.000
14.750	200194.000	-53.197	0.000	200168.000
14.760	200193.000	-67.238	0.000	200168.000
14.770	200192.000	-77.066	0.000	200168.000
14.780	200191.000	-83.946	0.000	200170.000
14.790	200190.000	-88.762	0.000	200172.000
14.800	200190.000	-62.134	0.000	200174.000
14.810	200189.000	-73.494	0.000	200176.000
14.820	200188.000	-81.446	0.000	200178.000
14.830	200188.000	-57.012	0.000	200180.000
14.840	200188.000	-39.908	0.000	200181.000
14.850	200188.000	-27.936	0.000	200182.000
14.860	200188.000	-19.555	0.000	200183.000
14.870	200188.000	-13.689	0.000	200183.000
14.880	200189.000	20.418	0.000	200183.000
14.890	200190.000	44.293	0.000	200183.000
14.900	200191.000	61.005	0.000	200183.000
14.910	200193.000	102.703	0.000	200182.000
14.920	200194.000	101.892	0.000	200181.000
14.930	200196.000	131.325	0.000	200180.000
14.940	200197.000	121.927	0.000	200179.000
14.950	200198.000	115.349	0.000	200179.000
14.960	200198.000	80.744	0.000	200179.000
14.970	200199.000	86.521	0.000	200179.000
14.980	200199.000	60.565	0.000	200179.000
14.990	200199.000	42.395	0.000	200179.000
15.000	200199.000	29.677	0.000	200180.000
