0.000	0.000	0.000	0.000	0.000
0.010	1.000	30.000	-12.000	7.000
0.020	2.000	51.000	-21.000	8.000
0.030	2.000	35.700	-15.000	9.000
0.040	2.000	24.990	-10.000	9.000
0.050	2.000	17.493	-7.000	9.000
0.060	2.000	12.245	-5.000	9.000
0.070	2.000	8.572	-4.000	9.000
0.080	2.000	6.000	-3.000	8.000
0.090	2.000	4.200	-2.000	7.000
0.100	1.000	-27.060	10.000	5.000
0.110	0.000	-48.942	19.000	3.000
0.120	-1.000	-64.259	25.000	1.000
0.130	-3.000	-104.982	42.000	-2.000
0.140	-4.000	-103.487	42.000	-4.000
0.150	-5.000	-102.441	42.000	-6.000
0.160	-6.000	-101.709	42.000	-8.000
0.170	-8.000	-131.196	54.000	-10.000
0.180	-9.000	-121.837	50.000	-12.000
0.190	-11.000	-145.286	60.000	-14.000
0.200	-12.000	-131.700	55.000	-15.000
0.210	-13.000	-122.190	52.000	-16.000
0.220	-15.000	-145.533	61.000	-18.000
0.230	-16.000	-131.873	56.000	-18.000
0.240	-17.000	-122.311	53.000	-19.000
0.250	-18.000	-115.618	51.000	-20.000
0.260	-19.000	-110.933	49.000	-20.000
0.270	-20.000	-107.653	48.000	-20.000
0.280	-20.000	-75.357	35.000	-21.000
0.290	-21.000	-82.750	38.000	-21.000
0.300	-21.000	-57.925	29.000	-21.000
0.310	-21.000	-40.547	22.000	-21.000
0.320	-21.000	-28.383	17.000	-21.000
0.330	-21.000	-19.868	13.000	-21.000
0.340	-21.000	-13.908	11.000	-21.000
0.350	-21.000	-9.735	9.000	-21.000
0.360	-21.000	-6.815	8.000	-21.000
0.370	-21.000	-4.770	7.000	-21.000
0.380	-21.000	-3.339	6.000	-21.000
0.390	-21.000	-2.337	6.000	-21.000
0.400	-21.000	-1.636	6.000	-21.000
0.410	-20.000	28.855	-7.000	-21.000
0.420	-20.000	20.198	-3.000	-21.000
0.430	-20.000	14.139	-1.000	-20.000
0.440	-19.000	39.897	-12.000	-20.000
0.450	-19.000	27.928	-7.000	-19.000
0.460	-19.000	19.550	-4.000	-18.000
0.470	-19.000	13.685	-1.000	-18.000
0.480	-19.000	9.579	0.000	-17.000
0.490	-19.000	6.706	1.000	-17.000
0.500	-19.000	4.694	2.000	-17.000
0.510	-19.000	3.286	125.000	-16.000
0.520	-19.000	2.300	249.000	-16.000
0.530	-18.000	31.610	361.000	-16.000
0.540	-17.000	52.127	478.000	-16.000
0.550	-15.000	96.489	587.000	-16.000
0.560	-12.000	157.542	689.000	-16.000
0.570	-8.000	230.280	788.000	-16.000
0.580	-2.000	341.196	872.000	-16.000
0.590	4.000	418.837	969.000	-14.000
0.600	12.000	533.186	1053.000	-12.000
0.610	21.000	643.230	1139.000	-9.000
0.620	32.000	780.261	1214.000	-4.000
0.630	44.000	906.183	1295.000	2.000
0.640	57.000	1024.328	1378.000	10.000
0.650	71.000	1137.030	1465.000	20.000
0.660	87.000	1275.921	1541.000	32.000
0.670	103.000	1373.144	1635.000	47.000
0.680	121.000	1501.201	1716.000	65.000
0.690	141.000	1650.841	1790.000	85.000
0.700	163.000	1815.589	1857.000	107.000
0.710	186.000	1960.912	1933.000	132.000
0.720	212.000	2152.638	1990.000	160.000
0.730	241.000	2376.847	2034.000	190.000
0.740	271.000	2563.793	2094.000	221.000
0.750	306.000	2844.655	2116.000	255.000
0.760	343.000	3101.258	2147.000	292.000
0.770	384.000	3400.881	2161.000	329.000
0.780	427.000	3670.617	2187.000	370.000
0.790	472.000	3919.432	2222.000	412.000
0.800	520.000	4183.602	2250.000	458.000
0.810	570.000	4428.522	2286.000	506.000
0.820	622.000	4659.965	2327.000	556.000
0.830	677.000	4911.976	2360.000	609.000
0.840	734.000	5148.383	2400.000	665.000
0.850	795.000	5433.868	2419.000	724.000
0.860	859.000	5723.708	2437.000	787.000
0.870	925.000	5986.595	2466.000	853.000
0.880	993.000	6230.617	2502.000	921.000
0.890	1063.000	6461.432	2544.000	992.000
0.900	1137.000	6743.002	2565.000	1068.000
0.910	1214.000	7030.102	2584.000	1146.000
0.920	1295.000	7351.071	2589.000	1226.000
0.930	1377.000	7605.750	2621.000	1308.000
0.940	1463.000	7904.025	2635.000	1395.000
0.950	1551.000	8172.817	2662.000	1484.000
0.960	1643.000	8480.972	2672.000	1576.000
0.970	1739.000	8816.681	2671.000	1671.000
0.980	1839.000	9171.676	2662.000	1769.000
0.990	1940.000	9450.173	2683.000	1870.000
1.000	2046.000	9795.121	2678.000	1974.000
1.010	2155.000	10126.585	2556.000	2082.000
1.020	2267.000	10448.609	2436.000	2192.000
1.030	2383.000	10794.027	2305.000	2307.000
1.040	2500.000	11065.819	2203.000	2424.000
1.050	2620.000	11346.073	2097.000	2544.000
1.060	2744.000	11662.251	1975.000	2669.000
1.070	2869.000	11913.576	1878.000	2796.000
1.080	2997.000	12179.503	1775.000	2927.000
1.090	3126.000	12395.652	1691.000	3061.000
1.100	3257.000	12606.956	1608.000	3198.000
1.110	3389.000	12784.870	1538.000	3338.000
1.120	3522.000	12939.409	1476.000	3479.000
1.130	3659.000	13167.586	1385.000	3624.000
1.140	3797.000	13357.310	1309.000	3769.000
1.150	3936.000	13520.117	1243.000	3916.000
1.160	4077.000	13694.082	1172.000	4064.000
1.170	4220.000	13875.857	1097.000	4213.000
1.180	4364.000	14033.100	1032.000	4362.000
1.190	4510.000	14203.170	961.000	4510.000
1.200	4657.000	14352.219	899.000	4658.000
1.210	4807.000	14546.553	818.000	4807.000
1.220	4956.000	14652.587	771.000	4955.000
1.230	5106.000	14756.811	726.000	5104.000
1.240	5257.000	14859.768	680.000	5253.000
1.250	5409.000	14961.837	635.000	5401.000
1.260	5561.000	15033.286	602.000	5550.000
1.270	5713.000	15083.300	578.000	5701.000
1.280	5866.000	15148.310	547.000	5851.000
1.290	6017.000	15133.817	548.000	6002.000
1.300	6168.000	15123.672	548.000	6153.000
1.310	6317.000	15056.570	571.000	6304.000
1.320	6467.000	15039.599	573.000	6456.000
1.330	6616.000	14997.720	586.000	6609.000
1.340	6766.000	14998.404	583.000	6764.000
1.350	6914.000	14938.883	603.000	6917.000
1.360	7064.000	14957.218	593.000	7071.000
1.370	7214.000	14970.052	584.000	7224.000
1.380	7362.000	14919.037	602.000	7375.000
1.390	7512.000	14943.326	589.000	7526.000
1.400	7664.000	15020.328	555.000	7678.000
1.410	7815.000	15044.230	543.000	7828.000
1.420	7966.000	15060.961	533.000	7976.000
1.430	8118.000	15102.673	513.000	8124.000
1.440	8271.000	15161.871	486.000	8272.000
1.450	8423.000	15173.310	478.000	8420.000
1.460	8577.000	15241.317	448.000	8569.000
1.470	8730.000	15258.922	437.000	8718.000
1.480	8883.000	15271.245	429.000	8868.000
1.490	9035.000	15249.872	434.000	9018.000
1.500	9188.000	15264.910	424.000	9169.000
1.510	9341.000	15275.437	417.000	9322.000
1.520	9493.000	15252.806	423.000	9474.000
1.530	9645.000	15236.964	426.000	9628.000
1.540	9796.000	15195.875	439.000	9781.000
1.550	9948.000	15197.112	436.000	9935.000
1.560	10100.000	15197.979	432.000	10091.000
1.570	10252.000	15198.585	429.000	10246.000
1.580	10403.000	15169.010	438.000	10402.000
1.590	10555.000	15178.307	432.000	10558.000
1.600	10706.000	15154.815	438.000	10714.000
1.610	10858.000	15168.370	430.000	10869.000
1.620	11009.000	15147.859	436.000	11023.000
1.630	11161.000	15163.501	427.000	11176.000
1.640	11313.000	15174.451	420.000	11328.000
1.650	11465.000	15182.116	414.000	11480.000
1.660	11616.000	15157.481	422.000	11630.000
1.670	11769.000	15200.237	402.000	11782.000
1.680	11920.000	15170.166	411.000	11931.000
1.690	12070.000	15119.116	429.000	12080.000
1.700	12221.000	15113.381	429.000	12229.000
1.710	12371.000	15079.367	441.000	12376.000
1.720	12522.000	15085.557	436.000	12524.000
1.730	12672.000	15059.890	444.000	12671.000
1.740	12820.000	14981.923	473.000	12816.000
1.750	12970.000	14987.346	469.000	12963.000
1.760	13120.000	14991.142	466.000	13111.000
1.770	13269.000	14963.800	475.000	13259.000
1.780	13418.000	14944.660	481.000	13407.000
1.790	13568.000	14961.262	473.000	13557.000
1.800	13714.000	14852.883	515.000	13703.000
1.810	13864.000	14897.018	496.000	13854.000
1.820	14012.000	14867.913	506.000	14003.000
1.830	14160.000	14847.539	513.000	14152.000
1.840	14308.000	14833.277	517.000	14302.000
1.850	14456.000	14823.294	520.000	14451.000
1.860	14605.000	14846.306	509.000	14602.000
1.870	14754.000	14862.414	501.000	14751.000
1.880	14903.000	14873.690	496.000	14901.000
1.890	15052.000	14881.583	491.000	15049.000
1.900	15202.000	14917.108	475.000	15199.000
1.910	15352.000	14941.976	464.000	15347.000
1.920	15501.000	14929.383	467.000	15496.000
1.930	15652.000	14980.568	445.000	15645.000
1.940	15802.000	14986.398	441.000	15793.000
1.950	15952.000	14990.478	438.000	15941.000
1.960	16102.000	14993.335	435.000	16090.000
1.970	16253.000	15025.334	420.000	16240.000
1.980	16401.000	14957.734	446.000	16388.000
1.990	16550.000	14940.414	451.000	16537.000
2.000	16699.000	14928.290	454.000	16687.000
2.010	16848.000	14919.803	710.000	16837.000
2.020	16995.000	14853.862	975.000	16986.000
2.030	17143.000	14837.703	1191.000	17134.000
2.040	17293.000	14886.392	1339.000	17283.000
2.050	17443.000	14920.475	1440.000	17432.000
2.060	17595.000	15004.332	1461.000	17581.000
2.070	17749.000	15123.033	1403.000	17731.000
2.080	17904.000	15236.123	1285.000	17881.000
2.090	18061.000	15375.286	1096.000	18031.000
2.100	18219.000	15502.700	861.000	18183.000
2.110	18377.000	15591.890	602.000	18335.000
2.120	18536.000	15684.323	315.000	18489.000
2.130	18693.000	15689.026	53.000	18644.000
2.140	18850.000	15692.318	-202.000	18802.000
2.150	19004.000	15604.623	-399.000	18961.000
2.160	19156.000	15483.236	-546.000	19122.000
2.170	19305.000	15308.265	-623.000	19283.000
2.180	19453.000	15155.786	-652.000	19445.000
2.190	19597.000	14929.050	-588.000	19606.000
2.200	19741.000	14770.335	-486.000	19768.000
2.210	19882.000	14569.234	-305.000	19926.000
2.220	20024.000	14458.464	-104.000	20084.000
2.230	20165.000	14350.925	142.000	20237.000
2.240	20306.000	14275.647	407.000	20386.000
2.250	20452.000	14372.953	622.000	20532.000
2.260	20598.000	14441.067	850.000	20673.000
2.270	20747.000	14578.747	1036.000	20811.000
2.280	20899.000	14765.123	1173.000	20945.000
2.290	21054.000	14985.586	1253.000	21077.000
2.300	21212.000	15229.910	1270.000	21207.000
2.310	21371.000	15430.937	1244.000	21337.000
2.320	21532.000	15631.656	1153.000	21469.000
2.330	21693.000	15772.159	1022.000	21603.000
2.340	21853.000	15840.511	860.000	21741.000
2.350	22011.000	15828.358	681.000	21884.000
2.360	22168.000	15789.851	472.000	22032.000
2.370	22323.000	15702.895	257.000	22188.000
2.380	22473.000	15492.027	83.000	22348.000
2.390	22621.000	15284.419	-87.000	22515.000
2.400	22765.000	15019.093	-210.000	22686.000
2.410	22905.000	14713.365	-281.000	22861.000
2.420	23044.000	14469.356	-328.000	23038.000
2.430	23179.000	14178.549	-298.000	23214.000
2.440	23315.000	14004.984	-251.000	23390.000
2.450	23449.000	13823.489	-137.000	23562.000
2.460	23584.000	13726.442	6.000	23728.000
2.470	23721.000	13718.510	169.000	23887.000
2.480	23861.000	13802.957	339.000	24039.000
2.490	24004.000	13952.070	517.000	24182.000
2.500	24152.000	14206.449	669.000	24318.000
2.510	24302.000	14444.514	830.000	24445.000
2.520	24455.000	14701.160	968.000	24565.000
2.530	24614.000	15060.812	1035.000	24682.000
2.540	24774.000	15342.568	1090.000	24794.000
2.550	24938.000	15659.798	1076.000	24907.000
2.560	25101.000	15851.858	1052.000	25022.000
2.570	25264.000	15986.301	986.000	25140.000
2.580	25426.000	16050.411	884.000	25262.000
2.590	25587.000	16065.287	744.000	25395.000
2.600	25744.000	15955.701	602.000	25534.000
2.610	25897.000	15758.991	457.000	25683.000
2.620	26047.000	15531.294	299.000	25843.000
2.630	26192.000	15221.906	165.000	26011.000
2.640	26335.000	14945.334	24.000	26190.000
2.650	26473.000	14601.734	-67.000	26375.000
2.660	26608.000	14271.214	-126.000	26564.000
2.670	26741.000	13979.850	-152.000	26755.000
2.680	26873.000	13745.895	-143.000	26945.000
2.690	27005.000	13582.126	-99.000	27131.000
2.700	27138.000	13497.488	-22.000	27311.000
2.710	27273.000	13498.242	83.000	27483.000
2.720	27412.000	13618.769	194.000	27645.000
2.730	27554.000	13793.139	330.000	27797.000
2.740	27699.000	14005.197	482.000	27938.000
2.750	27850.000	14333.638	604.000	28067.000
2.760	28005.000	14683.547	719.000	28187.000
2.770	28163.000	15018.483	825.000	28298.000
2.780	28325.000	15372.938	893.000	28403.000
2.790	28489.000	15681.056	936.000	28505.000
2.800	28654.000	15926.740	951.000	28606.000
2.810	28818.000	16068.718	945.000	28709.000
2.820	28981.000	16138.102	905.000	28817.000
2.830	29142.000	16126.672	834.000	28932.000
2.840	29299.000	15998.670	750.000	29057.000
2.850	29453.000	15819.069	637.000	29194.000
2.860	29601.000	15513.348	536.000	29341.000
2.870	29745.000	15179.344	422.000	29502.000
2.880	29883.000	14765.541	331.000	29673.000
2.890	30017.000	14355.878	245.000	29853.000
2.900	30148.000	13979.115	169.000	30041.000
2.910	30275.000	13595.380	133.000	30232.000
2.920	30402.000	13326.766	101.000	30426.000
2.930	30529.000	13138.736	93.000	30619.000
2.940	30657.000	13037.115	115.000	30806.000
2.950	30787.000	13025.981	164.000	30988.000
2.960	30921.000	13138.187	225.000	31159.000
2.970	31059.000	13336.731	307.000	31319.000
2.980	31203.000	13655.711	384.000	31467.000
2.990	31353.000	14058.998	460.000	31603.000
3.000	31508.000	14491.299	541.000	31727.000
3.010	31668.000	14943.909	614.000	31841.000
3.020	31830.000	15320.736	702.000	31946.000
3.030	31997.000	15734.515	745.000	32048.000
3.040	32164.000	16024.161	794.000	32146.000
3.050	32332.000	16256.913	812.000	32246.000
3.060	32499.000	16389.839	810.000	32350.000
3.070	32663.000	16392.887	795.000	32460.000
3.080	32822.000	16245.021	777.000	32580.000
3.090	32979.000	16081.515	708.000	32711.000
3.100	33129.000	15757.060	653.000	32854.000
3.110	33273.000	15349.942	593.000	33008.000
3.120	33412.000	14914.960	519.000	33175.000
3.130	33546.000	14460.472	445.000	33352.000
3.140	33675.000	13992.330	384.000	33538.000
3.150	33802.000	13604.631	314.000	33730.000
3.160	33926.000	13243.242	271.000	33923.000
3.170	34051.000	13020.269	221.000	34119.000
3.180	34176.000	12864.188	202.000	34310.000
3.190	34302.000	12784.932	215.000	34494.000
3.200	34432.000	12849.452	234.000	34670.000
3.210	34567.000	13044.617	263.000	34834.000
3.220	34707.000	13331.232	309.000	34985.000
3.230	34853.000	13711.862	362.000	35125.000
3.240	35003.000	14098.304	444.000	35251.000
3.250	35160.000	14578.812	505.000	35366.000
3.260	35320.000	15005.169	589.000	35472.000
3.270	35483.000	15393.618	672.000	35571.000
3.280	35649.000	15755.533	735.000	35666.000
3.290	35815.000	16008.873	799.000	35761.000
3.300	35983.000	16246.211	815.000	35858.000
3.310	36148.000	16322.348	835.000	35962.000
3.320	36310.000	16285.643	837.000	36074.000
3.330	36469.000	16169.950	807.000	36198.000
3.340	36622.000	15908.965	776.000	36332.000
3.350	36771.000	15606.276	713.000	36481.000
3.360	36914.000	15214.393	647.000	36643.000
3.370	37053.000	14820.075	558.000	36817.000
3.380	37185.000	14334.053	497.000	37001.000
3.390	37318.000	14023.837	373.000	37197.000
3.400	37445.000	13626.686	307.000	37393.000
3.410	37570.000	13288.680	253.000	37593.000
3.420	37698.000	13142.076	173.000	37794.000
3.430	37828.000	13099.453	108.000	37990.000
3.440	37958.000	13069.617	100.000	38177.000
3.450	38092.000	13168.732	105.000	38354.000
3.460	38231.000	13388.112	123.000	38519.000
3.470	38374.000	13661.679	173.000	38671.000
3.480	38523.000	14033.175	229.000	38810.000
3.490	38677.000	14443.223	300.000	38936.000
3.500	38834.000	14820.256	402.000	39049.000
3.510	38998.000	15294.179	465.000	39154.000
3.520	39162.000	15625.925	570.000	39250.000
3.530	39329.000	15948.148	649.000	39343.000
3.540	39497.000	16203.703	712.000	39435.000
3.550	39664.000	16352.592	763.000	39531.000
3.560	39828.000	16366.815	808.000	39633.000
3.570	39989.000	16286.770	826.000	39745.000
3.580	40145.000	16080.739	833.000	39867.000
3.590	40297.000	15816.517	804.000	40002.000
3.600	40444.000	15481.562	754.000	40150.000
3.610	40585.000	15067.094	698.000	40311.000
3.620	40722.000	14656.965	616.000	40486.000
3.630	40854.000	14219.876	536.000	40671.000
3.640	40983.000	13823.913	447.000	40865.000
3.650	41110.000	13486.739	357.000	41065.000
3.660	41236.000	13220.717	276.000	41265.000
3.670	41363.000	13064.502	199.000	41465.000
3.680	41492.000	13015.152	137.000	41659.000
3.690	41623.000	13040.606	108.000	41845.000
3.700	41758.000	13178.424	97.000	42021.000
3.710	41899.000	13454.897	92.000	42184.000
3.720	42044.000	13768.428	126.000	42335.000
3.730	42196.000	14197.900	158.000	42473.000
3.740	42353.000	14648.530	213.000	42598.000
3.750	42513.000	15053.971	302.000	42711.000
3.760	42678.000	15487.780	381.000	42816.000
3.770	42845.000	15851.446	473.000	42914.000
3.780	43014.000	16166.012	554.000	43010.000
3.790	43183.000	16386.208	630.000	43106.000
3.800	43348.000	16420.346	727.000	43204.000
3.810	43512.000	16414.242	780.000	43310.000
3.820	43671.000	16259.969	828.000	43425.000
3.830	43826.000	16031.979	844.000	43551.000
3.840	43976.000	15722.385	834.000	43691.000
3.850	44119.000	15295.670	821.000	43841.000
3.860	44257.000	14846.969	779.000	44006.000
3.870	44390.000	14382.878	720.000	44181.000
3.880	44520.000	13968.015	632.000	44367.000
3.890	44646.000	13557.610	549.000	44559.000
3.900	44770.000	13210.327	464.000	44753.000
3.910	44894.000	12967.229	375.000	44949.000
3.920	45019.000	12827.060	292.000	45142.000
3.930	45146.000	12788.942	227.000	45329.000
3.940	45277.000	12882.260	171.000	45508.000
3.950	45412.000	13067.582	142.000	45675.000
3.960	45552.000	13347.307	135.000	45831.000
3.970	45697.000	13693.115	157.000	45973.000
3.980	45847.000	14085.181	204.000	46103.000
3.990	46002.000	14509.626	270.000	46221.000
4.000	46161.000	14926.738	355.000	46328.000
4.010	46324.000	15338.717	443.000	46428.000
4.020	46487.000	15627.102	565.000	46523.000
4.030	46652.000	15888.971	668.000	46616.000
4.040	46819.000	16132.280	735.000	46711.000
4.050	46983.000	16212.596	814.000	46811.000
4.060	47145.000	16208.817	867.000	46919.000
4.070	47303.000	16086.172	903.000	47038.000
4.080	47456.000	15850.320	922.000	47167.000
4.090	47605.000	15565.224	903.000	47310.000
4.100	47749.000	15215.657	859.000	47467.000
4.110	47888.000	14820.960	796.000	47634.000
4.120	48023.000	14424.672	709.000	47813.000
4.130	48154.000	14027.270	614.000	48000.000
4.140	48283.000	13689.089	502.000	48195.000
4.150	48410.000	13392.362	397.000	48393.000
4.160	48537.000	13184.654	292.000	48592.000
4.170	48665.000	13069.258	199.000	48787.000
4.180	48794.000	13018.480	137.000	48976.000
4.190	48926.000	13072.936	96.000	49155.000
4.200	49062.000	13231.055	77.000	49324.000
4.210	49203.000	13491.739	78.000	49481.000
4.220	49348.000	13794.217	117.000	49624.000
4.230	49498.000	14155.952	176.000	49755.000
4.240	49653.000	14559.166	250.000	49873.000
4.250	49810.000	14901.416	364.000	49981.000
4.260	49972.000	15290.992	462.000	50080.000
4.270	50135.000	15593.694	578.000	50175.000
4.280	50299.000	15835.586	689.000	50267.000
4.290	50463.000	16004.910	787.000	50361.000
4.300	50627.000	16123.437	851.000	50460.000
4.310	50787.000	16086.406	917.000	50565.000
4.320	50943.000	15940.484	963.000	50681.000
4.330	51096.000	15748.339	965.000	50808.000
4.340	51244.000	15463.837	946.000	50948.000
4.350	51387.000	15114.686	902.000	51101.000
4.360	51526.000	14750.280	827.000	51266.000
4.370	51660.000	14345.196	744.000	51442.000
4.380	51791.000	13971.637	640.000	51628.000
4.390	51920.000	13650.146	521.000	51821.000
4.400	52047.000	13365.102	411.000	52018.000
4.410	52174.000	13165.572	303.000	52216.000
4.420	52302.000	13055.900	208.000	52411.000
4.430	52433.000	13069.130	120.000	52600.000
4.440	52567.000	13168.391	61.000	52781.000
4.450	52706.000	13387.874	17.000	52953.000
4.460	52848.000	13631.512	24.000	53111.000
4.470	52995.000	13952.058	55.000	53258.000
4.480	53148.000	14356.441	96.000	53392.000
4.490	53306.000	14789.508	158.000	53515.000
4.500	53466.000	15152.656	264.000	53628.000
4.510	53630.000	15526.859	366.000	53734.000
4.520	53795.000	15818.801	486.000	53834.000
4.530	53960.000	16023.161	612.000	53933.000
4.540	54126.000	16196.213	707.000	54034.000
4.550	54290.000	16257.349	794.000	54138.000
4.560	54450.000	16180.144	876.000	54250.000
4.570	54607.000	16036.101	921.000	54370.000
4.580	54760.000	15815.271	934.000	54501.000
4.590	54908.000	15510.689	922.000	54645.000
4.600	55053.000	15207.483	861.000	54800.000
4.610	55192.000	14815.238	797.000	54967.000
4.620	55327.000	14420.666	709.000	55143.000
4.630	55460.000	14084.467	590.000	55330.000
4.640	55590.000	13759.127	473.000	55521.000
4.650	55720.000	13531.389	339.000	55716.000
4.660	55849.000	13341.972	227.000	55909.000
4.670	55979.000	13239.380	128.000	56100.000
4.680	56112.000	13257.566	38.000	56285.000
4.690	56247.000	13330.296	-11.000	56463.000
4.700	56386.000	13501.207	-36.000	56630.000
4.710	56529.000	13740.845	-27.000	56786.000
4.720	56678.000	14088.592	-8.000	56932.000
4.730	56830.000	14422.014	62.000	57065.000
4.740	56987.000	14805.410	143.000	57187.000
4.750	57147.000	15163.787	251.000	57300.000
4.760	57310.000	15504.651	367.000	57407.000
4.770	57476.000	15833.256	473.000	57509.000
4.780	57641.000	16033.279	600.000	57609.000
4.790	57807.000	16203.295	697.000	57711.000
4.800	57971.000	16262.307	784.000	57818.000
4.810	58132.000	16213.615	855.000	57931.000
4.820	58291.000	16119.530	880.000	58055.000
4.830	58445.000	15903.671	891.000	58190.000
4.840	58596.000	15662.570	854.000	58336.000
4.850	58741.000	15313.799	810.000	58495.000
4.860	58883.000	14979.659	723.000	58664.000
4.870	59020.000	14595.761	630.000	58844.000
4.880	59154.000	14237.033	519.000	59031.000
4.890	59285.000	13895.923	408.000	59224.000
4.900	59414.000	13597.146	303.000	59418.000
4.910	59543.000	13388.002	198.000	59613.000
4.920	59672.000	13241.602	117.000	59804.000
4.930	59803.000	13199.121	52.000	59989.000
4.940	59938.000	13289.385	-4.000	60167.000
4.950	60074.000	13382.569	3.000	60332.000
4.960	60215.000	13597.799	22.000	60486.000
4.970	60360.000	13868.459	73.000	60627.000
4.980	60509.000	14177.921	153.000	60755.000
4.990	60663.000	14544.545	241.000	60873.000
5.000	60819.000	14861.181	367.000	60980.000
5.010	60979.000	15202.827	483.000	61081.000
5.020	61140.000	15471.979	614.000	61176.000
5.030	61303.000	15720.385	723.000	61271.000
5.040	61464.000	15834.270	843.000	61366.000
5.050	61624.000	15883.989	936.000	61467.000
5.060	61782.000	15858.792	998.000	61575.000
5.070	61937.000	15751.154	1030.000	61693.000
5.080	62088.000	15555.808	1033.000	61821.000
5.090	62235.000	15299.066	1004.000	61962.000
5.100	62377.000	14969.346	953.000	62116.000
5.110	62514.000	14588.542	885.000	62279.000
5.120	62649.000	14261.980	771.000	62455.000
5.130	62779.000	13883.386	669.000	62639.000
5.140	62908.000	13588.370	540.000	62829.000
5.150	63036.000	13351.859	411.000	63024.000
5.160	63164.000	13186.301	289.000	63218.000
5.170	63293.000	13100.411	184.000	63409.000
5.180	63424.000	13100.288	102.000	63595.000
5.190	63559.000	13220.201	35.000	63772.000
5.200	63697.000	13394.141	9.000	63940.000
5.210	63838.000	13605.899	29.000	64095.000
5.220	63985.000	13934.129	56.000	64239.000
5.230	64136.000	14283.890	120.000	64371.000
5.240	64291.000	14648.723	209.000	64492.000
5.250	64449.000	14994.106	322.000	64604.000
5.260	64610.000	15325.874	442.000	64709.000
5.270	64773.000	15618.112	563.000	64808.000
5.280	64936.000	15822.678	689.000	64906.000
5.290	65099.000	15965.875	797.000	65006.000
5.300	65259.000	15976.112	905.000	65109.000
5.310	65417.000	15923.279	977.000	65219.000
5.320	65571.000	15766.295	1029.000	65338.000
5.330	65722.000	15566.407	1034.000	65467.000
5.340	65868.000	15276.485	1018.000	65609.000
5.350	66011.000	14983.539	953.000	65761.000
5.360	66148.000	14598.477	886.000	65924.000
5.370	66283.000	14268.934	773.000	66098.000
5.380	66414.000	13918.254	660.000	66281.000
5.390	66542.000	13582.778	547.000	66468.000
5.400	66671.000	13377.944	405.000	66659.000
5.410	66798.000	13174.561	298.000	66850.000
5.420	66928.000	13122.193	180.000	67039.000
5.430	67059.000	13115.535	100.000	67222.000
5.440	67193.000	13200.874	46.000	67398.000
5.450	67330.000	13350.612	30.000	67564.000
5.460	67471.000	13575.428	45.000	67720.000
5.470	67617.000	13882.800	81.000	67865.000
5.480	67767.000	14217.960	151.000	67998.000
5.490	67921.000	14572.572	244.000	68120.000
5.500	68079.000	14940.800	348.000	68233.000
5.510	68240.000	15288.560	462.000	68340.000
5.520	68403.000	15591.992	578.000	68441.000
5.530	68567.000	15834.395	689.000	68541.000
5.540	68731.000	16004.076	787.000	68642.000
5.550	68895.000	16122.853	851.000	68748.000
5.560	69055.000	16085.997	917.000	68861.000
5.570	69212.000	15970.198	951.000	68983.000
5.580	69367.000	15829.139	932.000	69116.000
5.590	69517.000	15580.397	898.000	69260.000
5.600	69663.000	15286.278	833.000	69416.000
5.610	69805.000	14960.395	741.000	69583.000
5.620	69942.000	14582.276	647.000	69761.000
5.630	70077.000	14257.593	522.000	69947.000
5.640	70208.000	13910.315	413.000	70138.000
5.650	70338.000	13637.221	297.000	70333.000
5.660	70467.000	13416.055	197.000	70527.000
5.670	70596.000	13261.238	119.000	70719.000
5.680	70727.000	13212.867	56.000	70906.000
5.690	70860.000	13239.007	26.000	71084.000
5.700	70997.000	13377.305	14.000	71252.000
5.710	71137.000	13564.113	44.000	71407.000
5.720	71282.000	13844.879	91.000	71551.000
5.730	71434.000	14251.416	132.000	71683.000
5.740	71586.000	14535.991	254.000	71803.000
5.750	71744.000	14915.194	354.000	71912.000
5.760	71905.000	15270.636	465.000	72014.000
5.770	72068.000	15579.445	579.000	72110.000
5.780	72232.000	15825.611	689.000	72205.000
5.790	72397.000	16027.928	773.000	72302.000
5.800	72560.000	16109.550	852.000	72403.000
5.810	72721.000	16106.685	905.000	72511.000
5.820	72878.000	15984.679	941.000	72629.000
5.830	73032.000	15809.276	936.000	72758.000
5.840	73181.000	15536.493	912.000	72901.000
5.850	73327.000	15255.545	841.000	73056.000
5.860	73468.000	14908.881	759.000	73223.000
5.870	73604.000	14516.217	670.000	73401.000
5.880	73738.000	14181.352	550.000	73588.000
5.890	73868.000	13826.946	444.000	73781.000
5.900	73998.000	13578.862	318.000	73979.000
5.910	74128.000	13405.204	199.000	74177.000
5.920	74258.000	13283.643	108.000	74372.000
5.930	74391.000	13288.550	24.000	74563.000
5.940	74525.000	13321.985	-10.000	74745.000
5.950	74664.000	13495.389	-36.000	74917.000
5.960	74807.000	13736.773	-28.000	75078.000
5.970	74955.000	14055.741	3.000	75226.000
5.980	75107.000	14399.019	69.000	75361.000
5.990	75263.000	14759.313	160.000	75485.000
6.000	75422.000	15101.519	274.000	75598.000
6.010	75585.000	15461.063	383.000	75704.000
6.020	75748.000	15712.744	520.000	75804.000
6.030	75912.000	15918.921	645.000	75901.000
6.040	76076.000	16063.245	752.000	75999.000
6.050	76239.000	16134.271	835.000	76102.000
6.060	76398.000	16063.990	915.000	76209.000
6.070	76556.000	15984.793	935.000	76327.000
6.080	76708.000	15749.355	954.000	76454.000
6.090	76855.000	15434.549	947.000	76592.000
6.100	76999.000	15124.184	888.000	76743.000
6.110	77138.000	14756.929	815.000	76904.000
6.120	77273.000	14379.850	720.000	77077.000
6.130	77405.000	14025.895	608.000	77259.000
6.140	77534.000	13688.127	496.000	77446.000
6.150	77662.000	13421.689	378.000	77639.000
6.160	77789.000	13205.182	277.000	77830.000
6.170	77917.000	13083.627	187.000	78020.000
6.180	78047.000	13058.539	115.000	78205.000
6.190	78179.000	13100.977	78.000	78382.000
6.200	78314.000	13220.684	75.000	78549.000
6.210	78454.000	13454.479	87.000	78705.000
6.220	78599.000	13768.135	121.000	78850.000
6.230	78748.000	14107.695	189.000	78983.000
6.240	78902.000	14495.386	269.000	79105.000
6.250	79059.000	14856.770	377.000	79218.000
6.260	79220.000	15229.739	481.000	79322.000
6.270	79383.000	15550.817	590.000	79422.000
6.280	79547.000	15805.572	696.000	79520.000
6.290	79712.000	16013.901	778.000	79619.000
6.300	79875.000	16099.730	855.000	79721.000
6.310	80034.000	16039.811	931.000	79829.000
6.320	80193.000	15997.868	935.000	79948.000
6.330	80346.000	15788.508	944.000	80076.000
6.340	80496.000	15551.955	905.000	80219.000
6.350	80640.000	15206.369	861.000	80373.000
6.360	80779.000	14814.458	796.000	80538.000
6.370	80915.000	14450.121	696.000	80714.000
6.380	81046.000	14045.084	604.000	80899.000
6.390	81175.000	13701.559	494.000	81091.000
6.400	81302.000	13401.091	390.000	81284.000
6.410	81428.000	13160.764	299.000	81478.000
6.420	81555.000	13022.535	215.000	81669.000
6.430	81687.000	13075.774	112.000	81858.000
6.440	81816.000	13023.042	113.000	82032.000
6.450	81951.000	13166.129	101.000	82198.000
6.460	82092.000	13446.291	94.000	82354.000
6.470	82237.000	13762.403	127.000	82497.000
6.480	82386.000	14103.682	194.000	82628.000
6.490	82541.000	14522.578	262.000	82747.000
6.500	82700.000	14935.804	349.000	82857.000
6.510	82864.000	15375.063	426.000	82959.000
6.520	83026.000	15622.544	564.000	83055.000
6.530	83189.000	15825.781	691.000	83150.000
6.540	83354.000	16028.047	775.000	83246.000
6.550	83518.000	16139.633	842.000	83348.000
6.560	83678.000	16097.743	910.000	83456.000
6.570	83837.000	16038.420	921.000	83575.000
6.580	83990.000	15816.894	935.000	83705.000
6.590	84140.000	15571.826	899.000	83849.000
6.600	84284.000	15220.278	857.000	84005.000
6.610	84425.000	14884.195	770.000	84173.000
6.620	84561.000	14498.936	679.000	84352.000
6.630	84694.000	14139.255	568.000	84540.000
6.640	84826.000	13857.479	433.000	84735.000
6.650	84954.000	13540.235	335.000	84933.000
6.660	85083.000	13348.165	224.000	85131.000
6.670	85213.000	13243.715	126.000	85328.000
6.680	85345.000	13230.601	49.000	85518.000
6.690	85480.000	13311.420	-4.000	85701.000
6.700	85619.000	13487.994	-31.000	85872.000
6.710	85761.000	13701.596	-12.000	86032.000
6.720	85908.000	14001.117	27.000	86179.000
6.730	86060.000	14360.782	87.000	86313.000
6.740	86215.000	14702.547	185.000	86436.000
6.750	86374.000	15061.783	292.000	86548.000
6.760	86535.000	15373.248	420.000	86652.000
6.770	86699.000	15681.274	535.000	86752.000
6.780	86864.000	15926.892	644.000	86848.000
6.790	87028.000	16068.824	753.000	86946.000
6.800	87191.000	16138.177	836.000	87048.000
6.810	87350.000	16066.724	916.000	87156.000
6.820	87507.000	15956.707	948.000	87274.000
6.830	87660.000	15759.695	952.000	87402.000
6.840	87810.000	15531.786	910.000	87543.000
6.850	87955.000	15222.250	851.000	87695.000
6.860	88095.000	14855.575	777.000	87859.000
6.870	88231.000	14478.903	682.000	88034.000
6.880	88363.000	14095.232	581.000	88217.000
6.890	88494.000	13796.662	453.000	88407.000
6.900	88623.000	13527.664	336.000	88602.000
6.910	88751.000	13309.365	236.000	88797.000
6.920	88881.000	13216.555	133.000	88991.000
6.930	89012.000	13181.589	65.000	89178.000
6.940	89145.000	13217.112	31.000	89358.000
6.950	89283.000	13391.978	5.000	89528.000
6.960	89425.000	13634.385	13.000	89687.000
6.970	89572.000	13954.069	44.000	89834.000
6.980	89723.000	14297.849	110.000	89969.000
6.990	89878.000	14658.494	200.000	90093.000
7.000	90038.000	15060.946	291.000	90207.000
7.010	90200.000	15402.662	407.000	90314.000
7.020	90366.000	15761.863	501.000	90415.000
7.030	90532.000	16013.304	608.000	90515.000
7.040	90697.000	16159.313	714.000	90615.000
7.050	90863.000	16291.519	772.000	90720.000
7.060	91025.000	16264.063	834.000	90830.000
7.070	91183.000	16124.844	877.000	90951.000
7.080	91337.000	15907.391	889.000	91081.000
7.090	91486.000	15605.174	876.000	91223.000
7.100	91631.000	15273.622	826.000	91378.000
7.110	91770.000	14861.535	769.000	91543.000
7.120	91905.000	14453.075	687.000	91718.000
7.130	92038.000	14107.152	572.000	91904.000
7.140	92166.000	13715.007	481.000	92095.000
7.150	92294.000	13440.505	367.000	92288.000
7.160	92420.000	13188.353	280.000	92482.000
7.170	92548.000	13071.847	187.000	92672.000
7.180	92677.000	13020.293	126.000	92856.000
7.190	92809.000	13074.205	86.000	93031.000
7.200	92945.000	13231.944	67.000	93196.000
7.210	93085.000	13462.361	80.000	93350.000
7.220	93230.000	13773.652	115.000	93492.000
7.230	93379.000	14111.557	184.000	93622.000
7.240	93533.000	14498.090	265.000	93740.000
7.250	93690.000	14858.663	373.000	93849.000
7.260	93851.000	15231.064	477.000	93950.000
7.270	94012.000	15491.745	611.000	94047.000
7.280	94175.000	15734.221	722.000	94142.000
7.290	94338.000	15903.955	820.000	94238.000
7.300	94499.000	15962.768	908.000	94339.000
7.310	94657.000	15913.938	979.000	94447.000
7.320	94813.000	15819.757	1005.000	94566.000
7.330	94964.000	15603.830	1017.000	94696.000
7.340	95113.000	15392.681	969.000	94838.000
7.350	95255.000	15034.876	930.000	94993.000
7.360	95394.000	14694.414	845.000	95160.000
7.370	95529.000	14336.089	743.000	95337.000
7.380	95662.000	14025.263	614.000	95523.000
7.390	95792.000	13717.684	490.000	95714.000
7.400	95921.000	13472.379	363.000	95910.000
7.410	96050.000	13300.665	244.000	96105.000
7.420	96179.000	13180.466	152.000	96297.000
7.430	96311.000	13186.326	67.000	96484.000
7.440	96445.000	13250.428	22.000	96662.000
7.450	96582.000	13385.300	12.000	96829.000
7.460	96724.000	13629.710	19.000	96985.000
7.470	96869.000	13890.797	73.000	97129.000
7.480	97019.000	14223.558	143.000	97260.000
7.490	97173.000	14576.490	237.000	97380.000
7.500	97329.000	14883.543	366.000	97491.000
7.510	97489.000	15218.480	485.000	97594.000
7.520	97649.000	15452.936	630.000	97691.000
7.530	97810.000	15647.055	761.000	97786.000
7.540	97971.000	15782.939	872.000	97883.000
7.550	98131.000	15848.057	958.000	97984.000
7.560	98288.000	15803.640	1028.000	98091.000
7.570	98442.000	15682.548	1065.000	98208.000
7.580	98593.000	15507.784	1061.000	98336.000
7.590	98739.000	15235.449	1038.000	98474.000
7.600	98883.000	14984.814	956.000	98626.000
7.610	99021.000	14629.370	877.000	98789.000
7.620	99157.000	14320.559	756.000	98962.000
7.630	99289.000	13984.391	636.000	99144.000
7.640	99419.000	13689.074	507.000	99333.000
7.650	99548.000	13452.352	377.000	99526.000
7.660	99677.000	13286.646	256.000	99720.000
7.670	99806.000	13170.652	162.000	99911.000
7.680	99938.000	13179.457	76.000	100098.000
7.690	100072.000	13245.620	30.000	100278.000
7.700	100210.000	13411.934	7.000	100447.000
7.710	100352.000	13648.354	17.000	100605.000
7.720	100499.000	13963.848	50.000	100753.000
7.730	100650.000	14304.693	116.000	100889.000
7.740	100806.000	14693.285	196.000	101014.000
7.750	100965.000	15055.300	302.000	101129.000
7.760	101128.000	15428.710	405.000	101237.000
7.770	101292.000	15720.097	526.000	101340.000
7.780	101459.000	16014.068	616.000	101441.000
7.790	101624.000	16159.847	722.000	101543.000
7.800	101790.000	16291.893	781.000	101649.000
7.810	101951.000	16234.325	854.000	101762.000
7.820	102110.000	16134.028	882.000	101883.000
7.830	102264.000	15913.819	894.000	102015.000
7.840	102413.000	15609.674	883.000	102158.000
7.850	102559.000	15306.771	821.000	102313.000
7.860	102699.000	14914.740	756.000	102479.000
7.870	102835.000	14520.318	668.000	102654.000
7.880	102967.000	14124.223	572.000	102838.000
7.890	103098.000	13816.956	448.000	103029.000
7.900	103226.000	13511.869	345.000	103222.000
7.910	103355.000	13328.308	230.000	103416.000
7.920	103485.000	13229.816	130.000	103605.000
7.930	103615.000	13160.871	76.000	103790.000
7.940	103749.000	13232.610	27.000	103965.000
7.950	103887.000	13402.827	3.000	104131.000
7.960	104029.000	13641.979	12.000	104286.000
7.970	104174.000	13899.385	68.000	104428.000
7.980	104325.000	14259.570	128.000	104559.000
7.990	104481.000	14661.699	202.000	104680.000
8.000	104639.000	15003.189	317.000	104792.000
8.010	104801.000	15362.232	426.000	104898.000
8.020	104963.000	15613.563	563.000	104997.000
8.030	105128.000	15879.494	665.000	105096.000
8.040	105292.000	16035.646	767.000	105197.000
8.050	105455.000	16114.952	847.000	105303.000
8.060	105616.000	16110.466	900.000	105416.000
8.070	105773.000	15987.326	937.000	105537.000
8.080	105927.000	15811.129	933.000	105670.000
8.090	106078.000	15597.790	885.000	105813.000
8.100	106224.000	15298.453	822.000	105970.000
8.110	106366.000	14968.917	732.000	106138.000
8.120	106503.000	14588.242	638.000	106316.000
8.130	106638.000	14261.769	514.000	106504.000
8.140	106770.000	13943.239	394.000	106697.000
8.150	106901.000	13690.267	270.000	106893.000
8.160	107031.000	13483.187	164.000	107089.000
8.170	107162.000	13368.231	70.000	107281.000
8.180	107293.000	13287.762	20.000	107468.000
8.190	107428.000	13351.433	-26.000	107648.000
8.200	107566.000	13486.003	-36.000	107817.000
8.210	107708.000	13700.202	-17.000	107974.000
8.220	107853.000	13940.142	46.000	108120.000
8.230	108003.000	14258.099	122.000	108252.000
8.240	108156.000	14570.669	232.000	108374.000
8.250	108313.000	14909.469	349.000	108485.000
8.260	108473.000	15236.628	471.000	108588.000
8.270	108635.000	15525.640	594.000	108685.000
8.280	108797.000	15727.948	721.000	108781.000
8.290	108961.000	15929.563	806.000	108877.000
8.300	109122.000	15980.694	898.000	108977.000
8.310	109281.000	15956.486	959.000	109084.000
8.320	109438.000	15879.540	978.000	109200.000
8.330	109591.000	15705.678	973.000	109326.000
8.340	109739.000	15433.975	949.000	109465.000
8.350	109884.000	15153.782	878.000	109617.000
8.360	110024.000	14807.648	796.000	109780.000
8.370	110159.000	14415.353	707.000	109954.000
8.380	110292.000	14080.747	587.000	110137.000
8.390	110422.000	13756.523	469.000	110327.000
8.400	110550.000	13469.566	360.000	110520.000
8.410	110679.000	13298.696	240.000	110716.000
8.420	110807.000	13149.087	160.000	110908.000
8.430	110938.000	13134.361	84.000	111096.000
8.440	111072.000	13214.053	32.000	111276.000
8.450	111209.000	13359.837	18.000	111447.000
8.460	111350.000	13581.886	34.000	111605.000
8.470	111497.000	13917.320	59.000	111752.000
8.480	111647.000	14242.124	133.000	111886.000
8.490	111802.000	14619.487	217.000	112009.000
8.500	111960.000	14973.641	327.000	112122.000
8.510	112121.000	15311.549	444.000	112228.000
8.520	112285.000	15638.084	552.000	112329.000
8.530	112449.000	15866.659	668.000	112427.000
8.540	112613.000	16026.661	769.000	112526.000
8.550	112776.000	16108.663	848.000	112629.000
8.560	112936.000	16076.064	912.000	112738.000
8.570	113092.000	15933.245	957.000	112856.000
8.580	113244.000	15713.271	971.000	112985.000
8.590	113392.000	15439.290	947.000	113125.000
8.600	113535.000	15097.503	901.000	113277.000
8.610	113673.000	14708.252	836.000	113440.000
8.620	113807.000	14315.776	748.000	113612.000
8.630	113939.000	13981.044	628.000	113795.000
8.640	114068.000	13656.730	511.000	113984.000
8.650	114195.000	13369.711	402.000	114175.000
8.660	114322.000	13168.798	294.000	114368.000
8.670	114450.000	13058.159	200.000	114556.000
8.680	114581.000	13070.711	113.000	114741.000
8.690	114713.000	13109.498	78.000	114914.000
8.700	114849.000	13256.648	63.000	115079.000
8.710	114991.000	13539.654	55.000	115234.000
8.720	115121.000	13377.758	279.000	115363.000
8.730	115270.000	13834.430	302.000	115495.000
8.740	115424.000	14304.101	350.000	115617.000
8.750	115582.000	14752.871	423.000	115730.000
8.760	115743.000	15157.010	515.000	115835.000
8.770	115906.000	15499.907	616.000	115936.000
8.780	116071.000	15799.935	704.000	116035.000
8.790	116236.000	16009.954	785.000	116136.000
8.800	116398.000	16066.968	874.000	116240.000
8.810	116560.000	16106.878	909.000	116353.000
8.820	116717.000	15984.814	945.000	116473.000
8.830	116872.000	15839.370	928.000	116605.000
8.840	117021.000	15557.559	907.000	116748.000
8.850	117167.000	15270.291	839.000	116905.000
8.860	117309.000	14949.204	746.000	117072.000
8.870	117446.000	14574.443	650.000	117251.000
8.880	117580.000	14222.110	536.000	117438.000
8.890	117712.000	13915.477	411.000	117631.000
8.900	117842.000	13640.834	296.000	117827.000
8.910	117972.000	13448.584	184.000	118025.000
8.920	118102.000	13314.009	98.000	118219.000
8.930	118233.000	13249.806	41.000	118406.000
8.940	118367.000	13294.864	3.000	118587.000
8.950	118505.000	13446.405	-14.000	118757.000
8.960	118646.000	13642.483	12.000	118915.000
8.970	118792.000	13929.738	56.000	119061.000
8.980	118942.000	14250.817	131.000	119194.000
8.990	119098.000	14655.572	204.000	119316.000
9.000	119256.000	14998.900	319.000	119428.000
9.010	119417.000	15329.230	439.000	119532.000
9.020	119580.000	15620.461	561.000	119631.000
9.030	119744.000	15854.323	675.000	119727.000
9.040	119909.000	16048.026	763.000	119825.000
9.050	120073.000	16153.618	832.000	119927.000
9.060	120234.000	16137.533	890.000	120036.000
9.070	120392.000	16036.273	918.000	120153.000
9.080	120546.000	15845.391	919.000	120282.000
9.090	120696.000	15591.774	887.000	120423.000
9.100	120841.000	15264.242	835.000	120577.000
9.110	120982.000	14914.969	754.000	120743.000
9.120	121119.000	14550.478	654.000	120920.000
9.130	121252.000	14175.335	549.000	121106.000
9.140	121383.000	13852.734	431.000	121298.000
9.150	121512.000	13566.914	320.000	121493.000
9.160	121641.000	13366.840	212.000	121690.000
9.170	121771.000	13256.788	116.000	121884.000
9.180	121902.000	13209.752	53.000	122072.000
9.190	122037.000	13296.826	-2.000	122254.000
9.200	122175.000	13447.778	-19.000	122425.000
9.210	122319.000	13733.445	-28.000	122586.000
9.220	122466.000	14023.411	15.000	122733.000
9.230	122618.000	14376.388	77.000	122868.000
9.240	122774.000	14743.472	164.000	122991.000
9.250	122935.000	15150.430	253.000	123105.000
9.260	123098.000	15495.301	367.000	123211.000
9.270	123262.000	15766.711	496.000	123312.000
9.280	123426.000	15956.698	628.000	123410.000
9.290	123592.000	16149.688	715.000	123511.000
9.300	123753.000	16134.782	833.000	123613.000
9.310	123913.000	16094.347	900.000	123723.000
9.320	124069.000	15946.043	948.000	123842.000
9.330	124221.000	15722.230	962.000	123971.000
9.340	124369.000	15445.561	940.000	124112.000
9.350	124511.000	15071.893	907.000	124264.000
9.360	124650.000	14720.325	827.000	124428.000
9.370	124784.000	14324.227	741.000	124601.000
9.380	124914.000	13926.959	646.000	124782.000
9.390	125043.000	13618.871	523.000	124969.000
9.400	125170.000	13343.210	409.000	125160.000
9.410	125297.000	13150.247	298.000	125350.000
9.420	125425.000	13045.173	201.000	125539.000
9.430	125554.000	13001.621	137.000	125721.000
9.440	125688.000	13121.135	70.000	125897.000
9.450	125824.000	13264.794	57.000	126062.000
9.460	125965.000	13515.356	62.000	126216.000
9.470	126110.000	13810.749	103.000	126358.000
9.480	126259.000	14137.524	176.000	126488.000
9.490	126413.000	14516.267	260.000	126608.000
9.500	126571.000	14901.387	358.000	126720.000
9.510	126730.000	15200.971	491.000	126823.000
9.520	126893.000	15530.680	597.000	126923.000
9.530	127056.000	15761.476	713.000	127022.000
9.540	127219.000	15923.033	814.000	127122.000
9.550	127380.000	15976.123	904.000	127227.000
9.560	127541.000	16013.286	941.000	127338.000
9.570	127698.000	15919.300	967.000	127458.000
9.580	127851.000	15733.510	966.000	127589.000
9.590	128000.000	15483.457	933.000	127733.000
9.600	128144.000	15158.420	880.000	127888.000
9.610	128284.000	14810.894	798.000	128055.000
9.620	128420.000	14447.626	698.000	128232.000
9.630	128552.000	14073.338	593.000	128417.000
9.640	128683.000	13781.337	463.000	128609.000
9.650	128810.000	13456.936	368.000	128802.000
9.660	128939.000	13289.855	247.000	128997.000
9.670	129067.000	13142.898	166.000	129188.000
9.680	129197.000	13100.029	101.000	129373.000
9.690	129330.000	13160.020	58.000	129550.000
9.700	129466.000	13292.014	49.000	129716.000
9.710	129606.000	13504.410	69.000	129870.000
9.720	129750.000	13773.087	121.000	130012.000
9.730	129898.000	14081.161	201.000	130142.000
9.740	130052.000	14476.813	279.000	130261.000
9.750	130208.000	14813.769	396.000	130371.000
9.760	130368.000	15169.638	507.000	130472.000
9.770	130528.000	15418.747	646.000	130569.000
9.780	130690.000	15653.123	760.000	130663.000
9.790	130854.000	15877.186	836.000	130761.000
9.800	131014.000	15914.030	934.000	130861.000
9.810	131173.000	15909.821	987.000	130969.000
9.820	131329.000	15816.875	1013.000	131086.000
9.830	131481.000	15631.812	1012.000	131215.000
9.840	131630.000	15412.269	967.000	131356.000
9.850	131773.000	15078.588	918.000	131510.000
9.860	131913.000	14755.012	826.000	131675.000
9.870	132049.000	14408.508	720.000	131852.000
9.880	132181.000	14045.956	610.000	132037.000
9.890	132312.000	13762.169	477.000	132230.000
9.900	132441.000	13503.518	355.000	132425.000
9.910	132570.000	13322.463	239.000	132620.000
9.920	132700.000	13225.724	138.000	132814.000
9.930	132833.000	13248.007	47.000	133002.000
9.940	132968.000	13323.605	-3.000	133183.000
9.950	133107.000	13496.523	-29.000	133353.000
9.960	133250.000	13737.566	-21.000	133513.000
9.970	133398.000	14056.296	10.000	133660.000
9.980	133550.000	14399.407	75.000	133795.000
9.990	133707.000	14789.585	154.000	133919.000
10.000	133867.000	15152.710	260.000	134033.000
10.010	134029.000	15466.897	386.000	134140.000
10.020	134194.000	15776.828	500.000	134241.000
10.030	134357.000	15933.779	644.000	134340.000
10.040	134523.000	16133.646	729.000	134441.000
10.050	134685.000	16153.552	833.000	134546.000
10.060	134845.000	16107.486	902.000	134657.000
10.070	135002.000	15985.240	939.000	134776.000
10.080	135154.000	15749.668	958.000	134906.000
10.090	135303.000	15494.768	927.000	135048.000
10.100	135448.000	15196.337	864.000	135201.000
10.110	135588.000	14837.436	786.000	135366.000
10.120	135725.000	14496.205	678.000	135541.000
10.130	135858.000	14137.344	567.000	135724.000
10.140	135990.000	13856.141	432.000	135913.000
10.150	136119.000	13569.298	322.000	136104.000
10.160	136250.000	13428.509	190.000	136298.000
10.170	136382.000	13359.956	77.000	136488.000
10.180	136515.000	13341.969	2.000	136673.000
10.190	136650.000	13389.379	-38.000	136852.000
10.200	136789.000	13542.565	-56.000	137022.000
10.210	136933.000	13799.795	-54.000	137181.000
10.220	137081.000	14099.857	-16.000	137328.000
10.230	137233.000	14429.900	55.000	137464.000
10.240	137389.000	14780.930	149.000	137589.000
10.250	137549.000	15146.651	254.000	137705.000
10.260	137712.000	15492.656	368.000	137813.000
10.270	137876.000	15764.859	497.000	137917.000
10.280	138042.000	16015.401	604.000	138019.000
10.290	138209.000	16220.781	687.000	138123.000
10.300	138372.000	16244.547	788.000	138229.000
10.310	138533.000	16201.183	857.000	138343.000
10.320	138692.000	16110.828	881.000	138465.000
10.330	138846.000	15897.579	891.000	138597.000
10.340	138996.000	15628.306	865.000	138741.000
10.350	139142.000	15319.814	805.000	138897.000
10.360	139283.000	14953.870	730.000	139064.000
10.370	139420.000	14577.709	635.000	139240.000
10.380	139553.000	14194.396	534.000	139423.000
10.390	139684.000	13866.077	418.000	139614.000
10.400	139812.000	13546.254	321.000	139807.000
10.410	139941.000	13352.378	211.000	140001.000
10.420	140068.000	13156.665	149.000	140191.000
10.430	140198.000	13109.665	86.000	140375.000
10.440	140330.000	13136.766	56.000	140552.000
10.450	140466.000	13275.736	45.000	140717.000
10.460	140605.000	13463.015	75.000	140870.000
10.470	140749.000	13744.111	123.000	141011.000
10.480	140899.000	14120.877	176.000	141142.000
10.490	141051.000	14444.614	282.000	141259.000
10.500	141207.000	14791.230	396.000	141368.000
10.510	141366.000	15123.861	516.000	141470.000
10.520	141528.000	15446.703	625.000	141567.000
10.530	141689.000	15642.692	756.000	141661.000
10.540	141853.000	15869.884	830.000	141759.000
10.550	142014.000	15938.919	915.000	141859.000
10.560	142173.000	15927.243	972.000	141967.000
10.570	142328.000	15799.070	1011.000	142083.000
10.580	142480.000	15619.349	1009.000	142211.000
10.590	142627.000	15343.544	986.000	142350.000
10.600	142770.000	15030.481	929.000	142502.000
10.610	142909.000	14691.337	844.000	142667.000
10.620	143044.000	14333.936	742.000	142842.000
10.630	143175.000	13963.755	636.000	143025.000
10.640	143305.000	13674.629	505.000	143216.000
10.650	143434.000	13442.240	373.000	143411.000
10.660	143561.000	13219.568	274.000	143605.000
10.670	143690.000	13123.698	173.000	143796.000
10.680	143820.000	13086.588	106.000	143982.000
10.690	143954.000	13180.612	49.000	144160.000
10.700	144091.000	13336.428	30.000	144329.000
10.710	144232.000	13565.500	44.000	144485.000
10.720	144378.000	13875.850	79.000	144631.000
10.730	144528.000	14213.095	147.000	144763.000
10.740	144681.000	14539.166	252.000	144885.000
10.750	144839.000	14917.416	353.000	144997.000
10.760	144998.000	15212.192	488.000	145100.000
10.770	145160.000	15508.534	607.000	145200.000
10.780	145322.000	15715.974	733.000	145296.000
10.790	145485.000	15891.182	828.000	145394.000
10.800	145645.000	15923.827	927.000	145495.000
10.810	145804.000	15916.679	982.000	145604.000
10.820	145959.000	15791.675	1020.000	145721.000
10.830	146111.000	15614.173	1016.000	145849.000
10.840	146259.000	15369.921	981.000	145989.000
10.850	146402.000	15048.945	927.000	146140.000
10.860	146541.000	14704.261	844.000	146303.000
10.870	146676.000	14342.983	744.000	146476.000
10.880	146810.000	14060.088	603.000	146659.000
10.890	146939.000	13712.062	495.000	146846.000
10.900	147068.000	13468.443	368.000	147038.000
10.910	147196.000	13267.910	260.000	147230.000
10.920	147324.000	13127.537	176.000	147420.000
10.930	147456.000	13149.276	85.000	147606.000
10.940	147590.000	13224.493	35.000	147785.000
10.950	147726.000	13337.145	34.000	147953.000
10.960	147867.000	13566.002	47.000	148110.000
10.970	148012.000	13846.201	95.000	148257.000
10.980	148163.000	14222.341	148.000	148392.000
10.990	148317.000	14575.639	241.000	148514.000
11.000	148475.000	14942.947	346.000	148629.000
11.010	148636.000	15290.063	460.000	148735.000
11.020	148799.000	15593.044	577.000	148837.000
11.030	148964.000	15865.131	676.000	148937.000
11.040	149129.000	16055.592	765.000	149038.000
11.050	149293.000	16158.914	835.000	149143.000
11.060	149455.000	16171.240	881.000	149255.000
11.070	149613.000	16059.868	913.000	149376.000
11.080	149767.000	15861.908	917.000	149508.000
11.090	149918.000	15633.335	875.000	149652.000
11.100	150063.000	15293.335	827.000	149806.000
11.110	150205.000	14965.334	737.000	149974.000
11.120	150340.000	14525.734	667.000	150151.000
11.130	150473.000	14158.014	560.000	150336.000
11.140	150604.000	13840.610	439.000	150528.000
11.150	150732.000	13528.427	339.000	150723.000
11.160	150859.000	13279.899	251.000	150918.000
11.170	150988.000	13165.929	157.000	151110.000
11.180	151119.000	13146.150	83.000	151297.000
11.190	151252.000	13192.305	44.000	151476.000
11.200	151389.000	13344.614	27.000	151644.000
11.210	151529.000	13541.230	54.000	151800.000
11.220	151674.000	13828.861	98.000	151943.000
11.230	151825.000	14210.202	149.000	152074.000
11.240	151980.000	14597.142	230.000	152194.000
11.250	152138.000	14957.999	337.000	152305.000
11.260	152299.000	15300.599	453.000	152408.000
11.270	152463.000	15630.420	559.000	152506.000
11.280	152629.000	15921.294	650.000	152602.000
11.290	152794.000	16094.906	746.000	152699.000
11.300	152958.000	16186.434	820.000	152801.000
11.310	153119.000	16160.504	882.000	152911.000
11.320	153277.000	16052.353	913.000	153030.000
11.330	153432.000	15886.647	904.000	153160.000
11.340	153582.000	15620.653	877.000	153303.000
11.350	153727.000	15284.457	828.000	153459.000
11.360	153868.000	14929.120	749.000	153627.000
11.370	154005.000	14560.384	651.000	153806.000
11.380	154139.000	14212.269	535.000	153994.000
11.390	154270.000	13878.588	421.000	154189.000
11.400	154400.000	13615.012	301.000	154388.000
11.410	154530.000	13430.508	187.000	154587.000
11.420	154661.000	13331.356	87.000	154784.000
11.430	154793.000	13291.949	20.000	154975.000
11.440	154929.000	13384.364	-37.000	155156.000
11.450	155068.000	13539.055	-56.000	155327.000
11.460	155210.000	13737.339	-31.000	155486.000
11.470	155358.000	14056.137	1.000	155633.000
11.480	155509.000	14369.296	78.000	155767.000
11.490	155664.000	14708.507	177.000	155889.000
11.500	155822.000	15035.955	298.000	156001.000
11.510	155984.000	15385.168	411.000	156105.000
11.520	156147.000	15659.618	539.000	156203.000
11.530	156311.000	15881.733	658.000	156299.000
11.540	156475.000	16037.213	761.000	156396.000
11.550	156636.000	16056.049	865.000	156496.000
11.560	156796.000	16039.234	924.000	156603.000
11.570	156952.000	15907.464	965.000	156718.000
11.580	157104.000	15695.225	975.000	156844.000
11.590	157251.000	15396.657	961.000	156982.000
11.600	157394.000	15067.660	911.000	157132.000
11.610	157533.000	14717.362	830.000	157294.000
11.620	157668.000	14352.153	731.000	157468.000
11.630	157799.000	13976.507	628.000	157650.000
11.640	157929.000	13683.555	498.000	157840.000
11.650	158055.000	13358.489	404.000	158032.000
11.660	158182.000	13160.942	295.000	158224.000
11.670	158310.000	13052.659	199.000	158415.000
11.680	158439.000	13006.862	136.000	158601.000
11.690	158571.000	13064.803	93.000	158779.000
11.700	158707.000	13225.362	74.000	158948.000
11.710	158847.000	13457.754	86.000	159105.000
11.720	158991.000	13740.427	132.000	159250.000
11.730	159140.000	14088.299	197.000	159383.000
11.740	159294.000	14481.809	275.000	159504.000
11.750	159453.000	14907.267	357.000	159616.000
11.760	159615.000	15295.087	455.000	159721.000
11.770	159778.000	15596.561	572.000	159820.000
11.780	159943.000	15867.592	672.000	159918.000
11.790	160108.000	16057.315	761.000	160017.000
11.800	160270.000	16100.120	855.000	160120.000
11.810	160431.000	16100.084	906.000	160230.000
11.820	160588.000	15980.059	942.000	160348.000
11.830	160742.000	15806.041	936.000	160478.000
11.840	160891.000	15534.229	912.000	160620.000
11.850	161033.000	15133.960	889.000	160773.000
11.860	161173.000	14793.772	804.000	160939.000
11.870	161308.000	14405.641	714.000	161115.000
11.880	161439.000	14013.948	617.000	161299.000
11.890	161567.000	13649.764	515.000	161490.000
11.900	161693.000	13334.835	417.000	161683.000
11.910	161819.000	13114.384	318.000	161875.000
11.920	161947.000	13020.069	217.000	162066.000
11.930	162077.000	13014.048	137.000	162252.000
11.940	162209.000	13069.834	95.000	162428.000
11.950	162345.000	13228.884	76.000	162594.000
11.960	162485.000	13460.219	89.000	162749.000
11.970	162630.000	13772.153	124.000	162891.000
11.980	162780.000	14140.507	180.000	163021.000
11.990	162935.000	14548.355	252.000	163140.000
12.000	163094.000	14953.848	342.000	163250.000
12.010	163256.000	15327.694	0.000	163353.000
12.020	163418.000	15589.386	0.000	163450.000
12.030	163581.000	15802.570	0.000	163547.000
12.040	163744.000	15951.799	0.000	163646.000
12.050	163901.000	15876.259	0.000	163749.000
12.060	164057.000	15793.382	0.000	163860.000
12.070	164207.000	15555.367	0.000	163979.000
12.080	164351.000	15208.757	0.000	164109.000
12.090	164490.000	14816.130	0.000	164250.000
12.100	164621.000	14301.291	0.000	164401.000
12.110	164750.000	13880.904	0.000	164564.000
12.120	164872.000	13376.633	0.000	164734.000
12.130	164989.000	12873.643	0.000	164910.000
12.140	165106.000	12521.550	0.000	165092.000
12.150	165221.000	12215.085	0.000	165273.000
12.160	165337.000	12030.559	0.000	165452.000
12.170	165453.000	11901.392	0.000	165626.000
12.180	165571.000	11870.974	0.000	165791.000
12.190	165695.000	12029.682	0.000	165947.000
12.200	165822.000	12230.777	0.000	166091.000
12.210	165952.000	12461.544	0.000	166222.000
12.220	166087.000	12773.081	0.000	166341.000
12.230	166227.000	13141.157	0.000	166449.000
12.240	166369.000	13458.810	0.000	166546.000
12.250	166514.000	13771.167	0.000	166636.000
12.260	166659.000	13989.817	0.000	166720.000
12.270	166804.000	14142.872	0.000	166801.000
12.280	166948.000	14220.010	0.000	166883.000
12.290	167089.000	14184.007	0.000	166968.000
12.300	167225.000	14008.805	0.000	167059.000
12.310	167358.000	13796.163	0.000	167158.000
12.320	167485.000	13467.314	0.000	167265.000
12.330	167605.000	13027.120	0.000	167383.000
12.340	167721.000	12598.984	0.000	167511.000
12.350	167831.000	12119.289	0.000	167648.000
12.360	167938.000	11693.502	0.000	167795.000
12.370	168039.000	11215.452	0.000	167947.000
12.380	168137.000	10790.816	0.000	168102.000
12.390	168235.000	10493.571	0.000	168261.000
12.400	168332.000	10255.500	0.000	168418.000
12.410	168430.000	10118.850	0.000	168570.000
12.420	168531.000	10113.195	0.000	168716.000
12.430	168634.000	10169.236	0.000	168854.000
12.440	168741.000	10328.466	0.000	168982.000
12.450	168852.000	10559.926	0.000	169097.000
12.460	168968.000	10871.948	0.000	169203.000
12.470	169088.000	11210.364	0.000	169297.000
12.480	169211.000	11537.255	0.000	169382.000
12.490	169337.000	11856.078	0.000	169458.000
12.500	169464.000	12109.255	0.000	169529.000
12.510	169592.000	12316.478	0.000	169598.000
12.520	169719.000	12431.535	0.000	169666.000
12.530	169844.000	12452.074	0.000	169736.000
12.540	169966.000	12376.452	0.000	169812.000
12.550	170084.000	12203.516	0.000	169895.000
12.560	170197.000	11932.462	0.000	169987.000
12.570	170305.000	11592.723	0.000	170088.000
12.580	170407.000	11174.906	0.000	170199.000
12.590	170504.000	10732.434	0.000	170320.000
12.600	170596.000	10272.704	0.000	170450.000
12.610	170684.000	9830.893	0.000	170586.000
12.620	170770.000	9461.625	0.000	170726.000
12.630	170852.000	9083.137	0.000	170868.000
12.640	170935.000	8848.196	0.000	171010.000
12.650	171018.000	8683.737	0.000	171147.000
12.660	171103.000	8628.616	0.000	171278.000
12.670	171189.000	8620.031	0.000	171401.000
12.680	171280.000	8764.022	0.000	171515.000
12.690	171373.000	8924.815	0.000	171618.000
12.700	171471.000	9187.371	0.000	171709.000
12.710	171572.000	9461.160	0.000	171790.000
12.720	171676.000	9742.812	0.000	171860.000
12.730	171783.000	10029.968	0.000	171923.000
12.740	171891.000	10260.978	0.000	171979.000
12.750	171999.000	10422.684	0.000	172031.000
12.760	172107.000	10535.879	0.000	172081.000
12.770	172212.000	10525.115	0.000	172132.000
12.780	172314.000	10427.581	0.000	172187.000
12.790	172414.000	10299.307	0.000	172249.000
12.800	172506.000	9969.515	0.000	172316.000
12.810	172595.000	9648.660	0.000	172393.000
12.820	172677.000	9214.062	0.000	172479.000
12.830	172754.000	8759.843	0.000	172573.000
12.840	172827.000	8321.890	0.000	172676.000
12.850	172895.000	7865.323	0.000	172785.000
12.860	172959.000	7425.726	0.000	172899.000
12.870	173022.000	7088.008	0.000	173016.000
12.880	173082.000	6761.606	0.000	173133.000
12.890	173144.000	6593.124	0.000	173248.000
12.900	173206.000	6475.187	0.000	173358.000
12.910	173271.000	6482.631	0.000	173461.000
12.920	173339.000	6577.842	0.000	173555.000
12.930	173410.000	6734.489	0.000	173639.000
12.940	173484.000	6934.142	0.000	173712.000
12.950	173563.000	7223.900	0.000	173774.000
12.960	173645.000	7516.730	0.000	173827.000
12.970	173730.000	7811.711	0.000	173871.000
12.980	173817.000	8078.198	0.000	173909.000
12.990	173905.000	8294.738	0.000	173942.000
13.000	173993.000	8446.317	0.000	173973.000
13.010	174079.000	8492.422	0.000	174006.000
13.020	174162.000	8434.695	0.000	174041.000
13.030	174242.000	8304.287	0.000	174082.000
13.040	174318.000	8093.001	0.000	174130.000
13.050	174389.000	7795.100	0.000	174187.000
13.060	174455.000	7436.570	0.000	174253.000
13.070	174516.000	7035.599	0.000	174328.000
13.080	174571.000	6574.919	0.000	174412.000
13.090	174623.000	6162.444	0.000	174503.000
13.100	174672.000	5783.711	0.000	174599.000
13.110	174717.000	5398.597	0.000	174697.000
13.120	174762.000	5129.018	0.000	174797.000
13.130	174807.000	4940.313	0.000	174895.000
13.140	174852.000	4808.219	0.000	174988.000
13.150	174900.000	4805.753	0.000	175075.000
13.160	174950.000	4864.027	0.000	175153.000
13.170	175004.000	5024.819	0.000	175221.000
13.180	175062.000	5257.373	0.000	175280.000
13.190	175124.000	5540.161	0.000	175328.000
13.200	175189.000	5828.113	0.000	175366.000
13.210	175257.000	6119.679	0.000	175396.000
13.220	175327.000	6383.775	0.000	175419.000
13.230	175398.000	6598.643	0.000	175437.000
13.240	175469.000	6749.050	0.000	175454.000
13.250	175539.000	6824.335	0.000	175471.000
13.260	175607.000	6817.034	0.000	175491.000
13.270	175671.000	6691.924	0.000	175517.000
13.280	175732.000	6514.347	0.000	175550.000
13.290	175788.000	6240.043	0.000	175591.000
13.300	175838.000	5868.030	0.000	175640.000
13.310	175885.000	5517.621	0.000	175700.000
13.320	175926.000	5092.335	0.000	175767.000
13.330	175963.000	4674.634	0.000	175841.000
13.340	175997.000	4292.244	0.000	175920.000
13.350	176028.000	3934.571	0.000	176002.000
13.360	176058.000	3654.200	0.000	176085.000
13.370	176088.000	3457.940	0.000	176166.000
13.380	176119.000	3350.558	0.000	176243.000
13.390	176151.000	3305.390	0.000	176314.000
13.400	176186.000	3363.773	0.000	176376.000
13.410	176224.000	3494.641	0.000	176430.000
13.420	176266.000	3706.249	0.000	176473.000
13.430	176310.000	3914.374	0.000	176507.000
13.440	176358.000	4180.062	0.000	176531.000
13.450	176408.000	4426.043	0.000	176547.000
13.460	176461.000	4688.230	0.000	176556.000
13.470	176514.000	4871.761	0.000	176561.000
13.480	176567.000	5000.233	0.000	176563.000
13.490	176619.000	5060.163	0.000	176565.000
13.500	176668.000	5012.114	0.000	176570.000
13.510	176715.000	4918.480	0.000	176578.000
13.520	176757.000	4702.936	0.000	176593.000
13.530	176794.000	4402.055	0.000	176615.000
13.540	176826.000	4041.439	0.000	176645.000
13.550	176853.000	3639.007	0.000	176682.000
13.560	176876.000	3237.305	0.000	176727.000
13.570	176894.000	2806.113	0.000	176779.000
13.580	176908.000	2384.279	0.000	176836.000
13.590	176920.000	2028.996	0.000	176895.000
13.600	176931.000	1750.297	0.000	176955.000
13.610	176940.000	1495.208	0.000	177014.000
13.620	176950.000	1346.645	0.000	177068.000
13.630	176961.000	1272.652	0.000	177116.000
13.640	176974.000	1280.856	0.000	177157.000
13.650	176989.000	1346.599	0.000	177189.000
13.660	177007.000	1482.620	0.000	177212.000
13.670	177028.000	1667.834	0.000	177225.000
13.680	177052.000	1887.484	0.000	177228.000
13.690	177078.000	2101.239	0.000	177226.000
13.700	177106.000	2310.867	0.000	177214.000
13.710	177135.000	2487.607	0.000	177198.000
13.720	177164.000	2611.325	0.000	177178.000
13.730	177192.000	2667.927	0.000	177158.000
13.740	177217.000	2617.549	0.000	177140.000
13.750	177240.000	2522.284	0.000	177125.000
13.760	177259.000	2335.599	0.000	177116.000
13.770	177274.000	2084.919	0.000	177113.000
13.780	177283.000	1729.444	0.000	177116.000
13.790	177288.000	1360.610	0.000	177128.000
13.800	177288.000	952.427	0.000	177147.000
13.810	177285.000	576.699	0.000	177172.000
13.820	177277.000	163.689	0.000	177203.000
13.830	177266.000	-215.417	0.000	177236.000
13.840	177254.000	-510.792	0.000	177270.000
13.850	177241.000	-747.555	0.000	177303.000
13.860	177230.000	-853.288	0.000	177333.000
13.870	177220.000	-897.302	0.000	177358.000
13.880	177212.000	-868.111	0.000	177375.000
13.890	177208.000	-727.678	0.000	177385.000
13.900	177207.000	-539.374	0.000	177387.000
13.910	177207.000	-377.562	0.000	177381.000
13.920	177213.000	-84.294	0.000	177366.000
13.930	177221.000	180.995	0.000	177343.000
13.940	177231.000	426.696	0.000	177314.000
13.950	177242.000	628.687	0.000	177283.000
13.960	177252.000	740.081	0.000	177249.000
13.970	177262.000	818.057	0.000	177215.000
13.980	177269.000	782.640	0.000	177184.000
13.990	177272.000	637.848	0.000	177157.000
14.000	177273.000	476.493	0.000	177135.000
14.010	177270.000	243.545	0.000	177120.000
14.020	177262.000	-69.518	0.000	177112.000
14.030	177249.000	-438.663	0.000	177110.000
14.040	177233.000	-787.064	0.000	177113.000
14.050	177214.000	-1120.945	0.000	177123.000
14.060	177192.000	-1444.661	0.000	177137.000
14.070	177170.000	-1671.263	0.000	177153.000
14.080	177146.000	-1889.884	0.000	177170.000
14.090	177124.000	-1982.919	0.000	177185.000
14.100	177103.000	-2018.043	0.000	177198.000
14.110	177084.000	-1982.630	0.000	177205.000
14.120	177067.000	-1897.841	0.000	177207.000
14.130	177054.000	-1718.489	0.000	177204.000
14.140	177044.000	-1502.942	0.000	177192.000
14.150	177037.000	-1262.060	0.000	177173.000
14.160	177033.000	-1003.442	0.000	177148.000
14.170	177031.000	-762.409	0.000	177117.000
14.180	177030.000	-563.686	0.000	177082.000
14.190	177030.000	-394.580	0.000	177045.000
14.200	177031.000	-246.206	0.000	177008.000
14.210	177031.000	-172.344	0.000	176971.000
14.220	177031.000	-120.641	0.000	176937.000
14.230	177029.000	-144.449	0.000	176908.000
14.240	177023.000	-281.114	0.000	176884.000
14.250	177014.000	-466.780	0.000	176867.000
14.260	177002.000	-686.746	0.000	176856.000
14.270	176987.000	-930.722	0.000	176852.000
14.280	176969.000	-1191.506	0.000	176853.000
14.290	176949.000	-1434.054	0.000	176860.000
14.300	176926.000	-1693.838	0.000	176872.000
14.310	176903.000	-1875.686	0.000	176886.000
14.320	176881.000	-1972.980	0.000	176900.000
14.330	176858.000	-2071.086	0.000	176913.000
14.340	176837.000	-2079.760	0.000	176923.000
14.350	176818.000	-2025.832	0.000	176929.000
14.360	176802.000	-1898.083	0.000	176930.000
14.370	176789.000	-1718.658	0.000	176925.000
14.380	176779.000	-1503.060	0.000	176913.000
14.390	176772.000	-1262.142	0.000	176894.000
14.400	176768.000	-1003.500	0.000	176870.000
14.410	176766.000	-762.450	0.000	176840.000
14.420	176766.000	-533.715	0.000	176808.000
14.430	176766.000	-373.600	0.000	176773.000
14.440	176766.000	-261.520	0.000	176739.000
14.450	176766.000	-183.064	0.000	176705.000
14.460	176766.000	-128.145	0.000	176675.000
14.470	176765.000	-119.701	0.000	176649.000
14.480	176760.000	-233.791	0.000	176628.000
14.490	176753.000	-373.654	0.000	176614.000
14.500	176742.000	-591.558	0.000	176606.000
14.510	176729.000	-804.090	0.000	176604.000
14.520	176714.000	-1012.863	0.000	176607.000
14.530	176696.000	-1249.004	0.000	176616.000
14.540	176677.000	-1444.303	0.000	176629.000
14.550	176658.000	-1581.012	0.000	176643.000
14.560	176638.000	-1706.708	0.000	176658.000
14.570	176619.000	-1764.696	0.000	176672.000
14.580	176602.000	-1745.287	0.000	176684.000
14.590	176587.000	-1671.701	0.000	176691.000
14.600	176574.000	-1560.191	0.000	176693.000
14.610	176564.000	-1392.133	0.000	176691.000
14.620	176558.000	-1154.493	0.000	176682.000
14.630	176554.000	-928.145	0.000	176666.000
14.640	176553.000	-679.702	0.000	176645.000
14.650	176553.000	-475.791	0.000	176621.000
14.660	176554.000	-303.054	0.000	176592.000
14.670	176558.000	-92.138	0.000	176562.000
14.680	176561.000	25.504	0.000	176533.000
14.690	176565.000	137.853	0.000	176505.000
14.700	176567.000	156.497	0.000	176480.000
14.710	176567.000	109.548	0.000	176459.000
14.720	176566.000	46.683	0.000	176443.000
14.730	176561.000	-117.322	0.000	176433.000
14.740	176554.000	-292.125	0.000	176429.000
14.750	176544.000	-504.488	0.000	176429.000
14.760	176532.000	-713.141	0.000	176435.000
14.770	176518.000	-919.199	0.000	176446.000
14.780	176504.000	-1063.439	0.000	176461.000
14.790	176488.000	-1224.407	0.000	176477.000
14.800	176473.000	-1307.085	0.000	176493.000
14.810	176459.000	-1334.960	0.000	176508.000
14.820	176446.000	-1324.472	0.000	176521.000
14.830	176435.000	-1257.130	0.000	176530.000
14.840	176426.000	-1149.991	0.000	176534.000
14.850	176420.000	-984.994	0.000	176534.000
14.860	176417.000	-779.496	0.000	176528.000
14.870	176417.000	-545.647	0.000	176516.000
14.880	176417.000	-381.953	0.000	176500.000
14.890	176420.000	-177.367	0.000	176480.000
14.900	176425.000	25.843	0.000	176457.000
14.910	176431.000	198.090	0.000	176433.000
14.920	176437.000	318.663	0.000	176408.000
14.930	176442.000	373.064	0.000	176386.000
14.940	176445.000	351.145	0.000	176365.000
14.950	176447.000	305.801	0.000	176349.000
14.960	176447.000	214.061	0.000	176337.000
14.970	176445.000	89.843	0.000	176331.000
14.980	176440.000	-87.110	0.000	176329.000
14.990	176432.000	-300.977	0.000	176331.000
15.000	176422.000	-510.684	0.000	176339.000
