0.000	0.000	0.000	0.000	0.000
0.010	0.000	0.000	0.000	4.000
0.020	0.000	0.000	0.000	4.000
0.030	0.000	0.000	0.000	4.000
0.040	0.000	0.000	0.000	4.000
0.050	-1.000	-30.000	12.000	2.000
0.060	-2.000	-51.000	21.000	0.000
0.070	-3.000	-65.700	27.000	-2.000
0.080	-4.000	-75.990	31.000	-5.000
0.090	-5.000	-83.193	34.000	-7.000
0.100	-7.000	-118.235	48.000	-10.000
0.110	-8.000	-112.765	47.000	-13.000
0.120	-9.000	-108.935	45.000	-15.000
0.130	-11.000	-136.255	57.000	-18.000
0.140	-12.000	-125.378	53.000	-20.000
0.150	-14.000	-147.765	62.000	-22.000
0.160	-15.000	-133.435	57.000	-24.000
0.170	-16.000	-123.405	53.000	-25.000
0.180	-18.000	-146.383	63.000	-26.000
0.190	-19.000	-132.468	57.000	-27.000
0.200	-21.000	-152.728	66.000	-28.000
0.210	-22.000	-136.909	60.000	-28.000
0.220	-23.000	-125.837	56.000	-28.000
0.230	-25.000	-148.086	65.000	-28.000
0.240	-26.000	-133.660	60.000	-28.000
0.250	-27.000	-123.562	56.000	-29.000
0.260	-28.000	-116.493	53.000	-29.000
0.270	-28.000	-81.545	40.000	-29.000
0.280	-29.000	-87.082	42.000	-29.000
0.290	-29.000	-60.957	32.000	-30.000
0.300	-30.000	-72.670	36.000	-30.000
0.310	-30.000	-50.869	28.000	-31.000
0.320	-30.000	-35.608	22.000	-32.000
0.330	-30.000	-24.926	17.000	-32.000
0.340	-30.000	-17.448	14.000	-33.000
0.350	-30.000	-12.214	12.000	-34.000
0.360	-30.000	-8.550	11.000	-34.000
0.370	-30.000	-5.985	9.000	-35.000
0.380	-30.000	-4.189	9.000	-35.000
0.390	-30.000	-2.932	8.000	-35.000
0.400	-30.000	-2.053	8.000	-35.000
0.410	-30.000	-1.437	7.000	-35.000
0.420	-30.000	-1.006	7.000	-35.000
0.430	-30.000	-0.704	7.000	-35.000
0.440	-31.000	-30.493	19.000	-35.000
0.450	-31.000	-21.345	15.000	-35.000
0.460	-31.000	-14.942	12.000	-35.000
0.470	-31.000	-10.459	11.000	-35.000
0.480	-32.000	-37.321	21.000	-35.000
0.490	-32.000	-26.125	17.000	-35.000
0.500	-32.000	-18.287	14.000	-35.000
0.510	-32.000	-12.801	134.000	-35.000
0.520	-32.000	-8.961	256.000	-35.000
0.530	-32.000	-6.273	379.000	-35.000
0.540	-32.000	-4.391	504.000	-35.000
0.550	-30.000	56.926	606.000	-35.000
0.560	-27.000	129.848	703.000	-35.000
0.570	-23.000	210.894	799.000	-35.000
0.580	-19.000	267.626	904.000	-35.000
0.590	-13.000	367.338	993.000	-33.000
0.600	-6.000	467.137	1083.000	-31.000
0.610	2.000	566.996	1173.000	-29.000
0.620	11.000	666.897	1264.000	-24.000
0.630	21.000	766.828	1355.000	-19.000
0.640	33.000	896.780	1434.000	-12.000
0.650	47.000	1047.746	1506.000	-2.000
0.660	62.000	1183.422	1583.000	9.000
0.670	78.000	1308.395	1666.000	22.000
0.680	97.000	1485.877	1728.000	38.000
0.690	117.000	1640.114	1799.000	56.000
0.700	139.000	1808.080	1865.000	76.000
0.710	164.000	2015.656	1916.000	100.000
0.720	191.000	2220.959	1968.000	126.000
0.730	220.000	2424.671	2020.000	155.000
0.740	252.000	2657.270	2061.000	186.000
0.750	286.000	2880.089	2106.000	220.000
0.760	322.000	3096.062	2153.000	258.000
0.770	360.000	3307.244	2203.000	297.000
0.780	401.000	3545.071	2242.000	339.000
0.790	444.000	3771.549	2286.000	384.000
0.800	489.000	3990.085	2332.000	431.000
0.810	536.000	4203.059	2382.000	480.000
0.820	587.000	4472.141	2409.000	532.000
0.830	641.000	4750.499	2432.000	585.000
0.840	698.000	5035.349	2452.000	641.000
0.850	760.000	5384.745	2447.000	700.000
0.860	824.000	5689.321	2459.000	760.000
0.870	891.000	5992.525	2471.000	823.000
0.880	960.000	6264.767	2496.000	889.000
0.890	1032.000	6545.337	2517.000	958.000
0.900	1107.000	6831.736	2536.000	1030.000
0.910	1186.000	7152.215	2541.000	1106.000
0.920	1267.000	7436.551	2561.000	1183.000
0.930	1351.000	7725.585	2579.000	1266.000
0.940	1439.000	8047.910	2583.000	1353.000
0.950	1528.000	8303.537	2614.000	1442.000
0.960	1620.000	8572.476	2639.000	1536.000
0.970	1718.000	8940.733	2625.000	1634.000
0.980	1816.000	9198.513	2654.000	1734.000
0.990	1919.000	9528.959	2655.000	1840.000
1.000	2026.000	9880.271	2647.000	1948.000
1.010	2136.000	10216.190	2522.000	2059.000
1.020	2249.000	10541.333	2401.000	2174.000
1.030	2364.000	10828.933	2294.000	2292.000
1.040	2483.000	11150.253	2172.000	2414.000
1.050	2605.000	11465.177	2051.000	2538.000
1.060	2729.000	11745.624	1943.000	2666.000
1.070	2854.000	11971.937	1856.000	2795.000
1.080	2983.000	12250.356	1748.000	2928.000
1.090	3115.000	12535.249	1636.000	3064.000
1.100	3246.000	12704.674	1569.000	3200.000
1.110	3381.000	12943.272	1474.000	3339.000
1.120	3518.000	13170.290	1383.000	3480.000
1.130	3655.000	13329.203	1319.000	3622.000
1.140	3796.000	13560.442	1226.000	3766.000
1.150	3937.000	13722.310	1160.000	3911.000
1.160	4080.000	13895.617	1088.000	4057.000
1.170	4223.000	14016.932	1037.000	4204.000
1.180	4369.000	14191.852	965.000	4351.000
1.190	4515.000	14314.297	913.000	4500.000
1.200	4663.000	14460.008	851.000	4649.000
1.210	4810.000	14532.005	819.000	4796.000
1.220	4958.000	14612.404	783.000	4946.000
1.230	5106.000	14668.683	757.000	5095.000
1.240	5255.000	14738.078	726.000	5245.000
1.250	5404.000	14786.654	702.000	5395.000
1.260	5555.000	14880.658	661.000	5547.000
1.270	5704.000	14886.461	655.000	5697.000
1.280	5851.000	14830.522	673.000	5846.000
1.290	6001.000	14881.366	649.000	5996.000
1.300	6150.000	14886.956	644.000	6147.000
1.310	6300.000	14920.869	626.000	6297.000
1.320	6451.000	14974.608	601.000	6447.000
1.330	6601.000	14982.226	595.000	6597.000
1.340	6753.000	15047.558	565.000	6748.000
1.350	6905.000	15093.291	543.000	6898.000
1.360	7057.000	15125.303	527.000	7047.000
1.370	7212.000	15237.712	478.000	7199.000
1.380	7362.000	15166.399	502.000	7347.000
1.390	7516.000	15236.479	471.000	7499.000
1.400	7667.000	15195.535	483.000	7648.000
1.410	7820.000	15226.875	467.000	7800.000
1.420	7979.000	15428.812	382.000	7960.000
1.430	8128.000	15270.169	442.000	8110.000
1.440	8279.000	15219.118	459.000	8263.000
1.450	8434.000	15303.383	421.000	8420.000
1.460	8585.000	15242.368	442.000	8572.000
1.470	8742.000	15379.657	384.000	8730.000
1.480	8893.000	15295.760	414.000	8884.000
1.490	9045.000	15267.032	422.000	9038.000
1.500	9199.000	15306.923	402.000	9193.000
1.510	9353.000	15334.846	388.000	9349.000
1.520	9506.000	15324.392	389.000	9505.000
1.530	9659.000	15317.074	388.000	9661.000
1.540	9812.000	15311.952	387.000	9816.000
1.550	9965.000	15308.366	385.000	9970.000
1.560	10119.000	15335.857	371.000	10124.000
1.570	10271.000	15295.100	384.000	10276.000
1.580	10423.000	15266.570	392.000	10430.000
1.590	10577.000	15306.599	373.000	10583.000
1.600	10728.000	15244.619	395.000	10734.000
1.610	10880.000	15231.233	398.000	10886.000
1.620	11030.000	15161.863	423.000	11037.000
1.630	11181.000	15143.304	428.000	11187.000
1.640	11331.000	15100.313	443.000	11336.000
1.650	11481.000	15070.219	452.000	11485.000
1.660	11632.000	15079.153	447.000	11633.000
1.670	11782.000	15055.407	454.000	11780.000
1.680	11933.000	15068.785	447.000	11928.000
1.690	12081.000	14988.150	477.000	12073.000
1.700	12231.000	14991.705	474.000	12220.000
1.710	12380.000	14964.193	483.000	12367.000
1.720	12533.000	15064.935	441.000	12518.000
1.730	12681.000	14985.455	470.000	12664.000
1.740	12828.000	14899.818	503.000	12811.000
1.750	12977.000	14899.873	501.000	12959.000
1.760	13128.000	14959.911	476.000	13109.000
1.770	13274.000	14851.938	517.000	13256.000
1.780	13422.000	14836.356	522.000	13405.000
1.790	13570.000	14825.449	525.000	13555.000
1.800	13718.000	14817.815	527.000	13705.000
1.810	13867.000	14842.470	516.000	13855.000
1.820	14015.000	14829.729	520.000	14006.000
1.830	14164.000	14850.810	510.000	14156.000
1.840	14313.000	14865.567	503.000	14306.000
1.850	14462.000	14875.897	497.000	14456.000
1.860	14612.000	14913.128	481.000	14606.000
1.870	14763.000	14969.190	457.000	14756.000
1.880	14912.000	14948.433	463.000	14904.000
1.890	15062.000	14963.903	456.000	15052.000
1.900	15211.000	14944.732	462.000	15201.000
1.910	15361.000	14961.312	453.000	15350.000
1.920	15511.000	14972.919	447.000	15499.000
1.930	15662.000	15011.043	430.000	15649.000
1.940	15809.000	14917.730	466.000	15797.000
1.950	15958.000	14912.411	466.000	15945.000
1.960	16106.000	14878.688	478.000	16094.000
1.970	16254.000	14855.081	486.000	16242.000
1.980	16402.000	14838.557	492.000	16392.000
1.990	16550.000	14826.990	495.000	16540.000
2.000	16696.000	14758.893	521.000	16687.000
2.010	16845.000	14801.225	631.000	16836.000
2.020	16990.000	14710.858	793.000	16982.000
2.030	17138.000	14737.600	906.000	17129.000
2.040	17287.000	14786.320	1005.000	17276.000
2.050	17437.000	14850.424	1090.000	17423.000
2.060	17589.000	14955.297	1150.000	17570.000
2.070	17741.000	15028.708	1213.000	17717.000
2.080	17898.000	15230.095	1211.000	17866.000
2.090	18051.000	15251.067	1269.000	18013.000
2.100	18208.000	15385.747	1266.000	18162.000
2.110	18366.000	15510.023	1253.000	18313.000
2.120	18526.000	15657.016	1214.000	18467.000
2.130	18684.000	15699.911	1200.000	18620.000
2.140	18845.000	15819.938	1139.000	18778.000
2.150	19008.000	15963.956	1052.000	18939.000
2.160	19167.000	15944.770	1015.000	19100.000
2.170	19328.000	15991.339	936.000	19265.000
2.180	19491.000	16083.937	824.000	19432.000
2.190	19653.000	16118.756	722.000	19601.000
2.200	19816.000	16173.129	601.000	19772.000
2.210	19977.000	16151.190	499.000	19945.000
2.220	20139.000	16165.833	375.000	20117.000
2.230	20301.000	16176.083	245.000	20291.000
2.240	20465.000	16243.258	88.000	20466.000
2.250	20625.000	16170.281	-16.000	20640.000
2.260	20789.000	16239.197	-178.000	20814.000
2.270	20947.000	16107.438	-259.000	20982.000
2.280	21106.000	16045.206	-364.000	21151.000
2.290	21264.000	15971.644	-459.000	21316.000
2.300	21422.000	15920.151	-555.000	21480.000
2.310	21578.000	15824.106	-625.000	21640.000
2.320	21734.000	15756.874	-696.000	21797.000
2.330	21887.000	15619.812	-726.000	21951.000
2.340	22040.000	15523.868	-759.000	22102.000
2.350	22191.000	15396.708	-766.000	22250.000
2.360	22340.000	15247.695	-747.000	22395.000
2.370	22489.000	15143.387	-731.000	22538.000
2.380	22633.000	14920.371	-651.000	22676.000
2.390	22779.000	14824.260	-604.000	22814.000
2.400	22923.000	14696.982	-528.000	22950.000
2.410	23062.000	14457.887	-392.000	23082.000
2.420	23201.000	14290.521	-268.000	23214.000
2.430	23340.000	14173.365	-150.000	23347.000
2.440	23477.000	14031.355	-9.000	23479.000
2.450	23614.000	13931.949	128.000	23610.000
2.460	23750.000	13832.364	275.000	23741.000
2.470	23886.000	13762.655	420.000	23874.000
2.480	24021.000	13683.858	575.000	24005.000
2.490	24157.000	13658.701	713.000	24138.000
2.500	24293.000	13641.091	852.000	24272.000
2.510	24429.000	13628.763	989.000	24406.000
2.520	24568.000	13710.134	1088.000	24542.000
2.530	24706.000	13737.094	1205.000	24678.000
2.540	24845.000	13785.966	1308.000	24814.000
2.550	24988.000	13940.176	1362.000	24954.000
2.560	25131.000	14048.123	1425.000	25093.000
2.570	25277.000	14213.686	1454.000	25235.000
2.580	25423.000	14329.580	1491.000	25378.000
2.590	25571.000	14470.706	1504.000	25523.000
2.600	25721.000	14629.494	1495.000	25671.000
2.610	25872.000	14770.646	1477.000	25819.000
2.620	26025.000	14929.452	1436.000	25972.000
2.630	26178.000	15040.617	1398.000	26125.000
2.640	26332.000	15148.432	1344.000	26281.000
2.650	26487.000	15253.902	1275.000	26438.000
2.660	26643.000	15357.731	1191.000	26598.000
2.670	26799.000	15430.412	1104.000	26760.000
2.680	26955.000	15481.288	1011.000	26923.000
2.690	27112.000	15546.902	898.000	27088.000
2.700	27268.000	15562.831	794.000	27253.000
2.710	27426.000	15633.982	658.000	27419.000
2.720	27584.000	15683.787	521.000	27586.000
2.730	27741.000	15688.651	395.000	27750.000
2.740	27898.000	15692.056	264.000	27914.000
2.750	28055.000	15694.439	132.000	28078.000
2.760	28212.000	15696.107	-2.000	28240.000
2.770	28369.000	15697.275	-134.000	28400.000
2.780	28525.000	15668.093	-251.000	28559.000
2.790	28683.000	15707.665	-390.000	28719.000
2.800	28836.000	15585.365	-457.000	28873.000
2.810	28990.000	15529.756	-542.000	29027.000
2.820	29141.000	15400.829	-587.000	29176.000
2.830	29292.000	15310.580	-636.000	29324.000
2.840	29440.000	15157.406	-645.000	29470.000
2.850	29587.000	15020.184	-646.000	29615.000
2.860	29733.000	14894.129	-636.000	29758.000
2.870	29876.000	14715.890	-589.000	29900.000
2.880	30018.000	14561.123	-534.000	30040.000
2.890	30158.000	14392.786	-458.000	30179.000
2.900	30297.000	14244.950	-373.000	30317.000
2.910	30435.000	14111.465	-277.000	30452.000
2.920	30571.000	13958.026	-158.000	30587.000
2.930	30707.000	13850.618	-43.000	30721.000
2.940	30841.000	13715.433	97.000	30853.000
2.950	30976.000	13650.803	220.000	30986.000
2.960	31109.000	13545.562	371.000	31117.000
2.970	31243.000	13501.893	505.000	31247.000
2.980	31377.000	13471.325	642.000	31376.000
2.990	31512.000	13479.928	767.000	31507.000
3.000	31645.000	13425.949	921.000	31634.000
3.010	31780.000	13448.165	1045.000	31764.000
3.020	31915.000	13463.715	1171.000	31893.000
3.030	32051.000	13504.601	1283.000	32023.000
3.040	32190.000	13623.220	1359.000	32156.000
3.050	32327.000	13646.254	1466.000	32287.000
3.060	32467.000	13752.378	1530.000	32421.000
3.070	32609.000	13886.665	1573.000	32558.000
3.080	32749.000	13920.665	1643.000	32693.000
3.090	32892.000	14034.466	1668.000	32832.000
3.100	33037.000	14174.126	1668.000	32973.000
3.110	33183.000	14301.888	1657.000	33117.000
3.120	33331.000	14451.322	1621.000	33265.000
3.130	33480.000	14585.925	1575.000	33414.000
3.140	33630.000	14710.148	1516.000	33566.000
3.150	33784.000	14917.103	1408.000	33724.000
3.160	33936.000	15001.972	1332.000	33879.000
3.170	34091.000	15151.381	1214.000	34040.000
3.180	34248.000	15315.966	1077.000	34203.000
3.190	34402.000	15341.177	981.000	34365.000
3.200	34560.000	15478.824	828.000	34531.000
3.210	34719.000	15605.176	669.000	34700.000
3.220	34876.000	15633.624	541.000	34866.000
3.230	35036.000	15743.536	373.000	35033.000
3.240	35196.000	15820.476	213.000	35201.000
3.250	35356.000	15874.333	59.000	35368.000
3.260	35516.000	15912.033	-90.000	35534.000
3.270	35676.000	15938.423	-233.000	35700.000
3.280	35835.000	15926.896	-358.000	35862.000
3.290	35992.000	15858.827	-455.000	36025.000
3.300	36149.000	15811.179	-553.000	36186.000
3.310	36305.000	15747.825	-636.000	36344.000
3.320	36461.000	15703.478	-715.000	36503.000
3.330	36611.000	15492.434	-716.000	36656.000
3.340	36764.000	15434.704	-764.000	36809.000
3.350	36914.000	15304.293	-769.000	36961.000
3.360	37059.000	15063.005	-713.000	37107.000
3.370	37205.000	14924.104	-682.000	37252.000
3.380	37347.000	14706.872	-603.000	37395.000
3.390	37489.000	14554.811	-534.000	37535.000
3.400	37629.000	14388.368	-441.000	37674.000
3.410	37766.000	14181.857	-317.000	37810.000
3.420	37903.000	14037.300	-202.000	37943.000
3.430	38040.000	13936.110	-89.000	38076.000
3.440	38173.000	13745.277	73.000	38205.000
3.450	38307.000	13641.694	212.000	38333.000
3.460	38442.000	13599.186	338.000	38460.000
3.470	38578.000	13599.430	455.000	38587.000
3.480	38711.000	13509.601	615.000	38711.000
3.490	38846.000	13506.721	745.000	38836.000
3.500	38981.000	13504.704	878.000	38961.000
3.510	39117.000	13533.293	999.000	39086.000
3.520	39253.000	13553.305	1123.000	39212.000
3.530	39391.000	13627.314	1222.000	39340.000
3.540	39528.000	13649.120	1336.000	39470.000
3.550	39668.000	13754.384	1410.000	39605.000
3.560	39807.000	13798.069	1499.000	39741.000
3.570	39948.000	13888.648	1559.000	39881.000
3.580	40091.000	14012.054	1594.000	40023.000
3.590	40234.000	14098.438	1630.000	40168.000
3.600	40380.000	14248.906	1626.000	40316.000
3.610	40527.000	14384.234	1612.000	40467.000
3.620	40677.000	14568.964	1562.000	40621.000
3.630	40827.000	14698.275	1517.000	40776.000
3.640	40976.000	14758.792	1484.000	40931.000
3.650	41130.000	14951.155	1381.000	41090.000
3.660	41285.000	15115.808	1273.000	41250.000
3.670	41441.000	15261.066	1157.000	41413.000
3.680	41600.000	15452.746	1008.000	41577.000
3.690	41757.000	15526.922	893.000	41740.000
3.700	41916.000	15638.846	750.000	41905.000
3.710	42078.000	15807.192	574.000	42071.000
3.720	42236.000	15805.034	457.000	42233.000
3.730	42396.000	15863.524	309.000	42397.000
3.740	42555.000	15874.467	175.000	42560.000
3.750	42714.000	15882.127	40.000	42723.000
3.760	42872.000	15857.489	-84.000	42886.000
3.770	43029.000	15810.242	-197.000	43049.000
3.780	43184.000	15717.169	-288.000	43208.000
3.790	43339.000	15652.019	-386.000	43368.000
3.800	43492.000	15546.413	-460.000	43526.000
3.810	43642.000	15382.489	-501.000	43679.000
3.820	43793.000	15297.742	-563.000	43833.000
3.830	43940.000	15118.420	-575.000	43983.000
3.840	44087.000	14992.894	-595.000	44131.000
3.850	44234.000	14905.026	-615.000	44279.000
3.860	44377.000	14723.518	-582.000	44422.000
3.870	44520.000	14596.463	-555.000	44564.000
3.880	44663.000	14507.524	-526.000	44704.000
3.890	44801.000	14295.267	-432.000	44839.000
3.900	44940.000	14176.687	-358.000	44973.000
3.910	45078.000	14063.681	-271.000	45105.000
3.920	45216.000	13984.576	-181.000	45236.000
3.930	45351.000	13839.204	-51.000	45364.000
3.940	45485.000	13707.442	87.000	45492.000
3.950	45621.000	13675.210	198.000	45620.000
3.960	45754.000	13562.647	351.000	45746.000
3.970	45889.000	13543.853	476.000	45874.000
3.980	46022.000	13470.697	629.000	46001.000
3.990	46156.000	13449.488	767.000	46129.000
4.000	46290.000	13434.641	905.000	46257.000
4.010	46424.000	13424.249	1042.000	46387.000
4.020	46559.000	13446.974	1165.000	46517.000
4.030	46695.000	13492.882	1276.000	46648.000
4.040	46833.000	13585.017	1362.000	46781.000
4.050	46971.000	13649.512	1453.000	46916.000
4.060	47110.000	13724.659	1530.000	47052.000
4.070	47252.000	13867.261	1569.000	47192.000
4.080	47393.000	13937.083	1625.000	47332.000
4.090	47536.000	14045.958	1652.000	47475.000
4.100	47681.000	14182.171	1653.000	47621.000
4.110	47827.000	14307.519	1644.000	47768.000
4.120	47975.000	14455.264	1609.000	47919.000
4.130	48126.000	14648.684	1539.000	48073.000
4.140	48273.000	14664.079	1523.000	48223.000
4.150	48424.000	14794.855	1446.000	48379.000
4.160	48576.000	14916.399	1355.000	48535.000
4.170	48730.000	15061.479	1240.000	48694.000
4.180	48886.000	15223.035	1104.000	48854.000
4.190	49040.000	15276.125	997.000	49013.000
4.200	49196.000	15373.287	861.000	49173.000
4.210	49355.000	15531.301	690.000	49337.000
4.220	49512.000	15581.911	553.000	49497.000
4.230	49670.000	15647.338	403.000	49658.000
4.240	49829.000	15723.136	244.000	49820.000
4.250	49987.000	15746.195	102.000	49980.000
4.260	50144.000	15732.337	-25.000	50140.000
4.270	50303.000	15782.636	-177.000	50302.000
4.280	50457.000	15667.845	-260.000	50460.000
4.290	50613.000	15647.492	-376.000	50619.000
4.300	50768.000	15603.244	-474.000	50778.000
4.310	50922.000	15542.271	-557.000	50934.000
4.320	51075.000	15469.590	-625.000	51091.000
4.330	51224.000	15298.713	-641.000	51244.000
4.340	51372.000	15149.099	-652.000	51396.000
4.350	51520.000	15044.369	-666.000	51546.000
4.360	51666.000	14911.058	-653.000	51695.000
4.370	51812.000	14817.741	-640.000	51843.000
4.380	51955.000	14662.419	-585.000	51989.000
4.390	52095.000	14463.693	-497.000	52130.000
4.400	52236.000	14354.585	-428.000	52271.000
4.410	52377.000	14278.210	-355.000	52409.000
4.420	52517.000	14194.747	-265.000	52547.000
4.430	52654.000	14046.323	-134.000	52681.000
4.440	52791.000	13942.426	-7.000	52813.000
4.450	52928.000	13869.698	119.000	52945.000
4.460	53065.000	13818.789	247.000	53077.000
4.470	53200.000	13723.152	402.000	53205.000
4.480	53334.000	13626.206	564.000	53334.000
4.490	53469.000	13588.345	708.000	53462.000
4.500	53604.000	13561.841	850.000	53590.000
4.510	53740.000	13573.289	979.000	53718.000
4.520	53876.000	13581.302	1107.000	53848.000
4.530	54013.000	13616.912	1221.000	53978.000
4.540	54149.000	13611.838	1346.000	54108.000
4.550	54289.000	13728.287	1416.000	54243.000
4.560	54427.000	13749.801	1514.000	54378.000
4.570	54569.000	13884.860	1557.000	54517.000
4.580	54711.000	13979.402	1603.000	54658.000
4.590	54853.000	14045.582	1647.000	54799.000
4.600	54999.000	14211.907	1637.000	54945.000
4.610	55144.000	14298.335	1642.000	55091.000
4.620	55292.000	14448.834	1607.000	55240.000
4.630	55442.000	14614.184	1548.000	55391.000
4.640	55593.000	14759.929	1481.000	55543.000
4.650	55746.000	14921.950	1390.000	55698.000
4.660	55901.000	15095.365	1279.000	55856.000
4.670	56056.000	15216.756	1173.000	56016.000
4.680	56213.000	15361.729	1043.000	56177.000
4.690	56372.000	15523.210	892.000	56340.000
4.700	56529.000	15576.247	773.000	56503.000
4.710	56690.000	15733.373	602.000	56670.000
4.720	56847.000	15723.361	488.000	56834.000
4.730	57007.000	15806.353	331.000	57000.000
4.740	57167.000	15864.447	178.000	57166.000
4.750	57328.000	15935.113	18.000	57334.000
4.760	57485.000	15864.579	-88.000	57499.000
4.770	57644.000	15875.205	-224.000	57664.000
4.780	57801.000	15822.644	-332.000	57827.000
4.790	57959.000	15815.851	-453.000	57991.000
4.800	58115.000	15751.095	-544.000	58151.000
4.810	58266.000	15555.767	-573.000	58308.000
4.820	58418.000	15449.037	-627.000	58464.000
4.830	58568.000	15314.326	-658.000	58617.000
4.840	58716.000	15160.028	-666.000	58769.000
4.850	58864.000	15052.020	-679.000	58919.000
4.860	59007.000	14826.414	-629.000	59063.000
4.870	59150.000	14668.490	-590.000	59206.000
4.880	59292.000	14527.943	-540.000	59346.000
4.890	59433.000	14399.560	-480.000	59484.000
4.900	59571.000	14219.692	-382.000	59618.000
4.910	59709.000	14093.784	-289.000	59749.000
4.920	59845.000	13945.649	-172.000	59878.000
4.930	59981.000	13841.954	-58.000	60006.000
4.940	60116.000	13739.368	69.000	60132.000
4.950	60250.000	13637.558	207.000	60257.000
4.960	60384.000	13566.290	344.000	60382.000
4.970	60519.000	13546.403	470.000	60507.000
4.980	60653.000	13502.482	611.000	60632.000
4.990	60786.000	13441.738	765.000	60758.000
5.000	60920.000	13429.216	902.000	60884.000
5.010	61054.000	13420.451	1039.000	61013.000
5.020	61189.000	13444.316	1161.000	61142.000
5.030	61324.000	13461.021	1283.000	61273.000
5.040	61459.000	13472.715	1402.000	61406.000
5.050	61597.000	13570.900	1479.000	61542.000
5.060	61737.000	13699.630	1535.000	61681.000
5.070	61877.000	13789.741	1596.000	61821.000
5.080	62020.000	13942.819	1619.000	61965.000
5.090	62164.000	14079.973	1635.000	62110.000
5.100	62309.000	14205.981	1640.000	62257.000
5.110	62458.000	14414.187	1597.000	62406.000
5.120	62608.000	14589.931	1550.000	62557.000
5.130	62759.000	14742.952	1496.000	62710.000
5.140	62911.000	14880.066	1432.000	62865.000
5.150	63066.000	15066.046	1331.000	63022.000
5.160	63221.000	15196.232	1237.000	63180.000
5.170	63378.000	15347.363	1118.000	63340.000
5.180	63535.000	15453.154	1004.000	63501.000
5.190	63692.000	15527.208	888.000	63663.000
5.200	63850.000	15609.045	757.000	63826.000
5.210	64009.000	15696.332	614.000	63991.000
5.220	64166.000	15697.432	496.000	64155.000
5.230	64324.000	15728.203	360.000	64319.000
5.240	64481.000	15719.742	234.000	64483.000
5.250	64637.000	15683.819	117.000	64646.000
5.260	64793.000	15658.673	-6.000	64809.000
5.270	64950.000	15671.071	-142.000	64972.000
5.280	65103.000	15559.750	-226.000	65131.000
5.290	65256.000	15481.825	-318.000	65290.000
5.300	65410.000	15457.278	-424.000	65448.000
5.310	65560.000	15320.094	-476.000	65601.000
5.320	65710.000	15224.066	-533.000	65754.000
5.330	65860.000	15156.846	-590.000	65903.000
5.340	66008.000	15049.792	-617.000	66051.000
5.350	66155.000	14944.855	-631.000	66196.000
5.360	66301.000	14841.398	-629.000	66339.000
5.370	66445.000	14708.979	-601.000	66480.000
5.380	66587.000	14556.285	-547.000	66619.000
5.390	66728.000	14419.400	-483.000	66757.000
5.400	66867.000	14263.580	-395.000	66892.000
5.410	67008.000	14214.506	-333.000	67028.000
5.420	67143.000	14000.154	-190.000	67161.000
5.430	67279.000	13880.108	-70.000	67293.000
5.440	67415.000	13796.075	49.000	67425.000
5.450	67549.000	13677.253	195.000	67556.000
5.460	67683.000	13594.077	336.000	67686.000
5.470	67818.000	13565.854	464.000	67817.000
5.480	67952.000	13516.098	608.000	67946.000
5.490	68087.000	13511.268	739.000	68077.000
5.500	68221.000	13477.888	885.000	68207.000
5.510	68357.000	13514.522	1003.000	68338.000
5.520	68494.000	13570.165	1112.000	68470.000
5.530	68631.000	13609.116	1225.000	68603.000
5.540	68777.000	13906.381	1229.000	68742.000
5.550	68911.000	13754.467	1405.000	68873.000
5.560	69051.000	13828.127	1483.000	69009.000
5.570	69195.000	13999.689	1510.000	69149.000
5.580	69337.000	14059.782	1570.000	69289.000
5.590	69480.000	14131.847	1611.000	69430.000
5.600	69625.000	14242.293	1623.000	69574.000
5.610	69772.000	14379.605	1608.000	69722.000
5.620	69920.000	14505.724	1582.000	69871.000
5.630	70071.000	14684.007	1518.000	70023.000
5.640	70219.000	14718.805	1495.000	70176.000
5.650	70373.000	14923.163	1387.000	70331.000
5.660	70527.000	15066.214	1288.000	70488.000
5.670	70684.000	15256.350	1155.000	70648.000
5.680	70838.000	15299.445	1065.000	70805.000
5.690	70996.000	15449.611	920.000	70966.000
5.700	71153.000	15524.728	792.000	71127.000
5.710	71312.000	15637.310	639.000	71290.000
5.720	71472.000	15746.117	478.000	71455.000
5.730	71629.000	15732.282	359.000	71618.000
5.740	71789.000	15812.597	198.000	71784.000
5.750	71947.000	15808.818	67.000	71949.000
5.760	72105.000	15806.173	-65.000	72112.000
5.770	72265.000	15864.321	-220.000	72279.000
5.780	72421.000	15785.025	-317.000	72441.000
5.790	72576.000	15699.517	-407.000	72601.000
5.800	72730.000	15609.662	-487.000	72761.000
5.810	72884.000	15546.763	-569.000	72919.000
5.820	73037.000	15472.734	-636.000	73076.000
5.830	73188.000	15360.914	-676.000	73230.000
5.840	73338.000	15252.640	-703.000	73383.000
5.850	73486.000	15116.848	-705.000	73533.000
5.860	73633.000	14991.794	-695.000	73680.000
5.870	73779.000	14874.255	-673.000	73826.000
5.880	73924.000	14761.979	-636.000	73970.000
5.890	74065.000	14563.385	-547.000	74108.000
5.900	74206.000	14424.370	-466.000	74245.000
5.910	74345.000	14267.059	-362.000	74380.000
5.920	74484.000	14156.941	-260.000	74515.000
5.930	74620.000	13989.859	-122.000	74646.000
5.940	74756.000	13872.901	10.000	74777.000
5.950	74890.000	13731.031	165.000	74906.000
5.960	75022.000	13571.722	337.000	75033.000
5.970	75154.000	13460.205	499.000	75160.000
5.980	75286.000	13382.144	655.000	75287.000
5.990	75418.000	13327.500	806.000	75413.000
6.000	75551.000	13319.250	942.000	75538.000
6.010	75683.000	13283.475	1090.000	75664.000
6.020	75818.000	13348.433	1197.000	75792.000
6.030	75951.000	13333.903	1332.000	75918.000
6.040	76086.000	13383.732	1436.000	76046.000
6.050	76225.000	13538.612	1491.000	76178.000
6.060	76361.000	13557.029	1591.000	76309.000
6.070	76501.000	13689.920	1635.000	76444.000
6.080	76642.000	13812.944	1670.000	76580.000
6.090	76786.000	13989.061	1670.000	76720.000
6.100	76930.000	14112.343	1677.000	76861.000
6.110	77077.000	14288.640	1647.000	77006.000
6.120	77224.000	14412.048	1622.000	77153.000
6.130	77373.000	14558.434	1571.000	77303.000
6.140	77525.000	14750.903	1485.000	77457.000
6.150	77674.000	14795.632	1441.000	77610.000
6.160	77829.000	15006.943	1315.000	77770.000
6.170	77982.000	15094.860	1223.000	77930.000
6.180	78137.000	15216.402	1102.000	78093.000
6.190	78293.000	15331.481	971.000	78256.000
6.200	78453.000	15532.037	793.000	78424.000
6.210	78609.000	15552.426	677.000	78588.000
6.220	78768.000	15656.698	518.000	78754.000
6.230	78926.000	15699.689	377.000	78919.000
6.240	79086.000	15789.782	212.000	79086.000
6.250	79246.000	15852.847	54.000	79252.000
6.260	79403.000	15806.993	-61.000	79416.000
6.270	79562.000	15834.895	-204.000	79581.000
6.280	79717.000	15734.427	-293.000	79740.000
6.290	79872.000	15664.099	-388.000	79900.000
6.300	80028.000	15644.869	-497.000	80060.000
6.310	80179.000	15481.408	-539.000	80214.000
6.320	80331.000	15396.986	-602.000	80369.000
6.330	80480.000	15247.890	-626.000	80519.000
6.340	80626.000	15053.523	-619.000	80667.000
6.350	80772.000	14917.466	-620.000	80813.000
6.360	80916.000	14762.226	-598.000	80956.000
6.370	81058.000	14593.558	-554.000	81098.000
6.380	81199.000	14445.491	-502.000	81236.000
6.390	81339.000	14311.844	-439.000	81373.000
6.400	81477.000	14158.291	-351.000	81507.000
6.410	81617.000	14110.803	-290.000	81641.000
6.420	81751.000	13897.562	-147.000	81770.000
6.430	81887.000	13808.294	-39.000	81898.000
6.440	82021.000	13685.806	96.000	82026.000
6.450	82156.000	13630.064	216.000	82153.000
6.460	82289.000	13531.045	364.000	82280.000
6.470	82424.000	13521.731	485.000	82407.000
6.480	82557.000	13455.212	636.000	82533.000
6.490	82689.000	13378.648	796.000	82659.000
6.500	82823.000	13385.054	926.000	82786.000
6.510	82957.000	13389.538	1057.000	82915.000
6.520	83094.000	13482.676	1152.000	83046.000
6.530	83228.000	13457.873	1290.000	83176.000
6.540	83365.000	13530.511	1385.000	83309.000
6.550	83506.000	13701.358	1433.000	83447.000
6.560	83644.000	13730.951	1528.000	83582.000
6.570	83786.000	13871.665	1568.000	83722.000
6.580	83930.000	14030.166	1588.000	83865.000
6.590	84074.000	14141.116	1614.000	84009.000
6.600	84220.000	14278.781	1615.000	84157.000
6.610	84368.000	14435.147	1592.000	84306.000
6.620	84518.000	14604.603	1548.000	84458.000
6.630	84668.000	14723.222	1508.000	84613.000
6.640	84820.000	14866.255	1441.000	84769.000
6.650	84974.000	15026.379	1351.000	84928.000
6.660	85131.000	15228.465	1228.000	85091.000
6.670	85285.000	15279.926	1149.000	85250.000
6.680	85442.000	15405.948	1026.000	85412.000
6.690	85600.000	15524.164	893.000	85578.000
6.700	85756.000	15546.914	786.000	85740.000
6.710	85915.000	15652.840	636.000	85906.000
6.720	86076.000	15786.988	465.000	86073.000
6.730	86233.000	15760.892	351.000	86237.000
6.740	86392.000	15802.624	205.000	86402.000
6.750	86550.000	15801.837	73.000	86566.000
6.760	86709.000	15831.286	-72.000	86729.000
6.770	86868.000	15851.900	-212.000	86891.000
6.780	87026.000	15836.330	-335.000	87052.000
6.790	87182.000	15765.431	-431.000	87210.000
6.800	87340.000	15775.802	-551.000	87370.000
6.810	87493.000	15633.061	-602.000	87524.000
6.820	87646.000	15533.143	-659.000	87678.000
6.830	87798.000	15433.200	-703.000	87831.000
6.840	87949.000	15333.240	-734.000	87983.000
6.850	88098.000	15203.268	-739.000	88133.000
6.860	88246.000	15082.288	-731.000	88281.000
6.870	88392.000	14937.601	-698.000	88427.000
6.880	88537.000	14806.321	-653.000	88571.000
6.890	88679.000	14624.425	-572.000	88714.000
6.900	88821.000	14497.097	-496.000	88855.000
6.910	88961.000	14347.968	-395.000	88993.000
6.920	89101.000	14243.578	-296.000	89131.000
6.930	89239.000	14110.504	-171.000	89267.000
6.940	89377.000	14017.353	-49.000	89401.000
6.950	89514.000	13922.147	87.000	89535.000
6.960	89651.000	13855.503	221.000	89667.000
6.970	89786.000	13748.852	380.000	89797.000
6.980	89923.000	13734.196	510.000	89927.000
6.990	90058.000	13663.938	666.000	90056.000
7.000	90194.000	13644.756	806.000	90185.000
7.010	90330.000	13631.329	944.000	90314.000
7.020	90467.000	13651.931	1067.000	90444.000
7.030	90603.000	13636.351	1202.000	90573.000
7.040	90740.000	13655.446	1317.000	90705.000
7.050	90880.000	13758.812	1392.000	90839.000
7.060	91019.000	13801.169	1482.000	90974.000
7.070	91157.000	13800.818	1579.000	91108.000
7.080	91300.000	13950.573	1604.000	91248.000
7.090	91441.000	13995.401	1656.000	91387.000
7.100	91583.000	14056.781	1688.000	91529.000
7.110	91728.000	14189.746	1676.000	91674.000
7.120	91874.000	14312.822	1652.000	91821.000
7.130	92022.000	14458.976	1601.000	91971.000
7.140	92173.000	14651.283	1516.000	92123.000
7.150	92321.000	14695.898	1473.000	92274.000
7.160	92474.000	14877.129	1359.000	92429.000
7.170	92627.000	15003.990	1252.000	92587.000
7.180	92782.000	15152.793	1121.000	92746.000
7.190	92939.000	15316.955	970.000	92908.000
7.200	93093.000	15341.869	863.000	93067.000
7.210	93250.000	15449.308	712.000	93229.000
7.220	93409.000	15584.516	541.000	93393.000
7.230	93564.000	15559.161	428.000	93555.000
7.240	93721.000	15601.413	282.000	93718.000
7.250	93880.000	15690.989	115.000	93883.000
7.260	94034.000	15603.692	17.000	94044.000
7.270	94190.000	15602.585	-114.000	94206.000
7.280	94346.000	15601.809	-242.000	94366.000
7.290	94501.000	15571.266	-353.000	94526.000
7.300	94655.000	15519.886	-449.000	94683.000
7.310	94807.000	15423.921	-517.000	94839.000
7.320	94959.000	15356.744	-587.000	94993.000
7.330	95108.000	15219.721	-616.000	95144.000
7.340	95257.000	15123.805	-648.000	95294.000
7.350	95404.000	14996.663	-653.000	95442.000
7.360	95548.000	14817.664	-622.000	95587.000
7.370	95691.000	14662.365	-583.000	95730.000
7.380	95832.000	14493.656	-523.000	95870.000
7.390	95972.000	14345.559	-454.000	96009.000
7.400	96110.000	14181.891	-363.000	96145.000
7.410	96247.000	14037.324	-263.000	96279.000
7.420	96384.000	13936.127	-164.000	96413.000
7.430	96516.000	13715.289	-4.000	96542.000
7.440	96650.000	13620.702	120.000	96672.000
7.450	96781.000	13464.491	281.000	96798.000
7.460	96913.000	13385.144	422.000	96924.000
7.470	97045.000	13329.601	562.000	97050.000
7.480	97178.000	13320.721	690.000	97176.000
7.490	97310.000	13284.504	834.000	97301.000
7.500	97443.000	13289.153	965.000	97425.000
7.510	97577.000	13322.407	1085.000	97550.000
7.520	97712.000	13375.685	1196.000	97675.000
7.530	97849.000	13472.980	1286.000	97803.000
7.540	97984.000	13481.086	1406.000	97931.000
7.550	98123.000	13606.760	1472.000	98062.000
7.560	98261.000	13664.732	1556.000	98196.000
7.570	98401.000	13765.312	1612.000	98333.000
7.580	98544.000	13925.719	1632.000	98474.000
7.590	98686.000	14008.003	1670.000	98616.000
7.600	98830.000	14125.602	1679.000	98763.000
7.610	98977.000	14297.922	1650.000	98913.000
7.620	99123.000	14388.545	1638.000	99064.000
7.630	99272.000	14541.982	1584.000	99219.000
7.640	99425.000	14769.387	1484.000	99377.000
7.650	99577.000	14898.571	1407.000	99534.000
7.660	99730.000	15019.000	1316.000	99694.000
7.670	99890.000	15313.300	1141.000	99859.000
7.680	100044.000	15339.310	1058.000	100020.000
7.690	100202.000	15477.517	917.000	100184.000
7.700	100363.000	15664.262	745.000	100351.000
7.710	100522.000	15734.983	607.000	100515.000
7.720	100685.000	15904.488	422.000	100682.000
7.730	100847.000	15993.142	262.000	100849.000
7.740	100988.000	15425.199	359.000	100995.000
7.750	101149.000	15627.639	147.000	101160.000
7.760	101310.000	15769.348	-42.000	101325.000
7.770	101467.000	15748.543	-166.000	101487.000
7.780	101626.000	15793.980	-313.000	101649.000
7.790	101782.000	15735.786	-413.000	101810.000
7.800	101936.000	15635.050	-490.000	101969.000
7.810	102090.000	15564.535	-569.000	102128.000
7.820	102240.000	15395.175	-598.000	102282.000
7.830	102391.000	15306.622	-647.000	102435.000
7.840	102539.000	15154.636	-656.000	102586.000
7.850	102686.000	15018.245	-658.000	102735.000
7.860	102832.000	14892.771	-648.000	102881.000
7.870	102976.000	14744.940	-613.000	103023.000
7.880	103119.000	14611.458	-567.000	103163.000
7.890	103261.000	14488.021	-508.000	103302.000
7.900	103402.000	14371.614	-436.000	103438.000
7.910	103542.000	14260.130	-350.000	103572.000
7.920	103682.000	14182.091	-261.000	103705.000
7.930	103820.000	14067.464	-144.000	103837.000
7.940	103957.000	13957.225	-15.000	103968.000
7.950	104095.000	13910.057	101.000	104097.000
7.960	104232.000	13847.040	234.000	104228.000
7.970	104368.000	13772.928	380.000	104357.000
7.980	104504.000	13721.050	524.000	104487.000
7.990	104640.000	13684.735	667.000	104618.000
8.000	104776.000	13659.314	809.000	104749.000
8.010	104913.000	13671.520	936.000	104880.000
8.020	105051.000	13710.064	1052.000	105014.000
8.030	105189.000	13737.045	1170.000	105149.000
8.040	105328.000	13785.931	1273.000	105286.000
8.050	105468.000	13850.152	1363.000	105424.000
8.060	105610.000	13955.106	1427.000	105565.000
8.070	105753.000	14058.574	1482.000	105707.000
8.080	105897.000	14161.002	1525.000	105851.000
8.090	106043.000	14292.701	1542.000	105996.000
8.100	106189.000	14384.891	1560.000	106143.000
8.110	106338.000	14539.424	1538.000	106292.000
8.120	106487.000	14647.597	1519.000	106443.000
8.130	106638.000	14783.318	1472.000	106596.000
8.140	106790.000	14908.322	1412.000	106751.000
8.150	106942.000	14995.826	1351.000	106907.000
8.160	107096.000	15117.078	1261.000	107065.000
8.170	107251.000	15231.955	1157.000	107223.000
8.180	107406.000	15312.368	1053.000	107382.000
8.190	107563.000	15428.658	921.000	107542.000
8.200	107719.000	15480.060	803.000	107703.000
8.210	107877.000	15576.042	657.000	107863.000
8.220	108033.000	15583.230	537.000	108024.000
8.230	108192.000	15678.261	376.000	108187.000
8.240	108348.000	15654.783	256.000	108347.000
8.250	108505.000	15668.348	119.000	108508.000
8.260	108663.000	15707.843	-29.000	108670.000
8.270	108817.000	15615.490	-124.000	108828.000
8.280	108973.000	15610.843	-250.000	108987.000
8.290	109127.000	15547.590	-348.000	109144.000
8.300	109279.000	15443.313	-422.000	109299.000
8.310	109430.000	15340.319	-487.000	109454.000
8.320	109580.000	15238.223	-543.000	109606.000
8.330	109728.000	15106.756	-574.000	109757.000
8.340	109876.000	15014.730	-607.000	109907.000
8.350	110021.000	14860.311	-600.000	110054.000
8.360	110166.000	14752.217	-597.000	110201.000
8.370	110308.000	14586.552	-554.000	110344.000
8.380	110449.000	14440.587	-503.000	110485.000
8.390	110589.000	14308.411	-440.000	110624.000
8.400	110728.000	14185.887	-365.000	110760.000
8.410	110867.000	14100.121	-289.000	110894.000
8.420	111004.000	13980.085	-183.000	111026.000
8.430	111140.000	13866.059	-65.000	111157.000
8.440	111275.000	13756.242	64.000	111286.000
8.450	111409.000	13649.369	205.000	111413.000
8.460	111544.000	13604.558	331.000	111541.000
8.470	111677.000	13513.191	485.000	111668.000
8.480	111811.000	13479.234	622.000	111796.000
8.490	111943.000	13395.464	785.000	111923.000
8.500	112077.000	13396.824	917.000	112051.000
8.510	112210.000	13367.777	1062.000	112179.000
8.520	112344.000	13377.444	1190.000	112307.000
8.530	112478.000	13384.211	1316.000	112436.000
8.540	112613.000	13418.948	1426.000	112568.000
8.550	112750.000	13503.263	1509.000	112701.000
8.560	112888.000	13592.284	1581.000	112836.000
8.570	113027.000	13684.599	1641.000	112972.000
8.580	113168.000	13809.219	1676.000	113110.000
8.590	113311.000	13956.454	1688.000	113250.000
8.600	113457.000	14149.517	1667.000	113393.000
8.610	113603.000	14284.662	1653.000	113537.000
8.620	113752.000	14469.264	1603.000	113684.000
8.630	113902.000	14628.484	1547.000	113834.000
8.640	114056.000	14859.939	1445.000	113987.000
8.650	114207.000	14931.957	1390.000	114140.000
8.660	114361.000	15072.370	1292.000	114297.000
8.670	114516.000	15200.659	1183.000	114456.000
8.680	114673.000	15350.461	1051.000	114618.000
8.690	114831.000	15485.323	911.000	114782.000
8.700	114989.000	15579.726	775.000	114947.000
8.710	115148.000	15675.808	628.000	115113.000
8.720	115307.000	15743.066	484.000	115281.000
8.730	115466.000	15790.146	341.000	115449.000
8.740	115626.000	15853.102	186.000	115617.000
8.750	115785.000	15867.172	48.000	115785.000
8.760	115944.000	15877.020	-89.000	115952.000
8.770	116102.000	15853.914	-212.000	116118.000
8.780	116260.000	15837.740	-335.000	116284.000
8.790	116417.000	15796.418	-442.000	116447.000
8.800	116572.000	15707.493	-523.000	116609.000
8.810	116727.000	15645.245	-606.000	116768.000
8.820	116879.000	15511.671	-649.000	116925.000
8.830	117030.000	15388.170	-684.000	117079.000
8.840	117180.000	15271.719	-708.000	117231.000
8.850	117328.000	15130.203	-708.000	117380.000
8.860	117474.000	14971.142	-685.000	117526.000
8.870	117618.000	14799.800	-641.000	117669.000
8.880	117761.000	14649.860	-588.000	117810.000
8.890	117902.000	14484.902	-513.000	117948.000
8.900	118041.000	14309.431	-417.000	118083.000
8.910	118180.000	14186.602	-326.000	118218.000
8.920	118318.000	14070.621	-222.000	118350.000
8.930	118453.000	13899.435	-82.000	118480.000
8.940	118589.000	13809.604	40.000	118609.000
8.950	118723.000	13686.723	187.000	118737.000
8.960	118858.000	13630.706	318.000	118864.000
8.970	118992.000	13561.494	462.000	118990.000
8.980	119127.000	13543.046	594.000	119117.000
8.990	119261.000	13500.132	740.000	119244.000
9.000	119395.000	13470.093	884.000	119371.000
9.010	119531.000	13509.065	1002.000	119500.000
9.020	119667.000	13536.345	1123.000	119629.000
9.030	119803.000	13555.442	1244.000	119761.000
9.040	119940.000	13598.809	1350.000	119893.000
9.050	120079.000	13689.166	1430.000	120029.000
9.060	120219.000	13782.417	1499.000	120166.000
9.070	120360.000	13877.692	1558.000	120306.000
9.080	120503.000	14004.384	1591.000	120447.000
9.090	120647.000	14123.069	1614.000	120592.000
9.100	120793.000	14266.148	1612.000	120738.000
9.110	120940.000	14396.304	1600.000	120886.000
9.120	121090.000	14577.413	1552.000	121038.000
9.130	121241.000	14734.189	1496.000	121191.000
9.140	121394.000	14903.932	1419.000	121347.000
9.150	121548.000	15052.753	1333.000	121505.000
9.160	121703.000	15186.927	1237.000	121665.000
9.170	121860.000	15340.849	1118.000	121826.000
9.180	122017.000	15448.594	1002.000	121988.000
9.190	122175.000	15554.016	874.000	122151.000
9.200	122333.000	15627.811	747.000	122315.000
9.210	122491.000	15679.468	618.000	122479.000
9.220	122649.000	15715.627	486.000	122643.000
9.230	122807.000	15740.939	352.000	122808.000
9.240	122965.000	15758.657	216.000	122973.000
9.250	123122.000	15741.060	91.000	123138.000
9.260	123279.000	15728.742	-37.000	123301.000
9.270	123435.000	15690.120	-153.000	123464.000
9.280	123589.000	15603.084	-247.000	123623.000
9.290	123743.000	15542.159	-345.000	123780.000
9.300	123895.000	15439.511	-420.000	123935.000
9.310	124047.000	15367.658	-498.000	124089.000
9.320	124198.000	15287.360	-562.000	124241.000
9.330	124346.000	15141.152	-587.000	124390.000
9.340	124495.000	15068.807	-628.000	124537.000
9.350	124641.000	14928.165	-628.000	124682.000
9.360	124786.000	14799.715	-616.000	124825.000
9.370	124929.000	14649.801	-580.000	124965.000
9.380	125070.000	14484.860	-521.000	125103.000
9.390	125210.000	14339.402	-454.000	125238.000
9.400	125350.000	14237.582	-387.000	125373.000
9.410	125487.000	14076.307	-280.000	125506.000
9.420	125624.000	13963.415	-177.000	125638.000
9.430	125759.000	13824.390	-49.000	125768.000
9.440	125892.000	13667.073	100.000	125899.000
9.450	126026.000	13586.951	230.000	126028.000
9.460	126158.000	13470.866	385.000	126157.000
9.470	126292.000	13449.606	511.000	126286.000
9.480	126425.000	13404.724	653.000	126415.000
9.490	126559.000	13403.307	783.000	126544.000
9.500	126693.000	13402.315	916.000	126673.000
9.510	126828.000	13431.620	1037.000	126802.000
9.520	126963.000	13452.134	1161.000	126932.000
9.530	127099.000	13496.494	1272.000	127063.000
9.540	127237.000	13587.546	1359.000	127195.000
9.550	127375.000	13651.282	1449.000	127328.000
9.560	127516.000	13785.897	1502.000	127465.000
9.570	127657.000	13880.128	1561.000	127602.000
9.580	127799.000	13976.090	1607.000	127741.000
9.590	127942.000	14073.263	1638.000	127883.000
9.600	128086.000	14171.284	1655.000	128027.000
9.610	128232.000	14299.899	1644.000	128173.000
9.620	128378.000	14389.929	1632.000	128322.000
9.630	128526.000	14512.950	1590.000	128472.000
9.640	128675.000	14629.065	1535.000	128625.000
9.650	128824.000	14710.346	1477.000	128779.000
9.660	128976.000	14857.242	1377.000	128935.000
9.670	129128.000	14960.069	1279.000	129094.000
9.680	129281.000	15062.049	1167.000	129253.000
9.690	129436.000	15193.434	1030.000	129414.000
9.700	129592.000	15315.404	884.000	129574.000
9.710	129749.000	15430.783	730.000	129736.000
9.720	129906.000	15511.548	581.000	129898.000
9.730	130064.000	15598.084	423.000	130060.000
9.740	130223.000	15688.658	258.000	130222.000
9.750	130381.000	15722.061	112.000	130384.000
9.760	130539.000	15745.443	-30.000	130546.000
9.770	130698.000	15791.810	-181.000	130708.000
9.780	130854.000	15734.267	-287.000	130868.000
9.790	131011.000	15723.987	-406.000	131028.000
9.800	131166.000	15656.791	-496.000	131187.000
9.810	131320.000	15579.754	-573.000	131345.000
9.820	131473.000	15495.827	-636.000	131501.000
9.830	131623.000	15347.079	-661.000	131656.000
9.840	131773.000	15242.955	-690.000	131809.000
9.850	131922.000	15140.069	-705.000	131960.000
9.860	132068.000	14978.048	-681.000	132110.000
9.870	132212.000	14804.634	-636.000	132256.000
9.880	132356.000	14683.244	-595.000	132401.000
9.890	132499.000	14568.271	-541.000	132544.000
9.900	132640.000	14427.789	-459.000	132685.000
9.910	132782.000	14359.453	-390.000	132824.000
9.920	132920.000	14191.617	-266.000	132960.000
9.930	133057.000	14044.132	-136.000	133094.000
9.940	133195.000	13970.892	-21.000	133226.000
9.950	133331.000	13859.625	120.000	133356.000
9.960	133466.000	13751.737	271.000	133485.000
9.970	133601.000	13676.216	418.000	133614.000
9.980	133735.000	13593.351	575.000	133741.000
9.990	133870.000	13565.346	715.000	133868.000
10.000	134005.000	13545.742	855.000	133996.000
10.010	134140.000	13532.019	994.000	134123.000
10.020	134276.000	13552.414	1117.000	134251.000
10.030	134412.000	13566.690	1240.000	134380.000
10.040	134550.000	13636.683	1335.000	134510.000
10.050	134689.000	13715.678	1420.000	134642.000
10.060	134828.000	13770.975	1505.000	134776.000
10.070	134970.000	13899.682	1550.000	134912.000
10.080	135112.000	13989.778	1598.000	135048.000
10.090	135255.000	14082.844	1631.000	135189.000
10.100	135403.000	14297.991	1601.000	135334.000
10.110	135548.000	14358.594	1617.000	135479.000
10.120	135696.000	14491.016	1588.000	135628.000
10.130	135845.000	14613.711	1546.000	135781.000
10.140	135996.000	14759.598	1479.000	135936.000
10.150	136148.000	14891.718	1400.000	136094.000
10.160	136302.000	15044.203	1297.000	136254.000
10.170	136457.000	15180.942	1185.000	136416.000
10.180	136613.000	15306.659	1063.000	136579.000
10.190	136770.000	15424.662	930.000	136744.000
10.200	136929.000	15567.263	776.000	136909.000
10.210	137088.000	15667.084	627.000	137076.000
10.220	137248.000	15766.959	470.000	137242.000
10.230	137408.000	15836.871	318.000	137410.000
10.240	137568.000	15885.810	169.000	137576.000
10.250	137728.000	15920.067	23.000	137742.000
10.260	137888.000	15944.047	-121.000	137907.000
10.270	138047.000	15930.833	-248.000	138071.000
10.280	138204.000	15861.583	-349.000	138232.000
10.290	138360.000	15783.108	-442.000	138392.000
10.300	138515.000	15698.176	-524.000	138550.000
10.310	138668.000	15578.723	-584.000	138707.000
10.320	138821.000	15495.106	-647.000	138861.000
10.330	138970.000	15316.574	-660.000	139013.000
10.340	139117.000	15131.602	-656.000	139163.000
10.350	139263.000	14972.121	-648.000	139311.000
10.360	139407.000	14800.485	-620.000	139455.000
10.370	139550.000	14650.339	-583.000	139597.000
10.380	139690.000	14455.238	-512.000	139735.000
10.390	139830.000	14318.666	-448.000	139872.000
10.400	139968.000	14163.066	-359.000	140006.000
10.410	140106.000	14054.147	-273.000	140139.000
10.420	140242.000	13917.903	-161.000	140269.000
10.430	140378.000	13822.532	-50.000	140399.000
10.440	140513.000	13725.772	74.000	140526.000
10.450	140648.000	13658.041	199.000	140653.000
10.460	140782.000	13580.628	339.000	140779.000
10.470	140916.000	13526.440	477.000	140905.000
10.480	141050.000	13488.508	617.000	141031.000
10.490	141184.000	13461.956	757.000	141158.000
10.500	141318.000	13443.369	896.000	141285.000
10.510	141452.000	13430.358	1034.000	141414.000
10.520	141588.000	13481.251	1146.000	141544.000
10.530	141724.000	13516.876	1261.000	141675.000
10.540	141862.000	13601.813	1350.000	141808.000
10.550	142000.000	13661.269	1442.000	141943.000
10.560	142141.000	13792.888	1497.000	142081.000
10.570	142283.000	13915.022	1544.000	142220.000
10.580	142425.000	14000.515	1594.000	142362.000
10.590	142570.000	14150.361	1604.000	142507.000
10.600	142716.000	14285.252	1606.000	142653.000
10.610	142863.000	14409.677	1596.000	142802.000
10.620	143011.000	14526.774	1573.000	142953.000
10.630	143161.000	14668.742	1524.000	143107.000
10.640	143315.000	14888.119	1427.000	143264.000
10.650	143466.000	14951.683	1375.000	143420.000
10.660	143620.000	15086.178	1279.000	143578.000
10.670	143775.000	15210.325	1172.000	143738.000
10.680	143931.000	15327.227	1053.000	143899.000
10.690	144088.000	15439.059	923.000	144061.000
10.700	144245.000	15517.341	794.000	144223.000
10.710	144402.000	15572.139	664.000	144386.000
10.720	144560.000	15640.497	520.000	144548.000
10.730	144717.000	15658.348	389.000	144712.000
10.740	144874.000	15670.844	255.000	144874.000
10.750	145031.000	15679.591	120.000	145035.000
10.760	145187.000	15655.713	-4.000	145196.000
10.770	145344.000	15668.999	-140.000	145356.000
10.780	145500.000	15648.300	-261.000	145515.000
10.790	145655.000	15603.810	-366.000	145672.000
10.800	145809.000	15542.667	-458.000	145828.000
10.810	145961.000	15439.867	-524.000	145981.000
10.820	146111.000	15307.907	-567.000	146133.000
10.830	146262.000	15245.535	-626.000	146285.000
10.840	146409.000	15081.874	-631.000	146433.000
10.850	146556.000	14967.312	-641.000	146580.000
10.860	146701.000	14827.118	-625.000	146726.000
10.870	146844.000	14668.983	-585.000	146869.000
10.880	146986.000	14528.288	-536.000	147011.000
10.890	147126.000	14369.802	-464.000	147151.000
10.900	147265.000	14228.861	-381.000	147290.000
10.910	147403.000	14100.203	-288.000	147426.000
10.920	147540.000	13980.142	-182.000	147561.000
10.930	147677.000	13896.099	-76.000	147694.000
10.940	147812.000	13777.270	57.000	147826.000
10.950	147948.000	13724.089	176.000	147956.000
10.960	148083.000	13656.862	311.000	148086.000
10.970	148219.000	13639.803	435.000	148216.000
10.980	148354.000	13597.862	575.000	148344.000
10.990	148490.000	13598.504	704.000	148474.000
11.000	148625.000	13568.953	847.000	148603.000
11.010	148761.000	13578.267	976.000	148733.000
11.020	148898.000	13614.787	1093.000	148864.000
11.030	149036.000	13670.351	1199.000	148998.000
11.040	149173.000	13679.246	1318.000	149130.000
11.050	149312.000	13745.472	1408.000	149265.000
11.060	149452.000	13821.830	1484.000	149402.000
11.070	149592.000	13875.281	1559.000	149541.000
11.080	149735.000	14002.697	1592.000	149682.000
11.090	149877.000	14061.888	1639.000	149825.000
11.100	150022.000	14193.321	1642.000	149970.000
11.110	150169.000	14345.325	1622.000	150117.000
11.120	150317.000	14481.728	1592.000	150267.000
11.130	150466.000	14607.209	1549.000	150419.000
11.140	150617.000	14755.046	1481.000	150573.000
11.150	150770.000	14918.533	1390.000	150728.000
11.160	150925.000	15092.973	1278.000	150885.000
11.170	151080.000	15215.081	1171.000	151043.000
11.180	151237.000	15360.557	1041.000	151204.000
11.190	151393.000	15432.390	927.000	151364.000
11.200	151552.000	15572.673	773.000	151527.000
11.210	151711.000	15670.871	625.000	151690.000
11.220	151870.000	15739.610	481.000	151854.000
11.230	152029.000	15787.727	337.000	152019.000
11.240	152189.000	15851.409	182.000	152185.000
11.250	152348.000	15865.986	44.000	152350.000
11.260	152506.000	15846.190	-81.000	152515.000
11.270	152663.000	15802.333	-196.000	152679.000
11.280	152821.000	15801.633	-324.000	152843.000
11.290	152977.000	15741.143	-424.000	153005.000
11.300	153131.000	15638.800	-499.000	153165.000
11.310	153285.000	15567.160	-578.000	153325.000
11.320	153439.000	15517.012	-655.000	153482.000
11.330	153590.000	15391.908	-689.000	153637.000
11.340	153741.000	15304.336	-725.000	153789.000
11.350	153890.000	15183.035	-733.000	153939.000
11.360	154037.000	15038.125	-715.000	154086.000
11.370	154182.000	14876.687	-675.000	154231.000
11.380	154325.000	14703.681	-614.000	154372.000
11.390	154467.000	14552.577	-544.000	154511.000
11.400	154607.000	14386.804	-452.000	154648.000
11.410	154745.000	14210.763	-340.000	154783.000
11.420	154882.000	14057.534	-221.000	154915.000
11.430	155017.000	13890.274	-82.000	155047.000
11.440	155151.000	13743.192	62.000	155176.000
11.450	155284.000	13610.234	213.000	155304.000
11.460	155417.000	13517.164	359.000	155431.000
11.470	155548.000	13392.015	527.000	155557.000
11.480	155681.000	13364.410	663.000	155682.000
11.490	155812.000	13285.087	824.000	155806.000
11.500	155945.000	13289.561	955.000	155931.000
11.510	156078.000	13292.693	1088.000	156055.000
11.520	156211.000	13294.885	1219.000	156181.000
11.530	156346.000	13356.419	1324.000	156307.000
11.540	156483.000	13459.494	1407.000	156436.000
11.550	156620.000	13531.646	1494.000	156566.000
11.560	156759.000	13642.152	1557.000	156699.000
11.570	156899.000	13749.506	1611.000	156834.000
11.580	157039.000	13824.654	1666.000	156971.000
11.590	157182.000	13967.258	1679.000	157112.000
11.600	157326.000	14097.081	1684.000	157255.000
11.610	157472.000	14247.956	1664.000	157402.000
11.620	157619.000	14383.570	1634.000	157551.000
11.630	157768.000	14538.499	1580.000	157703.000
11.640	157917.000	14646.949	1527.000	157858.000
11.650	158069.000	14812.864	1436.000	158015.000
11.660	158222.000	14959.005	1335.000	158174.000
11.670	158377.000	15121.304	1213.000	158335.000
11.680	158532.000	15234.912	1096.000	158496.000
11.690	158691.000	15434.439	931.000	158661.000
11.700	158848.000	15514.107	801.000	158825.000
11.710	159007.000	15629.875	646.000	158990.000
11.720	159166.000	15710.912	497.000	159156.000
11.730	159325.000	15767.639	350.000	159322.000
11.740	159484.000	15807.347	205.000	159488.000
11.750	159642.000	15805.143	73.000	159653.000
11.760	159800.000	15803.600	-60.000	159817.000
11.770	159956.000	15742.520	-167.000	159979.000
11.780	160112.000	15699.764	-279.000	160140.000
11.790	160267.000	15639.835	-378.000	160299.000
11.800	160420.000	15537.884	-454.000	160456.000
11.810	160571.000	15406.519	-508.000	160611.000
11.820	160721.000	15284.563	-555.000	160763.000
11.830	160869.000	15139.194	-581.000	160914.000
11.840	161017.000	15037.436	-611.000	161062.000
11.850	161162.000	14876.205	-602.000	161208.000
11.860	161306.000	14733.344	-584.000	161351.000
11.870	161447.000	14543.341	-532.000	161491.000
11.880	161588.000	14410.338	-486.000	161629.000
11.890	161728.000	14287.237	-427.000	161765.000
11.900	161866.000	14141.066	-342.000	161899.000
11.910	162004.000	14038.746	-259.000	162031.000
11.920	162140.000	13907.122	-148.000	162162.000
11.930	162277.000	13844.986	-51.000	162292.000
11.940	162411.000	13711.490	88.000	162420.000
11.950	162545.000	13618.043	223.000	162548.000
11.960	162679.000	13552.630	358.000	162676.000
11.970	162813.000	13506.841	493.000	162804.000
11.980	162948.000	13504.789	618.000	162933.000
11.990	163081.000	13443.352	772.000	163060.000
12.000	163214.000	13400.346	921.000	163190.000
12.010	163349.000	13430.243	0.000	163320.000
12.020	163484.000	13451.170	0.000	163451.000
12.030	163617.000	13405.819	0.000	163584.000
12.040	163750.000	13374.073	0.000	163718.000
12.050	163881.000	13291.851	0.000	163853.000
12.060	164010.000	13174.296	0.000	163990.000
12.070	164137.000	13032.007	0.000	164126.000
12.080	164262.000	12872.405	0.000	164262.000
12.090	164391.000	12880.683	0.000	164401.000
12.100	164515.000	12736.478	0.000	164538.000
12.110	164641.000	12695.535	0.000	164674.000
12.120	164767.000	12666.874	0.000	164807.000
12.130	164891.000	12586.812	0.000	164938.000
12.140	165015.000	12530.768	0.000	165068.000
12.150	165139.000	12491.538	0.000	165195.000
12.160	165264.000	12494.077	0.000	165319.000
12.170	165389.000	12495.854	0.000	165440.000
12.180	165511.000	12407.098	0.000	165558.000
12.190	165636.000	12434.968	0.000	165675.000
12.200	165760.000	12424.478	0.000	165790.000
12.210	165882.000	12357.134	0.000	165902.000
12.220	166004.000	12309.994	0.000	166014.000
12.230	166124.000	12216.996	0.000	166125.000
12.240	166245.000	12181.897	0.000	166236.000
12.250	166364.000	12097.328	0.000	166346.000
12.260	166482.000	12008.130	0.000	166458.000
12.270	166597.000	11855.691	0.000	166570.000
12.280	166713.000	11778.983	0.000	166685.000
12.290	166826.000	11635.288	0.000	166799.000
12.300	166938.000	11504.702	0.000	166915.000
12.310	167049.000	11383.291	0.000	167031.000
12.320	167159.000	11268.304	0.000	167148.000
12.330	167269.000	11187.813	0.000	167267.000
12.340	167377.000	11071.469	0.000	167383.000
12.350	167485.000	10990.028	0.000	167500.000
12.360	167594.000	10963.020	0.000	167616.000
12.370	167701.000	10884.114	0.000	167730.000
12.380	167810.000	10888.880	0.000	167844.000
12.390	167917.000	10832.216	0.000	167955.000
12.400	168026.000	10852.551	0.000	168064.000
12.410	168134.000	10836.786	0.000	168171.000
12.420	168243.000	10855.750	0.000	168277.000
12.430	168353.000	10899.025	0.000	168381.000
12.440	168461.000	10869.318	0.000	168482.000
12.450	168570.000	10878.522	0.000	168582.000
12.460	168678.000	10854.966	0.000	168682.000
12.470	168785.000	10808.476	0.000	168780.000
12.480	168893.000	10805.933	0.000	168880.000
12.490	168998.000	10714.153	0.000	168978.000
12.500	169103.000	10649.907	0.000	169078.000
12.510	169207.000	10574.935	0.000	169178.000
12.520	169308.000	10432.455	0.000	169280.000
12.530	169409.000	10332.718	0.000	169384.000
12.540	169508.000	10202.903	0.000	169487.000
12.550	169606.000	10082.032	0.000	169592.000
12.560	169702.000	9937.422	0.000	169696.000
12.570	169797.000	9806.196	0.000	169801.000
12.580	169892.000	9714.337	0.000	169905.000
12.590	169985.000	9590.036	0.000	170009.000
12.600	170078.000	9503.025	0.000	170111.000
12.610	170170.000	9412.118	0.000	170211.000
12.620	170262.000	9348.482	0.000	170309.000
12.630	170354.000	9303.938	0.000	170406.000
12.640	170445.000	9242.756	0.000	170499.000
12.650	170536.000	9199.929	0.000	170590.000
12.660	170627.000	9169.951	0.000	170678.000
12.670	170718.000	9148.965	0.000	170763.000
12.680	170808.000	9104.276	0.000	170846.000
12.690	170898.000	9072.993	0.000	170927.000
12.700	170987.000	9021.095	0.000	171006.000
12.710	171074.000	8924.767	0.000	171084.000
12.720	171161.000	8857.337	0.000	171162.000
12.730	171246.000	8750.136	0.000	171239.000
12.740	171329.000	8615.095	0.000	171316.000
12.750	171411.000	8490.566	0.000	171393.000
12.760	171492.000	8373.397	0.000	171471.000
12.770	171570.000	8201.378	0.000	171550.000
12.780	171648.000	8080.964	0.000	171629.000
12.790	171723.000	7906.675	0.000	171708.000
12.800	171797.000	7754.673	0.000	171788.000
12.810	171869.000	7588.271	0.000	171868.000
12.820	171941.000	7471.790	0.000	171948.000
12.830	172012.000	7360.253	0.000	172027.000
12.840	172082.000	7252.177	0.000	172105.000
12.850	172152.000	7176.524	0.000	172182.000
12.860	172221.000	7093.567	0.000	172257.000
12.870	172291.000	7065.497	0.000	172330.000
12.880	172360.000	7015.848	0.000	172400.000
12.890	172429.000	6981.093	0.000	172468.000
12.900	172498.000	6956.765	0.000	172534.000
12.910	172568.000	6969.736	0.000	172597.000
12.920	172636.000	6918.815	0.000	172659.000
12.930	172705.000	6913.171	0.000	172720.000
12.940	172773.000	6879.219	0.000	172779.000
12.950	172840.000	6825.454	0.000	172839.000
12.960	172906.000	6757.817	0.000	172897.000
12.970	172971.000	6680.472	0.000	172956.000
12.980	173035.000	6596.331	0.000	173015.000
12.990	173098.000	6507.431	0.000	173075.000
13.000	173159.000	6385.202	0.000	173135.000
13.010	173218.000	6239.641	0.000	173196.000
13.020	173276.000	6107.749	0.000	173258.000
13.030	173333.000	5985.424	0.000	173320.000
13.040	173389.000	5869.797	0.000	173382.000
13.050	173444.000	5758.858	0.000	173444.000
13.060	173498.000	5651.201	0.000	173506.000
13.070	173552.000	5575.840	0.000	173567.000
13.080	173605.000	5493.088	0.000	173627.000
13.090	173658.000	5435.162	0.000	173685.000
13.100	173711.000	5394.613	0.000	173742.000
13.110	173763.000	5336.229	0.000	173797.000
13.120	173816.000	5325.360	0.000	173849.000
13.130	173868.000	5287.752	0.000	173900.000
13.140	173921.000	5291.427	0.000	173950.000
13.150	173973.000	5263.999	0.000	173997.000
13.160	174025.000	5244.799	0.000	174043.000
13.170	174077.000	5231.359	0.000	174088.000
13.180	174129.000	5221.952	0.000	174132.000
13.190	174179.000	5155.366	0.000	174175.000
13.200	174229.000	5108.756	0.000	174218.000
13.210	174279.000	5076.129	0.000	174261.000
13.220	174326.000	4963.291	0.000	174304.000
13.230	174374.000	4914.303	0.000	174348.000
13.240	174419.000	4790.012	0.000	174393.000
13.250	174464.000	4703.009	0.000	174437.000
13.260	174507.000	4582.106	0.000	174482.000
13.270	174549.000	4467.474	0.000	174528.000
13.280	174590.000	4357.232	0.000	174574.000
13.290	174629.000	4220.062	0.000	174620.000
13.300	174668.000	4124.044	0.000	174666.000
13.310	174706.000	4026.831	0.000	174712.000
13.320	174744.000	3958.781	0.000	174756.000
13.330	174781.000	3881.147	0.000	174800.000
13.340	174817.000	3796.803	0.000	174843.000
13.350	174854.000	3767.762	0.000	174883.000
13.360	174890.000	3717.433	0.000	174922.000
13.370	174926.000	3682.203	0.000	174958.000
13.380	174962.000	3657.542	0.000	174993.000
13.390	174998.000	3640.280	0.000	175025.000
13.400	175034.000	3628.196	0.000	175056.000
13.410	175069.000	3589.737	0.000	175086.000
13.420	175104.000	3562.816	0.000	175114.000
13.430	175138.000	3513.971	0.000	175141.000
13.440	175172.000	3479.780	0.000	175167.000
13.450	175205.000	3425.846	0.000	175193.000
13.460	175236.000	3328.092	0.000	175219.000
13.470	175266.000	3229.664	0.000	175245.000
13.480	175295.000	3130.765	0.000	175272.000
13.490	175323.000	3031.536	0.000	175299.000
13.500	175349.000	2902.075	0.000	175327.000
13.510	175374.000	2781.452	0.000	175355.000
13.520	175398.000	2667.017	0.000	175384.000
13.530	175421.000	2556.912	0.000	175414.000
13.540	175442.000	2419.838	0.000	175443.000
13.550	175463.000	2323.887	0.000	175472.000
13.560	175483.000	2226.721	0.000	175499.000
13.570	175502.000	2128.704	0.000	175525.000
13.580	175520.000	2030.093	0.000	175550.000
13.590	175538.000	1961.065	0.000	175572.000
13.600	175556.000	1912.746	0.000	175591.000
13.610	175573.000	1848.922	0.000	175608.000
13.620	175591.000	1834.245	0.000	175622.000
13.630	175608.000	1793.972	0.000	175634.000
13.640	175625.000	1765.780	0.000	175644.000
13.650	175641.000	1716.046	0.000	175652.000
13.660	175657.000	1681.232	0.000	175659.000
13.670	175671.000	1596.863	0.000	175665.000
13.680	175685.000	1537.804	0.000	175670.000
13.690	175697.000	1436.463	0.000	175675.000
13.700	175708.000	1335.524	0.000	175680.000
13.710	175716.000	1174.867	0.000	175686.000
13.720	175723.000	1032.407	0.000	175692.000
13.730	175729.000	902.685	0.000	175699.000
13.740	175732.000	721.879	0.000	175707.000
13.750	175734.000	565.315	0.000	175715.000
13.760	175734.000	395.721	0.000	175724.000
13.770	175734.000	277.005	0.000	175732.000
13.780	175733.000	163.903	0.000	175740.000
13.790	175730.000	24.732	0.000	175747.000
13.800	175726.000	-102.687	0.000	175752.000
13.810	175723.000	-161.881	0.000	175756.000
13.820	175719.000	-233.317	0.000	175757.000
13.830	175715.000	-283.322	0.000	175757.000
13.840	175712.000	-288.325	0.000	175755.000
13.850	175709.000	-291.828	0.000	175749.000
13.860	175706.000	-294.279	0.000	175741.000
13.870	175703.000	-295.996	0.000	175731.000
13.880	175701.000	-267.197	0.000	175719.000
13.890	175698.000	-277.038	0.000	175706.000
13.900	175695.000	-283.926	0.000	175692.000
13.910	175692.000	-288.749	0.000	175678.000
13.920	175688.000	-322.124	0.000	175664.000
13.930	175683.000	-375.487	0.000	175650.000
13.940	175677.000	-442.841	0.000	175637.000
13.950	175670.000	-519.989	0.000	175626.000
13.960	175661.000	-633.992	0.000	175615.000
13.970	175652.000	-713.794	0.000	175607.000
13.980	175641.000	-829.656	0.000	175600.000
13.990	175630.000	-910.759	0.000	175594.000
14.000	175618.000	-997.531	0.000	175589.000
14.010	175605.000	-1088.272	0.000	175585.000
14.020	175591.000	-1181.790	0.000	175581.000
14.030	175578.000	-1217.253	0.000	175577.000
14.040	175565.000	-1242.077	0.000	175573.000
14.050	175552.000	-1259.454	0.000	175567.000
14.060	175539.000	-1271.618	0.000	175561.000
14.070	175527.000	-1250.133	0.000	175552.000
14.080	175515.000	-1235.093	0.000	175542.000
14.090	175505.000	-1164.565	0.000	175531.000
14.100	175494.000	-1145.195	0.000	175517.000
14.110	175485.000	-1071.637	0.000	175502.000
14.120	175476.000	-1020.146	0.000	175486.000
14.130	175467.000	-984.102	0.000	175469.000
14.140	175459.000	-928.871	0.000	175452.000
14.150	175450.000	-920.210	0.000	175435.000
14.160	175441.000	-914.147	0.000	175418.000
14.170	175432.000	-909.903	0.000	175403.000
14.180	175423.000	-906.932	0.000	175389.000
14.190	175413.000	-934.852	0.000	175376.000
14.200	175402.000	-984.397	0.000	175365.000
14.210	175391.000	-1019.078	0.000	175355.000
14.220	175380.000	-1043.354	0.000	175347.000
14.230	175368.000	-1090.348	0.000	175341.000
14.240	175356.000	-1123.244	0.000	175336.000
14.250	175344.000	-1146.271	0.000	175331.000
14.260	175332.000	-1162.389	0.000	175327.000
14.270	175320.000	-1173.673	0.000	175324.000
14.280	175309.000	-1151.571	0.000	175320.000
14.290	175298.000	-1136.100	0.000	175315.000
14.300	175288.000	-1095.270	0.000	175309.000
14.310	175279.000	-1036.689	0.000	175303.000
14.320	175271.000	-965.682	0.000	175295.000
14.330	175264.000	-885.978	0.000	175286.000
14.340	175257.000	-830.184	0.000	175276.000
14.350	175251.000	-761.129	0.000	175264.000
14.360	175246.000	-682.790	0.000	175252.000
14.370	175242.000	-597.953	0.000	175240.000
14.380	175238.000	-538.567	0.000	175227.000
14.390	175234.000	-496.997	0.000	175215.000
14.400	175230.000	-467.898	0.000	175204.000
14.410	175226.000	-447.529	0.000	175193.000
14.420	175221.000	-463.270	0.000	175184.000
14.430	175216.000	-474.289	0.000	175176.000
14.440	175211.000	-482.002	0.000	175171.000
14.450	175205.000	-517.402	0.000	175166.000
14.460	175198.000	-572.181	0.000	175164.000
14.470	175192.000	-580.527	0.000	175163.000
14.480	175185.000	-616.369	0.000	175162.000
14.490	175178.000	-641.458	0.000	175162.000
14.500	175171.000	-659.021	0.000	175163.000
14.510	175164.000	-671.314	0.000	175164.000
14.520	175158.000	-649.920	0.000	175165.000
14.530	175152.000	-634.944	0.000	175165.000
14.540	175147.000	-594.461	0.000	175165.000
14.550	175143.000	-536.123	0.000	175165.000
14.560	175139.000	-495.286	0.000	175162.000
14.570	175137.000	-406.700	0.000	175158.000
14.580	175135.000	-344.690	0.000	175153.000
14.590	175134.000	-271.283	0.000	175146.000
14.600	175134.000	-189.898	0.000	175139.000
14.610	175134.000	-132.929	0.000	175132.000
14.620	175134.000	-93.050	0.000	175124.000
14.630	175134.000	-65.135	0.000	175116.000
14.640	175134.000	-45.595	0.000	175109.000
14.650	175134.000	-31.916	0.000	175104.000
14.660	175134.000	-22.341	0.000	175099.000
14.670	175134.000	-15.639	0.000	175096.000
14.680	175133.000	-40.947	0.000	175094.000
14.690	175131.000	-88.663	0.000	175094.000
14.700	175129.000	-122.064	0.000	175094.000
14.710	175126.000	-175.445	0.000	175096.000
14.720	175124.000	-182.811	0.000	175100.000
14.730	175121.000	-217.968	0.000	175105.000
14.740	175118.000	-242.578	0.000	175109.000
14.750	175116.000	-229.804	0.000	175114.000
14.760	175114.000	-220.863	0.000	175119.000
14.770	175113.000	-184.604	0.000	175123.000
14.780	175112.000	-159.223	0.000	175125.000
14.790	175111.000	-141.456	0.000	175127.000
14.800	175111.000	-99.019	0.000	175128.000
14.810	175112.000	-39.313	0.000	175128.000
14.820	175113.000	2.481	0.000	175128.000
14.830	175116.000	91.736	0.000	175125.000
14.840	175119.000	154.215	0.000	175122.000
14.850	175122.000	197.951	0.000	175118.000
14.860	175125.000	228.566	0.000	175115.000
14.870	175128.000	249.996	0.000	175112.000
14.880	175131.000	264.997	0.000	175109.000
14.890	175133.000	245.498	0.000	175107.000
14.900	175134.000	201.849	0.000	175106.000
14.910	175135.000	171.294	0.000	175106.000
14.920	175136.000	149.906	0.000	175106.000
14.930	175136.000	104.934	0.000	175109.000
14.940	175136.000	73.454	0.000	175112.000
14.950	175135.000	21.418	0.000	175117.000
14.960	175133.000	-45.008	0.000	175121.000
14.970	175131.000	-91.505	0.000	175126.000
14.980	175130.000	-94.054	0.000	175131.000
14.990	175128.000	-125.838	0.000	175135.000
15.000	175127.000	-118.086	0.000	175138.000
