0.000	0.000	0.000	0.000	-1.000
0.010	5.000	150.000	-60.000	8.000
0.020	6.000	135.000	-55.000	9.000
0.030	6.000	94.500	-39.000	10.000
0.040	7.000	96.150	-40.000	11.000
0.050	7.000	67.305	-29.000	12.000
0.060	8.000	77.113	-33.000	12.000
0.070	8.000	53.979	-24.000	12.000
0.080	8.000	37.786	-17.000	12.000
0.090	8.000	26.450	-13.000	12.000
0.100	8.000	18.515	-10.000	10.000
0.110	7.000	-17.040	5.000	9.000
0.120	6.000	-41.928	15.000	7.000
0.130	5.000	-59.349	22.000	5.000
0.140	4.000	-71.545	27.000	3.000
0.150	2.000	-110.081	43.000	1.000
0.160	1.000	-107.057	42.000	-1.000
0.170	0.000	-104.940	41.000	-3.000
0.180	-1.000	-103.458	41.000	-6.000
0.190	-2.000	-102.420	41.000	-7.000
0.200	-4.000	-131.694	53.000	-9.000
0.210	-5.000	-122.186	50.000	-11.000
0.220	-6.000	-115.530	47.000	-12.000
0.230	-7.000	-110.871	46.000	-13.000
0.240	-8.000	-107.610	45.000	-14.000
0.250	-9.000	-105.327	44.000	-15.000
0.260	-10.000	-103.729	44.000	-15.000
0.270	-11.000	-102.610	44.000	-16.000
0.280	-11.000	-71.827	32.000	-16.000
0.290	-12.000	-80.279	35.000	-16.000
0.300	-12.000	-56.195	26.000	-16.000
0.310	-12.000	-39.337	19.000	-16.000
0.320	-12.000	-27.536	14.000	-16.000
0.330	-12.000	-19.275	11.000	-16.000
0.340	-12.000	-13.492	9.000	-16.000
0.350	-12.000	-9.445	7.000	-16.000
0.360	-12.000	-6.611	6.000	-16.000
0.370	-12.000	-4.628	5.000	-15.000
0.380	-12.000	-3.240	5.000	-15.000
0.390	-12.000	-2.268	4.000	-14.000
0.400	-12.000	-1.587	4.000	-14.000
0.410	-11.000	28.889	-8.000	-14.000
0.420	-11.000	20.222	-5.000	-13.000
0.430	-10.000	44.156	-15.000	-13.000
0.440	-10.000	30.909	-10.000	-12.000
0.450	-9.000	51.636	-18.000	-12.000
0.460	-9.000	36.145	-12.000	-12.000
0.470	-9.000	25.302	-8.000	-11.000
0.480	-9.000	17.711	-5.000	-11.000
0.490	-9.000	12.398	-3.000	-10.000
0.500	-9.000	8.678	-2.000	-10.000
0.510	-9.000	6.075	122.000	-10.000
0.520	-9.000	4.252	246.000	-10.000
0.530	-9.000	2.977	371.000	-10.000
0.540	-8.000	32.084	485.000	-10.000
0.550	-6.000	82.459	591.000	-10.000
0.560	-3.000	147.721	692.000	-10.000
0.570	1.000	223.405	789.000	-10.000
0.580	7.000	336.383	872.000	-9.000
0.590	13.000	415.468	969.000	-8.000
0.600	21.000	530.828	1053.000	-6.000
0.610	31.000	671.579	1126.000	-3.000
0.620	41.000	770.106	1217.000	2.000
0.630	53.000	899.074	1296.000	8.000
0.640	67.000	1049.352	1367.000	16.000
0.650	81.000	1154.546	1456.000	26.000
0.660	97.000	1288.182	1535.000	39.000
0.670	115.000	1441.728	1606.000	54.000
0.680	134.000	1579.209	1683.000	72.000
0.690	155.000	1735.447	1754.000	93.000
0.700	179.000	1934.813	1807.000	116.000
0.710	205.000	2134.369	1860.000	142.000
0.720	233.000	2334.058	1914.000	171.000
0.730	264.000	2563.841	1956.000	202.000
0.740	298.000	2814.689	1989.000	236.000
0.750	334.000	3050.282	2028.000	274.000
0.760	374.000	3335.197	2048.000	314.000
0.770	416.000	3594.638	2077.000	357.000
0.780	461.000	3866.247	2102.000	402.000
0.790	509.000	4146.373	2123.000	450.000
0.800	558.000	4372.461	2166.000	501.000
0.810	610.000	4620.723	2200.000	554.000
0.820	665.000	4884.506	2228.000	610.000
0.830	722.000	5129.154	2264.000	668.000
0.840	783.000	5420.408	2281.000	729.000
0.850	848.000	5744.286	2284.000	792.000
0.860	915.000	6031.000	2303.000	857.000
0.870	985.000	6321.700	2319.000	924.000
0.880	1058.000	6615.190	2335.000	994.000
0.890	1133.000	6880.633	2362.000	1066.000
0.900	1212.000	7186.443	2372.000	1142.000
0.910	1293.000	7460.510	2395.000	1221.000
0.920	1377.000	7742.357	2415.000	1302.000
0.930	1464.000	8029.650	2433.000	1387.000
0.940	1553.000	8290.755	2461.000	1474.000
0.950	1644.000	8533.528	2496.000	1566.000
0.960	1739.000	8823.470	2513.000	1660.000
0.970	1836.000	9086.429	2541.000	1758.000
0.980	1934.000	9300.500	2588.000	1859.000
0.990	2036.000	9570.350	2613.000	1963.000
1.000	2142.000	9879.245	2622.000	2071.000
1.010	2250.000	10155.472	2522.000	2181.000
1.020	2360.000	10408.830	2430.000	2294.000
1.030	2473.000	10676.181	2331.000	2410.000
1.040	2590.000	10983.327	2216.000	2528.000
1.050	2709.000	11258.329	2112.000	2649.000
1.060	2830.000	11510.830	2016.000	2772.000
1.070	2953.000	11747.581	1926.000	2897.000
1.080	3078.000	11973.307	1840.000	3024.000
1.090	3206.000	12221.315	1744.000	3154.000
1.100	3336.000	12454.920	1652.000	3286.000
1.110	3467.000	12648.444	1577.000	3420.000
1.120	3599.000	12813.911	1512.000	3555.000
1.130	3735.000	13049.738	1418.000	3693.000
1.140	3871.000	13214.816	1352.000	3832.000
1.150	4008.000	13360.371	1293.000	3973.000
1.160	4147.000	13522.260	1228.000	4114.000
1.170	4287.000	13665.582	1169.000	4258.000
1.180	4426.000	13735.907	1140.000	4400.000
1.190	4569.000	13905.135	1070.000	4545.000
1.200	4712.000	14023.595	1021.000	4690.000
1.210	4856.000	14136.516	974.000	4835.000
1.220	5000.000	14215.561	940.000	4980.000
1.230	5145.000	14300.893	903.000	5128.000
1.240	5292.000	14420.625	852.000	5275.000
1.250	5439.000	14504.438	816.000	5422.000
1.260	5588.000	14623.106	765.000	5570.000
1.270	5736.000	14676.174	741.000	5717.000
1.280	5886.000	14773.322	698.000	5866.000
1.290	6035.000	14811.325	679.000	6015.000
1.300	6185.000	14867.928	653.000	6165.000
1.310	6334.000	14877.549	646.000	6315.000
1.320	6483.000	14884.285	639.000	6464.000
1.330	6633.000	14918.999	622.000	6615.000
1.340	6783.000	14943.299	609.000	6767.000
1.350	6932.000	14930.310	610.000	6918.000
1.360	7081.000	14921.217	611.000	7069.000
1.370	7231.000	14944.852	598.000	7222.000
1.380	7380.000	14931.396	600.000	7374.000
1.390	7527.000	14861.977	625.000	7524.000
1.400	7676.000	14873.384	618.000	7675.000
1.410	7825.000	14881.369	612.000	7826.000
1.420	7974.000	14886.958	607.000	7977.000
1.430	8123.000	14890.871	602.000	8126.000
1.440	8273.000	14923.610	587.000	8276.000
1.450	8424.000	14976.527	563.000	8425.000
1.460	8575.000	15013.569	545.000	8574.000
1.470	8726.000	15039.498	532.000	8722.000
1.480	8877.000	15057.649	522.000	8870.000
1.490	9029.000	15100.354	501.000	9018.000
1.500	9181.000	15130.248	486.000	9167.000
1.510	9333.000	15151.173	475.000	9316.000
1.520	9484.000	15135.821	478.000	9466.000
1.530	9637.000	15185.075	455.000	9618.000
1.540	9789.000	15189.553	450.000	9769.000
1.550	9941.000	15192.687	446.000	9922.000
1.560	10093.000	15194.881	442.000	10075.000
1.570	10245.000	15196.417	438.000	10228.000
1.580	10396.000	15167.492	447.000	10382.000
1.590	10549.000	15207.244	428.000	10538.000
1.600	10701.000	15205.071	426.000	10693.000
1.610	10853.000	15203.550	423.000	10849.000
1.620	11006.000	15232.485	409.000	11005.000
1.630	11159.000	15252.739	398.000	11161.000
1.640	11311.000	15236.918	401.000	11315.000
1.650	11465.000	15285.842	379.000	11470.000
1.660	11618.000	15290.090	374.000	11624.000
1.670	11771.000	15293.063	370.000	11779.000
1.680	11926.000	15355.144	342.000	11933.000
1.690	12081.000	15398.601	321.000	12086.000
1.700	12234.000	15369.021	330.000	12239.000
1.710	12386.000	15318.314	347.000	12390.000
1.720	12539.000	15312.820	346.000	12542.000
1.730	12691.000	15278.974	357.000	12694.000
1.740	12843.000	15255.282	364.000	12846.000
1.750	12995.000	15238.697	368.000	12997.000
1.760	13146.000	15197.088	382.000	13148.000
1.770	13296.000	15137.962	403.000	13298.000
1.780	13447.000	15126.573	406.000	13450.000
1.790	13598.000	15118.601	407.000	13599.000
1.800	13749.000	15113.021	407.000	13750.000
1.810	13899.000	15079.115	419.000	13900.000
1.820	14049.000	15055.380	426.000	14048.000
1.830	14201.000	15098.766	407.000	14199.000
1.840	14352.000	15099.136	405.000	14347.000
1.850	14504.000	15129.395	391.000	14496.000
1.860	14655.000	15120.577	392.000	14645.000
1.870	14807.000	15144.404	381.000	14795.000
1.880	14960.000	15191.083	360.000	14947.000
1.890	15109.000	15103.758	392.000	15095.000
1.900	15261.000	15132.630	379.000	15247.000
1.910	15413.000	15152.841	369.000	15399.000
1.920	15566.000	15196.989	349.000	15553.000
1.930	15716.000	15137.892	371.000	15703.000
1.940	15867.000	15126.525	373.000	15855.000
1.950	16019.000	15148.567	362.000	16007.000
1.960	16171.000	15163.997	354.000	16161.000
1.970	16323.000	15174.798	348.000	16314.000
1.980	16475.000	15182.359	343.000	16467.000
1.990	16627.000	15187.651	339.000	16622.000
2.000	16778.000	15161.356	347.000	16776.000
2.010	16929.000	15142.949	352.000	16929.000
2.020	17080.000	15130.064	356.000	17082.000
2.030	17231.000	15121.045	358.000	17235.000
2.040	17382.000	15114.732	358.000	17386.000
2.050	17532.000	15080.312	370.000	17538.000
2.060	17681.000	15026.218	390.000	17687.000
2.070	17831.000	15018.353	392.000	17838.000
2.080	17979.000	14952.847	417.000	17987.000
2.090	18127.000	14906.993	434.000	18135.000
2.100	18275.000	14874.895	446.000	18282.000
2.110	18424.000	14882.427	442.000	18431.000
2.120	18571.000	14827.699	463.000	18577.000
2.130	18719.000	14819.389	466.000	18723.000
2.140	18866.000	14783.572	479.000	18868.000
2.150	19013.000	14758.501	489.000	19013.000
2.160	19160.000	14740.950	495.000	19157.000
2.170	19309.000	14788.665	475.000	19303.000
2.180	19455.000	14732.066	497.000	19446.000
2.190	19602.000	14722.446	501.000	19591.000
2.200	19749.000	14715.712	503.000	19735.000
2.210	19896.000	14710.999	504.000	19880.000
2.220	20051.000	14947.699	409.000	20034.000
2.230	20190.000	14633.389	533.000	20172.000
2.240	20336.000	14623.372	537.000	20318.000
2.250	20481.000	14586.361	552.000	20464.000
2.260	20628.000	14620.453	538.000	20612.000
2.270	20775.000	14644.317	528.000	20759.000
2.280	20922.000	14661.022	521.000	20906.000
2.290	21068.000	14642.715	528.000	21053.000
2.300	21215.000	14659.901	521.000	21201.000
2.310	21363.000	14701.930	504.000	21349.000
2.320	21512.000	14761.351	479.000	21498.000
2.330	21658.000	14712.946	498.000	21645.000
2.340	21806.000	14739.062	487.000	21792.000
2.350	21953.000	14727.344	491.000	21939.000
2.360	22102.000	14779.140	470.000	22088.000
2.370	22250.000	14785.398	466.000	22235.000
2.380	22399.000	14819.779	452.000	22384.000
2.390	22546.000	14783.845	465.000	22531.000
2.400	22694.000	14788.692	462.000	22680.000
2.410	22843.000	14822.084	448.000	22829.000
2.420	22988.000	14725.459	486.000	22975.000
2.430	23135.000	14717.821	489.000	23124.000
2.440	23282.000	14712.475	490.000	23272.000
2.450	23428.000	14678.732	503.000	23419.000
2.460	23574.000	14655.113	512.000	23567.000
2.470	23720.000	14638.579	519.000	23714.000
2.480	23866.000	14627.005	523.000	23861.000
2.490	24013.000	14648.904	514.000	24008.000
2.500	24160.000	14664.233	508.000	24156.000
2.510	24306.000	14644.963	515.000	24302.000
2.520	24453.000	14661.474	508.000	24447.000
2.530	24601.000	14703.032	491.000	24593.000
2.540	24750.000	14762.122	467.000	24738.000
2.550	24898.000	14773.486	461.000	24883.000
2.560	25048.000	14841.440	434.000	25029.000
2.570	25197.000	14859.008	426.000	25174.000
2.580	25347.000	14901.306	408.000	25321.000
2.590	25495.000	14870.914	419.000	25467.000
2.600	25644.000	14879.640	414.000	25614.000
2.610	25792.000	14855.748	423.000	25761.000
2.620	25941.000	14869.023	416.000	25910.000
2.630	26090.000	14878.316	412.000	26061.000
2.640	26239.000	14884.821	408.000	26212.000
2.650	26387.000	14859.375	417.000	26362.000
2.660	26535.000	14841.563	424.000	26514.000
2.670	26686.000	14919.094	392.000	26668.000
2.680	26836.000	14943.366	381.000	26821.000
2.690	26985.000	14930.356	385.000	26974.000
2.700	27135.000	14951.249	376.000	27127.000
2.710	27284.000	14935.874	381.000	27280.000
2.720	27434.000	14955.112	372.000	27432.000
2.730	27584.000	14968.578	366.000	27586.000
2.740	27733.000	14948.005	373.000	27737.000
2.750	27883.000	14963.603	365.000	27889.000
2.760	28032.000	14944.522	372.000	28040.000
2.770	28181.000	14931.166	376.000	28190.000
2.780	28331.000	14951.816	367.000	28340.000
2.790	28480.000	14936.271	372.000	28489.000
2.800	28629.000	14925.390	376.000	28637.000
2.810	28779.000	14947.773	366.000	28786.000
2.820	28926.000	14873.441	395.000	28932.000
2.830	29073.000	14821.409	415.000	29078.000
2.840	29220.000	14784.986	429.000	29224.000
2.850	29369.000	14819.490	415.000	29371.000
2.860	29516.000	14783.643	429.000	29517.000
2.870	29666.000	14848.550	402.000	29665.000
2.880	29809.000	14683.985	468.000	29807.000
2.890	29958.000	14748.790	442.000	29953.000
2.900	30105.000	14734.153	447.000	30098.000
2.910	30252.000	14723.907	451.000	30243.000
2.920	30399.000	14716.735	454.000	30388.000
2.930	30546.000	14711.714	455.000	30534.000
2.940	30693.000	14708.200	457.000	30680.000
2.950	30840.000	14705.740	457.000	30827.000
2.960	30987.000	14704.018	458.000	30975.000
2.970	31134.000	14702.813	458.000	31122.000
2.980	31280.000	14671.969	470.000	31271.000
2.990	31429.000	14740.378	443.000	31421.000
3.000	31575.000	14698.265	459.000	31569.000
3.010	31722.000	14698.785	459.000	31718.000
3.020	31870.000	14729.150	447.000	31867.000
3.030	32017.000	14720.405	450.000	32016.000
3.040	32165.000	14744.283	440.000	32164.000
3.050	32314.000	14790.998	421.000	32313.000
3.060	32463.000	14823.699	407.000	32462.000
3.070	32612.000	14846.589	398.000	32611.000
3.080	32761.000	14862.612	391.000	32759.000
3.090	32909.000	14843.829	397.000	32907.000
3.100	33059.000	14890.680	378.000	33056.000
3.110	33208.000	14893.476	376.000	33204.000
3.120	33355.000	14835.433	399.000	33352.000
3.130	33503.000	14824.803	402.000	33499.000
3.140	33650.000	14787.362	417.000	33647.000
3.150	33796.000	14731.154	439.000	33793.000
3.160	33941.000	14661.808	466.000	33939.000
3.170	34088.000	14673.265	462.000	34087.000
3.180	34234.000	14651.286	471.000	34234.000
3.190	34380.000	14635.900	477.000	34380.000
3.200	34525.000	14595.130	493.000	34526.000
3.210	34670.000	14566.591	505.000	34672.000
3.220	34815.000	14546.614	513.000	34816.000
3.230	34960.000	14532.630	519.000	34960.000
3.240	35105.000	14522.841	523.000	35104.000
3.250	35251.000	14545.988	515.000	35248.000
3.260	35397.000	14562.192	508.000	35392.000
3.270	35542.000	14543.534	516.000	35535.000
3.280	35688.000	14560.474	510.000	35678.000
3.290	35834.000	14572.332	505.000	35822.000
3.300	35980.000	14580.632	502.000	35966.000
3.310	36126.000	14586.443	500.000	36110.000
3.320	36271.000	14560.510	510.000	36254.000
3.330	36417.000	14572.357	506.000	36398.000
3.340	36563.000	14580.650	502.000	36543.000
3.350	36708.000	14556.455	512.000	36689.000
3.360	36853.000	14539.518	519.000	36835.000
3.370	36999.000	14557.663	512.000	36982.000
3.380	37144.000	14540.364	519.000	37129.000
3.390	37289.000	14528.255	524.000	37276.000
3.400	37435.000	14549.778	516.000	37425.000
3.410	37580.000	14534.845	522.000	37572.000
3.420	37727.000	14584.391	502.000	37720.000
3.430	37874.000	14619.074	489.000	37868.000
3.440	38021.000	14643.352	479.000	38016.000
3.450	38168.000	14660.346	472.000	38164.000
3.460	38315.000	14672.242	467.000	38311.000
3.470	38462.000	14680.570	463.000	38458.000
3.480	38609.000	14686.399	461.000	38604.000
3.490	38756.000	14690.479	459.000	38751.000
3.500	38903.000	14693.335	457.000	38897.000
3.510	39048.000	14635.335	480.000	39043.000
3.520	39194.000	14624.734	485.000	39188.000
3.530	39341.000	14647.314	476.000	39335.000
3.540	39486.000	14603.120	493.000	39480.000
3.550	39631.000	14572.184	506.000	39625.000
3.560	39775.000	14520.529	526.000	39770.000
3.570	39919.000	14484.370	541.000	39915.000
3.580	40064.000	14489.059	540.000	40060.000
3.590	40208.000	14462.341	551.000	40204.000
3.600	40353.000	14473.639	547.000	40349.000
3.610	40497.000	14451.547	556.000	40493.000
3.620	40642.000	14466.083	551.000	40638.000
3.630	40786.000	14446.258	559.000	40782.000
3.640	40931.000	14462.381	553.000	40926.000
3.650	41077.000	14503.666	537.000	41070.000
3.660	41223.000	14532.567	526.000	41214.000
3.670	41370.000	14582.797	506.000	41358.000
3.680	41516.000	14587.958	504.000	41504.000
3.690	41663.000	14621.570	490.000	41649.000
3.700	41811.000	14675.099	469.000	41795.000
3.710	41958.000	14682.569	465.000	41942.000
3.720	42105.000	14687.799	463.000	42089.000
3.730	42253.000	14721.459	449.000	42237.000
3.740	42400.000	14715.021	451.000	42385.000
3.750	42547.000	14710.515	453.000	42534.000
3.760	42695.000	14737.360	442.000	42683.000
3.770	42844.000	14786.152	422.000	42833.000
3.780	42992.000	14790.307	420.000	42982.000
3.790	43140.000	14793.215	418.000	43132.000
3.800	43289.000	14825.250	404.000	43283.000
3.810	43437.000	14817.675	407.000	43433.000
3.820	43586.000	14842.373	396.000	43584.000
3.830	43734.000	14829.661	401.000	43735.000
3.840	43884.000	14880.763	379.000	43886.000
3.850	44032.000	14856.534	388.000	44036.000
3.860	44180.000	14839.574	394.000	44187.000
3.870	44328.000	14827.702	399.000	44336.000
3.880	44476.000	14819.391	401.000	44486.000
3.890	44622.000	14753.574	427.000	44634.000
3.900	44770.000	14767.502	421.000	44781.000
3.910	44917.000	14747.251	429.000	44929.000
3.920	45064.000	14733.076	435.000	45076.000
3.930	45212.000	14753.153	426.000	45221.000
3.940	45359.000	14737.207	432.000	45367.000
3.950	45506.000	14726.045	437.000	45512.000
3.960	45654.000	14748.232	428.000	45656.000
3.970	45800.000	14703.762	445.000	45800.000
3.980	45948.000	14732.633	433.000	45945.000
3.990	46095.000	14722.843	437.000	46089.000
4.000	46243.000	14745.990	428.000	46232.000
4.010	46389.000	14702.193	445.000	46376.000
4.020	46537.000	14731.535	433.000	46520.000
4.030	46684.000	14722.075	437.000	46665.000
4.040	46832.000	14745.452	427.000	46811.000
4.050	46978.000	14701.817	444.000	46957.000
4.060	47125.000	14701.272	444.000	47104.000
4.070	47271.000	14670.890	456.000	47252.000
4.080	47417.000	14649.623	465.000	47401.000
4.090	47565.000	14694.736	447.000	47551.000
4.100	47711.000	14666.315	458.000	47700.000
4.110	47858.000	14676.421	454.000	47850.000
4.120	48005.000	14683.495	451.000	47999.000
4.130	48153.000	14718.446	437.000	48149.000
4.140	48300.000	14712.912	439.000	48299.000
4.150	48449.000	14769.039	417.000	48448.000
4.160	48597.000	14778.327	412.000	48598.000
4.170	48746.000	14814.829	397.000	48747.000
4.180	48895.000	14840.380	387.000	48897.000
4.190	49043.000	14828.266	391.000	49045.000
4.200	49192.000	14849.786	382.000	49193.000
4.210	49340.000	14834.850	387.000	49340.000
4.220	49488.000	14824.395	391.000	49487.000
4.230	49637.000	14847.077	381.000	49635.000
4.240	49784.000	14802.954	398.000	49782.000
4.250	49931.000	14772.068	410.000	49929.000
4.260	50078.000	14750.447	419.000	50075.000
4.270	50224.000	14705.313	437.000	50222.000
4.280	50370.000	14673.719	449.000	50368.000
4.290	50515.000	14621.603	470.000	50514.000
4.300	50661.000	14615.122	473.000	50660.000
4.310	50807.000	14610.586	475.000	50805.000
4.320	50952.000	14577.410	489.000	50950.000
4.330	51097.000	14554.187	498.000	51094.000
4.340	51242.000	14537.931	505.000	51237.000
4.350	51389.000	14586.552	486.000	51382.000
4.360	51534.000	14560.586	497.000	51526.000
4.370	51681.000	14602.410	480.000	51671.000
4.380	51828.000	14631.687	469.000	51815.000
4.390	51974.000	14622.181	473.000	51960.000
4.400	52120.000	14615.527	475.000	52104.000
4.410	52267.000	14640.869	465.000	52249.000
4.420	52413.000	14628.608	470.000	52394.000
4.430	52560.000	14650.026	462.000	52540.000
4.440	52706.000	14635.018	468.000	52686.000
4.450	52853.000	14654.513	460.000	52833.000
4.460	53000.000	14668.159	455.000	52979.000
4.470	53147.000	14677.711	451.000	53127.000
4.480	53294.000	14684.398	448.000	53275.000
4.490	53442.000	14719.078	434.000	53423.000
4.500	53589.000	14713.355	436.000	53573.000
4.510	53736.000	14709.348	437.000	53722.000
4.520	53882.000	14676.544	450.000	53869.000
4.530	54030.000	14713.581	436.000	54018.000
4.540	54176.000	14679.507	449.000	54166.000
4.550	54323.000	14685.655	446.000	54314.000
4.560	54469.000	14659.958	457.000	54462.000
4.570	54616.000	14671.971	452.000	54611.000
4.580	54762.000	14650.380	460.000	54759.000
4.590	54907.000	14605.266	479.000	54905.000
4.600	55054.000	14633.686	467.000	55052.000
4.610	55199.000	14593.580	483.000	55198.000
4.620	55344.000	14565.506	495.000	55342.000
4.630	55489.000	14545.854	503.000	55486.000
4.640	55633.000	14502.098	521.000	55630.000
4.650	55778.000	14501.469	522.000	55773.000
4.660	55922.000	14471.028	534.000	55917.000
4.670	56067.000	14479.720	532.000	56060.000
4.680	56211.000	14455.804	542.000	56202.000
4.690	56355.000	14439.063	549.000	56344.000
4.700	56500.000	14457.344	542.000	56487.000
4.710	56645.000	14470.141	538.000	56629.000
4.720	56791.000	14509.098	523.000	56772.000
4.730	56936.000	14506.369	524.000	56915.000
4.740	57081.000	14504.458	525.000	57058.000
4.750	57227.000	14533.121	514.000	57202.000
4.760	57372.000	14523.185	518.000	57346.000
4.770	57517.000	14516.229	521.000	57491.000
4.780	57662.000	14511.360	524.000	57637.000
4.790	57807.000	14507.952	525.000	57783.000
4.800	57952.000	14505.567	527.000	57930.000
4.810	58097.000	14503.897	528.000	58077.000
4.820	58242.000	14502.728	528.000	58225.000
4.830	58388.000	14531.909	517.000	58373.000
4.840	58533.000	14522.337	521.000	58521.000
4.850	58680.000	14575.636	500.000	58669.000
4.860	58826.000	14582.945	497.000	58817.000
4.870	58973.000	14618.061	483.000	58965.000
4.880	59121.000	14672.643	461.000	59113.000
4.890	59269.000	14710.850	446.000	59261.000
4.900	59417.000	14737.595	435.000	59408.000
4.910	59565.000	14756.317	427.000	59556.000
4.920	59713.000	14769.422	421.000	59704.000
4.930	59861.000	14778.595	417.000	59851.000
4.940	60008.000	14755.017	426.000	59998.000
4.950	60156.000	14768.512	420.000	60146.000
4.960	60303.000	14747.958	428.000	60294.000
4.970	60450.000	14733.571	433.000	60442.000
4.980	60597.000	14723.499	437.000	60590.000
4.990	60743.000	14686.450	451.000	60739.000
5.000	60889.000	14660.515	462.000	60886.000
5.010	61034.000	14612.360	481.000	61034.000
5.020	61180.000	14608.652	483.000	61182.000
5.030	61326.000	14606.057	484.000	61330.000
5.040	61472.000	14604.240	485.000	61477.000
5.050	61619.000	14632.968	473.000	61624.000
5.060	61765.000	14623.077	477.000	61770.000
5.070	61911.000	14616.154	480.000	61916.000
5.080	62059.000	14671.308	458.000	62062.000
5.090	62207.000	14709.916	442.000	62207.000
5.100	62355.000	14736.941	431.000	62353.000
5.110	62502.000	14725.859	436.000	62498.000
5.120	62650.000	14748.101	426.000	62643.000
5.130	62799.000	14793.671	408.000	62790.000
5.140	62947.000	14795.570	406.000	62935.000
5.150	63095.000	14796.899	405.000	63082.000
5.160	63242.000	14767.829	417.000	63228.000
5.170	63390.000	14777.480	412.000	63376.000
5.180	63540.000	14844.236	385.000	63526.000
5.190	63688.000	14830.965	390.000	63674.000
5.200	63835.000	14791.676	405.000	63822.000
5.210	63983.000	14794.173	404.000	63971.000
5.220	64130.000	14765.921	415.000	64121.000
5.230	64278.000	14776.145	410.000	64271.000
5.240	64426.000	14783.301	407.000	64421.000
5.250	64574.000	14788.311	405.000	64572.000
5.260	64723.000	14821.818	391.000	64723.000
5.270	64871.000	14815.272	393.000	64873.000
5.280	65019.000	14810.691	395.000	65023.000
5.290	65168.000	14837.483	383.000	65172.000
5.300	65316.000	14826.238	387.000	65321.000
5.310	65463.000	14788.367	402.000	65468.000
5.320	65611.000	14791.857	400.000	65616.000
5.330	65758.000	14764.300	411.000	65762.000
5.340	65905.000	14745.010	419.000	65908.000
5.350	66051.000	14701.507	436.000	66054.000
5.360	66197.000	14671.055	448.000	66199.000
5.370	66344.000	14679.738	445.000	66345.000
5.380	66489.000	14625.817	466.000	66490.000
5.390	66633.000	14558.072	494.000	66634.000
5.400	66778.000	14540.650	501.000	66778.000
5.410	66923.000	14528.455	506.000	66921.000
5.420	67067.000	14489.919	522.000	67065.000
5.430	67212.000	14492.943	522.000	67208.000
5.440	67356.000	14465.060	534.000	67351.000
5.450	67501.000	14475.542	530.000	67493.000
5.460	67645.000	14452.879	540.000	67636.000
5.470	67791.000	14497.016	523.000	67780.000
5.480	67937.000	14527.911	511.000	67923.000
5.490	68081.000	14489.538	527.000	68067.000
5.500	68227.000	14522.676	514.000	68212.000
5.510	68372.000	14515.873	517.000	68356.000
5.520	68518.000	14541.111	507.000	68500.000
5.530	68662.000	14498.778	524.000	68644.000
5.540	68808.000	14529.145	513.000	68790.000
5.550	68954.000	14550.401	504.000	68936.000
5.560	69099.000	14535.281	511.000	69082.000
5.570	69245.000	14554.697	503.000	69230.000
5.580	69390.000	14538.288	510.000	69376.000
5.590	69536.000	14556.801	503.000	69524.000
5.600	69683.000	14599.761	486.000	69671.000
5.610	69829.000	14599.833	486.000	69819.000
5.620	69976.000	14629.883	474.000	69967.000
5.630	70123.000	14650.918	465.000	70115.000
5.640	70269.000	14635.643	471.000	70262.000
5.650	70416.000	14654.950	464.000	70410.000
5.660	70563.000	14668.465	458.000	70557.000
5.670	70708.000	14617.925	478.000	70704.000
5.680	70854.000	14612.548	480.000	70851.000
5.690	71000.000	14608.783	482.000	70997.000
5.700	71145.000	14576.148	495.000	71144.000
5.710	71291.000	14583.304	493.000	71290.000
5.720	71436.000	14558.313	503.000	71436.000
5.730	71580.000	14510.819	522.000	71580.000
5.740	71725.000	14507.573	524.000	71726.000
5.750	71869.000	14475.301	537.000	71870.000
5.760	72013.000	14452.711	547.000	72013.000
5.770	72159.000	14496.898	529.000	72157.000
5.780	72303.000	14467.828	541.000	72301.000
5.790	72447.000	14447.480	550.000	72443.000
5.800	72592.000	14463.236	544.000	72586.000
5.810	72736.000	14444.265	552.000	72728.000
5.820	72882.000	14490.986	534.000	72872.000
5.830	73026.000	14463.690	545.000	73014.000
5.840	73170.000	14444.583	554.000	73156.000
5.850	73317.000	14521.208	523.000	73300.000
5.860	73462.000	14514.846	526.000	73445.000
5.870	73608.000	14540.392	516.000	73590.000
5.880	73753.000	14528.274	521.000	73735.000
5.890	73897.000	14489.792	537.000	73880.000
5.900	74043.000	14522.854	524.000	74029.000
5.910	74190.000	14575.998	503.000	74177.000
5.920	74336.000	14583.199	500.000	74325.000
5.930	74482.000	14588.239	498.000	74474.000
5.940	74628.000	14591.767	497.000	74622.000
5.950	74776.000	14654.237	472.000	74772.000
5.960	74923.000	14667.966	466.000	74920.000
5.970	75071.000	14707.576	450.000	75070.000
5.980	75219.000	14735.303	438.000	75219.000
5.990	75367.000	14754.712	430.000	75368.000
6.000	75517.000	14828.299	400.000	75518.000
6.010	75665.000	14819.809	403.000	75666.000
6.020	75814.000	14843.866	393.000	75814.000
6.030	75964.000	14890.706	373.000	75963.000
6.040	76111.000	14833.495	395.000	76110.000
6.050	76261.000	14883.446	374.000	76259.000
6.060	76409.000	14858.412	384.000	76407.000
6.070	76556.000	14810.889	402.000	76554.000
6.080	76704.000	14807.622	403.000	76702.000
6.090	76851.000	14775.335	415.000	76849.000
6.100	76997.000	14722.735	436.000	76997.000
6.110	77144.000	14715.914	439.000	77144.000
6.120	77291.000	14711.140	440.000	77292.000
6.130	77437.000	14677.798	454.000	77440.000
6.140	77584.000	14684.459	451.000	77586.000
6.150	77731.000	14689.121	449.000	77732.000
6.160	77878.000	14692.385	448.000	77879.000
6.170	78025.000	14694.669	447.000	78025.000
6.180	78174.000	14756.269	422.000	78172.000
6.190	78321.000	14739.388	428.000	78316.000
6.200	78470.000	14787.572	409.000	78462.000
6.210	78619.000	14821.300	395.000	78607.000
6.220	78768.000	14844.910	385.000	78753.000
6.230	78916.000	14831.437	390.000	78899.000
6.240	79065.000	14852.006	381.000	79047.000
6.250	79215.000	14896.404	362.000	79196.000
6.260	79362.000	14837.483	385.000	79343.000
6.270	79512.000	14886.238	365.000	79494.000
6.280	79661.000	14890.367	363.000	79645.000
6.290	79810.000	14893.257	361.000	79796.000
6.300	79958.000	14865.280	372.000	79945.000
6.310	80107.000	14875.696	367.000	80096.000
6.320	80256.000	14882.987	363.000	80248.000
6.330	80405.000	14888.091	361.000	80399.000
6.340	80554.000	14891.664	359.000	80551.000
6.350	80702.000	14864.165	369.000	80702.000
6.360	80851.000	14874.915	364.000	80854.000
6.370	81000.000	14882.441	361.000	81005.000
6.380	81147.000	14827.708	382.000	81154.000
6.390	81296.000	14849.396	373.000	81305.000
6.400	81443.000	14804.577	391.000	81453.000
6.410	81590.000	14773.204	403.000	81600.000
6.420	81737.000	14751.243	412.000	81747.000
6.430	81885.000	14765.870	406.000	81894.000
6.440	82031.000	14716.109	425.000	82040.000
6.450	82177.000	14681.276	439.000	82185.000
6.460	82323.000	14656.893	449.000	82330.000
6.470	82469.000	14639.825	456.000	82474.000
6.480	82614.000	14597.878	473.000	82617.000
6.490	82760.000	14598.514	473.000	82761.000
6.500	82904.000	14538.960	498.000	82902.000
6.510	83049.000	14527.272	503.000	83044.000
6.520	83193.000	14489.090	519.000	83185.000
6.530	83338.000	14492.363	518.000	83328.000
6.540	83483.000	14494.654	518.000	83470.000
6.550	83628.000	14496.258	518.000	83613.000
6.560	83772.000	14467.381	530.000	83755.000
6.570	83917.000	14477.166	527.000	83899.000
6.580	84062.000	14484.017	524.000	84042.000
6.590	84206.000	14458.812	535.000	84186.000
6.600	84350.000	14441.168	543.000	84330.000
6.610	84495.000	14458.818	536.000	84475.000
6.620	84637.000	14381.172	568.000	84618.000
6.630	84781.000	14386.821	567.000	84763.000
6.640	84925.000	14390.774	566.000	84908.000
6.650	85069.000	14393.542	566.000	85053.000
6.660	85213.000	14395.479	566.000	85199.000
6.670	85358.000	14426.836	554.000	85345.000
6.680	85504.000	14478.785	533.000	85492.000
6.690	85648.000	14455.149	543.000	85638.000
6.700	85793.000	14468.605	538.000	85783.000
6.710	85939.000	14508.023	523.000	85929.000
6.720	86084.000	14505.616	524.000	86074.000
6.730	86231.000	14563.931	501.000	86220.000
6.740	86377.000	14574.752	497.000	86365.000
6.750	86522.000	14552.326	506.000	86511.000
6.760	86668.000	14566.628	501.000	86657.000
6.770	86814.000	14576.640	497.000	86803.000
6.780	86959.000	14553.648	506.000	86948.000
6.790	87105.000	14567.554	501.000	87095.000
6.800	87251.000	14577.287	497.000	87240.000
6.810	87394.000	14494.101	530.000	87384.000
6.820	87538.000	14465.871	542.000	87528.000
6.830	87683.000	14476.110	538.000	87674.000
6.840	87828.000	14483.277	536.000	87819.000
6.850	87972.000	14458.294	546.000	87963.000
6.860	88116.000	14440.806	554.000	88107.000
6.870	88261.000	14458.564	547.000	88252.000
6.880	88407.000	14500.995	531.000	88398.000
6.890	88552.000	14500.696	531.000	88541.000
6.900	88697.000	14500.487	531.000	88685.000
6.910	88843.000	14530.341	520.000	88828.000
6.920	88989.000	14551.239	512.000	88972.000
6.930	89136.000	14595.867	494.000	89116.000
6.940	89282.000	14597.107	493.000	89260.000
6.950	89427.000	14567.975	505.000	89404.000
6.960	89574.000	14607.582	489.000	89549.000
6.970	89720.000	14605.308	490.000	89695.000
6.980	89867.000	14633.715	479.000	89841.000
6.990	90013.000	14623.601	483.000	89988.000
7.000	90159.000	14616.521	485.000	90136.000
7.010	90305.000	14611.564	487.000	90285.000
7.020	90452.000	14638.095	477.000	90433.000
7.030	90598.000	14626.667	481.000	90582.000
7.040	90745.000	14648.667	472.000	90730.000
7.050	90892.000	14664.067	466.000	90879.000
7.060	91039.000	14674.847	462.000	91028.000
7.070	91188.000	14742.393	434.000	91178.000
7.080	91334.000	14699.675	451.000	91326.000
7.090	91483.000	14759.772	427.000	91475.000
7.100	91631.000	14771.841	421.000	91623.000
7.110	91780.000	14810.288	405.000	91773.000
7.120	91928.000	14807.202	406.000	91922.000
7.130	92076.000	14805.041	406.000	92070.000
7.140	92222.000	14743.529	430.000	92218.000
7.150	92370.000	14760.470	423.000	92367.000
7.160	92517.000	14742.329	430.000	92514.000
7.170	92664.000	14729.630	435.000	92663.000
7.180	92811.000	14720.741	438.000	92811.000
7.190	92957.000	14684.519	453.000	92960.000
7.200	93104.000	14689.163	451.000	93108.000
7.210	93251.000	14692.414	449.000	93255.000
7.220	93396.000	14634.690	472.000	93401.000
7.230	93542.000	14624.283	476.000	93548.000
7.240	93689.000	14646.998	467.000	93694.000
7.250	93835.000	14632.899	473.000	93841.000
7.260	93982.000	14653.029	465.000	93986.000
7.270	94129.000	14667.120	459.000	94131.000
7.280	94276.000	14676.984	455.000	94276.000
7.290	94424.000	14713.889	441.000	94421.000
7.300	94572.000	14739.722	430.000	94566.000
7.310	94720.000	14757.806	422.000	94710.000
7.320	94868.000	14770.464	417.000	94855.000
7.330	95016.000	14779.325	413.000	95001.000
7.340	95165.000	14815.527	398.000	95147.000
7.350	95313.000	14810.869	399.000	95295.000
7.360	95461.000	14807.608	400.000	95443.000
7.370	95609.000	14805.326	401.000	95591.000
7.380	95757.000	14803.728	401.000	95739.000
7.390	95904.000	14772.610	413.000	95889.000
7.400	96052.000	14780.827	409.000	96039.000
7.410	96200.000	14786.579	407.000	96190.000
7.420	96347.000	14760.605	417.000	96341.000
7.430	96496.000	14802.424	400.000	96492.000
7.440	96644.000	14801.697	400.000	96643.000
7.450	96792.000	14801.188	399.000	96794.000
7.460	96941.000	14830.831	387.000	96944.000
7.470	97089.000	14821.582	390.000	97094.000
7.480	97238.000	14845.107	380.000	97243.000
7.490	97386.000	14831.575	385.000	97393.000
7.500	97533.000	14792.103	401.000	97541.000
7.510	97680.000	14764.472	411.000	97689.000
7.520	97827.000	14745.130	419.000	97835.000
7.530	97973.000	14701.591	436.000	97982.000
7.540	98120.000	14701.114	436.000	98127.000
7.550	98266.000	14670.780	449.000	98272.000
7.560	98412.000	14649.546	457.000	98417.000
7.570	98557.000	14604.682	475.000	98560.000
7.580	98703.000	14603.277	476.000	98704.000
7.590	98849.000	14602.294	477.000	98848.000
7.600	98993.000	14541.606	501.000	98990.000
7.610	99138.000	14529.124	507.000	99131.000
7.620	99282.000	14490.387	523.000	99273.000
7.630	99427.000	14493.271	522.000	99416.000
7.640	99572.000	14495.290	522.000	99559.000
7.650	99716.000	14466.703	534.000	99702.000
7.660	99861.000	14476.692	531.000	99845.000
7.670	100006.000	14483.684	528.000	99990.000
7.680	100150.000	14458.579	539.000	100134.000
7.690	100293.000	14411.005	559.000	100278.000
7.700	100439.000	14467.704	537.000	100424.000
7.710	100582.000	14417.393	557.000	100569.000
7.720	100727.000	14442.175	548.000	100715.000
7.730	100872.000	14459.522	542.000	100860.000
7.740	101015.000	14411.666	561.000	101005.000
7.750	101162.000	14498.166	527.000	101154.000
7.760	101306.000	14468.716	540.000	101299.000
7.770	101451.000	14478.101	536.000	101445.000
7.780	101597.000	14514.671	522.000	101591.000
7.790	101743.000	14540.270	512.000	101736.000
7.800	101891.000	14618.189	481.000	101882.000
7.810	102038.000	14642.732	471.000	102029.000
7.820	102184.000	14629.912	476.000	102174.000
7.830	102331.000	14650.939	468.000	102319.000
7.840	102478.000	14665.657	462.000	102465.000
7.850	102626.000	14705.960	445.000	102612.000
7.860	102771.000	14644.172	470.000	102759.000
7.870	102916.000	14600.920	487.000	102904.000
7.880	103063.000	14630.644	475.000	103052.000
7.890	103208.000	14591.451	491.000	103198.000
7.900	103353.000	14564.016	502.000	103345.000
7.910	103497.000	14514.811	522.000	103490.000
7.920	103642.000	14510.368	524.000	103637.000
7.930	103786.000	14477.257	538.000	103783.000
7.940	103930.000	14454.080	547.000	103928.000
7.950	104074.000	14437.856	554.000	104073.000
7.960	104218.000	14426.499	560.000	104217.000
7.970	104363.000	14448.549	551.000	104362.000
7.980	104509.000	14493.985	534.000	104507.000
7.990	104654.000	14495.789	533.000	104652.000
8.000	104799.000	14497.052	533.000	104796.000
8.010	104946.000	14557.937	509.000	104941.000
8.020	105093.000	14600.556	492.000	105085.000
8.030	105239.000	14600.389	492.000	105228.000
8.040	105387.000	14660.272	468.000	105373.000
8.050	105535.000	14702.191	451.000	105518.000
8.060	105683.000	14731.533	439.000	105664.000
8.070	105830.000	14722.073	442.000	105810.000
8.080	105978.000	14745.451	433.000	105958.000
8.090	106125.000	14731.816	438.000	106105.000
8.100	106274.000	14782.271	417.000	106255.000
8.110	106421.000	14757.590	426.000	106405.000
8.120	106569.000	14770.313	421.000	106556.000
8.130	106717.000	14779.219	417.000	106706.000
8.140	106866.000	14815.453	402.000	106858.000
8.150	107015.000	14840.817	391.000	107010.000
8.160	107163.000	14828.572	395.000	107161.000
8.170	107311.000	14820.000	398.000	107314.000
8.180	107459.000	14814.000	400.000	107465.000
8.190	107608.000	14839.800	389.000	107617.000
8.200	107756.000	14827.860	393.000	107767.000
8.210	107905.000	14849.502	384.000	107917.000
8.220	108055.000	14894.651	365.000	108067.000
8.230	108203.000	14866.256	376.000	108216.000
8.240	108353.000	14906.379	359.000	108364.000
8.250	108500.000	14844.465	383.000	108511.000
8.260	108647.000	14801.126	400.000	108657.000
8.270	108797.000	14860.788	376.000	108804.000
8.280	108943.000	14782.552	407.000	108950.000
8.290	109089.000	14727.786	428.000	109094.000
8.300	109237.000	14749.450	420.000	109239.000
8.310	109383.000	14704.615	437.000	109384.000
8.320	109529.000	14673.231	450.000	109527.000
8.330	109675.000	14651.261	459.000	109671.000
8.340	109822.000	14665.883	453.000	109815.000
8.350	109967.000	14616.118	473.000	109959.000
8.360	110114.000	14641.283	463.000	110103.000
8.370	110260.000	14628.898	468.000	110247.000
8.380	110405.000	14590.229	484.000	110391.000
8.390	110552.000	14623.160	471.000	110536.000
8.400	110698.000	14616.212	474.000	110681.000
8.410	110844.000	14611.348	476.000	110827.000
8.420	110989.000	14577.944	490.000	110974.000
8.430	111134.000	14554.561	499.000	111121.000
8.440	111280.000	14568.192	494.000	111269.000
8.450	111427.000	14607.735	479.000	111417.000
8.460	111573.000	14605.414	480.000	111565.000
8.470	111720.000	14633.790	469.000	111715.000
8.480	111868.000	14683.653	449.000	111864.000
8.490	112014.000	14658.557	459.000	112011.000
8.500	112160.000	14640.990	466.000	112158.000
8.510	112309.000	14718.693	435.000	112307.000
8.520	112457.000	14743.085	425.000	112455.000
8.530	112603.000	14700.160	441.000	112602.000
8.540	112753.000	14790.112	405.000	112751.000
8.550	112901.000	14793.078	404.000	112899.000
8.560	113048.000	14765.155	414.000	113045.000
8.570	113196.000	14775.608	410.000	113193.000
8.580	113344.000	14782.926	406.000	113340.000
8.590	113491.000	14758.048	416.000	113486.000
8.600	113637.000	14710.634	435.000	113632.000
8.610	113784.000	14707.444	436.000	113779.000
8.620	113930.000	14675.210	449.000	113925.000
8.630	114075.000	14622.647	470.000	114071.000
8.640	114220.000	14585.853	485.000	114219.000
8.650	114364.000	14530.097	507.000	114364.000
8.660	114509.000	14521.068	511.000	114510.000
8.670	114654.000	14514.748	514.000	114656.000
8.680	114799.000	14510.323	517.000	114800.000
8.690	114944.000	14507.226	518.000	114945.000
8.700	115088.000	14475.058	532.000	115088.000
8.710	115233.000	14482.541	529.000	115231.000
8.720	115378.000	14487.779	528.000	115375.000
8.730	115524.000	14521.445	515.000	115518.000
8.740	115669.000	14515.012	518.000	115661.000
8.750	115815.000	14540.508	508.000	115804.000
8.760	115960.000	14528.356	513.000	115947.000
8.770	116106.000	14549.849	505.000	116091.000
8.780	116251.000	14534.894	511.000	116234.000
8.790	116397.000	14554.426	504.000	116378.000
8.800	116542.000	14538.098	510.000	116522.000
8.810	116688.000	14556.669	503.000	116668.000
8.820	116832.000	14509.668	522.000	116813.000
8.830	116978.000	14536.768	512.000	116959.000
8.840	117123.000	14525.737	516.000	117105.000
8.850	117268.000	14518.016	520.000	117251.000
8.860	117415.000	14572.611	498.000	117398.000
8.870	117559.000	14520.828	519.000	117543.000
8.880	117705.000	14544.580	510.000	117690.000
8.890	117851.000	14561.206	503.000	117837.000
8.900	117997.000	14572.844	499.000	117983.000
8.910	118143.000	14580.991	496.000	118130.000
8.920	118288.000	14556.694	506.000	118276.000
8.930	118435.000	14599.685	489.000	118423.000
8.940	118581.000	14599.780	489.000	118570.000
8.950	118727.000	14599.846	489.000	118717.000
8.960	118872.000	14569.892	501.000	118863.000
8.970	119018.000	14578.924	497.000	119009.000
8.980	119163.000	14555.247	507.000	119156.000
8.990	119308.000	14538.673	514.000	119301.000
9.000	119453.000	14527.071	519.000	119446.000
9.010	119597.000	14488.950	534.000	119591.000
9.020	119742.000	14492.265	533.000	119736.000
9.030	119886.000	14464.585	545.000	119880.000
9.040	120031.000	14475.210	541.000	120024.000
9.050	120175.000	14452.647	550.000	120167.000
9.060	120319.000	14436.853	557.000	120311.000
9.070	120464.000	14455.797	550.000	120454.000
9.080	120609.000	14469.058	545.000	120597.000
9.090	120755.000	14508.341	530.000	120740.000
9.100	120901.000	14535.838	519.000	120885.000
9.110	121046.000	14525.087	524.000	121028.000
9.120	121192.000	14547.561	515.000	121171.000
9.130	121338.000	14563.293	509.000	121315.000
9.140	121485.000	14604.305	492.000	121461.000
9.150	121630.000	14573.013	505.000	121605.000
9.160	121777.000	14611.109	490.000	121751.000
9.170	121922.000	14577.777	503.000	121897.000
9.180	122069.000	14614.444	488.000	122044.000
9.190	122216.000	14640.111	478.000	122192.000
9.200	122363.000	14658.077	471.000	122341.000
9.210	122509.000	14640.654	478.000	122489.000
9.220	122656.000	14658.458	470.000	122638.000
9.230	122804.000	14700.921	453.000	122787.000
9.240	122952.000	14730.644	441.000	122937.000
9.250	123100.000	14751.451	432.000	123087.000
9.260	123247.000	14736.016	438.000	123237.000
9.270	123397.000	14815.211	406.000	123388.000
9.280	123545.000	14810.648	407.000	123538.000
9.290	123692.000	14777.453	420.000	123687.000
9.300	123842.000	14844.217	392.000	123838.000
9.310	123989.000	14800.952	409.000	123986.000
9.320	124137.000	14800.667	409.000	124136.000
9.330	124284.000	14770.467	420.000	124285.000
9.340	124433.000	14809.327	404.000	124434.000
9.350	124579.000	14746.529	429.000	124582.000
9.360	124726.000	14732.570	434.000	124730.000
9.370	124873.000	14722.799	438.000	124877.000
9.380	125019.000	14685.959	452.000	125024.000
9.390	125166.000	14690.172	450.000	125171.000
9.400	125313.000	14693.120	449.000	125317.000
9.410	125460.000	14695.184	448.000	125463.000
9.420	125606.000	14666.629	460.000	125608.000
9.430	125753.000	14676.640	456.000	125754.000
9.440	125900.000	14683.648	453.000	125899.000
9.450	126047.000	14688.554	451.000	126043.000
9.460	126193.000	14661.988	461.000	126187.000
9.470	126340.000	14673.391	457.000	126332.000
9.480	126486.000	14651.374	465.000	126476.000
9.490	126633.000	14665.962	459.000	126621.000
9.500	126780.000	14676.173	455.000	126766.000
9.510	126926.000	14653.321	464.000	126912.000
9.520	127072.000	14637.325	471.000	127059.000
9.530	127219.000	14656.127	463.000	127207.000
9.540	127367.000	14699.289	446.000	127356.000
9.550	127513.000	14669.502	458.000	127503.000
9.560	127661.000	14708.652	442.000	127651.000
9.570	127808.000	14706.056	443.000	127800.000
9.580	127954.000	14674.239	455.000	127948.000
9.590	128102.000	14711.968	440.000	128097.000
9.600	128250.000	14738.377	430.000	128246.000
9.610	128398.000	14756.864	422.000	128396.000
9.620	128546.000	14769.805	416.000	128545.000
9.630	128695.000	14808.863	400.000	128695.000
9.640	128843.000	14806.204	401.000	128845.000
9.650	128992.000	14834.343	389.000	128994.000
9.660	129141.000	14854.040	381.000	129143.000
9.670	129289.000	14837.828	386.000	129291.000
9.680	129437.000	14826.480	390.000	129438.000
9.690	129584.000	14788.536	405.000	129585.000
9.700	129732.000	14791.975	403.000	129732.000
9.710	129879.000	14764.383	414.000	129879.000
9.720	130025.000	14715.068	434.000	130025.000
9.730	130171.000	14680.547	447.000	130171.000
9.740	130317.000	14656.383	457.000	130317.000
9.750	130463.000	14639.468	464.000	130463.000
9.760	130608.000	14597.628	481.000	130608.000
9.770	130753.000	14568.339	493.000	130753.000
9.780	130898.000	14547.838	501.000	130897.000
9.790	131043.000	14533.486	508.000	131041.000
9.800	131189.000	14553.440	500.000	131184.000
9.810	131334.000	14537.408	507.000	131327.000
9.820	131478.000	14496.186	524.000	131469.000
9.830	131624.000	14527.330	512.000	131614.000
9.840	131771.000	14579.131	491.000	131757.000
9.850	131917.000	14585.392	489.000	131901.000
9.860	132063.000	14589.774	488.000	132046.000
9.870	132209.000	14592.842	487.000	132191.000
9.880	132355.000	14594.989	486.000	132336.000
9.890	132501.000	14596.493	485.000	132480.000
9.900	132647.000	14597.545	485.000	132627.000
9.910	132793.000	14598.281	485.000	132774.000
9.920	132939.000	14598.797	485.000	132921.000
9.930	133085.000	14599.158	485.000	133069.000
9.940	133232.000	14629.411	473.000	133218.000
9.950	133377.000	14590.587	488.000	133365.000
9.960	133523.000	14593.411	487.000	133514.000
9.970	133671.000	14655.388	463.000	133663.000
9.980	133818.000	14668.771	457.000	133811.000
9.990	133964.000	14648.140	465.000	133959.000
10.000	134112.000	14693.698	447.000	134108.000
10.010	134258.000	14665.589	458.000	134256.000
10.020	134405.000	14675.912	454.000	134404.000
10.030	134552.000	14683.138	451.000	134551.000
10.040	134698.000	14658.197	461.000	134698.000
10.050	134845.000	14670.738	456.000	134845.000
10.060	134991.000	14649.516	464.000	134990.000
10.070	135136.000	14604.662	482.000	135136.000
10.080	135283.000	14633.263	471.000	135282.000
10.090	135427.000	14563.284	499.000	135427.000
10.100	135572.000	14544.299	507.000	135571.000
10.110	135716.000	14501.009	524.000	135714.000
10.120	135860.000	14470.706	537.000	135857.000
10.130	136004.000	14449.495	546.000	135999.000
10.140	136148.000	14434.646	553.000	136142.000
10.150	136293.000	14454.252	545.000	136286.000
10.160	136437.000	14437.977	552.000	136429.000
10.170	136581.000	14426.584	558.000	136573.000
10.180	136724.000	14388.609	573.000	136716.000
10.190	136868.000	14392.026	573.000	136859.000
10.200	137013.000	14424.418	561.000	137002.000
10.210	137156.000	14387.093	576.000	137144.000
10.220	137303.000	14480.965	539.000	137290.000
10.230	137449.000	14516.675	525.000	137435.000
10.240	137594.000	14511.673	528.000	137580.000
10.250	137738.000	14478.171	541.000	137724.000
10.260	137883.000	14484.720	539.000	137871.000
10.270	138028.000	14489.304	537.000	138017.000
10.280	138175.000	14552.513	512.000	138165.000
10.290	138321.000	14566.759	507.000	138312.000
10.300	138467.000	14576.731	503.000	138460.000
10.310	138614.000	14613.712	488.000	138608.000
10.320	138760.000	14609.598	490.000	138754.000
10.330	138907.000	14636.719	479.000	138902.000
10.340	139055.000	14685.703	459.000	139049.000
10.350	139202.000	14689.992	457.000	139197.000
10.360	139350.000	14722.995	443.000	139346.000
10.370	139497.000	14716.096	446.000	139494.000
10.380	139644.000	14711.267	447.000	139643.000
10.390	139792.000	14737.887	436.000	139791.000
10.400	139941.000	14786.521	417.000	139940.000
10.410	140089.000	14790.565	414.000	140088.000
10.420	140236.000	14763.395	425.000	140236.000
10.430	140384.000	14774.377	420.000	140383.000
10.440	140532.000	14782.064	416.000	140530.000
10.450	140678.000	14727.445	438.000	140677.000
10.460	140825.000	14719.211	441.000	140825.000
10.470	140971.000	14683.448	455.000	140972.000
10.480	141116.000	14628.413	477.000	141118.000
10.490	141261.000	14589.889	492.000	141264.000
10.500	141408.000	14622.923	479.000	141412.000
10.510	141554.000	14616.046	482.000	141557.000
10.520	141701.000	14641.232	472.000	141703.000
10.530	141848.000	14658.862	465.000	141849.000
10.540	141994.000	14641.204	472.000	141994.000
10.550	142142.000	14688.843	453.000	142139.000
10.560	142290.000	14722.190	439.000	142284.000
10.570	142436.000	14685.533	454.000	142427.000
10.580	142583.000	14689.873	452.000	142572.000
10.590	142731.000	14722.911	438.000	142717.000
10.600	142878.000	14716.038	441.000	142863.000
10.610	143025.000	14711.226	443.000	143010.000
10.620	143173.000	14737.859	432.000	143157.000
10.630	143319.000	14696.501	448.000	143304.000
10.640	143467.000	14727.551	435.000	143453.000
10.650	143614.000	14719.285	438.000	143601.000
10.660	143762.000	14743.500	428.000	143751.000
10.670	143910.000	14760.450	421.000	143900.000
10.680	144057.000	14742.315	428.000	144049.000
10.690	144204.000	14729.620	433.000	144198.000
10.700	144352.000	14750.734	424.000	144347.000
10.710	144500.000	14765.514	418.000	144497.000
10.720	144647.000	14745.860	426.000	144646.000
10.730	144795.000	14762.102	419.000	144796.000
10.740	144942.000	14743.471	426.000	144944.000
10.750	145091.000	14790.430	407.000	145093.000
10.760	145240.000	14823.301	393.000	145242.000
10.770	145387.000	14786.311	408.000	145389.000
10.780	145535.000	14790.417	406.000	145536.000
10.790	145682.000	14763.292	416.000	145683.000
10.800	145828.000	14714.305	435.000	145829.000
10.810	145975.000	14710.013	437.000	145975.000
10.820	146122.000	14707.009	438.000	146121.000
10.830	146267.000	14644.906	463.000	146266.000
10.840	146412.000	14601.435	480.000	146411.000
10.850	146556.000	14541.004	505.000	146555.000
10.860	146701.000	14528.703	510.000	146700.000
10.870	146845.000	14490.092	526.000	146842.000
10.880	146988.000	14433.064	550.000	146985.000
10.890	147133.000	14453.145	542.000	147128.000
10.900	147277.000	14437.202	549.000	147271.000
10.910	147422.000	14456.041	543.000	147415.000
10.920	147567.000	14469.229	538.000	147557.000
10.930	147711.000	14448.460	547.000	147699.000
10.940	147856.000	14463.922	541.000	147843.000
10.950	148001.000	14474.745	537.000	147985.000
10.960	148146.000	14482.322	535.000	148129.000
10.970	148292.000	14517.625	521.000	148273.000
10.980	148437.000	14512.338	524.000	148417.000
10.990	148582.000	14508.636	525.000	148561.000
11.000	148727.000	14506.045	527.000	148706.000
11.010	148872.000	14504.232	528.000	148852.000
11.020	149017.000	14502.962	529.000	148999.000
11.030	149164.000	14562.074	505.000	149147.000
11.040	149308.000	14513.452	525.000	149292.000
11.050	149455.000	14569.416	503.000	149440.000
11.060	149601.000	14578.591	499.000	149588.000
11.070	149748.000	14615.014	485.000	149736.000
11.080	149894.000	14610.510	486.000	149883.000
11.090	150041.000	14637.357	476.000	150031.000
11.100	150187.000	14626.150	480.000	150177.000
11.110	150334.000	14648.305	471.000	150324.000
11.120	150480.000	14633.813	477.000	150470.000
11.130	150628.000	14683.669	457.000	150617.000
11.140	150773.000	14628.569	479.000	150763.000
11.150	150919.000	14619.998	482.000	150908.000
11.160	151064.000	14583.999	496.000	151054.000
11.170	151210.000	14588.799	495.000	151200.000
11.180	151355.000	14562.159	505.000	151345.000
11.190	151500.000	14543.512	513.000	151490.000
11.200	151644.000	14500.458	531.000	151635.000
11.210	151788.000	14470.321	543.000	151779.000
11.220	151932.000	14449.224	552.000	151923.000
11.230	152076.000	14434.457	558.000	152067.000
11.240	152220.000	14424.120	563.000	152212.000
11.250	152365.000	14446.884	555.000	152356.000
11.260	152509.000	14432.819	561.000	152500.000
11.270	152654.000	14452.973	553.000	152644.000
11.280	152799.000	14467.081	548.000	152788.000
11.290	152944.000	14476.957	544.000	152932.000
11.300	153090.000	14513.870	530.000	153076.000
11.310	153237.000	14569.709	508.000	153221.000
11.320	153381.000	14518.796	528.000	153363.000
11.330	153527.000	14543.157	519.000	153507.000
11.340	153674.000	14590.210	500.000	153652.000
11.350	153820.000	14593.147	499.000	153796.000
11.360	153966.000	14595.203	498.000	153942.000
11.370	154113.000	14626.642	485.000	154089.000
11.380	154258.000	14588.649	501.000	154234.000
11.390	154405.000	14622.055	487.000	154382.000
11.400	154552.000	14645.438	478.000	154530.000
11.410	154698.000	14631.807	483.000	154678.000
11.420	154846.000	14682.265	463.000	154827.000
11.430	154992.000	14657.585	472.000	154975.000
11.440	155140.000	14700.310	455.000	155124.000
11.450	155287.000	14700.217	455.000	155274.000
11.460	155434.000	14700.152	454.000	155422.000
11.470	155582.000	14730.106	442.000	155572.000
11.480	155729.000	14721.074	445.000	155721.000
11.490	155877.000	14744.752	435.000	155870.000
11.500	156025.000	14761.326	428.000	156020.000
11.510	156172.000	14742.929	435.000	156169.000
11.520	156320.000	14760.050	428.000	156319.000
11.530	156467.000	14742.035	435.000	156467.000
11.540	156614.000	14729.424	440.000	156616.000
11.550	156761.000	14720.597	443.000	156764.000
11.560	156908.000	14714.418	445.000	156912.000
11.570	157055.000	14710.093	446.000	157059.000
11.580	157202.000	14707.065	447.000	157206.000
11.590	157349.000	14704.945	448.000	157353.000
11.600	157497.000	14733.462	436.000	157500.000
11.610	157644.000	14723.423	440.000	157646.000
11.620	157791.000	14716.396	443.000	157792.000
11.630	157939.000	14741.477	432.000	157938.000
11.640	158088.000	14789.034	413.000	158084.000
11.650	158236.000	14792.324	411.000	158229.000
11.660	158385.000	14824.627	398.000	158375.000
11.670	158532.000	14787.239	412.000	158521.000
11.680	158681.000	14821.067	398.000	158668.000
11.690	158830.000	14844.747	388.000	158815.000
11.700	158977.000	14801.323	405.000	158962.000
11.710	159126.000	14830.926	393.000	159111.000
11.720	159275.000	14851.648	384.000	159260.000
11.730	159423.000	14836.154	390.000	159408.000
11.740	159572.000	14855.308	381.000	159558.000
11.750	159721.000	14868.715	375.000	159708.000
11.760	159869.000	14848.101	383.000	159858.000
11.770	160018.000	14863.671	376.000	160009.000
11.780	160167.000	14874.569	371.000	160160.000
11.790	160315.000	14852.199	380.000	160311.000
11.800	160465.000	14896.539	361.000	160463.000
11.810	160614.000	14897.577	360.000	160614.000
11.820	160763.000	14898.304	359.000	160766.000
11.830	160911.000	14868.813	370.000	160917.000
11.840	161060.000	14878.169	366.000	161067.000
11.850	161207.000	14824.718	387.000	161216.000
11.860	161356.000	14847.303	377.000	161365.000
11.870	161504.000	14833.112	383.000	161513.000
11.880	161651.000	14793.178	398.000	161659.000
11.890	161798.000	14765.225	409.000	161805.000
11.900	161945.000	14745.657	417.000	161952.000
11.910	162091.000	14701.960	434.000	162097.000
11.920	162237.000	14671.372	447.000	162242.000
11.930	162383.000	14649.960	455.000	162387.000
11.940	162527.000	14574.972	486.000	162529.000
11.950	162672.000	14552.481	495.000	162672.000
11.960	162817.000	14536.736	502.000	162816.000
11.970	162962.000	14525.716	507.000	162959.000
11.980	163106.000	14488.001	522.000	163101.000
11.990	163252.000	14521.601	510.000	163244.000
12.000	163395.000	14455.120	537.000	163386.000
12.010	163539.000	14438.584	0.000	163528.000
12.020	163682.000	14397.009	0.000	163670.000
12.030	163825.000	14367.906	0.000	163813.000
12.040	163967.000	14317.534	0.000	163957.000
12.050	164107.000	14222.274	0.000	164100.000
12.060	164249.000	14215.592	0.000	164246.000
12.070	164384.000	14000.914	0.000	164386.000
12.080	164522.000	13940.640	0.000	164528.000
12.090	164656.000	13778.448	0.000	164668.000
12.100	164793.000	13754.914	0.000	164810.000
12.110	164928.000	13678.440	0.000	164949.000
12.120	165063.000	13624.908	0.000	165088.000
12.130	165198.000	13587.435	0.000	165226.000
12.140	165332.000	13531.205	0.000	165361.000
12.150	165466.000	13491.843	0.000	165495.000
12.160	165600.000	13464.290	0.000	165626.000
12.170	165733.000	13415.003	0.000	165756.000
12.180	165867.000	13410.502	0.000	165884.000
12.190	166000.000	13377.352	0.000	166011.000
12.200	166132.000	13324.146	0.000	166138.000
12.210	166264.000	13286.902	0.000	166263.000
12.220	166394.000	13200.832	0.000	166388.000
12.230	166524.000	13140.582	0.000	166513.000
12.240	166652.000	13038.407	0.000	166639.000
12.250	166779.000	12936.885	0.000	166764.000
12.260	166904.000	12805.820	0.000	166890.000
12.270	167028.000	12684.074	0.000	167016.000
12.280	167150.000	12538.852	0.000	167143.000
12.290	167271.000	12407.196	0.000	167269.000
12.300	167391.000	12285.037	0.000	167394.000
12.310	167509.000	12139.526	0.000	167519.000
12.320	167627.000	12037.668	0.000	167643.000
12.330	167744.000	11936.368	0.000	167767.000
12.340	167859.000	11805.457	0.000	167887.000
12.350	167974.000	11713.820	0.000	168006.000
12.360	168088.000	11619.674	0.000	168123.000
12.370	168203.000	11583.772	0.000	168238.000
12.380	168317.000	11528.640	0.000	168352.000
12.390	168432.000	11520.048	0.000	168465.000
12.400	168545.000	11454.034	0.000	168575.000
12.410	168659.000	11437.824	0.000	168684.000
12.420	168772.000	11396.477	0.000	168791.000
12.430	168884.000	11337.534	0.000	168897.000
12.440	168996.000	11296.274	0.000	169002.000
12.450	169108.000	11267.391	0.000	169107.000
12.460	169218.000	11187.174	0.000	169212.000
12.470	169328.000	11131.022	0.000	169317.000
12.480	169437.000	11061.715	0.000	169422.000
12.490	169545.000	10983.201	0.000	169528.000
12.500	169651.000	10868.240	0.000	169634.000
12.510	169757.000	10787.768	0.000	169742.000
12.520	169862.000	10701.438	0.000	169849.000
12.530	169965.000	10581.006	0.000	169958.000
12.540	170068.000	10496.705	0.000	170066.000
12.550	170170.000	10407.693	0.000	170174.000
12.560	170271.000	10315.385	0.000	170282.000
12.570	170371.000	10220.770	0.000	170389.000
12.580	170472.000	10184.539	0.000	170495.000
12.590	170572.000	10129.177	0.000	170600.000
12.600	170672.000	10090.424	0.000	170702.000
12.610	170773.000	10093.297	0.000	170804.000
12.620	170871.000	10005.308	0.000	170903.000
12.630	170973.000	10063.715	0.000	171002.000
12.640	171072.000	10014.601	0.000	171098.000
12.650	171172.000	10010.221	0.000	171195.000
12.660	171270.000	9947.154	0.000	171288.000
12.670	171369.000	9933.008	0.000	171382.000
12.680	171468.000	9923.106	0.000	171474.000
12.690	171567.000	9916.174	0.000	171567.000
12.700	171664.000	9851.322	0.000	171658.000
12.710	171759.000	9745.925	0.000	171750.000
12.720	171855.000	9702.148	0.000	171843.000
12.730	171950.000	9641.503	0.000	171936.000
12.740	172043.000	9539.052	0.000	172029.000
12.750	172133.000	9377.337	0.000	172123.000
12.760	172223.000	9264.136	0.000	172217.000
12.770	172312.000	9154.895	0.000	172311.000
12.780	172399.000	9018.426	0.000	172405.000
12.790	172485.000	8892.899	0.000	172498.000
12.800	172570.000	8775.029	0.000	172592.000
12.810	172655.000	8692.520	0.000	172684.000
12.820	172739.000	8604.764	0.000	172775.000
12.830	172821.000	8483.335	0.000	172863.000
12.840	172904.000	8428.334	0.000	172951.000
12.850	172986.000	8359.834	0.000	173035.000
12.860	173067.000	8281.884	0.000	173117.000
12.870	173149.000	8257.319	0.000	173196.000
12.880	173231.000	8240.123	0.000	173274.000
12.890	173312.000	8198.086	0.000	173349.000
12.900	173393.000	8168.660	0.000	173422.000
12.910	173472.000	8088.062	0.000	173493.000
12.920	173553.000	8091.644	0.000	173565.000
12.930	173633.000	8064.150	0.000	173635.000
12.940	173711.000	7984.905	0.000	173706.000
12.950	173786.000	7839.434	0.000	173775.000
12.960	173862.000	7767.604	0.000	173847.000
12.970	173936.000	7657.323	0.000	173918.000
12.980	174010.000	7580.126	0.000	173991.000
12.990	174082.000	7466.088	0.000	174063.000
13.000	174153.000	7356.262	0.000	174136.000
13.010	174222.000	7219.383	0.000	174209.000
13.020	174291.000	7123.568	0.000	174284.000
13.030	174359.000	7026.498	0.000	174358.000
13.040	174428.000	6988.548	0.000	174433.000
13.050	174494.000	6871.984	0.000	174506.000
13.060	174561.000	6820.389	0.000	174579.000
13.070	174627.000	6754.272	0.000	174651.000
13.080	174694.000	6737.990	0.000	174722.000
13.090	174760.000	6696.593	0.000	174791.000
13.100	174827.000	6697.615	0.000	174859.000
13.110	174893.000	6668.331	0.000	174924.000
13.120	174960.000	6677.832	0.000	174988.000
13.130	175026.000	6654.482	0.000	175050.000
13.140	175093.000	6668.137	0.000	175111.000
13.150	175160.000	6677.696	0.000	175171.000
13.160	175226.000	6654.387	0.000	175228.000
13.170	175292.000	6638.071	0.000	175287.000
13.180	175357.000	6596.650	0.000	175345.000
13.190	175421.000	6537.655	0.000	175404.000
13.200	175485.000	6496.358	0.000	175463.000
13.210	175547.000	6407.451	0.000	175523.000
13.220	175608.000	6315.216	0.000	175584.000
13.230	175668.000	6220.651	0.000	175646.000
13.240	175727.000	6124.456	0.000	175708.000
13.250	175785.000	6027.119	0.000	175771.000
13.260	175842.000	5928.983	0.000	175835.000
13.270	175898.000	5830.288	0.000	175900.000
13.280	175954.000	5761.202	0.000	175964.000
13.290	176009.000	5682.841	0.000	176027.000
13.300	176064.000	5627.989	0.000	176089.000
13.310	176119.000	5589.592	0.000	176150.000
13.320	176175.000	5592.715	0.000	176209.000
13.330	176230.000	5564.900	0.000	176266.000
13.340	176286.000	5575.430	0.000	176320.000
13.350	176342.000	5582.801	0.000	176373.000
13.360	176397.000	5557.961	0.000	176423.000
13.370	176453.000	5570.573	0.000	176473.000
13.380	176508.000	5549.401	0.000	176521.000
13.390	176563.000	5534.581	0.000	176568.000
13.400	176617.000	5494.206	0.000	176616.000
13.410	176671.000	5465.944	0.000	176663.000
13.420	176724.000	5416.161	0.000	176711.000
13.430	176775.000	5321.313	0.000	176758.000
13.440	176826.000	5254.919	0.000	176806.000
13.450	176874.000	5118.443	0.000	176855.000
13.460	176922.000	5022.910	0.000	176905.000
13.470	176968.000	4896.037	0.000	176955.000
13.480	177013.000	4777.226	0.000	177005.000
13.490	177057.000	4664.058	0.000	177056.000
13.500	177100.000	4554.841	0.000	177106.000
13.510	177142.000	4448.389	0.000	177156.000
13.520	177183.000	4343.872	0.000	177206.000
13.530	177224.000	4270.710	0.000	177254.000
13.540	177264.000	4189.497	0.000	177300.000
13.550	177304.000	4132.648	0.000	177345.000
13.560	177343.000	4062.854	0.000	177388.000
13.570	177382.000	4013.998	0.000	177428.000
13.580	177421.000	3979.798	0.000	177466.000
13.590	177459.000	3925.859	0.000	177502.000
13.600	177497.000	3888.101	0.000	177535.000
13.610	177535.000	3861.671	0.000	177566.000
13.620	177572.000	3813.170	0.000	177595.000
13.630	177608.000	3749.219	0.000	177623.000
13.640	177643.000	3674.453	0.000	177650.000
13.650	177677.000	3592.117	0.000	177676.000
13.660	177709.000	3474.482	0.000	177702.000
13.670	177740.000	3362.137	0.000	177728.000
13.680	177769.000	3223.496	0.000	177754.000
13.690	177798.000	3126.447	0.000	177782.000
13.700	177823.000	2938.513	0.000	177808.000
13.710	177848.000	2806.959	0.000	177836.000
13.720	177871.000	2654.871	0.000	177863.000
13.730	177892.000	2488.410	0.000	177891.000
13.740	177911.000	2311.887	0.000	177918.000
13.750	177930.000	2188.321	0.000	177945.000
13.760	177947.000	2041.825	0.000	177971.000
13.770	177963.000	1909.277	0.000	177995.000
13.780	177979.000	1816.494	0.000	178018.000
13.790	177994.000	1721.546	0.000	178039.000
13.800	178009.000	1655.082	0.000	178057.000
13.810	178024.000	1608.557	0.000	178073.000
13.820	178038.000	1545.990	0.000	178087.000
13.830	178053.000	1532.193	0.000	178098.000
13.840	178067.000	1492.535	0.000	178106.000
13.850	178080.000	1434.775	0.000	178113.000
13.860	178093.000	1394.342	0.000	178118.000
13.870	178106.000	1366.040	0.000	178122.000
13.880	178117.000	1286.228	0.000	178125.000
13.890	178127.000	1200.359	0.000	178128.000
13.900	178135.000	1080.252	0.000	178130.000
13.910	178142.000	966.176	0.000	178132.000
13.920	178148.000	856.323	0.000	178135.000
13.930	178151.000	689.426	0.000	178139.000
13.940	178153.000	542.598	0.000	178142.000
13.950	178153.000	379.819	0.000	178146.000
13.960	178153.000	265.873	0.000	178151.000
13.970	178151.000	126.111	0.000	178155.000
13.980	178147.000	-31.722	0.000	178159.000
13.990	178143.000	-142.205	0.000	178162.000
14.000	178137.000	-279.544	0.000	178164.000
14.010	178131.000	-375.681	0.000	178165.000
14.020	178126.000	-412.976	0.000	178165.000
14.030	178120.000	-469.084	0.000	178162.000
14.040	178114.000	-508.358	0.000	178157.000
14.050	178108.000	-535.851	0.000	178150.000
14.060	178102.000	-555.096	0.000	178140.000
14.070	178097.000	-538.567	0.000	178129.000
14.080	178091.000	-556.997	0.000	178116.000
14.090	178086.000	-539.898	0.000	178103.000
14.100	178080.000	-557.928	0.000	178088.000
14.110	178074.000	-570.550	0.000	178073.000
14.120	178067.000	-609.385	0.000	178058.000
14.130	178060.000	-636.569	0.000	178043.000
14.140	178052.000	-685.599	0.000	178030.000
14.150	178043.000	-749.919	0.000	178017.000
14.160	178033.000	-824.943	0.000	178005.000
14.170	178023.000	-877.460	0.000	177994.000
14.180	178011.000	-974.222	0.000	177985.000
14.190	177999.000	-1041.956	0.000	177977.000
14.200	177986.000	-1119.369	0.000	177970.000
14.210	177972.000	-1203.558	0.000	177963.000
14.220	177958.000	-1262.491	0.000	177957.000
14.230	177944.000	-1303.744	0.000	177951.000
14.240	177930.000	-1332.620	0.000	177944.000
14.250	177916.000	-1352.834	0.000	177937.000
14.260	177902.000	-1366.984	0.000	177928.000
14.270	177889.000	-1346.889	0.000	177918.000
14.280	177876.000	-1332.822	0.000	177907.000
14.290	177863.000	-1322.976	0.000	177894.000
14.300	177851.000	-1286.083	0.000	177880.000
14.310	177839.000	-1260.258	0.000	177864.000
14.320	177827.000	-1242.181	0.000	177847.000
14.330	177816.000	-1199.526	0.000	177829.000
14.340	177805.000	-1169.668	0.000	177810.000
14.350	177794.000	-1148.768	0.000	177791.000
14.360	177783.000	-1134.138	0.000	177772.000
14.370	177771.000	-1153.896	0.000	177753.000
14.380	177759.000	-1167.727	0.000	177735.000
14.390	177747.000	-1177.409	0.000	177718.000
14.400	177734.000	-1214.186	0.000	177702.000
14.410	177720.000	-1269.931	0.000	177688.000
14.420	177706.000	-1308.951	0.000	177675.000
14.430	177691.000	-1366.266	0.000	177663.000
14.440	177676.000	-1406.386	0.000	177652.000
14.450	177660.000	-1464.470	0.000	177643.000
14.460	177644.000	-1505.129	0.000	177634.000
14.470	177627.000	-1563.590	0.000	177625.000
14.480	177610.000	-1604.513	0.000	177616.000
14.490	177594.000	-1603.159	0.000	177607.000
14.500	177577.000	-1632.212	0.000	177596.000
14.510	177561.000	-1622.548	0.000	177585.000
14.520	177545.000	-1615.784	0.000	177573.000
14.530	177530.000	-1581.049	0.000	177559.000
14.540	177515.000	-1556.734	0.000	177543.000
14.550	177501.000	-1509.714	0.000	177526.000
14.560	177488.000	-1446.800	0.000	177508.000
14.570	177475.000	-1402.760	0.000	177488.000
14.580	177462.000	-1371.932	0.000	177468.000
14.590	177449.000	-1350.352	0.000	177448.000
14.600	177437.000	-1305.247	0.000	177427.000
14.610	177425.000	-1273.673	0.000	177407.000
14.620	177412.000	-1281.571	0.000	177387.000
14.630	177398.000	-1317.100	0.000	177369.000
14.640	177384.000	-1341.970	0.000	177352.000
14.650	177370.000	-1359.379	0.000	177336.000
14.660	177354.000	-1431.565	0.000	177322.000
14.670	177339.000	-1452.096	0.000	177310.000
14.680	177322.000	-1526.467	0.000	177299.000
14.690	177305.000	-1578.527	0.000	177289.000
14.700	177288.000	-1614.969	0.000	177280.000
14.710	177271.000	-1640.478	0.000	177272.000
14.720	177254.000	-1658.335	0.000	177263.000
14.730	177237.000	-1670.834	0.000	177254.000
14.740	177220.000	-1679.584	0.000	177245.000
14.750	177205.000	-1625.709	0.000	177234.000
14.760	177190.000	-1587.996	0.000	177222.000
14.770	177176.000	-1531.597	0.000	177209.000
14.780	177162.000	-1492.118	0.000	177194.000
14.790	177150.000	-1404.483	0.000	177178.000
14.800	177139.000	-1313.138	0.000	177161.000
14.810	177128.000	-1249.197	0.000	177142.000
14.820	177118.000	-1174.438	0.000	177123.000
14.830	177108.000	-1122.106	0.000	177104.000
14.840	177098.000	-1085.474	0.000	177085.000
14.850	177088.000	-1059.832	0.000	177067.000
14.860	177077.000	-1071.882	0.000	177049.000
14.870	177067.000	-1050.318	0.000	177034.000
14.880	177056.000	-1065.222	0.000	177019.000
14.890	177044.000	-1105.656	0.000	177007.000
14.900	177031.000	-1163.959	0.000	176996.000
14.910	177018.000	-1204.771	0.000	176987.000
14.920	177004.000	-1263.340	0.000	176979.000
14.930	176990.000	-1304.338	0.000	176973.000
14.940	176976.000	-1333.037	0.000	176967.000
14.950	176962.000	-1353.126	0.000	176962.000
14.960	176948.000	-1367.188	0.000	176957.000
14.970	176934.000	-1377.032	0.000	176951.000
14.980	176921.000	-1353.922	0.000	176945.000
14.990	176909.000	-1307.745	0.000	176938.000
15.000	176898.000	-1245.422	0.000	176929.000
