0.000	-1.000	-30.000	0.000	0.000
0.010	-12.000	-351.000	4.000	-9.000
0.020	-15.000	-335.700	11.000	-12.000
0.030	-16.000	-264.990	16.000	-16.000
0.040	-18.000	-245.493	19.000	-20.000
0.050	-19.000	-201.845	22.000	-25.000
0.060	-21.000	-201.292	24.000	-29.000
0.070	-22.000	-170.904	26.000	-33.000
0.080	-23.000	-149.633	27.000	-37.000
0.090	-24.000	-134.743	28.000	-40.000
0.100	-25.000	-124.320	28.000	-43.000
0.110	-27.000	-147.024	28.000	-45.000
0.120	-30.000	-192.917	30.000	-47.000
0.130	-33.000	-225.042	31.000	-48.000
0.140	-36.000	-247.529	34.000	-48.000
0.150	-40.000	-293.270	36.000	-48.000
0.160	-44.000	-325.289	40.000	-48.000
0.170	-48.000	-347.703	44.000	-48.000
0.180	-51.000	-333.392	47.000	-49.000
0.190	-54.000	-323.374	50.000	-49.000
0.200	-56.000	-286.362	52.000	-50.000
0.210	-57.000	-230.453	54.000	-51.000
0.220	-57.000	-161.317	53.000	-53.000
0.230	-55.000	-52.922	52.000	-55.000
0.240	-50.000	112.954	47.000	-57.000
0.250	-41.000	349.068	40.000	-59.000
0.260	-28.000	634.348	27.000	-61.000
0.270	-11.000	954.043	10.000	-61.000
0.280	11.000	1327.830	-13.000	-59.000
0.290	38.000	1739.481	-41.000	-54.000
0.300	71.000	2207.637	-76.000	-44.000
0.310	108.000	2655.346	-117.000	-29.000
0.320	151.000	3148.742	-163.000	-8.000
0.330	198.000	3614.119	-216.000	20.000
0.340	248.000	4029.884	-272.000	56.000
0.350	300.000	4380.919	-332.000	100.000
0.360	355.000	4716.643	-394.000	153.000
0.370	410.000	4951.650	-456.000	214.000
0.380	466.000	5146.155	-517.000	285.000
0.390	523.000	5312.309	-578.000	363.000
0.400	578.000	5368.616	-636.000	447.000
0.410	632.000	5378.031	-690.000	538.000
0.420	684.000	5324.622	-739.000	633.000
0.430	733.000	5197.235	-784.000	729.000
0.440	777.000	4958.065	-822.000	825.000
0.450	816.000	4640.645	-852.000	919.000
0.460	847.000	4178.452	-872.000	1007.000
0.470	869.000	3584.916	-881.000	1087.000
0.480	881.000	2869.441	-878.000	1158.000
0.490	884.000	2098.609	-861.000	1214.000
0.500	878.000	1289.026	-831.000	1255.000
0.510	863.000	452.318	-785.000	1278.000
0.520	839.000	-403.377	-722.000	1283.000
0.530	808.000	-1212.364	-642.000	1267.000
0.540	771.000	-1958.655	-549.000	1229.000
0.550	729.000	-2631.058	-444.000	1169.000
0.560	683.000	-3221.741	-331.000	1090.000
0.570	634.000	-3725.219	-211.000	993.000
0.580	582.000	-4167.653	-86.000	878.000
0.590	529.000	-4507.357	41.000	752.000
0.600	474.000	-4805.150	169.000	614.000
0.610	420.000	-4983.605	297.000	473.000
0.620	365.000	-5138.523	424.000	328.000
0.630	311.000	-5216.966	548.000	187.000
0.640	258.000	-5241.877	669.000	50.000
0.650	207.000	-5199.314	787.000	-79.000
0.660	163.000	-4959.519	898.000	-192.000
0.670	127.000	-4551.664	1000.000	-288.000
0.680	99.000	-4026.165	1092.000	-366.000
0.690	82.000	-3328.315	1170.000	-424.000
0.700	78.000	-2449.821	1234.000	-459.000
0.710	84.000	-1534.874	1282.000	-470.000
0.720	104.000	-474.412	1315.000	-458.000
0.730	136.000	627.912	1330.000	-419.000
0.740	178.000	1699.538	1331.000	-356.000
0.750	230.000	2749.677	1319.000	-268.000
0.760	289.000	3694.774	1295.000	-159.000
0.770	353.000	4506.342	1265.000	-30.000
0.780	421.000	5194.439	1230.000	115.000
0.790	492.000	5766.107	1194.000	272.000
0.800	563.000	6166.275	1159.000	439.000
0.810	631.000	6356.393	1129.000	610.000
0.820	696.000	6399.475	1107.000	780.000
0.830	756.000	6279.632	1095.000	946.000
0.840	809.000	5985.743	1097.000	1103.000
0.850	855.000	5570.020	1113.000	1246.000
0.860	893.000	5039.014	1144.000	1372.000
0.870	921.000	4367.310	1192.000	1472.000
0.880	940.000	3627.117	1258.000	1549.000
0.890	949.000	2808.982	1341.000	1599.000
0.900	950.000	1996.287	1440.000	1619.000
0.910	939.000	1067.401	1556.000	1611.000
0.920	920.000	177.181	1687.000	1571.000
0.930	892.000	-715.973	1833.000	1502.000
0.940	855.000	-1611.181	1991.000	1406.000
0.950	811.000	-2447.827	2162.000	1286.000
0.960	760.000	-3243.479	2341.000	1145.000
0.970	704.000	-3950.435	2529.000	986.000
0.980	646.000	-4505.305	2721.000	818.000
0.990	587.000	-4923.713	2915.000	643.000
1.000	530.000	-5156.599	3108.000	461.000
1.010	481.000	-5079.619	3292.000	291.000
1.020	440.000	-4785.734	3459.000	127.000
1.030	408.000	-4310.014	3608.000	-25.000
1.040	389.000	-3587.009	3736.000	-154.000
1.050	382.000	-2720.907	3841.000	-261.000
1.060	384.000	-1844.635	3924.000	-337.000
1.070	399.000	-841.244	3985.000	-382.000
1.080	422.000	101.129	4026.000	-393.000
1.090	450.000	910.790	4050.000	-370.000
1.100	483.000	1627.553	4062.000	-307.000
1.110	516.000	2129.287	4066.000	-214.000
1.120	550.000	2510.501	4065.000	-87.000
1.130	582.000	2717.351	4063.000	65.000
1.140	613.000	2832.146	4062.000	239.000
1.150	642.000	2852.502	4065.000	432.000
1.160	669.000	2806.751	4072.000	624.000
1.170	693.000	2684.726	4085.000	821.000
1.180	714.000	2509.308	4104.000	1011.000
1.190	730.000	2236.516	4130.000	1186.000
1.200	742.000	1925.561	4164.000	1339.000
1.210	746.000	1467.893	4206.000	1465.000
1.220	745.000	997.525	4259.000	1560.000
1.230	734.000	368.267	4322.000	1617.000
1.240	716.000	-282.213	4396.000	1635.000
1.250	692.000	-917.549	4481.000	1616.000
1.260	664.000	-1482.284	4574.000	1555.000
1.270	635.000	-1907.599	4674.000	1456.000
1.280	605.000	-2235.319	4776.000	1322.000
1.290	577.000	-2404.724	4879.000	1158.000
1.300	553.000	-2403.306	4979.000	970.000
1.310	533.000	-2282.315	5074.000	766.000
1.320	521.000	-1957.620	5160.000	553.000
1.330	515.000	-1550.334	5236.000	341.000
1.340	515.000	-1085.234	5302.000	139.000
1.350	523.000	-519.664	5356.000	-46.000
1.360	536.000	26.235	5399.000	-204.000
1.370	555.000	588.365	5433.000	-329.000
1.380	577.000	1071.855	5458.000	-416.000
1.390	602.000	1500.299	5476.000	-460.000
1.400	629.000	1860.209	5490.000	-460.000
1.410	656.000	2112.146	5502.000	-414.000
1.420	683.000	2288.502	5513.000	-322.000
1.430	708.000	2351.952	5525.000	-190.000
1.440	731.000	2336.366	5541.000	-21.000
1.450	751.000	2235.456	5561.000	180.000
1.460	767.000	2044.819	5587.000	399.000
1.470	780.000	1821.374	5620.000	634.000
1.480	788.000	1514.962	5659.000	869.000
1.490	790.000	1120.473	5706.000	1098.000
1.500	788.000	724.331	5762.000	1312.000
1.510	780.000	267.032	5826.000	1500.000
1.520	766.000	-233.078	5898.000	1655.000
1.530	749.000	-673.154	5978.000	1771.000
1.540	729.000	-1071.208	6064.000	1844.000
1.550	708.000	-1379.846	6154.000	1868.000
1.560	686.000	-1625.892	6246.000	1846.000
1.570	662.000	-1858.124	6339.000	1773.000
1.580	638.000	-2020.687	6433.000	1655.000
1.590	614.000	-2134.481	6526.000	1495.000
1.600	590.000	-2214.137	6618.000	1301.000
1.610	565.000	-2299.896	6709.000	1079.000
1.620	541.000	-2329.927	6797.000	838.000
1.630	518.000	-2320.949	6883.000	589.000
1.640	497.000	-2254.664	6966.000	340.000
1.650	477.000	-2178.265	7045.000	101.000
1.660	461.000	-2004.785	7121.000	-118.000
1.670	449.000	-1763.350	7190.000	-310.000
1.680	443.000	-1414.345	7253.000	-468.000
1.690	442.000	-1020.041	7309.000	-585.000
1.700	447.000	-564.029	7356.000	-659.000
1.710	458.000	-64.820	7395.000	-685.000
1.720	475.000	464.626	7426.000	-666.000
1.730	498.000	1015.238	7449.000	-597.000
1.740	527.000	1580.667	7464.000	-483.000
1.750	562.000	2156.467	7471.000	-325.000
1.760	602.000	2709.527	7472.000	-136.000
1.770	648.000	3276.669	7467.000	83.000
1.780	700.000	3853.668	7457.000	324.000
1.790	757.000	4407.568	7441.000	578.000
1.800	818.000	4915.297	7421.000	836.000
1.810	881.000	5330.708	7398.000	1089.000
1.820	943.000	5591.496	7375.000	1330.000
1.830	1003.000	5714.047	7356.000	1552.000
1.840	1060.000	5709.833	7341.000	1748.000
1.850	1112.000	5556.883	7334.000	1913.000
1.860	1154.000	5149.818	7338.000	2040.000
1.870	1186.000	4564.873	7356.000	2129.000
1.880	1205.000	3765.411	7390.000	2177.000
1.890	1210.000	2785.788	7443.000	2185.000
1.900	1203.000	1740.051	7517.000	2150.000
1.910	1182.000	588.036	7609.000	2074.000
1.920	1149.000	-578.375	7721.000	1958.000
1.930	1108.000	-1634.862	7850.000	1812.000
1.940	1058.000	-2644.404	7992.000	1635.000
1.950	999.000	-3621.083	8146.000	1432.000
1.960	938.000	-4364.758	8308.000	1219.000
1.970	869.000	-5125.330	8476.000	988.000
1.980	799.000	-5687.731	8647.000	761.000
1.990	724.000	-6231.412	8818.000	535.000
2.000	645.000	-6731.988	8991.000	315.000
2.010	567.000	-7052.392	9162.000	118.000
2.020	488.000	-7306.674	9328.000	-63.000
2.030	416.000	-7274.672	9489.000	-214.000
2.040	349.000	-7102.270	9639.000	-339.000
2.050	290.000	-6741.589	9776.000	-433.000
2.060	242.000	-6159.112	9898.000	-495.000
2.070	207.000	-5361.379	10002.000	-525.000
2.080	184.000	-4442.965	10086.000	-524.000
2.090	176.000	-3350.076	10149.000	-491.000
2.100	180.000	-2225.053	10191.000	-428.000
2.110	200.000	-957.537	10212.000	-340.000
2.120	234.000	349.724	10212.000	-229.000
2.130	282.000	1684.807	10192.000	-97.000
2.140	344.000	3039.365	10154.000	50.000
2.150	417.000	4317.555	10099.000	209.000
2.160	503.000	5602.289	10030.000	376.000
2.170	599.000	6801.602	9948.000	550.000
2.180	700.000	7791.121	9858.000	720.000
2.190	807.000	8663.785	9762.000	892.000
2.200	913.000	9244.650	9667.000	1055.000
2.210	1017.000	9591.255	9576.000	1213.000
2.220	1117.000	9713.878	9493.000	1364.000
2.230	1206.000	9469.715	9424.000	1498.000
2.240	1285.000	8998.800	9373.000	1620.000
2.250	1351.000	8279.160	9343.000	1728.000
2.260	1400.000	7265.412	9337.000	1815.000
2.270	1434.000	6105.789	9358.000	1886.000
2.280	1450.000	4754.052	9406.000	1934.000
2.290	1453.000	3417.836	9481.000	1960.000
2.300	1440.000	2002.485	9581.000	1965.000
2.310	1415.000	651.740	9703.000	1946.000
2.320	1380.000	-593.782	9845.000	1902.000
2.330	1335.000	-1765.647	10003.000	1834.000
2.340	1280.000	-2885.953	10174.000	1744.000
2.350	1218.000	-3880.167	10355.000	1632.000
2.360	1151.000	-4726.117	10544.000	1505.000
2.370	1077.000	-5528.282	10737.000	1360.000
2.380	1000.000	-6179.797	10933.000	1204.000
2.390	920.000	-6725.858	11128.000	1039.000
2.400	838.000	-7168.101	11322.000	869.000
2.410	758.000	-7417.670	11511.000	699.000
2.420	681.000	-7502.369	11692.000	532.000
2.430	607.000	-7471.659	11864.000	372.000
2.440	540.000	-7240.161	12025.000	224.000
2.450	478.000	-6928.113	12172.000	88.000
2.460	426.000	-6409.679	12305.000	-27.000
2.470	382.000	-5806.775	12421.000	-122.000
2.480	350.000	-5024.743	12520.000	-195.000
2.490	329.000	-4147.320	12601.000	-243.000
2.500	321.000	-3143.124	12663.000	-266.000
2.510	325.000	-2080.187	12706.000	-263.000
2.520	343.000	-916.131	12730.000	-233.000
2.530	372.000	228.709	12735.000	-176.000
2.540	413.000	1390.096	12725.000	-96.000
2.550	464.000	2503.067	12699.000	8.000
2.560	525.000	3582.147	12661.000	131.000
2.570	593.000	4547.503	12612.000	270.000
2.580	667.000	5403.252	12556.000	424.000
2.590	745.000	6122.276	12496.000	587.000
2.600	823.000	6625.593	12435.000	756.000
2.610	901.000	6977.915	12378.000	928.000
2.620	975.000	7104.541	12326.000	1099.000
2.630	1041.000	6953.179	12285.000	1260.000
2.640	1100.000	6637.225	12258.000	1412.000
2.650	1147.000	6056.057	12248.000	1550.000
2.660	1180.000	5229.240	12258.000	1669.000
2.670	1198.000	4200.468	12291.000	1765.000
2.680	1202.000	3060.328	12348.000	1836.000
2.690	1195.000	1932.229	12427.000	1878.000
2.700	1173.000	692.561	12528.000	1890.000
2.710	1144.000	-385.208	12649.000	1872.000
2.720	1107.000	-1379.645	12784.000	1820.000
2.730	1063.000	-2285.752	12932.000	1736.000
2.740	1016.000	-3010.026	13088.000	1623.000
2.750	966.000	-3607.018	13107.000	1483.000
2.760	915.000	-4054.913	13107.000	1323.000
2.770	865.000	-4338.439	13107.000	1145.000
2.780	818.000	-4446.907	13107.000	956.000
2.790	774.000	-4432.835	13107.000	760.000
2.800	736.000	-4242.985	13107.000	569.000
2.810	703.000	-3960.089	13107.000	386.000
2.820	677.000	-3552.062	13107.000	217.000
2.830	659.000	-3026.444	13107.000	70.000
2.840	650.000	-2388.511	13107.000	-51.000
2.850	648.000	-1731.957	13107.000	-141.000
2.860	654.000	-1032.370	13107.000	-196.000
2.870	669.000	-272.659	13107.000	-213.000
2.880	692.000	499.139	13107.000	-194.000
2.890	723.000	1279.397	13107.000	-135.000
2.900	760.000	2005.578	13107.000	-39.000
2.910	804.000	2723.905	13107.000	91.000
2.920	853.000	3376.733	13107.000	250.000
2.930	907.000	3983.713	13107.000	435.000
2.940	965.000	4528.599	13107.000	639.000
2.950	1025.000	4970.019	13107.000	856.000
2.960	1085.000	5279.014	13107.000	1075.000
2.970	1145.000	5495.310	13107.000	1294.000
2.980	1204.000	5616.717	13107.000	1506.000
2.990	1258.000	5551.702	13107.000	1703.000
3.000	1308.000	5386.191	13107.000	1881.000
3.010	1350.000	5030.334	13107.000	2027.000
3.020	1384.000	4541.234	13107.000	2147.000
3.030	1408.000	3898.864	13107.000	2229.000
3.040	1422.000	3149.205	13107.000	2278.000
3.050	1425.000	2294.443	13107.000	2289.000
3.060	1420.000	1456.110	13107.000	2263.000
3.070	1403.000	509.277	13107.000	2201.000
3.080	1375.000	-483.506	13107.000	2102.000
3.090	1337.000	-1478.454	13107.000	1973.000
3.100	1290.000	-2444.918	13107.000	1817.000
3.110	1234.000	-3391.443	13107.000	1639.000
3.120	1172.000	-4234.010	13107.000	1445.000
3.130	1103.000	-5033.807	13107.000	1240.000
3.140	1027.000	-5803.665	13107.000	1031.000
3.150	947.000	-6462.565	13107.000	823.000
3.160	862.000	-7073.796	13107.000	622.000
3.170	775.000	-7561.657	13107.000	432.000
3.180	689.000	-7873.160	13107.000	261.000
3.190	603.000	-8091.212	13107.000	108.000
3.200	522.000	-8093.848	13107.000	-23.000
3.210	447.000	-7915.694	13107.000	-128.000
3.220	380.000	-7550.986	13107.000	-208.000
3.230	323.000	-6995.690	13107.000	-260.000
3.240	277.000	-6276.983	13107.000	-287.000
3.250	244.000	-5383.888	13107.000	-290.000
3.260	225.000	-4338.722	13107.000	-266.000
3.270	221.000	-3157.105	13107.000	-221.000
3.280	231.000	-1909.974	13107.000	-156.000
3.290	259.000	-496.982	13107.000	-74.000
3.300	301.000	912.113	13107.000	22.000
3.310	358.000	2348.479	13107.000	130.000
3.320	429.000	3773.935	13107.000	247.000
3.330	514.000	5191.755	13107.000	373.000
3.340	608.000	6454.228	13107.000	503.000
3.350	712.000	7637.960	13107.000	638.000
3.360	820.000	8586.572	13107.000	775.000
3.370	932.000	9370.600	13107.000	915.000
3.380	1040.000	9799.420	13107.000	1052.000
3.390	1144.000	9979.594	13107.000	1189.000
3.400	1242.000	9925.716	13107.000	1327.000
3.410	1325.000	9438.001	13107.000	1454.000
3.420	1399.000	8826.601	13107.000	1578.000
3.430	1458.000	7948.621	13107.000	1692.000
3.440	1503.000	6914.034	13107.000	1796.000
3.450	1534.000	5769.824	13107.000	1886.000
3.460	1549.000	4488.877	13107.000	1959.000
3.470	1551.000	3202.214	13107.000	2014.000
3.480	1539.000	1881.550	13107.000	2047.000
3.490	1514.000	567.085	13107.000	2058.000
3.500	1478.000	-683.041	13107.000	2046.000
3.510	1433.000	-1828.128	13107.000	2007.000
3.520	1379.000	-2899.690	13107.000	1942.000
3.530	1319.000	-3829.783	13107.000	1853.000
3.540	1253.000	-4660.848	13107.000	1739.000
3.550	1185.000	-5302.594	13107.000	1604.000
3.560	1116.000	-5781.816	13107.000	1452.000
3.570	1045.000	-6177.271	13107.000	1284.000
3.580	975.000	-6424.090	13107.000	1108.000
3.590	906.000	-6566.863	13107.000	925.000
3.600	840.000	-6576.804	13107.000	743.000
3.610	779.000	-6433.763	13107.000	567.000
3.620	722.000	-6213.634	13107.000	399.000
3.630	673.000	-5819.544	13107.000	249.000
3.640	632.000	-5303.681	13107.000	117.000
3.650	599.000	-4702.576	13107.000	8.000
3.660	577.000	-3951.804	13107.000	-73.000
3.670	567.000	-3066.262	13107.000	-126.000
3.680	566.000	-2176.384	13107.000	-148.000
3.690	579.000	-1133.469	13107.000	-140.000
3.700	604.000	-43.428	13107.000	-97.000
3.710	639.000	1019.600	13107.000	-24.000
3.720	685.000	2093.720	13107.000	76.000
3.730	741.000	3145.604	13107.000	204.000
3.740	806.000	4151.923	13107.000	354.000
3.750	877.000	5036.346	13107.000	525.000
3.760	953.000	5805.442	13107.000	708.000
3.770	1032.000	6433.810	13107.000	902.000
3.780	1111.000	6873.667	13107.000	1100.000
3.790	1188.000	7121.567	13107.000	1298.000
3.800	1260.000	7145.097	13107.000	1490.000
3.810	1326.000	6981.568	13107.000	1670.000
3.820	1383.000	6597.097	13107.000	1835.000
3.830	1430.000	6027.968	13107.000	1977.000
3.840	1468.000	5359.578	13107.000	2095.000
3.850	1495.000	4561.704	13107.000	2185.000
3.860	1511.000	3673.193	13107.000	2244.000
3.870	1517.000	2751.235	13107.000	2271.000
3.880	1513.000	1805.865	13107.000	2266.000
3.890	1496.000	754.105	13107.000	2226.000
3.900	1469.000	-282.126	13107.000	2154.000
3.910	1433.000	-1277.488	13107.000	2053.000
3.920	1389.000	-2214.242	13107.000	1924.000
3.930	1337.000	-3109.969	13107.000	1772.000
3.940	1280.000	-3886.979	13107.000	1603.000
3.950	1218.000	-4580.885	13107.000	1418.000
3.960	1154.000	-5126.619	13107.000	1227.000
3.970	1087.000	-5598.634	13107.000	1037.000
3.980	1017.000	-6019.044	13107.000	845.000
3.990	949.000	-6253.330	13107.000	666.000
4.000	884.000	-6327.331	13107.000	499.000
4.010	824.000	-6229.132	13107.000	350.000
4.020	771.000	-5950.392	13107.000	223.000
4.030	727.000	-5485.275	13107.000	120.000
4.040	691.000	-4919.692	13107.000	43.000
4.050	666.000	-4193.785	13107.000	-3.000
4.060	652.000	-3355.649	13107.000	-20.000
4.070	648.000	-2468.954	13107.000	-9.000
4.080	653.000	-1578.268	13107.000	32.000
4.090	670.000	-594.788	13107.000	100.000
4.100	698.000	423.649	13107.000	193.000
4.110	736.000	1436.554	13107.000	308.000
4.120	785.000	2475.588	13107.000	441.000
4.130	843.000	3472.911	13107.000	588.000
4.140	911.000	4471.038	13107.000	746.000
4.150	988.000	5439.727	13107.000	913.000
4.160	1069.000	6237.809	13107.000	1076.000
4.170	1156.000	6976.466	13107.000	1242.000
4.180	1245.000	7553.526	13107.000	1402.000
4.190	1334.000	7957.468	13107.000	1554.000
4.200	1420.000	8150.228	13107.000	1696.000
4.210	1502.000	8165.159	13107.000	1825.000
4.220	1576.000	7935.612	13107.000	1938.000
4.230	1640.000	7474.928	13107.000	2034.000
4.240	1695.000	6882.450	13107.000	2112.000
4.250	1738.000	6107.715	13107.000	2171.000
4.260	1769.000	5205.400	13107.000	2210.000
4.270	1786.000	4153.780	13107.000	2229.000
4.280	1791.000	3057.646	13107.000	2230.000
4.290	1784.000	1930.352	13107.000	2209.000
4.300	1763.000	721.247	13107.000	2168.000
4.310	1730.000	-485.127	13107.000	2110.000
4.320	1684.000	-1719.589	13107.000	2034.000
4.330	1629.000	-2853.712	13107.000	1942.000
4.340	1564.000	-3947.599	13107.000	1836.000
4.350	1489.000	-5013.319	13107.000	1715.000
4.360	1412.000	-5819.323	13107.000	1591.000
4.370	1328.000	-6593.526	13107.000	1453.000
4.380	1243.000	-7165.468	13107.000	1314.000
4.390	1154.000	-7685.828	13107.000	1172.000
4.400	1063.000	-8110.080	13107.000	1027.000
4.410	972.000	-8407.056	13107.000	886.000
4.420	883.000	-8554.939	13107.000	748.000
4.430	799.000	-8508.457	13107.000	617.000
4.440	720.000	-8325.920	13107.000	495.000
4.450	648.000	-7988.144	13107.000	381.000
4.460	587.000	-7421.701	13107.000	284.000
4.470	536.000	-6725.191	13107.000	199.000
4.480	499.000	-5817.633	13107.000	128.000
4.490	477.000	-4732.343	13107.000	76.000
4.500	469.000	-3552.640	13107.000	41.000
4.510	474.000	-2336.848	13107.000	25.000
4.520	495.000	-1005.794	13107.000	27.000
4.530	530.000	345.944	13107.000	53.000
4.540	577.000	1652.161	13107.000	99.000
4.550	636.000	2926.513	13107.000	167.000
4.560	704.000	4088.559	13107.000	256.000
4.570	780.000	5141.991	13107.000	364.000
4.580	861.000	6029.394	13107.000	491.000
4.590	946.000	6770.576	13107.000	634.000
4.600	1034.000	7379.403	13107.000	793.000
4.610	1117.000	7655.582	13107.000	957.000
4.620	1197.000	7758.907	13107.000	1130.000
4.630	1272.000	7681.235	13107.000	1306.000
4.640	1338.000	7356.865	13107.000	1479.000
4.650	1397.000	6919.805	13107.000	1647.000
4.660	1443.000	6223.864	13107.000	1799.000
4.670	1478.000	5406.705	13107.000	1936.000
4.680	1500.000	4444.693	13107.000	2053.000
4.690	1508.000	3351.285	13107.000	2144.000
4.700	1506.000	2285.900	13107.000	2202.000
4.710	1491.000	1150.130	13107.000	2237.000
4.720	1465.000	25.091	13107.000	2240.000
4.730	1430.000	-1032.436	13107.000	2207.000
4.740	1385.000	-2072.705	13107.000	2140.000
4.750	1335.000	-2950.894	13107.000	2041.000
4.760	1278.000	-3775.626	13107.000	1909.000
4.770	1217.000	-4472.938	13107.000	1752.000
4.780	1152.000	-5081.057	13107.000	1572.000
4.790	1084.000	-5596.740	13107.000	1371.000
4.800	1015.000	-5987.718	13107.000	1164.000
4.810	945.000	-6291.402	13107.000	948.000
4.820	875.000	-6503.982	13107.000	735.000
4.830	807.000	-6592.787	13107.000	529.000
4.840	742.000	-6564.951	13107.000	336.000
4.850	682.000	-6395.466	13107.000	162.000
4.860	630.000	-6036.826	13107.000	11.000
4.870	586.000	-5545.778	13107.000	-111.000
4.880	553.000	-4872.045	13107.000	-202.000
4.890	532.000	-4040.431	13107.000	-260.000
4.900	525.000	-3038.302	13107.000	-282.000
4.910	528.000	-2036.811	13107.000	-271.000
4.920	547.000	-855.768	13107.000	-223.000
4.930	578.000	330.962	13107.000	-141.000
4.940	621.000	1521.674	13107.000	-28.000
4.950	674.000	2655.172	13107.000	113.000
4.960	738.000	3778.620	13107.000	277.000
4.970	810.000	4805.034	13107.000	460.000
4.980	890.000	5763.524	13107.000	659.000
4.990	973.000	6524.467	13107.000	863.000
5.000	1060.000	7177.127	13107.000	1072.000
5.010	1146.000	7603.989	13107.000	1280.000
5.020	1230.000	7842.792	13107.000	1480.000
5.030	1309.000	7859.954	13107.000	1667.000
5.040	1378.000	7571.968	13107.000	1839.000
5.050	1437.000	7070.378	13107.000	1988.000
5.060	1480.000	6239.264	13107.000	2112.000
5.070	1508.000	5207.485	13107.000	2207.000
5.080	1522.000	4065.240	13107.000	2271.000
5.090	1523.000	2875.668	13107.000	2302.000
5.100	1511.000	1652.967	13107.000	2301.000
5.110	1488.000	467.077	13107.000	2263.000
5.120	1456.000	-633.046	13107.000	2191.000
5.130	1415.000	-1673.132	13107.000	2086.000
5.140	1367.000	-2611.193	13107.000	1953.000
5.150	1313.000	-3447.835	13107.000	1794.000
5.160	1255.000	-4153.484	13107.000	1614.000
5.170	1194.000	-4737.439	13107.000	1422.000
5.180	1131.000	-5206.207	13107.000	1220.000
5.190	1067.000	-5564.345	13107.000	1015.000
5.200	1002.000	-5845.042	13107.000	810.000
5.210	941.000	-5921.529	13107.000	621.000
5.220	881.000	-5945.070	13107.000	444.000
5.230	827.000	-5781.549	13107.000	288.000
5.240	780.000	-5457.084	13107.000	156.000
5.250	740.000	-5019.959	13107.000	51.000
5.260	711.000	-4383.971	13107.000	-22.000
5.270	691.000	-3668.780	13107.000	-64.000
5.280	683.000	-2808.146	13107.000	-73.000
5.290	685.000	-1905.702	13107.000	-48.000
5.300	700.000	-883.992	13107.000	8.000
5.310	726.000	161.206	13107.000	95.000
5.320	762.000	1192.844	13107.000	209.000
5.330	808.000	2214.991	13107.000	346.000
5.340	863.000	3200.494	13107.000	503.000
5.350	925.000	4100.346	13107.000	675.000
5.360	991.000	4850.242	13107.000	855.000
5.370	1059.000	5435.169	13107.000	1041.000
5.380	1128.000	5874.619	13107.000	1227.000
5.390	1196.000	6152.233	13107.000	1407.000
5.400	1261.000	6256.563	13107.000	1576.000
5.410	1321.000	6179.594	13107.000	1730.000
5.420	1376.000	5975.716	13107.000	1865.000
5.430	1423.000	5593.001	13107.000	1978.000
5.440	1462.000	5085.101	13107.000	2065.000
5.450	1490.000	4399.571	13107.000	2125.000
5.460	1507.000	3589.699	13107.000	2157.000
5.470	1511.000	2632.790	13107.000	2161.000
5.480	1506.000	1692.953	13107.000	2134.000
5.490	1488.000	645.067	13107.000	2080.000
5.500	1459.000	-418.453	13107.000	1999.000
5.510	1422.000	-1402.917	13107.000	1895.000
5.520	1375.000	-2392.042	13107.000	1770.000
5.530	1321.000	-3294.429	13107.000	1628.000
5.540	1260.000	-4136.101	13107.000	1473.000
5.550	1195.000	-4845.270	13107.000	1309.000
5.560	1126.000	-5461.689	13107.000	1142.000
5.570	1054.000	-5983.183	13107.000	974.000
5.580	980.000	-6408.228	13107.000	810.000
5.590	905.000	-6735.759	13107.000	653.000
5.600	834.000	-6845.032	13107.000	511.000
5.610	766.000	-6831.522	13107.000	384.000
5.620	703.000	-6672.065	13107.000	274.000
5.630	648.000	-6320.446	13107.000	183.000
5.640	600.000	-5864.312	13107.000	113.000
5.650	562.000	-5245.018	13107.000	64.000
5.660	537.000	-4421.513	13107.000	39.000
5.670	524.000	-3485.059	13107.000	34.000
5.680	522.000	-2499.541	13107.000	51.000
5.690	536.000	-1329.679	13107.000	90.000
5.700	564.000	-90.775	13107.000	149.000
5.710	604.000	1136.457	13107.000	226.000
5.720	656.000	2355.520	13107.000	319.000
5.730	720.000	3568.864	13107.000	428.000
5.740	792.000	4658.205	13107.000	548.000
5.750	873.000	5690.743	13107.000	680.000
5.760	960.000	6593.520	13107.000	819.000
5.770	1049.000	7285.464	13107.000	963.000
5.780	1139.000	7799.825	13107.000	1113.000
5.790	1224.000	8009.877	13107.000	1260.000
5.800	1303.000	7976.914	13107.000	1407.000
5.810	1373.000	7683.840	13107.000	1547.000
5.820	1430.000	7088.688	13107.000	1679.000
5.830	1474.000	6282.082	13107.000	1799.000
5.840	1502.000	5237.457	13107.000	1904.000
5.850	1515.000	4056.220	13107.000	1991.000
5.860	1516.000	2869.354	13107.000	2055.000
5.870	1503.000	1618.548	13107.000	2095.000
5.880	1480.000	442.983	13107.000	2109.000
5.890	1448.000	-649.912	13107.000	2096.000
5.900	1409.000	-1624.938	13107.000	2052.000
5.910	1366.000	-2427.457	13107.000	1980.000
5.920	1318.000	-3139.220	13107.000	1880.000
5.930	1268.000	-3697.454	13107.000	1755.000
5.940	1218.000	-4088.218	13107.000	1610.000
5.950	1167.000	-4391.752	13107.000	1447.000
5.960	1118.000	-4544.227	13107.000	1273.000
5.970	1071.000	-4590.959	13107.000	1093.000
5.980	1028.000	-4503.671	13107.000	912.000
5.990	990.000	-4292.570	13107.000	738.000
6.000	958.000	-3964.799	13107.000	576.000
6.010	935.000	-3465.359	13107.000	431.000
6.020	919.000	-2905.751	13107.000	309.000
6.030	913.000	-2214.026	13107.000	215.000
6.040	914.000	-1519.818	13107.000	151.000
6.050	926.000	-703.873	13107.000	121.000
6.060	946.000	107.289	13107.000	124.000
6.070	973.000	885.102	13107.000	165.000
6.080	1008.000	1669.572	13107.000	241.000
6.090	1050.000	2428.700	13107.000	350.000
6.100	1098.000	3140.090	13107.000	489.000
6.110	1152.000	3818.063	13107.000	654.000
6.120	1211.000	4442.644	13107.000	838.000
6.130	1275.000	5029.851	13107.000	1039.000
6.140	1343.000	5560.896	13107.000	1248.000
6.150	1414.000	6022.627	13107.000	1460.000
6.160	1486.000	6375.839	13107.000	1669.000
6.170	1559.000	6653.087	13107.000	1867.000
6.180	1630.000	6787.161	13107.000	2051.000
6.190	1698.000	6791.013	13107.000	2215.000
6.200	1760.000	6613.709	13107.000	2356.000
6.210	1814.000	6249.596	13107.000	2469.000
6.220	1858.000	5694.717	13107.000	2553.000
6.230	1891.000	4976.302	13107.000	2606.000
6.240	1910.000	4053.412	13107.000	2626.000
6.250	1914.000	2957.388	13107.000	2617.000
6.260	1905.000	1800.172	13107.000	2575.000
6.270	1880.000	510.120	13107.000	2503.000
6.280	1841.000	-812.916	13107.000	2404.000
6.290	1790.000	-2099.041	13107.000	2280.000
6.300	1727.000	-3359.329	13107.000	2135.000
6.310	1655.000	-4511.530	13107.000	1972.000
6.320	1577.000	-5498.071	13107.000	1797.000
6.330	1490.000	-6458.650	13107.000	1612.000
6.340	1395.000	-7371.055	13107.000	1422.000
6.350	1297.000	-8099.738	13107.000	1235.000
6.360	1192.000	-8819.817	13107.000	1049.000
6.370	1083.000	-9443.872	13107.000	871.000
6.380	970.000	-10000.710	13107.000	702.000
6.390	858.000	-10360.497	13107.000	547.000
6.400	748.000	-10552.348	13107.000	406.000
6.410	642.000	-10566.644	13107.000	281.000
6.420	543.000	-10366.651	13107.000	173.000
6.430	451.000	-10016.655	13107.000	82.000
6.440	369.000	-9471.659	13107.000	7.000
6.450	300.000	-8700.161	13107.000	-51.000
6.460	246.000	-7710.113	13107.000	-93.000
6.470	208.000	-6537.079	13107.000	-119.000
6.480	190.000	-5115.955	13107.000	-130.000
6.490	188.000	-3641.169	13107.000	-128.000
6.500	207.000	-1978.818	13107.000	-110.000
6.510	245.000	-245.173	13107.000	-77.000
6.520	298.000	1418.379	13107.000	-30.000
6.530	368.000	3092.865	13107.000	33.000
6.540	452.000	4685.006	13107.000	111.000
6.550	547.000	6129.504	13107.000	203.000
6.560	653.000	7470.653	13107.000	311.000
6.570	767.000	8649.457	13107.000	435.000
6.580	885.000	9594.620	13107.000	573.000
6.590	1005.000	10316.234	13107.000	727.000
6.600	1123.000	10761.364	13107.000	890.000
6.610	1239.000	11012.955	13107.000	1066.000
6.620	1350.000	11039.068	13107.000	1249.000
6.630	1453.000	10817.348	13107.000	1436.000
6.640	1545.000	10332.143	13107.000	1622.000
6.650	1625.000	9632.500	13107.000	1806.000
6.660	1692.000	8752.750	13107.000	1980.000
6.670	1743.000	7656.925	13107.000	2141.000
6.680	1779.000	6439.848	13107.000	2285.000
6.690	1798.000	5077.893	13107.000	2403.000
6.700	1802.000	3674.525	13107.000	2496.000
6.710	1791.000	2242.168	13107.000	2557.000
6.720	1765.000	789.517	13107.000	2584.000
6.730	1728.000	-557.338	13107.000	2576.000
6.740	1680.000	-1830.136	13107.000	2530.000
6.750	1624.000	-2961.096	13107.000	2447.000
6.760	1560.000	-3992.767	13107.000	2328.000
6.770	1491.000	-4864.937	13107.000	2175.000
6.780	1415.000	-5685.456	13107.000	1993.000
6.790	1335.000	-6379.819	13107.000	1784.000
6.800	1254.000	-6895.873	13107.000	1562.000
6.810	1169.000	-7377.111	13107.000	1325.000
6.820	1085.000	-7683.978	13107.000	1084.000
6.830	999.000	-7958.785	13107.000	842.000
6.840	914.000	-8121.149	13107.000	611.000
6.850	832.000	-8144.804	13107.000	392.000
6.860	754.000	-8041.363	13107.000	194.000
6.870	682.000	-7788.954	13107.000	23.000
6.880	618.000	-7372.268	13107.000	-120.000
6.890	565.000	-6750.588	13107.000	-229.000
6.900	522.000	-6015.411	13107.000	-304.000
6.910	493.000	-5080.788	13107.000	-342.000
6.920	476.000	-4066.552	13107.000	-345.000
6.930	473.000	-2936.586	13107.000	-311.000
6.940	484.000	-1725.610	13107.000	-242.000
6.950	510.000	-427.927	13107.000	-141.000
6.960	549.000	870.451	13107.000	-13.000
6.970	601.000	2169.316	13107.000	139.000
6.980	665.000	3438.521	13107.000	309.000
6.990	739.000	4626.965	13107.000	494.000
7.000	823.000	5758.875	13107.000	688.000
7.010	913.000	6731.213	13107.000	886.000
7.020	1009.000	7591.849	13107.000	1084.000
7.030	1106.000	8224.294	13107.000	1278.000
7.040	1203.000	8667.006	13107.000	1462.000
7.050	1297.000	8886.904	13107.000	1634.000
7.060	1384.000	8830.833	13107.000	1790.000
7.070	1464.000	8581.583	13107.000	1926.000
7.080	1534.000	8107.108	13107.000	2041.000
7.090	1591.000	7384.976	13107.000	2132.000
7.100	1634.000	6459.483	13107.000	2199.000
7.110	1663.000	5391.638	13107.000	2240.000
7.120	1678.000	4224.147	13107.000	2255.000
7.130	1680.000	3016.903	13107.000	2247.000
7.140	1667.000	1721.832	13107.000	2210.000
7.150	1641.000	425.282	13107.000	2149.000
7.160	1603.000	-842.302	13107.000	2066.000
7.170	1556.000	-1999.612	13107.000	1962.000
7.180	1500.000	-3079.728	13107.000	1840.000
7.190	1437.000	-4045.810	13107.000	1703.000
7.200	1369.000	-4872.067	13107.000	1555.000
7.210	1297.000	-5570.447	13107.000	1399.000
7.220	1223.000	-6119.313	13107.000	1239.000
7.230	1147.000	-6563.519	13107.000	1079.000
7.240	1070.000	-6904.463	13107.000	922.000
7.250	994.000	-7113.124	13107.000	773.000
7.260	923.000	-7109.187	13107.000	634.000
7.270	859.000	-6896.431	13107.000	508.000
7.280	804.000	-6477.502	13107.000	398.000
7.290	759.000	-5884.251	13107.000	307.000
7.300	725.000	-5138.976	13107.000	236.000
7.310	704.000	-4227.283	13107.000	187.000
7.320	697.000	-3169.098	13107.000	162.000
7.330	702.000	-2068.369	13107.000	157.000
7.340	723.000	-817.858	13107.000	180.000
7.350	756.000	417.499	13107.000	226.000
7.360	801.000	1642.250	13107.000	295.000
7.370	855.000	2769.575	13107.000	387.000
7.380	918.000	3828.702	13107.000	499.000
7.390	987.000	4750.092	13107.000	630.000
7.400	1061.000	5545.064	13107.000	775.000
7.410	1138.000	6191.545	13107.000	933.000
7.420	1214.000	6614.081	13107.000	1099.000
7.430	1287.000	6819.857	13107.000	1269.000
7.440	1357.000	6873.900	13107.000	1438.000
7.450	1420.000	6701.730	13107.000	1604.000
7.460	1476.000	6371.211	13107.000	1762.000
7.470	1520.000	5779.848	13107.000	1902.000
7.480	1552.000	5005.893	13107.000	2027.000
7.490	1571.000	4074.125	13107.000	2129.000
7.500	1576.000	3001.888	13107.000	2206.000
7.510	1569.000	1891.321	13107.000	2255.000
7.520	1548.000	693.925	13107.000	2273.000
7.530	1518.000	-414.253	13107.000	2261.000
7.540	1478.000	-1489.977	13107.000	2213.000
7.550	1429.000	-2512.984	13107.000	2133.000
7.560	1375.000	-3379.089	13107.000	2023.000
7.570	1315.000	-4165.362	13107.000	1883.000
7.580	1249.000	-4895.753	13107.000	1719.000
7.590	1180.000	-5497.027	13107.000	1536.000
7.600	1108.000	-6007.919	13107.000	1338.000
7.610	1033.000	-6455.543	13107.000	1129.000
7.620	958.000	-6768.880	13107.000	919.000
7.630	885.000	-6928.216	13107.000	711.000
7.640	815.000	-6949.751	13107.000	512.000
7.650	750.000	-6814.826	13107.000	327.000
7.660	691.000	-6540.378	13107.000	161.000
7.670	639.000	-6138.265	13107.000	20.000
7.680	596.000	-5586.785	13107.000	-94.000
7.690	562.000	-4930.750	13107.000	-177.000
7.700	539.000	-4141.525	13107.000	-227.000
7.710	526.000	-3289.067	13107.000	-243.000
7.720	523.000	-2392.347	13107.000	-227.000
7.730	528.000	-1524.643	13107.000	-176.000
7.740	543.000	-617.250	13107.000	-94.000
7.750	566.000	257.925	13107.000	16.000
7.760	597.000	1110.547	13107.000	148.000
7.770	635.000	1917.383	13107.000	300.000
7.780	679.000	2662.168	13107.000	464.000
7.790	729.000	3363.518	13107.000	637.000
7.800	785.000	4034.462	13107.000	813.000
7.810	844.000	4594.124	13107.000	986.000
7.820	904.000	5015.887	13107.000	1152.000
7.830	965.000	5341.121	13107.000	1306.000
7.840	1024.000	5508.784	13107.000	1443.000
7.850	1079.000	5506.149	13107.000	1561.000
7.860	1131.000	5414.304	13107.000	1657.000
7.870	1176.000	5140.013	13107.000	1728.000
7.880	1215.000	4768.009	13107.000	1775.000
7.890	1249.000	4357.606	13107.000	1796.000
7.900	1277.000	3890.324	13107.000	1795.000
7.910	1299.000	3383.227	13107.000	1768.000
7.920	1317.000	2908.259	13107.000	1720.000
7.930	1329.000	2395.781	13107.000	1655.000
7.940	1339.000	1977.047	13107.000	1575.000
7.950	1344.000	1533.933	13107.000	1486.000
7.960	1346.000	1133.753	13107.000	1390.000
7.970	1345.000	763.627	13107.000	1294.000
7.980	1339.000	354.539	13107.000	1200.000
7.990	1330.000	-21.823	13107.000	1113.000
8.000	1318.000	-375.276	13107.000	1034.000
8.010	1304.000	-682.693	13107.000	971.000
8.020	1289.000	-927.885	13107.000	922.000
8.030	1273.000	-1129.520	13107.000	890.000
8.040	1257.000	-1270.664	13107.000	875.000
8.050	1242.000	-1339.465	13107.000	875.000
8.060	1226.000	-1417.625	13107.000	893.000
8.070	1213.000	-1382.338	13107.000	926.000
8.080	1200.000	-1357.636	13107.000	972.000
8.090	1190.000	-1250.345	13107.000	1028.000
8.100	1183.000	-1085.242	13107.000	1090.000
8.110	1179.000	-879.669	13107.000	1156.000
8.120	1179.000	-615.768	13107.000	1222.000
8.130	1180.000	-401.038	13107.000	1285.000
8.140	1186.000	-100.727	13107.000	1343.000
8.150	1195.000	199.491	13107.000	1393.000
8.160	1205.000	439.644	13107.000	1433.000
8.170	1217.000	667.751	13107.000	1463.000
8.180	1231.000	887.426	13107.000	1481.000
8.190	1244.000	1011.198	13107.000	1487.000
8.200	1258.000	1127.839	13107.000	1484.000
8.210	1272.000	1209.487	13107.000	1469.000
8.220	1285.000	1236.641	13107.000	1444.000
8.230	1298.000	1255.649	13107.000	1412.000
8.240	1309.000	1208.954	13107.000	1375.000
8.250	1319.000	1146.268	13107.000	1335.000
8.260	1327.000	1042.387	13107.000	1295.000
8.270	1333.000	909.671	13107.000	1255.000
8.280	1337.000	756.770	13107.000	1220.000
8.290	1339.000	589.739	13107.000	1190.000
8.300	1339.000	412.817	13107.000	1167.000
8.310	1339.000	288.972	13107.000	1151.000
8.320	1335.000	82.280	13107.000	1144.000
8.330	1331.000	-62.404	13107.000	1144.000
8.340	1325.000	-223.683	13107.000	1153.000
8.350	1319.000	-336.578	13107.000	1171.000
8.360	1313.000	-415.604	13107.000	1194.000
8.370	1308.000	-440.923	13107.000	1223.000
8.380	1302.000	-488.646	13107.000	1255.000
8.390	1297.000	-492.052	13107.000	1289.000
8.400	1293.000	-464.437	13107.000	1323.000
8.410	1289.000	-445.106	13107.000	1355.000
8.420	1287.000	-371.574	13107.000	1383.000
8.430	1285.000	-320.102	13107.000	1406.000
8.440	1284.000	-254.071	13107.000	1423.000
8.450	1284.000	-177.850	13107.000	1434.000
8.460	1285.000	-94.495	13107.000	1437.000
8.470	1287.000	-6.146	13107.000	1435.000
8.480	1290.000	85.697	13107.000	1424.000
8.490	1293.000	149.988	13107.000	1407.000
8.500	1296.000	194.992	13107.000	1384.000
8.510	1298.000	196.494	13107.000	1357.000
8.520	1299.000	167.546	13107.000	1327.000
8.530	1300.000	147.282	13107.000	1296.000
8.540	1300.000	103.098	13107.000	1266.000
8.550	1300.000	72.168	13107.000	1236.000
8.560	1299.000	20.518	13107.000	1209.000
8.570	1296.000	-75.638	13107.000	1187.000
8.580	1293.000	-142.946	13107.000	1169.000
8.590	1289.000	-220.062	13107.000	1157.000
8.600	1285.000	-274.044	13107.000	1150.000
8.610	1280.000	-341.831	13107.000	1149.000
8.620	1275.000	-389.281	13107.000	1153.000
8.630	1270.000	-422.497	13107.000	1164.000
8.640	1265.000	-445.748	13107.000	1179.000
8.650	1260.000	-462.024	13107.000	1198.000
8.660	1255.000	-473.416	13107.000	1218.000
8.670	1251.000	-451.392	13107.000	1241.000
8.680	1248.000	-405.974	13107.000	1263.000
8.690	1246.000	-344.182	13107.000	1284.000
8.700	1244.000	-300.927	13107.000	1303.000
8.710	1244.000	-210.649	13107.000	1318.000
8.720	1244.000	-147.454	13107.000	1330.000
8.730	1245.000	-73.218	13107.000	1337.000
8.740	1248.000	38.747	13107.000	1340.000
8.750	1251.000	117.123	13107.000	1340.000
8.760	1255.000	201.986	13107.000	1334.000
8.770	1260.000	291.390	13107.000	1324.000
8.780	1264.000	323.973	13107.000	1311.000
8.790	1268.000	346.781	13107.000	1295.000
8.800	1271.000	332.747	13107.000	1278.000
8.810	1274.000	322.923	13107.000	1261.000
8.820	1275.000	256.046	13107.000	1244.000
8.830	1275.000	179.232	13107.000	1228.000
8.840	1273.000	65.463	13107.000	1215.000
8.850	1269.000	-74.176	13107.000	1203.000
8.860	1263.000	-231.923	13107.000	1195.000
8.870	1255.000	-402.346	13107.000	1189.000
8.880	1247.000	-521.642	13107.000	1186.000
8.890	1238.000	-635.150	13107.000	1186.000
8.900	1229.000	-714.605	13107.000	1186.000
8.910	1220.000	-770.223	13107.000	1189.000
8.920	1212.000	-779.156	13107.000	1193.000
8.930	1205.000	-755.409	13107.000	1198.000
8.940	1200.000	-678.787	13107.000	1203.000
8.950	1195.000	-625.151	13107.000	1207.000
8.960	1192.000	-527.605	13107.000	1210.000
8.970	1190.000	-429.324	13107.000	1211.000
8.980	1189.000	-330.527	13107.000	1211.000
8.990	1188.000	-261.369	13107.000	1211.000
9.000	1188.000	-182.958	13107.000	1209.000
9.010	1188.000	-128.071	13107.000	1205.000
9.020	1189.000	-59.649	13107.000	1200.000
9.030	1190.000	-11.755	13107.000	1194.000
9.040	1190.000	-8.228	13107.000	1187.000
9.050	1190.000	-5.760	13107.000	1181.000
9.060	1189.000	-34.032	13107.000	1174.000
9.070	1187.000	-83.822	13107.000	1168.000
9.080	1184.000	-148.676	13107.000	1163.000
9.090	1181.000	-194.073	13107.000	1158.000
9.100	1178.000	-225.851	13107.000	1154.000
9.110	1175.000	-248.096	13107.000	1151.000
9.120	1171.000	-293.667	13107.000	1149.000
9.130	1167.000	-325.567	13107.000	1147.000
9.140	1162.000	-377.897	13107.000	1146.000
9.150	1158.000	-384.528	13107.000	1146.000
9.160	1154.000	-389.169	13107.000	1145.000
9.170	1150.000	-392.419	13107.000	1145.000
9.180	1146.000	-394.693	13107.000	1145.000
9.190	1142.000	-396.285	13107.000	1144.000
9.200	1139.000	-367.400	13107.000	1143.000
9.210	1136.000	-347.180	13107.000	1142.000
9.220	1134.000	-303.026	13107.000	1140.000
9.230	1131.000	-302.118	13107.000	1137.000
9.240	1130.000	-241.483	13107.000	1134.000
9.250	1129.000	-199.038	13107.000	1130.000
9.260	1128.000	-169.326	13107.000	1126.000
9.270	1127.000	-148.529	13107.000	1122.000
9.280	1127.000	-103.970	13107.000	1118.000
9.290	1126.000	-102.779	13107.000	1114.000
9.300	1126.000	-71.945	13107.000	1110.000
9.310	1125.000	-80.362	13107.000	1106.000
9.320	1125.000	-56.253	13107.000	1104.000
9.330	1124.000	-69.377	13107.000	1102.000
9.340	1123.000	-78.564	13107.000	1100.000
9.350	1122.000	-84.995	13107.000	1100.000
9.360	1121.000	-89.496	13107.000	1100.000
9.370	1119.000	-122.647	13107.000	1100.000
9.380	1118.000	-115.853	13107.000	1101.000
9.390	1116.000	-141.097	13107.000	1103.000
9.400	1114.000	-158.768	13107.000	1105.000
9.410	1113.000	-141.138	13107.000	1107.000
9.420	1112.000	-128.796	13107.000	1109.000
9.430	1111.000	-120.157	13107.000	1111.000
9.440	1110.000	-114.110	13107.000	1112.000
9.450	1110.000	-79.877	13107.000	1113.000
9.460	1110.000	-55.914	13107.000	1113.000
9.470	1110.000	-39.140	13107.000	1113.000
9.480	1110.000	-27.398	13107.000	1113.000
9.490	1110.000	-19.179	13107.000	1113.000
9.500	1112.000	46.575	13107.000	1111.000
9.510	1113.000	62.603	13107.000	1109.000
9.520	1115.000	103.822	13107.000	1107.000
9.530	1116.000	102.675	13107.000	1106.000
9.540	1117.000	101.873	13107.000	1104.000
9.550	1118.000	101.311	13107.000	1103.000
9.560	1119.000	100.918	13107.000	1103.000
9.570	1119.000	70.642	13107.000	1103.000
9.580	1120.000	79.450	13107.000	1103.000
9.590	1120.000	55.615	13107.000	1103.000
9.600	1120.000	38.930	13107.000	1105.000
9.610	1120.000	27.251	13107.000	1107.000
9.620	1120.000	19.076	13107.000	1109.000
9.630	1119.000	-16.647	13107.000	1111.000
9.640	1118.000	-41.653	13107.000	1113.000
9.650	1117.000	-59.157	13107.000	1116.000
9.660	1117.000	-41.410	13107.000	1117.000
9.670	1116.000	-58.987	13107.000	1118.000
9.680	1116.000	-41.291	13107.000	1119.000
9.690	1116.000	-28.904	13107.000	1119.000
9.700	1116.000	-20.233	13107.000	1119.000
9.710	1116.000	-14.163	13107.000	1119.000
9.720	1117.000	20.086	13107.000	1118.000
9.730	1118.000	44.060	13107.000	1117.000
9.740	1119.000	60.842	13107.000	1115.000
9.750	1120.000	72.590	13107.000	1113.000
9.760	1121.000	80.813	13107.000	1111.000
9.770	1121.000	56.569	13107.000	1109.000
9.780	1122.000	69.598	13107.000	1108.000
9.790	1122.000	48.719	13107.000	1107.000
9.800	1122.000	34.103	13107.000	1107.000
9.810	1122.000	23.872	13107.000	1107.000
9.820	1122.000	16.711	13107.000	1107.000
9.830	1122.000	11.697	13107.000	1107.000
9.840	1120.000	-51.812	13107.000	1108.000
9.850	1119.000	-66.268	13107.000	1110.000
9.860	1118.000	-76.388	13107.000	1111.000
9.870	1117.000	-83.471	13107.000	1113.000
9.880	1116.000	-88.430	13107.000	1114.000
9.890	1115.000	-91.901	13107.000	1115.000
9.900	1115.000	-64.331	13107.000	1115.000
9.910	1114.000	-75.031	13107.000	1115.000
9.920	1114.000	-52.522	13107.000	1115.000
9.930	1114.000	-36.765	13107.000	1115.000
9.940	1114.000	-25.736	13107.000	1114.000
9.950	1114.000	-18.015	13107.000	1113.000
9.960	1114.000	-12.611	13107.000	1111.000
9.970	1115.000	21.173	13107.000	1109.000
9.980	1116.000	44.821	13107.000	1107.000
9.990	1116.000	31.375	13107.000	1106.000
10.000	1117.000	51.962	13107.000	1105.000
