0.000	0.000	0.000	0.000	0.000
0.010	0.000	0.000	0.000	0.000
0.020	0.000	0.000	0.000	0.000
0.030	0.000	0.000	0.000	0.000
0.040	0.000	0.000	0.000	0.000
0.050	0.000	0.000	0.000	0.000
0.060	0.000	0.000	0.000	0.000
0.070	0.000	0.000	0.000	0.000
0.080	0.000	0.000	0.000	0.000
0.090	0.000	0.000	0.000	0.000
0.100	0.000	0.000	0.000	0.000
0.110	0.000	0.000	0.000	0.000
0.120	0.000	0.000	0.000	0.000
0.130	0.000	0.000	0.000	0.000
0.140	0.000	0.000	0.000	0.000
0.150	0.000	0.000	0.000	0.000
0.160	0.000	0.000	0.000	0.000
0.170	0.000	0.000	0.000	0.000
0.180	0.000	0.000	0.000	0.000
0.190	0.000	0.000	0.000	0.000
0.200	0.000	0.000	0.000	0.000
0.210	0.000	0.000	0.000	0.000
0.220	0.000	0.000	0.000	0.000
0.230	0.000	0.000	0.000	0.000
0.240	0.000	0.000	0.000	0.000
0.250	0.000	0.000	0.000	0.000
0.260	0.000	0.000	0.000	0.000
0.270	0.000	0.000	0.000	0.000
0.280	0.000	0.000	0.000	0.000
0.290	0.000	0.000	0.000	0.000
0.300	0.000	0.000	0.000	0.000
0.310	1.000	30.000	0.000	0.000
0.320	0.000	-9.000	0.000	0.000
0.330	-1.000	-36.300	0.000	0.000
0.340	-3.000	-85.410	1.000	0.000
0.350	-5.000	-119.787	3.000	-1.000
0.360	-6.000	-113.851	5.000	-2.000
0.370	-8.000	-139.696	7.000	-3.000
0.380	-9.000	-127.787	9.000	-4.000
0.390	-9.000	-89.451	11.000	-6.000
0.400	-9.000	-62.616	11.000	-7.000
0.410	-10.000	-73.831	12.000	-9.000
0.420	-10.000	-51.682	12.000	-11.000
0.430	-11.000	-66.177	12.000	-13.000
0.440	-11.000	-46.324	12.000	-15.000
0.450	-11.000	-32.427	12.000	-17.000
0.460	-11.000	-22.699	12.000	-19.000
0.470	-11.000	-15.889	11.000	-20.000
0.480	-11.000	-11.122	11.000	-20.000
0.490	-11.000	-7.786	10.000	-21.000
0.500	-11.000	-5.450	9.000	-21.000
0.510	-11.000	-3.815	12.000	-21.000
0.520	-11.000	-2.670	20.000	-21.000
0.530	-11.000	-1.869	34.000	-19.000
0.540	-11.000	-1.309	53.000	-18.000
0.550	-11.000	-0.916	76.000	-16.000
0.560	-11.000	-0.641	103.000	-14.000
0.570	-11.000	-0.449	134.000	-12.000
0.580	-10.000	29.686	168.000	-10.000
0.590	-10.000	20.780	206.000	-8.000
0.600	-9.000	44.546	246.000	-6.000
0.610	-8.000	61.182	288.000	-5.000
0.620	-7.000	72.828	333.000	-3.000
0.630	-5.000	110.979	380.000	-2.000
0.640	-4.000	107.686	429.000	-2.000
0.650	-2.000	135.380	480.000	-1.000
0.660	-1.000	124.766	533.000	-1.000
0.670	0.000	117.336	588.000	-1.000
0.680	2.000	142.135	645.000	-1.000
0.690	3.000	129.495	703.000	-1.000
0.700	4.000	120.646	764.000	-1.000
0.710	5.000	114.452	826.000	0.000
0.720	6.000	110.117	890.000	0.000
0.730	6.000	77.082	956.000	0.000
0.740	6.000	53.957	1024.000	1.000
0.750	4.000	-22.230	1094.000	2.000
0.760	2.000	-75.561	1167.000	2.000
0.770	-2.000	-172.893	1242.000	3.000
0.780	-5.000	-211.025	1319.000	3.000
0.790	-8.000	-237.717	1398.000	3.000
0.800	-12.000	-286.402	1479.000	2.000
0.810	-16.000	-320.482	1561.000	0.000
0.820	-21.000	-374.337	1644.000	-3.000
0.830	-27.000	-442.036	1730.000	-7.000
0.840	-33.000	-489.425	1817.000	-12.000
0.850	-40.000	-552.598	1906.000	-18.000
0.860	-48.000	-626.818	1996.000	-25.000
0.870	-56.000	-678.773	2089.000	-33.000
0.880	-64.000	-715.141	2182.000	-42.000
0.890	-73.000	-770.599	2277.000	-53.000
0.900	-82.000	-809.419	2373.000	-64.000
0.910	-90.000	-806.593	2470.000	-76.000
0.920	-98.000	-804.615	2567.000	-89.000
0.930	-105.000	-773.231	2664.000	-102.000
0.940	-109.000	-661.262	2760.000	-115.000
0.950	-109.000	-462.883	2854.000	-128.000
0.960	-101.000	-84.018	2943.000	-141.000
0.970	-86.000	391.187	3025.000	-151.000
0.980	-63.000	963.831	3099.000	-158.000
0.990	-36.000	1484.682	3165.000	-160.000
1.000	-6.000	1939.277	3226.000	-159.000
1.010	24.000	2257.494	3279.000	-149.000
1.020	55.000	2510.246	3326.000	-131.000
1.030	82.000	2567.172	3370.000	-104.000
1.040	104.000	2457.020	3414.000	-70.000
1.050	122.000	2259.914	3461.000	-26.000
1.060	134.000	1941.940	3512.000	23.000
1.070	141.000	1569.358	3570.000	78.000
1.080	142.000	1128.551	3634.000	135.000
1.090	139.000	699.985	3706.000	192.000
1.100	127.000	129.990	3785.000	248.000
1.110	110.000	-419.007	3872.000	296.000
1.120	87.000	-983.305	3966.000	336.000
1.130	60.000	-1498.313	4067.000	364.000
1.140	29.000	-1978.819	4173.000	378.000
1.150	-4.000	-2375.174	4282.000	378.000
1.160	-37.000	-2652.622	4393.000	358.000
1.170	-67.000	-2756.835	4502.000	321.000
1.180	-93.000	-2709.785	4607.000	264.000
1.190	-111.000	-2436.849	4703.000	194.000
1.200	-118.000	-1915.794	4788.000	109.000
1.210	-115.000	-1251.056	4858.000	14.000
1.220	-97.000	-335.739	4911.000	-87.000
1.230	-67.000	664.983	4945.000	-187.000
1.240	-27.000	1665.488	4961.000	-281.000
1.250	28.000	2815.841	4958.000	-372.000
1.260	73.000	3321.089	4945.000	-427.000
1.270	126.000	3914.762	4926.000	-469.000
1.280	176.000	4240.334	4905.000	-483.000
1.290	219.000	4258.234	4886.000	-470.000
1.300	253.000	4000.763	4876.000	-423.000
1.310	275.000	3460.534	4880.000	-347.000
1.320	283.000	2662.374	4901.000	-244.000
1.330	276.000	1653.662	4943.000	-118.000
1.340	249.000	347.563	5008.000	24.000
1.350	204.000	-1106.706	5099.000	175.000
1.360	143.000	-2604.694	5216.000	327.000
1.370	71.000	-3983.286	5356.000	469.000
1.380	-10.000	-5218.300	5514.000	592.000
1.390	-92.000	-6112.810	5683.000	689.000
1.400	-168.000	-6558.967	5856.000	749.000
1.410	-234.000	-6571.277	6023.000	770.000
1.420	-285.000	-6129.894	6175.000	749.000
1.430	-315.000	-5190.926	6305.000	682.000
1.440	-322.000	-3843.648	6407.000	573.000
1.450	-306.000	-2210.554	6474.000	424.000
1.460	-270.000	-467.388	6508.000	249.000
1.470	-218.000	1232.829	6510.000	51.000
1.480	-154.000	2782.980	6485.000	-157.000
1.490	-84.000	4048.086	6439.000	-360.000
1.500	-12.000	4993.660	6381.000	-550.000
1.510	57.000	5565.562	6318.000	-714.000
1.520	120.000	5785.894	6259.000	-843.000
1.530	172.000	5610.125	6209.000	-931.000
1.540	209.000	5037.088	6176.000	-970.000
1.550	228.000	4095.961	6166.000	-961.000
1.560	229.000	2897.173	6183.000	-900.000
1.570	204.000	1278.021	6231.000	-792.000
1.580	157.000	-515.385	6313.000	-643.000
1.590	89.000	-2400.770	6429.000	-462.000
1.600	5.000	-4200.539	6577.000	-257.000
1.610	-87.000	-5700.377	6748.000	-50.000
1.620	-182.000	-6840.264	6936.000	154.000
1.630	-275.000	-7578.185	7130.000	341.000
1.640	-356.000	-7734.729	7321.000	501.000
1.650	-418.000	-7274.311	7497.000	621.000
1.660	-455.000	-6202.017	7648.000	697.000
1.670	-465.000	-4641.412	7764.000	723.000
1.680	-448.000	-2738.989	7841.000	701.000
1.690	-403.000	-567.292	7877.000	629.000
1.700	-334.000	1672.896	7871.000	514.000
1.710	-247.000	3781.027	7828.000	365.000
1.720	-145.000	5706.719	7755.000	193.000
1.730	-34.000	7324.703	7658.000	10.000
1.740	82.000	8607.292	7547.000	-173.000
1.750	195.000	9415.105	7430.000	-342.000
1.760	298.000	9680.573	7318.000	-484.000
1.770	388.000	9476.401	7220.000	-591.000
1.780	456.000	8673.481	7146.000	-655.000
1.790	497.000	7301.437	7105.000	-673.000
1.800	509.000	5471.006	7104.000	-640.000
1.810	492.000	3319.704	7147.000	-559.000
1.820	444.000	883.793	7236.000	-434.000
1.830	371.000	-1571.345	7370.000	-273.000
1.840	277.000	-3919.942	7544.000	-86.000
1.850	168.000	-6013.959	7751.000	112.000
1.860	50.000	-7749.771	7983.000	310.000
1.870	-69.000	-8994.840	8228.000	494.000
1.880	-179.000	-9596.388	8475.000	650.000
1.890	-275.000	-9597.472	8710.000	771.000
1.900	-347.000	-8878.230	8923.000	845.000
1.910	-395.000	-7654.761	9103.000	869.000
1.920	-414.000	-5928.333	9244.000	841.000
1.930	-408.000	-3969.833	9341.000	760.000
1.940	-372.000	-1698.883	9393.000	629.000
1.950	-314.000	550.782	9402.000	459.000
1.960	-236.000	2725.547	9372.000	259.000
1.970	-145.000	4637.883	9311.000	41.000
1.980	-46.000	6216.518	9226.000	-181.000
1.990	56.000	7411.563	9127.000	-394.000
2.000	153.000	8098.094	9024.000	-584.000
2.010	241.000	8308.666	8927.000	-739.000
2.020	314.000	8006.066	8845.000	-852.000
2.030	369.000	7254.246	8786.000	-915.000
2.040	399.000	5977.972	8757.000	-926.000
2.050	405.000	4364.581	8765.000	-880.000
2.060	381.000	2335.206	8813.000	-781.000
2.070	328.000	44.645	8905.000	-634.000
2.080	249.000	-2338.749	9040.000	-448.000
2.090	151.000	-4577.124	9214.000	-240.000
2.100	37.000	-6623.987	9420.000	-17.000
2.110	-85.000	-8296.791	9650.000	204.000
2.120	-206.000	-9437.754	9892.000	409.000
2.130	-318.000	-9966.428	10135.000	584.000
2.140	-410.000	-9736.499	10365.000	719.000
2.150	-476.000	-8795.549	10568.000	806.000
2.160	-512.000	-7236.885	10734.000	839.000
2.170	-518.000	-5245.819	10857.000	817.000
2.180	-492.000	-2892.073	10931.000	740.000
2.190	-438.000	-404.451	10958.000	611.000
2.200	-362.000	1996.884	10939.000	440.000
2.210	-270.000	4157.819	10883.000	241.000
2.220	-166.000	6030.473	10799.000	21.000
2.230	-60.000	7401.331	10696.000	-198.000
2.240	46.000	8360.932	10586.000	-408.000
2.250	146.000	8852.652	10476.000	-596.000
2.260	234.000	8836.857	10378.000	-750.000
2.270	308.000	8405.800	10298.000	-861.000
2.280	361.000	7474.060	10245.000	-921.000
2.290	391.000	6131.842	10224.000	-929.000
2.300	395.000	4412.289	10240.000	-881.000
2.310	368.000	2278.602	10299.000	-780.000
2.320	313.000	-54.978	10402.000	-633.000
2.330	234.000	-2408.485	10547.000	-449.000
2.340	134.000	-4685.939	10730.000	-236.000
2.350	22.000	-6640.158	10944.000	-15.000
2.360	-96.000	-8188.110	11180.000	202.000
2.370	-212.000	-9211.677	11425.000	405.000
2.380	-318.000	-9628.174	11668.000	578.000
2.390	-405.000	-9349.722	11897.000	711.000
2.400	-466.000	-8374.805	12099.000	797.000
2.410	-496.000	-6762.364	12263.000	829.000
2.420	-498.000	-4793.655	12384.000	808.000
2.430	-468.000	-2455.558	12457.000	733.000
2.440	-411.000	-8.891	12483.000	606.000
2.450	-331.000	2393.776	12465.000	437.000
2.460	-239.000	4435.644	12411.000	246.000
2.470	-132.000	6314.950	12329.000	31.000
2.480	-23.000	7690.465	12229.000	-180.000
2.490	88.000	8713.326	12120.000	-384.000
2.500	192.000	9219.328	12012.000	-563.000
2.510	286.000	9273.530	11914.000	-708.000
2.520	365.000	8861.471	11834.000	-810.000
2.530	423.000	7943.030	11780.000	-861.000
2.540	458.000	6610.121	11758.000	-861.000
2.550	466.000	4867.084	11775.000	-803.000
2.560	446.000	2806.959	11833.000	-694.000
2.570	398.000	524.871	11934.000	-538.000
2.580	326.000	-1792.590	12077.000	-346.000
2.590	235.000	-3984.813	12258.000	-128.000
2.600	130.000	-5939.369	12469.000	101.000
2.610	20.000	-7457.558	12701.000	326.000
2.620	-88.000	-8460.291	12942.000	534.000
2.630	-187.000	-8892.204	13107.000	714.000
2.640	-267.000	-8624.543	13107.000	853.000
2.650	-323.000	-7717.180	13107.000	944.000
2.660	-350.000	-6212.026	13107.000	981.000
2.670	-348.000	-4288.418	13107.000	965.000
2.680	-316.000	-2041.893	13107.000	893.000
2.690	-258.000	310.675	13107.000	771.000
2.700	-179.000	2587.473	13107.000	609.000
2.710	-84.000	4661.231	13107.000	417.000
2.720	20.000	6382.862	13107.000	207.000
2.730	128.000	7708.003	13107.000	-7.000
2.740	233.000	8545.602	13107.000	-209.000
2.750	330.000	8891.922	13107.000	-390.000
2.760	415.000	8774.345	13107.000	-538.000
2.770	482.000	8152.042	13107.000	-643.000
2.780	527.000	7056.429	13107.000	-700.000
2.790	546.000	5509.500	13107.000	-707.000
2.800	538.000	3616.650	13107.000	-660.000
2.810	499.000	1361.655	13107.000	-563.000
2.820	435.000	-966.841	13107.000	-423.000
2.830	349.000	-3256.789	13107.000	-250.000
2.840	246.000	-5369.752	13107.000	-53.000
2.850	134.000	-7118.827	13107.000	152.000
2.860	19.000	-8433.179	13107.000	355.000
2.870	-89.000	-9143.225	13107.000	536.000
2.880	-187.000	-9340.258	13107.000	692.000
2.890	-263.000	-8818.180	13107.000	804.000
2.900	-316.000	-7762.726	13107.000	873.000
2.910	-341.000	-6183.908	13107.000	892.000
2.920	-340.000	-4298.736	13107.000	859.000
2.930	-309.000	-2079.115	13107.000	775.000
2.940	-255.000	164.619	13107.000	648.000
2.950	-180.000	2365.234	13107.000	483.000
2.960	-92.000	4295.664	13107.000	295.000
2.970	6.000	5946.964	13107.000	92.000
2.980	106.000	7162.875	13107.000	-110.000
2.990	204.000	7954.013	13107.000	-299.000
3.000	295.000	8297.809	13107.000	-465.000
3.010	374.000	8178.466	13107.000	-594.000
3.020	438.000	7644.926	13107.000	-682.000
3.030	480.000	6611.448	13107.000	-721.000
3.040	497.000	5138.014	13107.000	-712.000
3.050	488.000	3326.610	13107.000	-650.000
3.060	450.000	1188.627	13107.000	-541.000
3.070	388.000	-1027.961	13107.000	-391.000
3.080	305.000	-3209.573	13107.000	-211.000
3.090	209.000	-5126.701	13107.000	-12.000
3.100	105.000	-6708.691	13107.000	193.000
3.110	0.000	-7846.083	13107.000	391.000
3.120	-96.000	-8372.258	13107.000	569.000
3.130	-178.000	-8320.581	13107.000	716.000
3.140	-239.000	-7654.407	13107.000	824.000
3.150	-274.000	-6408.085	13107.000	886.000
3.160	-281.000	-4695.659	13107.000	900.000
3.170	-259.000	-2626.961	13107.000	862.000
3.180	-210.000	-368.873	13107.000	778.000
3.190	-138.000	1901.789	13107.000	653.000
3.200	-50.000	3971.252	13107.000	497.000
3.210	51.000	5809.877	13107.000	320.000
3.220	157.000	7246.914	13107.000	135.000
3.230	263.000	8252.840	13107.000	-46.000
3.240	363.000	8776.988	13107.000	-211.000
3.250	454.000	8873.891	13107.000	-348.000
3.260	529.000	8461.724	13107.000	-449.000
3.270	585.000	7603.207	13107.000	-508.000
3.280	618.000	6312.245	13107.000	-521.000
3.290	627.000	4688.571	13107.000	-485.000
3.300	613.000	2862.000	13107.000	-401.000
3.310	573.000	803.400	13107.000	-276.000
3.320	512.000	-1267.620	13107.000	-115.000
3.330	433.000	-3257.334	13107.000	69.000
3.340	342.000	-5010.134	13107.000	266.000
3.350	243.000	-6477.094	13107.000	464.000
3.360	143.000	-7533.966	13107.000	648.000
3.370	48.000	-8123.776	13107.000	809.000
3.380	-34.000	-8146.643	13107.000	936.000
3.390	-101.000	-7712.650	13107.000	1019.000
3.400	-147.000	-6778.855	13107.000	1055.000
3.410	-169.000	-5405.199	13107.000	1042.000
3.420	-169.000	-3783.639	13107.000	975.000
3.430	-142.000	-1838.547	13107.000	861.000
3.440	-95.000	123.017	13107.000	706.000
3.450	-30.000	2036.112	13107.000	518.000
3.460	46.000	3705.278	13107.000	311.000
3.470	131.000	5143.695	13107.000	97.000
3.480	220.000	6270.586	13107.000	-114.000
3.490	308.000	7029.410	13107.000	-306.000
3.500	392.000	7440.587	13107.000	-469.000
3.510	465.000	7398.411	13107.000	-594.000
3.520	524.000	6948.888	13107.000	-674.000
3.530	563.000	6034.221	13107.000	-702.000
3.540	581.000	4763.955	13107.000	-679.000
3.550	577.000	3214.769	13107.000	-601.000
3.560	547.000	1350.338	13107.000	-475.000
3.570	495.000	-614.763	13107.000	-307.000
3.580	425.000	-2530.334	13107.000	-108.000
3.590	340.000	-4321.234	13107.000	110.000
3.600	245.000	-5874.864	13107.000	334.000
3.610	147.000	-7052.405	13107.000	550.000
3.620	49.000	-7876.683	13107.000	746.000
3.630	-42.000	-8243.678	13107.000	910.000
3.640	-121.000	-8140.575	13107.000	1032.000
3.650	-185.000	-7618.402	13107.000	1103.000
3.660	-229.000	-6652.882	13107.000	1122.000
3.670	-253.000	-5377.017	13107.000	1084.000
3.680	-256.000	-3853.912	13107.000	991.000
3.690	-236.000	-2097.738	13107.000	846.000
3.700	-198.000	-328.417	13107.000	658.000
3.710	-145.000	1360.108	13107.000	438.000
3.720	-79.000	2932.076	13107.000	197.000
3.730	-5.000	4272.453	13107.000	-52.000
3.740	73.000	5330.717	13107.000	-295.000
3.750	151.000	6071.502	13107.000	-517.000
3.760	226.000	6500.051	13107.000	-708.000
3.770	293.000	6560.036	13107.000	-857.000
3.780	348.000	6242.025	13107.000	-957.000
3.790	388.000	5569.418	13107.000	-1002.000
3.800	410.000	4558.592	13107.000	-992.000
3.810	413.000	3281.015	13107.000	-922.000
3.820	393.000	1696.710	13107.000	-798.000
3.830	353.000	-12.303	13107.000	-626.000
3.840	293.000	-1808.612	13107.000	-417.000
3.850	219.000	-3486.028	13107.000	-181.000
3.860	134.000	-4990.220	13107.000	66.000
3.870	42.000	-6253.154	13107.000	312.000
3.880	-49.000	-7107.208	13107.000	541.000
3.890	-135.000	-7555.045	13107.000	742.000
3.900	-210.000	-7538.532	13107.000	903.000
3.910	-269.000	-7046.972	13107.000	1017.000
3.920	-308.000	-6102.881	13107.000	1076.000
3.930	-324.000	-4752.016	13107.000	1080.000
3.940	-320.000	-3206.411	13107.000	1023.000
3.950	-291.000	-1374.488	13107.000	913.000
3.960	-241.000	537.858	13107.000	754.000
3.970	-174.000	2386.501	13107.000	557.000
3.980	-93.000	4100.551	13107.000	333.000
3.990	-2.000	5600.385	13107.000	95.000
4.000	95.000	6830.270	13107.000	-142.000
4.010	193.000	7721.189	13107.000	-363.000
4.020	287.000	8224.832	13107.000	-557.000
4.030	373.000	8337.383	13107.000	-713.000
4.040	446.000	8026.168	13107.000	-823.000
4.050	500.000	7238.317	13107.000	-878.000
4.060	531.000	5996.822	13107.000	-879.000
4.070	539.000	4437.776	13107.000	-819.000
4.080	519.000	2506.443	13107.000	-705.000
4.090	473.000	374.510	13107.000	-542.000
4.100	402.000	-1867.843	13107.000	-339.000
4.110	310.000	-4067.490	13107.000	-109.000
4.120	205.000	-5997.243	13107.000	133.000
4.130	92.000	-7588.070	13107.000	377.000
4.140	-18.000	-8611.649	13107.000	598.000
4.150	-121.000	-9118.154	13107.000	792.000
4.160	-209.000	-9022.708	13107.000	946.000
4.170	-278.000	-8385.896	13107.000	1050.000
4.180	-322.000	-7190.127	13107.000	1099.000
4.190	-339.000	-5543.089	13107.000	1090.000
4.200	-332.000	-3670.162	13107.000	1022.000
4.210	-298.000	-1549.114	13107.000	899.000
4.220	-242.000	595.621	13107.000	728.000
4.230	-170.000	2576.934	13107.000	521.000
4.240	-85.000	4353.854	13107.000	289.000
4.250	9.000	5867.698	13107.000	46.000
4.260	108.000	7077.388	13107.000	-196.000
4.270	205.000	7864.172	13107.000	-416.000
4.280	297.000	8264.920	13107.000	-607.000
4.290	381.000	8305.444	13107.000	-758.000
4.300	451.000	7913.811	13107.000	-860.000
4.310	502.000	7069.668	13107.000	-908.000
4.320	532.000	5848.767	13107.000	-899.000
4.330	538.000	4274.137	13107.000	-830.000
4.340	521.000	2481.896	13107.000	-705.000
4.350	478.000	447.327	13107.000	-532.000
4.360	414.000	-1606.871	13107.000	-320.000
4.370	332.000	-3584.810	13107.000	-82.000
4.380	237.000	-5359.367	13107.000	169.000
4.390	137.000	-6751.557	13107.000	418.000
4.400	34.000	-7816.090	13107.000	651.000
4.410	-59.000	-8261.263	13107.000	851.000
4.420	-142.000	-8272.884	13107.000	1015.000
4.430	-204.000	-7651.019	13107.000	1125.000
4.440	-243.000	-6525.713	13107.000	1181.000
4.450	-255.000	-4927.999	13107.000	1180.000
4.460	-241.000	-3029.599	13107.000	1118.000
4.470	-200.000	-890.720	13107.000	1003.000
4.480	-137.000	1266.496	13107.000	840.000
4.490	-56.000	3316.547	13107.000	639.000
4.500	38.000	5141.583	13107.000	414.000
4.510	140.000	6659.108	13107.000	178.000
4.520	244.000	7781.376	13107.000	-54.000
4.530	346.000	8506.963	13107.000	-269.000
4.540	439.000	8744.874	13107.000	-455.000
4.550	518.000	8491.412	13107.000	-600.000
4.560	579.000	7773.988	13107.000	-697.000
4.570	617.000	6581.792	13107.000	-740.000
4.580	631.000	5027.254	13107.000	-729.000
4.590	620.000	3189.078	13107.000	-660.000
4.600	581.000	1062.355	13107.000	-540.000
4.610	516.000	-1206.352	13107.000	-374.000
4.620	431.000	-3394.446	13107.000	-175.000
4.630	331.000	-5376.112	13107.000	45.000
4.640	221.000	-7063.279	13107.000	274.000
4.650	107.000	-8364.295	13107.000	498.000
4.660	2.000	-9005.007	13107.000	695.000
4.670	-94.000	-9183.505	13107.000	864.000
4.680	-173.000	-8798.453	13107.000	991.000
4.690	-228.000	-7808.917	13107.000	1066.000
4.700	-258.000	-6366.242	13107.000	1088.000
4.710	-263.000	-4606.369	13107.000	1056.000
4.720	-239.000	-2504.459	13107.000	969.000
4.730	-192.000	-343.121	13107.000	832.000
4.740	-124.000	1799.815	13107.000	652.000
4.750	-42.000	3719.871	13107.000	449.000
4.760	51.000	5393.909	13107.000	226.000
4.770	150.000	6745.737	13107.000	1.000
4.780	249.000	7692.016	13107.000	-214.000
4.790	344.000	8234.411	13107.000	-407.000
4.800	427.000	8254.088	13107.000	-562.000
4.810	497.000	7877.861	13107.000	-675.000
4.820	549.000	7074.503	13107.000	-738.000
4.830	579.000	5852.152	13107.000	-749.000
4.840	587.000	4336.506	13107.000	-704.000
4.850	570.000	2525.555	13107.000	-605.000
4.860	528.000	507.888	13107.000	-459.000
4.870	464.000	-1564.478	13107.000	-274.000
4.880	382.000	-3555.135	13107.000	-61.000
4.890	287.000	-5338.594	13107.000	167.000
4.900	183.000	-6857.016	13107.000	398.000
4.910	80.000	-7889.911	13107.000	609.000
4.920	-19.000	-8492.938	13107.000	798.000
4.930	-107.000	-8585.057	13107.000	950.000
4.940	-179.000	-8169.540	13107.000	1056.000
4.950	-229.000	-7218.678	13107.000	1110.000
4.960	-256.000	-5863.074	13107.000	1110.000
4.970	-260.000	-4224.152	13107.000	1051.000
4.980	-238.000	-2296.906	13107.000	937.000
4.990	-197.000	-377.835	13107.000	780.000
5.000	-138.000	1505.516	13107.000	584.000
5.010	-65.000	3243.861	13107.000	359.000
5.020	16.000	4700.703	13107.000	122.000
5.030	102.000	5870.492	13107.000	-115.000
5.040	188.000	6689.344	13107.000	-338.000
5.050	271.000	7172.541	13107.000	-535.000
5.060	346.000	7270.779	13107.000	-696.000
5.070	410.000	7009.545	13107.000	-811.000
5.080	458.000	6346.682	13107.000	-874.000
5.090	489.000	5372.677	13107.000	-884.000
5.100	498.000	4030.874	13107.000	-834.000
5.110	489.000	2551.612	13107.000	-731.000
5.120	457.000	826.128	13107.000	-578.000
5.130	405.000	-981.710	13107.000	-385.000
5.140	337.000	-2727.197	13107.000	-162.000
5.150	256.000	-4339.038	13107.000	77.000
5.160	167.000	-5707.327	13107.000	320.000
5.170	76.000	-6725.129	13107.000	552.000
5.180	-12.000	-7347.590	13107.000	759.000
5.190	-91.000	-7513.313	13107.000	931.000
5.200	-158.000	-7269.319	13107.000	1060.000
5.210	-206.000	-6528.523	13107.000	1135.000
5.220	-234.000	-5409.966	13107.000	1155.000
5.230	-240.000	-3966.976	13107.000	1119.000
5.240	-225.000	-2326.884	13107.000	1025.000
5.250	-186.000	-458.818	13107.000	883.000
5.260	-130.000	1358.827	13107.000	697.000
5.270	-59.000	3081.179	13107.000	480.000
5.280	23.000	4616.825	13107.000	246.000
5.290	110.000	5841.778	13107.000	6.000
5.300	200.000	6789.244	13107.000	-224.000
5.310	286.000	7332.471	13107.000	-432.000
5.320	366.000	7532.730	13107.000	-607.000
5.330	435.000	7342.911	13107.000	-739.000
5.340	489.000	6760.038	13107.000	-821.000
5.350	522.000	5722.026	13107.000	-847.000
5.360	534.000	4365.418	13107.000	-819.000
5.370	523.000	2725.793	13107.000	-733.000
5.380	488.000	858.055	13107.000	-597.000
5.390	430.000	-1139.361	13107.000	-418.000
5.400	353.000	-3107.553	13107.000	-207.000
5.410	262.000	-4905.287	13107.000	24.000
5.420	163.000	-6403.701	13107.000	260.000
5.430	63.000	-7482.591	13107.000	488.000
5.440	-32.000	-8087.813	13107.000	693.000
5.450	-117.000	-8211.469	13107.000	867.000
5.460	-184.000	-7758.029	13107.000	994.000
5.470	-230.000	-6810.620	13107.000	1072.000
5.480	-254.000	-5487.434	13107.000	1096.000
5.490	-254.000	-3841.204	13107.000	1066.000
5.500	-228.000	-1908.843	13107.000	980.000
5.510	-181.000	73.810	13107.000	844.000
5.520	-115.000	2031.667	13107.000	669.000
5.530	-34.000	3852.167	13107.000	464.000
5.540	57.000	5426.517	13107.000	241.000
5.550	154.000	6708.562	13107.000	16.000
5.560	251.000	7605.993	13107.000	-198.000
5.570	344.000	8114.195	13107.000	-391.000
5.580	428.000	8199.937	13107.000	-548.000
5.590	498.000	7839.956	13107.000	-663.000
5.600	551.000	7077.969	13107.000	-729.000
5.610	582.000	5884.578	13107.000	-742.000
5.620	590.000	4359.205	13107.000	-699.000
5.630	574.000	2571.443	13107.000	-603.000
5.640	532.000	540.010	13107.000	-459.000
5.650	469.000	-1511.993	13107.000	-276.000
5.660	389.000	-3458.395	13107.000	-65.000
5.670	298.000	-5150.876	13107.000	161.000
5.680	201.000	-6515.614	13107.000	390.000
5.690	106.000	-7410.929	13107.000	605.000
5.700	19.000	-7797.651	13107.000	795.000
5.710	-55.000	-7678.355	13107.000	951.000
5.720	-110.000	-7024.849	13107.000	1063.000
5.730	-143.000	-5907.394	13107.000	1124.000
5.740	-151.000	-4375.176	13107.000	1134.000
5.750	-134.000	-2552.623	13107.000	1089.000
5.760	-89.000	-436.836	13107.000	992.000
5.770	-24.000	1644.215	13107.000	854.000
5.780	60.000	3670.950	13107.000	680.000
5.790	156.000	5449.665	13107.000	483.000
5.800	258.000	6874.766	13107.000	277.000
5.810	361.000	7902.336	13107.000	73.000
5.820	457.000	8411.635	13107.000	-114.000
5.830	542.000	8438.145	13107.000	-274.000
5.840	611.000	7976.701	13107.000	-397.000
5.850	659.000	7023.691	13107.000	-476.000
5.860	682.000	5606.584	13107.000	-507.000
5.870	679.000	3834.609	13107.000	-489.000
5.880	648.000	1754.226	13107.000	-421.000
5.890	590.000	-512.042	13107.000	-309.000
5.900	509.000	-2788.429	13107.000	-160.000
5.910	410.000	-4921.900	13107.000	13.000
5.920	300.000	-6745.330	13107.000	201.000
5.930	185.000	-8171.731	13107.000	390.000
5.940	74.000	-9050.212	13107.000	566.000
5.950	-27.000	-9365.148	13107.000	719.000
5.960	-110.000	-9045.604	13107.000	837.000
5.970	-170.000	-8131.923	13107.000	915.000
5.980	-201.000	-6622.346	13107.000	945.000
5.990	-206.000	-4785.642	13107.000	929.000
6.000	-181.000	-2599.949	13107.000	863.000
6.010	-133.000	-379.965	13107.000	753.000
6.020	-66.000	1744.025	13107.000	608.000
6.030	14.000	3620.817	13107.000	437.000
6.040	101.000	5144.572	13107.000	250.000
6.050	188.000	6211.200	13107.000	60.000
6.060	270.000	6807.840	13107.000	-122.000
6.070	342.000	6925.488	13107.000	-283.000
6.080	398.000	6527.842	13107.000	-416.000
6.090	436.000	5709.489	13107.000	-512.000
6.100	453.000	4506.642	13107.000	-567.000
6.110	451.000	3094.650	13107.000	-578.000
6.120	428.000	1476.255	13107.000	-544.000
6.130	391.000	-76.622	13107.000	-469.000
6.140	342.000	-1523.635	13107.000	-358.000
6.150	286.000	-2746.545	13107.000	-218.000
6.160	226.000	-3722.581	13107.000	-58.000
6.170	169.000	-4315.807	13107.000	111.000
6.180	117.000	-4581.065	13107.000	281.000
6.190	74.000	-4496.745	13107.000	441.000
6.200	44.000	-4047.722	13107.000	583.000
6.210	29.000	-3283.405	13107.000	700.000
6.220	27.000	-2358.384	13107.000	786.000
6.230	43.000	-1170.869	13107.000	839.000
6.240	74.000	110.392	13107.000	856.000
6.250	122.000	1517.274	13107.000	837.000
6.260	169.000	2472.092	13107.000	792.000
6.270	229.000	3530.464	13107.000	715.000
6.280	290.000	4301.325	13107.000	620.000
6.290	351.000	4840.928	13107.000	510.000
6.300	410.000	5158.649	13107.000	395.000
6.310	463.000	5201.055	13107.000	282.000
6.320	507.000	4960.738	13107.000	178.000
6.330	542.000	4522.517	13107.000	89.000
6.340	565.000	3855.762	13107.000	22.000
6.350	576.000	3029.033	13107.000	-21.000
6.360	576.000	2120.323	13107.000	-37.000
6.370	563.000	1094.226	13107.000	-27.000
6.380	539.000	45.958	13107.000	11.000
6.390	507.000	-927.829	13107.000	72.000
6.400	469.000	-1789.480	13107.000	152.000
6.410	429.000	-2452.636	13107.000	245.000
6.420	390.000	-2886.845	13107.000	345.000
6.430	353.000	-3130.792	13107.000	447.000
6.440	323.000	-3091.554	13107.000	544.000
6.450	300.000	-2854.088	13107.000	631.000
6.460	286.000	-2417.862	13107.000	700.000
6.470	281.000	-1842.503	13107.000	752.000
6.480	284.000	-1199.752	13107.000	782.000
6.490	298.000	-419.827	13107.000	790.000
6.500	319.000	336.121	13107.000	776.000
6.510	346.000	1045.285	13107.000	741.000
6.520	378.000	1691.700	13107.000	688.000
6.530	412.000	2204.190	13107.000	621.000
6.540	446.000	2562.933	13107.000	546.000
6.550	479.000	2784.053	13107.000	467.000
6.560	509.000	2848.837	13107.000	388.000
6.570	534.000	2744.186	13107.000	317.000
6.580	553.000	2490.930	13107.000	255.000
6.590	564.000	2073.651	13107.000	208.000
6.600	568.000	1571.556	13107.000	177.000
6.610	566.000	1040.089	13107.000	164.000
6.620	554.000	368.062	13107.000	167.000
6.630	536.000	-282.356	13107.000	190.000
6.640	513.000	-887.649	13107.000	228.000
6.650	486.000	-1431.355	13107.000	279.000
6.660	457.000	-1871.948	13107.000	339.000
6.670	428.000	-2180.364	13107.000	404.000
6.680	401.000	-2336.255	13107.000	469.000
6.690	378.000	-2325.378	13107.000	531.000
6.700	361.000	-2137.765	13107.000	586.000
6.710	349.000	-1856.435	13107.000	630.000
6.720	345.000	-1419.505	13107.000	661.000
6.730	345.000	-993.653	13107.000	676.000
6.740	355.000	-395.557	13107.000	679.000
6.750	370.000	173.110	13107.000	668.000
6.760	390.000	721.177	13107.000	642.000
6.770	413.000	1194.824	13107.000	605.000
6.780	439.000	1616.377	13107.000	559.000
6.790	466.000	1941.464	13107.000	508.000
6.800	492.000	2139.025	13107.000	456.000
6.810	515.000	2187.317	13107.000	406.000
6.820	536.000	2161.122	13107.000	361.000
6.830	553.000	2022.785	13107.000	325.000
6.840	564.000	1745.950	13107.000	299.000
6.850	569.000	1372.165	13107.000	286.000
6.860	570.000	990.515	13107.000	284.000
6.870	563.000	483.361	13107.000	297.000
6.880	550.000	-51.647	13107.000	322.000
6.890	533.000	-546.153	13107.000	358.000
6.900	512.000	-1012.307	13107.000	401.000
6.910	489.000	-1398.615	13107.000	449.000
6.920	465.000	-1699.031	13107.000	499.000
6.930	443.000	-1849.321	13107.000	547.000
6.940	423.000	-1894.525	13107.000	590.000
6.950	407.000	-1806.167	13107.000	624.000
6.960	396.000	-1594.317	13107.000	649.000
6.970	390.000	-1296.022	13107.000	662.000
6.980	390.000	-907.215	13107.000	663.000
6.990	395.000	-485.051	13107.000	651.000
7.000	407.000	20.464	13107.000	627.000
7.010	423.000	494.325	13107.000	593.000
7.020	443.000	946.028	13107.000	551.000
7.030	464.000	1292.219	13107.000	505.000
7.040	486.000	1564.554	13107.000	457.000
7.050	507.000	1725.187	13107.000	411.000
7.060	526.000	1777.631	13107.000	369.000
7.070	540.000	1664.342	13107.000	336.000
7.080	550.000	1465.039	13107.000	312.000
7.090	555.000	1175.528	13107.000	299.000
7.100	555.000	822.869	13107.000	297.000
7.110	548.000	366.008	13107.000	307.000
7.120	536.000	-103.794	13107.000	329.000
7.130	519.000	-582.656	13107.000	361.000
7.140	499.000	-1007.859	13107.000	399.000
7.150	478.000	-1335.501	13107.000	442.000
7.160	455.000	-1624.851	13107.000	487.000
7.170	434.000	-1767.396	13107.000	529.000
7.180	415.000	-1807.177	13107.000	567.000
7.190	400.000	-1715.024	13107.000	598.000
7.200	389.000	-1530.517	13107.000	619.000
7.210	383.000	-1251.362	13107.000	630.000
7.220	383.000	-875.953	13107.000	631.000
7.230	387.000	-493.167	13107.000	619.000
7.240	397.000	-45.217	13107.000	596.000
7.250	412.000	418.348	13107.000	564.000
7.260	429.000	802.844	13107.000	525.000
7.270	448.000	1131.991	13107.000	482.000
7.280	468.000	1392.393	13107.000	438.000
7.290	487.000	1544.675	13107.000	396.000
7.300	503.000	1561.273	13107.000	358.000
7.310	516.000	1482.891	13107.000	328.000
7.320	524.000	1278.024	13107.000	306.000
7.330	528.000	1014.617	13107.000	294.000
7.340	528.000	710.232	13107.000	293.000
7.350	521.000	287.162	13107.000	302.000
7.360	509.000	-158.987	13107.000	322.000
7.370	493.000	-591.291	13107.000	351.000
7.380	475.000	-953.903	13107.000	386.000
7.390	455.000	-1267.732	13107.000	426.000
7.400	434.000	-1517.413	13107.000	466.000
7.410	415.000	-1632.189	13107.000	504.000
7.420	398.000	-1652.532	13107.000	538.000
7.430	384.000	-1576.773	13107.000	566.000
7.440	375.000	-1373.741	13107.000	585.000
7.450	370.000	-1111.619	13107.000	594.000
7.460	369.000	-808.133	13107.000	595.000
7.470	373.000	-445.693	13107.000	583.000
7.480	383.000	-11.985	13107.000	561.000
7.490	397.000	411.610	13107.000	532.000
7.500	413.000	768.127	13107.000	497.000
7.510	430.000	1047.689	13107.000	458.000
7.520	448.000	1273.382	13107.000	417.000
7.530	466.000	1431.368	13107.000	380.000
7.540	480.000	1421.957	13107.000	346.000
7.550	492.000	1355.370	13107.000	318.000
7.560	500.000	1188.759	13107.000	299.000
7.570	503.000	922.131	13107.000	290.000
7.580	503.000	645.492	13107.000	289.000
7.590	496.000	241.844	13107.000	299.000
7.600	486.000	-130.709	13107.000	318.000
7.610	472.000	-511.496	13107.000	345.000
7.620	455.000	-868.047	13107.000	378.000
7.630	437.000	-1147.633	13107.000	414.000
7.640	418.000	-1373.343	13107.000	451.000
7.650	401.000	-1471.340	13107.000	486.000
7.660	386.000	-1479.938	13107.000	517.000
7.670	374.000	-1395.957	13107.000	542.000
7.680	366.000	-1217.170	13107.000	559.000
7.690	363.000	-942.019	13107.000	567.000
7.700	363.000	-659.413	13107.000	567.000
7.710	368.000	-311.589	13107.000	556.000
7.720	377.000	51.888	13107.000	537.000
7.730	390.000	426.321	13107.000	510.000
7.740	406.000	778.425	13107.000	478.000
7.750	423.000	1054.897	13107.000	443.000
7.760	440.000	1248.428	13107.000	407.000
7.770	456.000	1353.900	13107.000	373.000
7.780	469.000	1337.730	13107.000	343.000
7.790	480.000	1266.411	13107.000	320.000
7.800	487.000	1096.488	13107.000	304.000
7.810	490.000	857.541	13107.000	296.000
7.820	490.000	600.279	13107.000	296.000
7.830	485.000	270.195	13107.000	307.000
7.840	475.000	-110.863	13107.000	326.000
7.850	462.000	-467.604	13107.000	352.000
7.860	447.000	-777.323	13107.000	383.000
7.870	431.000	-1024.126	13107.000	416.000
7.880	415.000	-1196.888	13107.000	450.000
7.890	400.000	-1287.822	13107.000	482.000
7.900	387.000	-1291.475	13107.000	511.000
7.910	377.000	-1204.033	13107.000	533.000
7.920	371.000	-1022.823	13107.000	548.000
7.930	369.000	-775.976	13107.000	555.000
7.940	369.000	-543.183	13107.000	555.000
7.950	375.000	-200.228	13107.000	544.000
7.960	385.000	159.840	13107.000	526.000
7.970	398.000	501.888	13107.000	501.000
7.980	412.000	771.322	13107.000	472.000
7.990	428.000	1019.925	13107.000	441.000
8.000	444.000	1193.948	13107.000	409.000
8.010	459.000	1285.763	13107.000	379.000
8.020	472.000	1290.034	13107.000	353.000
8.030	481.000	1173.024	13107.000	332.000
8.040	488.000	1031.117	13107.000	319.000
8.050	490.000	781.782	13107.000	314.000
8.060	490.000	547.247	13107.000	316.000
8.070	485.000	233.073	13107.000	327.000
8.080	476.000	-106.849	13107.000	346.000
8.090	465.000	-404.794	13107.000	370.000
8.100	451.000	-703.356	13107.000	399.000
8.110	437.000	-912.349	13107.000	430.000
8.120	423.000	-1058.644	13107.000	462.000
8.130	409.000	-1161.051	13107.000	491.000
8.140	398.000	-1142.736	13107.000	516.000
8.150	390.000	-1039.915	13107.000	536.000
8.160	385.000	-877.941	13107.000	549.000
8.170	384.000	-644.558	13107.000	554.000
8.180	385.000	-421.191	13107.000	553.000
8.190	392.000	-84.834	13107.000	543.000
8.200	401.000	210.616	13107.000	525.000
8.210	414.000	537.432	13107.000	502.000
8.220	428.000	796.202	13107.000	475.000
8.230	443.000	1007.341	13107.000	446.000
8.240	457.000	1125.139	13107.000	418.000
8.250	471.000	1207.597	13107.000	391.000
8.260	482.000	1175.318	13107.000	369.000
8.270	491.000	1092.723	13107.000	352.000
8.280	496.000	914.906	13107.000	341.000
8.290	498.000	700.434	13107.000	338.000
8.300	498.000	490.304	13107.000	341.000
8.310	492.000	163.213	13107.000	353.000
8.320	484.000	-125.751	13107.000	371.000
8.330	473.000	-418.026	13107.000	394.000
8.340	460.000	-682.618	13107.000	421.000
8.350	447.000	-867.833	13107.000	450.000
8.360	434.000	-997.483	13107.000	478.000
8.370	423.000	-1028.238	13107.000	504.000
8.380	413.000	-1019.767	13107.000	527.000
8.390	406.000	-923.837	13107.000	543.000
8.400	402.000	-766.686	13107.000	554.000
8.410	402.000	-536.680	13107.000	557.000
8.420	404.000	-315.676	13107.000	554.000
8.430	410.000	-40.973	13107.000	543.000
8.440	420.000	271.319	13107.000	526.000
8.450	431.000	519.923	13107.000	504.000
8.460	445.000	783.946	13107.000	479.000
8.470	458.000	938.762	13107.000	453.000
8.480	471.000	1047.134	13107.000	427.000
8.490	483.000	1092.994	13107.000	403.000
8.500	493.000	1065.095	13107.000	384.000
8.510	500.000	955.567	13107.000	370.000
8.520	504.000	788.897	13107.000	362.000
8.530	505.000	582.228	13107.000	360.000
8.540	504.000	377.559	13107.000	364.000
8.550	498.000	84.292	13107.000	376.000
8.560	489.000	-210.996	13107.000	394.000
8.570	478.000	-477.697	13107.000	416.000
8.580	467.000	-664.388	13107.000	441.000
8.590	455.000	-825.072	13107.000	467.000
8.600	443.000	-937.550	13107.000	492.000
8.610	432.000	-986.285	13107.000	515.000
8.620	424.000	-930.400	13107.000	534.000
8.630	418.000	-831.280	13107.000	548.000
8.640	416.000	-641.896	13107.000	555.000
8.650	415.000	-479.327	13107.000	556.000
8.660	418.000	-245.529	13107.000	552.000
8.670	425.000	38.130	13107.000	540.000
8.680	434.000	296.691	13107.000	523.000
8.690	445.000	537.684	13107.000	502.000
8.700	456.000	706.379	13107.000	478.000
8.710	469.000	884.465	13107.000	454.000
8.720	480.000	949.125	13107.000	430.000
8.730	490.000	964.388	13107.000	410.000
8.740	498.000	915.071	13107.000	393.000
8.750	504.000	820.550	13107.000	381.000
8.760	506.000	634.385	13107.000	376.000
8.770	507.000	474.070	13107.000	375.000
8.780	504.000	241.849	13107.000	381.000
8.790	497.000	-40.706	13107.000	394.000
8.800	489.000	-268.494	13107.000	411.000
8.810	478.000	-517.946	13107.000	432.000
8.820	467.000	-692.562	13107.000	455.000
8.830	456.000	-814.793	13107.000	478.000
8.840	445.000	-900.355	13107.000	500.000
8.850	436.000	-900.249	13107.000	520.000
8.860	429.000	-840.174	13107.000	535.000
8.870	424.000	-738.122	13107.000	546.000
8.880	422.000	-576.685	13107.000	550.000
8.890	422.000	-403.680	13107.000	550.000
8.900	426.000	-162.576	13107.000	543.000
8.910	432.000	66.197	13107.000	530.000
8.920	441.000	316.338	13107.000	513.000
8.930	451.000	521.436	13107.000	493.000
8.940	462.000	695.006	13107.000	471.000
8.950	473.000	816.504	13107.000	449.000
8.960	483.000	871.553	13107.000	428.000
8.970	492.000	880.087	13107.000	410.000
8.980	498.000	796.061	13107.000	396.000
8.990	502.000	677.243	13107.000	387.000
9.000	503.000	504.070	13107.000	384.000
9.010	503.000	352.849	13107.000	384.000
9.020	499.000	126.994	13107.000	392.000
9.030	492.000	-121.104	13107.000	405.000
9.040	483.000	-354.773	13107.000	422.000
9.050	473.000	-548.341	13107.000	442.000
9.060	463.000	-683.839	13107.000	463.000
9.070	452.000	-808.687	13107.000	484.000
9.080	443.000	-836.081	13107.000	503.000
9.090	435.000	-825.257	13107.000	520.000
9.100	429.000	-757.680	13107.000	532.000
9.110	426.000	-620.376	13107.000	540.000
9.120	425.000	-464.263	13107.000	542.000
9.130	425.000	-324.984	13107.000	540.000
9.140	430.000	-77.489	13107.000	531.000
9.150	437.000	155.758	13107.000	518.000
9.160	446.000	379.030	13107.000	501.000
9.170	455.000	535.321	13107.000	482.000
9.180	465.000	674.725	13107.000	462.000
9.190	475.000	772.307	13107.000	442.000
9.200	484.000	810.615	13107.000	424.000
9.210	491.000	777.431	13107.000	409.000
9.220	496.000	694.201	13107.000	398.000
9.230	499.000	575.941	13107.000	392.000
9.240	499.000	403.159	13107.000	391.000
9.250	498.000	252.211	13107.000	393.000
9.260	493.000	26.548	13107.000	402.000
9.270	486.000	-191.417	13107.000	416.000
9.280	477.000	-403.992	13107.000	432.000
9.290	468.000	-552.794	13107.000	451.000
9.300	459.000	-656.956	13107.000	470.000
9.310	449.000	-759.869	13107.000	489.000
9.320	441.000	-771.908	13107.000	506.000
9.330	435.000	-720.336	13107.000	519.000
9.340	431.000	-624.235	13107.000	529.000
9.350	429.000	-496.965	13107.000	534.000
9.360	429.000	-347.875	13107.000	535.000
9.370	430.000	-213.513	13107.000	531.000
9.380	436.000	30.541	13107.000	521.000
9.390	443.000	231.379	13107.000	508.000
9.400	451.000	401.965	13107.000	491.000
9.410	460.000	551.376	13107.000	473.000
9.420	470.000	685.963	13107.000	455.000
9.430	478.000	720.174	13107.000	438.000
9.440	486.000	744.122	13107.000	422.000
9.450	492.000	700.885	13107.000	410.000
9.460	495.000	580.620	13107.000	402.000
9.470	497.000	466.434	13107.000	399.000
9.480	497.000	326.504	13107.000	399.000
9.490	495.000	168.553	13107.000	404.000
9.500	489.000	-62.013	13107.000	415.000
9.510	482.000	-253.409	13107.000	428.000
9.520	474.000	-417.386	13107.000	444.000
9.530	466.000	-532.171	13107.000	462.000
9.540	457.000	-642.519	13107.000	479.000
9.550	449.000	-689.764	13107.000	496.000
9.560	443.000	-662.834	13107.000	510.000
9.570	438.000	-613.984	13107.000	521.000
9.580	435.000	-519.789	13107.000	528.000
9.590	434.000	-393.852	13107.000	530.000
9.600	434.000	-275.697	13107.000	530.000
9.610	438.000	-72.988	13107.000	524.000
9.620	444.000	128.909	13107.000	513.000
9.630	451.000	300.236	13107.000	500.000
9.640	459.000	450.165	13107.000	484.000
9.650	467.000	555.116	13107.000	468.000
9.660	476.000	658.581	13107.000	452.000
9.670	483.000	671.007	13107.000	437.000
9.680	489.000	649.705	13107.000	424.000
9.690	494.000	604.793	13107.000	415.000
9.700	496.000	483.355	13107.000	410.000
9.710	497.000	368.349	13107.000	408.000
9.720	497.000	257.844	13107.000	410.000
9.730	493.000	60.491	13107.000	417.000
9.740	487.000	-137.656	13107.000	428.000
9.750	481.000	-276.359	13107.000	442.000
9.760	473.000	-433.452	13107.000	457.000
9.770	465.000	-543.416	13107.000	473.000
9.780	457.000	-620.391	13107.000	489.000
9.790	451.000	-614.274	13107.000	503.000
9.800	445.000	-609.992	13107.000	514.000
9.810	442.000	-516.994	13107.000	522.000
9.820	440.000	-421.896	13107.000	527.000
9.830	440.000	-295.327	13107.000	527.000
9.840	441.000	-176.729	13107.000	525.000
9.850	445.000	-3.710	13107.000	517.000
9.860	451.000	177.403	13107.000	506.000
9.870	458.000	334.182	13107.000	493.000
9.880	466.000	473.927	13107.000	478.000
9.890	473.000	541.749	13107.000	463.000
9.900	481.000	619.224	13107.000	448.000
9.910	487.000	613.457	13107.000	436.000
9.920	492.000	579.420	13107.000	426.000
9.930	495.000	495.594	13107.000	419.000
9.940	496.000	376.916	13107.000	416.000
9.950	496.000	263.841	13107.000	416.000
9.960	495.000	154.689	13107.000	420.000
9.970	490.000	-41.718	13107.000	429.000
9.980	484.000	-209.203	13107.000	440.000
9.990	477.000	-356.442	13107.000	453.000
10.000	470.000	-459.509	13107.000	467.000
