0.000	3.000	90.000	-1.000	1.000
0.010	88.000	2613.000	-28.000	63.000
0.020	119.000	2759.100	-79.000	92.000
0.030	153.000	2951.370	-129.000	124.000
0.040	188.000	3115.959	-179.000	162.000
0.050	224.000	3261.171	-227.000	204.000
0.060	262.000	3422.820	-274.000	249.000
0.070	300.000	3535.974	-320.000	298.000
0.080	339.000	3645.182	-365.000	352.000
0.090	376.000	3661.627	-407.000	407.000
0.100	412.000	3643.139	-446.000	466.000
0.110	446.000	3570.197	-481.000	527.000
0.120	477.000	3429.138	-511.000	589.000
0.130	505.000	3240.397	-536.000	652.000
0.140	528.000	2958.278	-555.000	713.000
0.150	548.000	2670.794	-567.000	774.000
0.160	562.000	2289.556	-572.000	832.000
0.170	570.000	1842.689	-570.000	886.000
0.180	572.000	1349.882	-558.000	937.000
0.190	569.000	854.918	-539.000	980.000
0.200	559.000	298.442	-512.000	1016.000
0.210	544.000	-241.090	-476.000	1045.000
0.220	526.000	-708.763	-435.000	1063.000
0.230	504.000	-1156.134	-388.000	1071.000
0.240	479.000	-1559.294	-338.000	1070.000
0.250	452.000	-1901.506	-285.000	1055.000
0.260	422.000	-2231.054	-231.000	1028.000
0.270	392.000	-2461.738	-176.000	990.000
0.280	361.000	-2653.216	-122.000	939.000
0.290	331.000	-2757.252	-70.000	878.000
0.300	302.000	-2800.076	-21.000	806.000
0.310	275.000	-2770.053	23.000	725.000
0.320	248.000	-2749.037	64.000	637.000
0.330	222.000	-2704.326	100.000	542.000
0.340	197.000	-2643.028	132.000	442.000
0.350	174.000	-2540.120	160.000	340.000
0.360	154.000	-2378.084	183.000	238.000
0.370	137.000	-2174.659	201.000	137.000
0.380	124.000	-1912.261	213.000	40.000
0.390	118.000	-1518.583	218.000	-51.000
0.400	117.000	-1093.008	214.000	-134.000
0.410	124.000	-555.106	202.000	-207.000
0.420	140.000	91.426	180.000	-267.000
0.430	161.000	693.998	147.000	-314.000
0.440	187.000	1265.799	106.000	-345.000
0.450	217.000	1786.059	58.000	-360.000
0.460	249.000	2210.241	5.000	-358.000
0.470	282.000	2537.169	-50.000	-336.000
0.480	316.000	2796.018	-106.000	-295.000
0.490	348.000	2917.213	-161.000	-236.000
0.500	379.000	2972.049	-213.000	-159.000
0.510	406.000	2890.434	-256.000	-66.000
0.520	429.000	2713.304	-288.000	42.000
0.530	449.000	2499.313	-307.000	163.000
0.540	465.000	2229.519	-313.000	294.000
0.550	477.000	1920.663	-307.000	432.000
0.560	486.000	1614.464	-290.000	573.000
0.570	491.000	1280.125	-263.000	714.000
0.580	493.000	956.088	-225.000	853.000
0.590	493.000	669.261	-179.000	985.000
0.600	490.000	378.483	-125.000	1109.000
0.610	482.000	24.938	-63.000	1219.000
0.620	469.000	-372.543	6.000	1313.000
0.630	452.000	-770.780	83.000	1390.000
0.640	430.000	-1199.546	168.000	1447.000
0.650	404.000	-1619.682	261.000	1483.000
0.660	377.000	-1943.778	359.000	1494.000
0.670	348.000	-2230.644	460.000	1484.000
0.680	318.000	-2461.451	565.000	1448.000
0.690	287.000	-2653.016	672.000	1387.000
0.700	256.000	-2787.111	779.000	1304.000
0.710	225.000	-2880.978	886.000	1199.000
0.720	196.000	-2886.684	992.000	1074.000
0.730	167.000	-2890.679	1096.000	932.000
0.740	139.000	-2863.475	1198.000	776.000
0.750	112.000	-2814.433	1298.000	609.000
0.760	85.000	-2780.103	1396.000	434.000
0.770	58.000	-2756.072	1492.000	254.000
0.780	29.000	-2799.250	1589.000	74.000
0.790	1.000	-2799.475	1685.000	-101.000
0.800	-25.000	-2739.633	1781.000	-270.000
0.810	-47.000	-2577.743	1874.000	-428.000
0.820	-62.000	-2254.420	1963.000	-572.000
0.830	-69.000	-1788.094	2044.000	-699.000
0.840	-69.000	-1251.666	2117.000	-807.000
0.850	-59.000	-576.166	2180.000	-894.000
0.860	-41.000	136.684	2233.000	-956.000
0.870	-16.000	845.679	2276.000	-992.000
0.880	13.000	1461.975	2311.000	-1002.000
0.890	46.000	2013.383	2340.000	-987.000
0.900	81.000	2459.368	2365.000	-943.000
0.910	120.000	2891.557	2389.000	-870.000
0.920	158.000	3164.090	2412.000	-771.000
0.930	197.000	3384.863	2438.000	-648.000
0.940	236.000	3539.404	2467.000	-501.000
0.950	274.000	3617.583	2499.000	-335.000
0.960	310.000	3612.308	2538.000	-153.000
0.970	344.000	3548.616	2582.000	43.000
0.980	375.000	3414.031	2634.000	246.000
0.990	403.000	3229.822	2694.000	455.000
1.000	427.000	2980.875	2761.000	663.000
1.010	446.000	2656.613	2835.000	867.000
1.020	459.000	2249.629	2912.000	1062.000
1.030	465.000	1754.740	2995.000	1243.000
1.040	465.000	1228.318	3083.000	1409.000
1.050	456.000	589.823	3179.000	1553.000
1.060	441.000	-37.124	3283.000	1674.000
1.070	420.000	-655.987	3393.000	1768.000
1.080	394.000	-1239.191	3509.000	1833.000
1.090	365.000	-1737.434	3629.000	1868.000
1.100	335.000	-2116.204	3751.000	1872.000
1.110	305.000	-2381.342	3872.000	1843.000
1.120	276.000	-2536.940	3991.000	1781.000
1.130	251.000	-2525.858	4105.000	1688.000
1.140	228.000	-2458.100	4212.000	1566.000
1.150	208.000	-2320.670	4312.000	1417.000
1.160	193.000	-2074.469	4404.000	1245.000
1.170	181.000	-1812.128	4487.000	1052.000
1.180	175.000	-1448.490	4561.000	846.000
1.190	174.000	-1043.943	4626.000	630.000
1.200	176.000	-670.760	4682.000	409.000
1.210	186.000	-169.532	4729.000	189.000
1.220	200.000	301.328	4767.000	-26.000
1.230	218.000	750.929	4797.000	-229.000
1.240	240.000	1185.651	4821.000	-415.000
1.250	265.000	1579.955	4839.000	-581.000
1.260	292.000	1915.969	4852.000	-723.000
1.270	319.000	2151.178	4864.000	-836.000
1.280	344.000	2255.825	4876.000	-919.000
1.290	365.000	2209.077	4891.000	-969.000
1.300	379.000	1966.354	4912.000	-985.000
1.310	387.000	1616.448	4942.000	-970.000
1.320	388.000	1161.514	4982.000	-918.000
1.330	383.000	663.059	5032.000	-835.000
1.340	370.000	74.142	5093.000	-720.000
1.350	355.000	-398.101	5164.000	-580.000
1.360	337.000	-818.671	5242.000	-416.000
1.370	320.000	-1083.069	5325.000	-235.000
1.380	306.000	-1178.149	5408.000	-41.000
1.390	296.000	-1124.704	5489.000	162.000
1.400	288.000	-1027.293	5566.000	371.000
1.410	283.000	-869.105	5638.000	572.000
1.420	279.000	-728.373	5705.000	769.000
1.430	274.000	-659.861	5770.000	954.000
1.440	267.000	-671.903	5833.000	1123.000
1.450	258.000	-740.332	5896.000	1273.000
1.460	246.000	-878.232	5960.000	1402.000
1.470	231.000	-1064.763	6027.000	1505.000
1.480	213.000	-1285.334	6097.000	1580.000
1.490	195.000	-1439.734	6169.000	1626.000
1.500	175.000	-1607.814	6243.000	1642.000
1.510	157.000	-1665.470	6318.000	1629.000
1.520	138.000	-1735.829	6393.000	1583.000
1.530	121.000	-1725.080	6467.000	1507.000
1.540	105.000	-1687.556	6539.000	1400.000
1.550	91.000	-1601.289	6608.000	1271.000
1.560	77.000	-1540.902	6675.000	1118.000
1.570	65.000	-1438.632	6740.000	942.000
1.580	53.000	-1367.042	6803.000	755.000
1.590	42.000	-1286.930	6863.000	556.000
1.600	30.000	-1260.851	6923.000	349.000
1.610	20.000	-1182.595	6982.000	140.000
1.620	11.000	-1097.817	7039.000	-66.000
1.630	6.000	-918.472	7093.000	-262.000
1.640	4.000	-702.930	7145.000	-447.000
1.650	9.000	-342.051	7191.000	-617.000
1.660	22.000	150.564	7230.000	-767.000
1.670	42.000	705.395	7261.000	-894.000
1.680	69.000	1303.776	7282.000	-994.000
1.690	102.000	1902.644	7295.000	-1065.000
1.700	138.000	2411.850	7302.000	-1106.000
1.710	177.000	2858.295	7303.000	-1117.000
1.720	217.000	3200.807	7301.000	-1094.000
1.730	255.000	3380.565	7300.000	-1038.000
1.740	293.000	3506.395	7300.000	-949.000
1.750	328.000	3504.477	7305.000	-829.000
1.760	360.000	3413.134	7315.000	-680.000
1.770	387.000	3199.194	7331.000	-503.000
1.780	408.000	2869.436	7357.000	-307.000
1.790	425.000	2518.605	7392.000	-94.000
1.800	436.000	2093.023	7436.000	134.000
1.810	442.000	1645.116	7489.000	368.000
1.820	444.000	1211.581	7552.000	605.000
1.830	442.000	788.107	7622.000	836.000
1.840	432.000	251.675	7700.000	1059.000
1.850	417.000	-273.828	7786.000	1268.000
1.860	395.000	-851.679	7880.000	1458.000
1.870	368.000	-1406.176	7983.000	1624.000
1.880	337.000	-1914.323	8091.000	1763.000
1.890	304.000	-2330.026	8204.000	1872.000
1.900	270.000	-2651.018	8320.000	1947.000
1.910	237.000	-2845.713	8435.000	1988.000
1.920	207.000	-2891.999	8548.000	1994.000
1.930	180.000	-2834.399	8656.000	1962.000
1.940	157.000	-2674.079	8757.000	1893.000
1.950	139.000	-2411.856	8851.000	1790.000
1.960	124.000	-2138.299	8936.000	1655.000
1.970	113.000	-1826.809	9014.000	1490.000
1.980	103.000	-1578.766	9085.000	1299.000
1.990	93.000	-1405.137	9151.000	1087.000
2.000	81.000	-1343.596	9215.000	861.000
2.010	66.000	-1390.517	9278.000	624.000
2.020	47.000	-1543.362	9344.000	380.000
2.030	25.000	-1740.353	9413.000	137.000
2.040	1.000	-1938.247	9486.000	-101.000
2.050	-24.000	-2106.773	9562.000	-329.000
2.060	-46.000	-2134.741	9638.000	-543.000
2.070	-63.000	-2004.319	9713.000	-738.000
2.080	-73.000	-1703.023	9783.000	-912.000
2.090	-75.000	-1252.116	9845.000	-1060.000
2.100	-71.000	-756.481	9898.000	-1182.000
2.110	-57.000	-109.537	9941.000	-1273.000
2.120	-37.000	523.324	9973.000	-1333.000
2.130	-12.000	1116.327	9996.000	-1360.000
2.140	14.000	1561.429	10012.000	-1354.000
2.150	43.000	1963.000	10024.000	-1312.000
2.160	73.000	2274.100	10034.000	-1237.000
2.170	101.000	2431.870	10044.000	-1129.000
2.180	129.000	2542.309	10057.000	-992.000
2.190	155.000	2559.616	10072.000	-825.000
2.200	178.000	2481.731	10092.000	-637.000
2.210	199.000	2367.212	10118.000	-427.000
2.220	217.000	2197.048	10150.000	-202.000
2.230	231.000	1957.934	10189.000	31.000
2.240	243.000	1730.554	10234.000	272.000
2.250	253.000	1511.388	10285.000	508.000
2.260	260.000	1267.971	10341.000	739.000
2.270	263.000	977.580	10403.000	960.000
2.280	263.000	684.306	10471.000	1164.000
2.290	257.000	299.014	10544.000	1349.000
2.300	244.000	-180.690	10625.000	1510.000
2.310	225.000	-696.483	10715.000	1643.000
2.320	199.000	-1267.538	10812.000	1748.000
2.330	171.000	-1727.277	10917.000	1818.000
2.340	139.000	-2169.094	11027.000	1856.000
2.350	107.000	-2478.366	11140.000	1859.000
2.360	75.000	-2694.856	11254.000	1826.000
2.370	47.000	-2726.399	11366.000	1756.000
2.380	22.000	-2658.479	11473.000	1653.000
2.390	3.000	-2430.936	11574.000	1517.000
2.400	-12.000	-2151.655	11667.000	1352.000
2.410	-24.000	-1866.158	11752.000	1159.000
2.420	-32.000	-1546.311	11830.000	951.000
2.430	-37.000	-1232.418	11900.000	725.000
2.440	-41.000	-982.692	11965.000	487.000
2.450	-43.000	-747.885	12025.000	245.000
2.460	-43.000	-523.519	12082.000	4.000
2.470	-38.000	-216.463	12134.000	-230.000
2.480	-27.000	178.476	12181.000	-453.000
2.490	-9.000	664.933	12222.000	-658.000
2.500	15.000	1185.453	12254.000	-843.000
2.510	44.000	1699.817	12280.000	-1002.000
2.520	77.000	2179.872	12300.000	-1132.000
2.530	112.000	2575.910	12315.000	-1230.000
2.540	147.000	2853.137	12328.000	-1295.000
2.550	181.000	3017.196	12342.000	-1324.000
2.560	211.000	3012.037	12358.000	-1318.000
2.570	235.000	2828.426	12381.000	-1274.000
2.580	253.000	2519.898	12413.000	-1194.000
2.590	261.000	2003.929	12456.000	-1079.000
2.600	261.000	1402.750	12512.000	-933.000
2.610	250.000	651.925	12582.000	-759.000
2.620	231.000	-113.652	12666.000	-562.000
2.630	203.000	-919.557	12765.000	-347.000
2.640	170.000	-1633.690	12876.000	-120.000
2.650	134.000	-2223.583	12995.000	112.000
2.660	94.000	-2756.508	13107.000	343.000
2.670	54.000	-3129.556	13107.000	567.000
2.680	13.000	-3420.689	13107.000	778.000
2.690	-27.000	-3594.482	13107.000	974.000
2.700	-64.000	-3626.138	13107.000	1142.000
2.710	-97.000	-3528.296	13107.000	1286.000
2.720	-125.000	-3309.807	13107.000	1401.000
2.730	-146.000	-2946.865	13107.000	1484.000
2.740	-160.000	-2482.806	13107.000	1533.000
2.750	-168.000	-1977.964	13107.000	1547.000
2.760	-170.000	-1444.575	13107.000	1528.000
2.770	-167.000	-921.202	13107.000	1473.000
2.780	-158.000	-374.842	13107.000	1385.000
2.790	-147.000	67.611	13107.000	1267.000
2.800	-135.000	407.328	13107.000	1121.000
2.810	-123.000	645.129	13107.000	953.000
2.820	-111.000	811.591	13107.000	767.000
2.830	-101.000	868.113	13107.000	567.000
2.840	-92.000	877.679	13107.000	359.000
2.850	-81.000	944.376	13107.000	147.000
2.860	-68.000	1051.063	13107.000	-63.000
2.870	-51.000	1245.744	13107.000	-265.000
2.880	-30.000	1502.021	13107.000	-454.000
2.890	-2.000	1891.415	13107.000	-630.000
2.900	30.000	2283.990	13107.000	-781.000
2.910	67.000	2708.793	13107.000	-909.000
2.920	107.000	3096.155	13107.000	-1011.000
2.930	145.000	3307.309	13107.000	-1082.000
2.940	181.000	3395.116	13107.000	-1122.000
2.950	213.000	3336.581	13107.000	-1131.000
2.960	238.000	3085.607	13107.000	-1105.000
2.970	255.000	2669.925	13107.000	-1046.000
2.980	266.000	2198.947	13107.000	-954.000
2.990	269.000	1629.263	13107.000	-833.000
3.000	267.000	1080.484	13107.000	-684.000
3.010	257.000	456.339	13107.000	-512.000
3.020	241.000	-160.563	13107.000	-323.000
3.030	220.000	-742.394	13107.000	-119.000
3.040	193.000	-1329.676	13107.000	92.000
3.050	162.000	-1860.773	13107.000	306.000
3.060	129.000	-2292.541	13107.000	516.000
3.070	94.000	-2654.779	13107.000	716.000
3.080	57.000	-2968.345	13107.000	904.000
3.090	20.000	-3187.842	13107.000	1068.000
3.100	-19.000	-3401.489	13107.000	1213.000
3.110	-59.000	-3581.042	13107.000	1330.000
3.120	-99.000	-3706.730	13107.000	1418.000
3.130	-139.000	-3794.711	13107.000	1474.000
3.140	-177.000	-3796.298	13107.000	1497.000
3.150	-212.000	-3707.408	13107.000	1488.000
3.160	-242.000	-3495.186	13107.000	1441.000
3.170	-267.000	-3196.630	13107.000	1361.000
3.180	-287.000	-2837.641	13107.000	1248.000
3.190	-300.000	-2376.349	13107.000	1105.000
3.200	-306.000	-1843.444	13107.000	934.000
3.210	-306.000	-1290.411	13107.000	742.000
3.220	-298.000	-663.288	13107.000	532.000
3.230	-281.000	45.699	13107.000	309.000
3.240	-256.000	781.989	13107.000	79.000
3.250	-222.000	1567.392	13107.000	-151.000
3.260	-179.000	2387.175	13107.000	-375.000
3.270	-131.000	3111.022	13107.000	-590.000
3.280	-79.000	3737.716	13107.000	-783.000
3.290	-25.000	4236.401	13107.000	-957.000
3.300	28.000	4555.481	13107.000	-1102.000
3.310	78.000	4688.836	13107.000	-1219.000
3.320	121.000	4572.186	13107.000	-1302.000
3.330	155.000	4220.530	13107.000	-1350.000
3.340	179.000	3674.371	13107.000	-1363.000
3.350	190.000	2902.060	13107.000	-1339.000
3.360	190.000	2031.442	13107.000	-1277.000
3.370	175.000	972.009	13107.000	-1181.000
3.380	148.000	-129.594	13107.000	-1052.000
3.390	111.000	-1200.715	13107.000	-896.000
3.400	66.000	-2190.501	13107.000	-718.000
3.410	14.000	-3093.351	13107.000	-520.000
3.420	-41.000	-3815.345	13107.000	-313.000
3.430	-100.000	-4440.742	13107.000	-102.000
3.440	-161.000	-4938.519	13107.000	109.000
3.450	-223.000	-5316.963	13107.000	313.000
3.460	-282.000	-5491.874	13107.000	503.000
3.470	-337.000	-5494.312	13107.000	676.000
3.480	-385.000	-5286.018	13107.000	823.000
3.490	-424.000	-4870.213	13107.000	945.000
3.500	-451.000	-4219.149	13107.000	1039.000
3.510	-467.000	-3433.404	13107.000	1100.000
3.520	-470.000	-2493.383	13107.000	1129.000
3.530	-461.000	-1475.368	13107.000	1126.000
3.540	-439.000	-372.758	13107.000	1089.000
3.550	-407.000	699.070	13107.000	1021.000
3.560	-368.000	1659.349	13107.000	925.000
3.570	-322.000	2541.544	13107.000	804.000
3.580	-271.000	3309.081	13107.000	662.000
3.590	-217.000	3936.357	13107.000	505.000
3.600	-160.000	4465.450	13107.000	336.000
3.610	-101.000	4895.815	13107.000	163.000
3.620	-41.000	5227.070	13107.000	-10.000
3.630	20.000	5488.949	13107.000	-179.000
3.640	80.000	5642.264	13107.000	-331.000
3.650	141.000	5779.585	13107.000	-472.000
3.660	200.000	5815.710	13107.000	-594.000
3.670	254.000	5690.997	13107.000	-690.000
3.680	304.000	5483.698	13107.000	-761.000
3.690	346.000	5098.588	13107.000	-803.000
3.700	380.000	4589.012	13107.000	-816.000
3.710	403.000	3902.308	13107.000	-799.000
3.720	416.000	3121.616	13107.000	-751.000
3.730	420.000	2305.131	13107.000	-672.000
3.740	417.000	1523.592	13107.000	-566.000
3.750	405.000	706.514	13107.000	-436.000
3.760	386.000	-75.440	13107.000	-284.000
3.770	362.000	-772.808	13107.000	-116.000
3.780	333.000	-1410.966	13107.000	64.000
3.790	301.000	-1947.676	13107.000	252.000
3.800	266.000	-2413.373	13107.000	440.000
3.810	227.000	-2859.361	13107.000	625.000
3.820	186.000	-3231.553	13107.000	800.000
3.830	139.000	-3672.087	13107.000	962.000
3.840	87.000	-4130.461	13107.000	1107.000
3.850	29.000	-4631.323	13107.000	1227.000
3.860	-34.000	-5131.926	13107.000	1323.000
3.870	-99.000	-5542.348	13107.000	1389.000
3.880	-162.000	-5769.644	13107.000	1425.000
3.890	-221.000	-5808.751	13107.000	1429.000
3.900	-270.000	-5536.125	13107.000	1397.000
3.910	-308.000	-5015.288	13107.000	1331.000
3.920	-333.000	-4260.701	13107.000	1232.000
3.930	-342.000	-3252.491	13107.000	1101.000
3.940	-338.000	-2156.744	13107.000	935.000
3.950	-318.000	-909.721	13107.000	759.000
3.960	-283.000	413.196	13107.000	557.000
3.970	-236.000	1699.237	13107.000	343.000
3.980	-177.000	2959.466	13107.000	118.000
3.990	-109.000	4111.626	13107.000	-110.000
4.000	-41.000	4918.138	13107.000	-315.000
4.010	34.000	5692.697	13107.000	-518.000
4.020	107.000	6174.888	13107.000	-699.000
4.030	179.000	6482.421	13107.000	-858.000
4.040	246.000	6547.695	13107.000	-988.000
4.050	307.000	6413.386	13107.000	-1087.000
4.060	359.000	6049.371	13107.000	-1150.000
4.070	399.000	5434.559	13107.000	-1177.000
4.080	426.000	4614.192	13107.000	-1169.000
4.090	438.000	3589.934	13107.000	-1120.000
4.100	437.000	2482.954	13107.000	-1036.000
4.110	419.000	1198.068	13107.000	-918.000
4.120	389.000	-61.353	13107.000	-768.000
4.130	349.000	-1242.947	13107.000	-593.000
4.140	300.000	-2340.063	13107.000	-396.000
4.150	244.000	-3318.044	13107.000	-186.000
4.160	185.000	-4092.631	13107.000	33.000
4.170	122.000	-4754.842	13107.000	256.000
4.180	60.000	-5188.389	13107.000	470.000
4.190	-3.000	-5521.872	13107.000	675.000
4.200	-63.000	-5665.311	13107.000	863.000
4.210	-119.000	-5645.717	13107.000	1030.000
4.220	-170.000	-5482.002	13107.000	1171.000
4.230	-214.000	-5157.402	13107.000	1283.000
4.240	-251.000	-4720.181	13107.000	1364.000
4.250	-278.000	-4114.127	13107.000	1411.000
4.260	-294.000	-3359.889	13107.000	1423.000
4.270	-298.000	-2471.922	13107.000	1402.000
4.280	-292.000	-1550.345	13107.000	1344.000
4.290	-273.000	-515.242	13107.000	1253.000
4.300	-242.000	569.331	13107.000	1131.000
4.310	-204.000	1538.532	13107.000	985.000
4.320	-157.000	2486.972	13107.000	818.000
4.330	-104.000	3330.880	13107.000	635.000
4.340	-47.000	4041.616	13107.000	441.000
4.350	11.000	4569.131	13107.000	243.000
4.360	72.000	5028.392	13107.000	46.000
4.370	132.000	5319.874	13107.000	-143.000
4.380	190.000	5463.912	13107.000	-318.000
4.390	245.000	5474.738	13107.000	-476.000
4.400	296.000	5362.317	13107.000	-612.000
4.410	343.000	5163.622	13107.000	-720.000
4.420	384.000	4844.535	13107.000	-801.000
4.430	417.000	4381.175	13107.000	-851.000
4.440	439.000	3726.822	13107.000	-869.000
4.450	449.000	2908.776	13107.000	-856.000
4.460	449.000	2036.143	13107.000	-809.000
4.470	437.000	1065.300	13107.000	-731.000
4.480	416.000	115.710	13107.000	-624.000
4.490	389.000	-729.003	13107.000	-491.000
4.500	359.000	-1410.302	13107.000	-337.000
4.510	327.000	-1947.211	13107.000	-167.000
4.520	297.000	-2263.048	13107.000	15.000
4.530	266.000	-2514.134	13107.000	207.000
4.540	237.000	-2629.894	13107.000	394.000
4.550	208.000	-2710.925	13107.000	580.000
4.560	178.000	-2797.648	13107.000	757.000
4.570	147.000	-2888.353	13107.000	920.000
4.580	114.000	-3011.847	13107.000	1066.000
4.590	77.000	-3218.293	13107.000	1192.000
4.600	37.000	-3452.805	13107.000	1292.000
4.610	-3.000	-3616.964	13107.000	1365.000
4.620	-44.000	-3761.875	13107.000	1410.000
4.630	-82.000	-3773.312	13107.000	1424.000
4.640	-116.000	-3661.319	13107.000	1409.000
4.650	-144.000	-3402.923	13107.000	1359.000
4.660	-165.000	-3012.046	13107.000	1279.000
4.670	-180.000	-2558.432	13107.000	1170.000
4.680	-187.000	-2000.903	13107.000	1033.000
4.690	-188.000	-1430.632	13107.000	873.000
4.700	-182.000	-821.442	13107.000	694.000
4.710	-169.000	-185.010	13107.000	500.000
4.720	-150.000	440.493	13107.000	296.000
4.730	-125.000	1058.345	13107.000	87.000
4.740	-94.000	1670.842	13107.000	-120.000
4.750	-58.000	2249.589	13107.000	-319.000
4.760	-17.000	2804.712	13107.000	-507.000
4.770	26.000	3253.299	13107.000	-677.000
4.780	71.000	3627.309	13107.000	-826.000
4.790	115.000	3859.116	13107.000	-950.000
4.800	159.000	4021.381	13107.000	-1044.000
4.810	200.000	4044.967	13107.000	-1109.000
4.820	235.000	3881.477	13107.000	-1140.000
4.830	264.000	3587.034	13107.000	-1139.000
4.840	285.000	3140.924	13107.000	-1102.000
4.850	297.000	2558.647	13107.000	-1031.000
4.860	302.000	1941.053	13107.000	-927.000
4.870	301.000	1328.737	13107.000	-796.000
4.880	290.000	600.116	13107.000	-637.000
4.890	273.000	-89.919	13107.000	-456.000
4.900	251.000	-722.943	13107.000	-258.000
4.910	223.000	-1346.060	13107.000	-49.000
4.920	191.000	-1902.242	13107.000	166.000
4.930	156.000	-2381.570	13107.000	381.000
4.940	119.000	-2777.099	13107.000	590.000
4.950	80.000	-3113.969	13107.000	787.000
4.960	40.000	-3379.778	13107.000	968.000
4.970	0.000	-3565.845	13107.000	1128.000
4.980	-40.000	-3696.091	13107.000	1264.000
4.990	-78.000	-3727.264	13107.000	1371.000
5.000	-112.000	-3629.085	13107.000	1447.000
5.010	-141.000	-3410.359	13107.000	1491.000
5.020	-162.000	-3017.252	13107.000	1501.000
5.030	-175.000	-2502.076	13107.000	1477.000
5.040	-178.000	-1841.453	13107.000	1419.000
5.050	-174.000	-1169.017	13107.000	1328.000
5.060	-158.000	-338.312	13107.000	1207.000
5.070	-135.000	453.182	13107.000	1060.000
5.080	-105.000	1217.227	13107.000	891.000
5.090	-70.000	1902.059	13107.000	705.000
5.100	-31.000	2501.441	13107.000	508.000
5.110	11.000	3011.009	13107.000	305.000
5.120	53.000	3367.706	13107.000	101.000
5.130	96.000	3647.394	13107.000	-96.000
5.140	137.000	3783.176	13107.000	-282.000
5.150	179.000	3908.223	13107.000	-452.000
5.160	218.000	3905.756	13107.000	-602.000
5.170	256.000	3874.029	13107.000	-728.000
5.180	291.000	3761.821	13107.000	-826.000
5.190	321.000	3533.274	13107.000	-895.000
5.200	346.000	3223.292	13107.000	-933.000
5.210	365.000	2826.304	13107.000	-940.000
5.220	376.000	2308.413	13107.000	-913.000
5.230	379.000	1705.889	13107.000	-855.000
5.240	376.000	1104.122	13107.000	-764.000
5.250	363.000	382.886	13107.000	-646.000
5.260	343.000	-331.980	13107.000	-504.000
5.270	316.000	-1042.386	13107.000	-340.000
5.280	282.000	-1749.670	13107.000	-161.000
5.290	242.000	-2424.769	13107.000	29.000
5.300	195.000	-3107.338	13107.000	224.000
5.310	143.000	-3735.137	13107.000	419.000
5.320	87.000	-4294.596	13107.000	606.000
5.330	26.000	-4836.217	13107.000	781.000
5.340	-37.000	-5275.352	13107.000	940.000
5.350	-103.000	-5672.746	13107.000	1076.000
5.360	-169.000	-5950.922	13107.000	1188.000
5.370	-233.000	-6085.646	13107.000	1270.000
5.380	-292.000	-6029.952	13107.000	1320.000
5.390	-344.000	-5780.966	13107.000	1337.000
5.400	-386.000	-5306.676	13107.000	1322.000
5.410	-416.000	-4614.674	13107.000	1269.000
5.420	-431.000	-3680.271	13107.000	1181.000
5.430	-434.000	-2666.190	13107.000	1062.000
5.440	-420.000	-1446.333	13107.000	913.000
5.450	-391.000	-142.433	13107.000	740.000
5.460	-349.000	1160.297	13107.000	546.000
5.470	-296.000	2402.208	13107.000	338.000
5.480	-235.000	3511.545	13107.000	122.000
5.490	-168.000	4468.082	13107.000	-95.000
5.500	-99.000	5197.657	13107.000	-305.000
5.510	-28.000	5768.360	13107.000	-505.000
5.520	40.000	6077.852	13107.000	-687.000
5.530	105.000	6204.496	13107.000	-846.000
5.540	168.000	6233.148	13107.000	-979.000
5.550	225.000	6073.203	13107.000	-1082.000
5.560	274.000	5721.242	13107.000	-1152.000
5.570	312.000	5144.870	13107.000	-1186.000
5.580	335.000	4291.409	13107.000	-1186.000
5.590	343.000	3243.986	13107.000	-1148.000
5.600	336.000	2060.790	13107.000	-1074.000
5.610	311.000	692.553	13107.000	-967.000
5.620	271.000	-715.213	13107.000	-830.000
5.630	218.000	-2090.649	13107.000	-668.000
5.640	153.000	-3413.454	13107.000	-485.000
5.650	81.000	-4549.418	13107.000	-289.000
5.660	3.000	-5524.593	13107.000	-83.000
5.670	-76.000	-6237.215	13107.000	120.000
5.680	-156.000	-6766.050	13107.000	318.000
5.690	-234.000	-7076.235	13107.000	504.000
5.700	-309.000	-7203.365	13107.000	674.000
5.710	-376.000	-7052.355	13107.000	821.000
5.720	-435.000	-6706.649	13107.000	942.000
5.730	-482.000	-6104.654	13107.000	1033.000
5.740	-515.000	-5263.258	13107.000	1093.000
5.750	-531.000	-4164.281	13107.000	1119.000
5.760	-530.000	-2884.996	13107.000	1112.000
5.770	-507.000	-1329.497	13107.000	1070.000
5.780	-465.000	329.352	13107.000	996.000
5.790	-406.000	2000.546	13107.000	894.000
5.800	-330.000	3680.382	13107.000	767.000
5.810	-242.000	5216.268	13107.000	619.000
5.820	-144.000	6591.387	13107.000	459.000
5.830	-38.000	7793.971	13107.000	291.000
5.840	72.000	8755.780	13107.000	122.000
5.850	182.000	9429.046	13107.000	-41.000
5.860	291.000	9870.332	13107.000	-192.000
5.870	395.000	10029.232	13107.000	-327.000
5.880	490.000	9870.463	13107.000	-438.000
5.890	574.000	9429.324	13107.000	-525.000
5.900	642.000	8640.527	13107.000	-581.000
5.910	689.000	7458.369	13107.000	-607.000
5.920	710.000	5850.858	13107.000	-601.000
5.930	706.000	3975.601	13107.000	-561.000
5.940	673.000	1792.920	13107.000	-490.000
5.950	615.000	-484.956	13107.000	-390.000
5.960	536.000	-2709.469	13107.000	-265.000
5.970	441.000	-4746.628	13107.000	-120.000
5.980	334.000	-6532.640	13107.000	37.000
5.990	221.000	-7962.848	13107.000	201.000
6.000	106.000	-9023.993	13107.000	366.000
6.010	-5.000	-9646.795	13107.000	524.000
6.020	-107.000	-9812.757	13107.000	669.000
6.030	-201.000	-9688.930	13107.000	798.000
6.040	-283.000	-9242.251	13107.000	904.000
6.050	-349.000	-8449.576	13107.000	985.000
6.060	-397.000	-7354.703	13107.000	1037.000
6.070	-425.000	-5988.292	13107.000	1059.000
6.080	-432.000	-4401.804	13107.000	1052.000
6.090	-420.000	-2721.263	13107.000	1012.000
6.100	-384.000	-824.884	13107.000	943.000
6.110	-327.000	1132.581	13107.000	846.000
6.120	-253.000	3012.807	13107.000	728.000
6.130	-165.000	4748.965	13107.000	592.000
6.140	-68.000	6234.275	13107.000	443.000
6.150	34.000	7423.993	13107.000	288.000
6.160	137.000	8286.795	13107.000	132.000
6.170	232.000	8650.756	13107.000	-15.000
6.180	318.000	8635.530	13107.000	-151.000
6.190	391.000	8234.871	13107.000	-272.000
6.200	447.000	7444.409	13107.000	-371.000
6.210	484.000	6321.087	13107.000	-447.000
6.220	500.000	4904.761	13107.000	-498.000
6.230	496.000	3313.332	13107.000	-521.000
6.240	468.000	1479.333	13107.000	-519.000
6.250	419.000	-434.467	13107.000	-489.000
6.260	350.000	-2374.127	13107.000	-434.000
6.270	266.000	-4181.889	13107.000	-359.000
6.280	169.000	-5837.322	13107.000	-266.000
6.290	62.000	-7296.126	13107.000	-162.000
6.300	-49.000	-8437.288	13107.000	-51.000
6.310	-162.000	-9296.102	13107.000	63.000
6.320	-268.000	-9687.271	13107.000	170.000
6.330	-369.000	-9811.090	13107.000	270.000
6.340	-458.000	-9537.763	13107.000	356.000
6.350	-531.000	-8866.434	13107.000	424.000
6.360	-588.000	-7916.504	13107.000	471.000
6.370	-627.000	-6711.553	13107.000	496.000
6.380	-645.000	-5238.087	13107.000	499.000
6.390	-646.000	-3696.661	13107.000	476.000
6.400	-626.000	-1987.663	13107.000	430.000
6.410	-588.000	-251.364	13107.000	360.000
6.420	-536.000	1384.045	13107.000	275.000
6.430	-471.000	2918.832	13107.000	173.000
6.440	-398.000	4233.182	13107.000	59.000
6.450	-320.000	5303.228	13107.000	-61.000
6.460	-241.000	6082.259	13107.000	-182.000
6.470	-165.000	6537.582	13107.000	-300.000
6.480	-95.000	6676.307	13107.000	-410.000
6.490	-36.000	6443.415	13107.000	-507.000
6.500	10.000	5890.390	13107.000	-589.000
6.510	41.000	5053.273	13107.000	-652.000
6.520	55.000	3957.291	13107.000	-694.000
6.530	53.000	2710.104	13107.000	-715.000
6.540	32.000	1267.073	13107.000	-715.000
6.550	-6.000	-253.049	13107.000	-692.000
6.560	-61.000	-1827.134	13107.000	-648.000
6.570	-126.000	-3228.994	13107.000	-589.000
6.580	-204.000	-4600.296	13107.000	-515.000
6.590	-289.000	-5770.207	13107.000	-430.000
6.600	-379.000	-6739.145	13107.000	-340.000
6.610	-470.000	-7447.401	13107.000	-248.000
6.620	-555.000	-7763.181	13107.000	-161.000
6.630	-635.000	-7834.227	13107.000	-80.000
6.640	-706.000	-7613.959	13107.000	-10.000
6.650	-765.000	-7099.771	13107.000	46.000
6.660	-809.000	-6289.840	13107.000	83.000
6.670	-838.000	-5272.888	13107.000	103.000
6.680	-851.000	-4081.021	13107.000	104.000
6.690	-849.000	-2796.715	13107.000	83.000
6.700	-829.000	-1357.701	13107.000	42.000
6.710	-795.000	69.610	13107.000	-16.000
6.720	-748.000	1458.727	13107.000	-90.000
6.730	-692.000	2701.109	13107.000	-175.000
6.740	-629.000	3780.776	13107.000	-271.000
6.750	-564.000	4596.543	13107.000	-369.000
6.760	-498.000	5197.580	13107.000	-468.000
6.770	-435.000	5528.306	13107.000	-564.000
6.780	-379.000	5549.814	13107.000	-653.000
6.790	-331.000	5324.870	13107.000	-730.000
6.800	-295.000	4807.409	13107.000	-793.000
6.810	-272.000	4055.186	13107.000	-841.000
6.820	-264.000	3078.630	13107.000	-870.000
6.830	-268.000	2035.041	13107.000	-881.000
6.840	-290.000	764.529	13107.000	-876.000
6.850	-326.000	-544.830	13107.000	-851.000
6.860	-374.000	-1821.381	13107.000	-809.000
6.870	-433.000	-3044.967	13107.000	-754.000
6.880	-500.000	-4141.477	13107.000	-688.000
6.890	-573.000	-5089.034	13107.000	-614.000
6.900	-647.000	-5782.324	13107.000	-537.000
6.910	-722.000	-6297.626	13107.000	-460.000
6.920	-793.000	-6538.339	13107.000	-386.000
6.930	-858.000	-6526.837	13107.000	-320.000
6.940	-913.000	-6218.786	13107.000	-264.000
6.950	-958.000	-5703.150	13107.000	-222.000
6.960	-990.000	-4952.205	13107.000	-194.000
6.970	-1009.000	-4036.544	13107.000	-183.000
6.980	-1014.000	-2975.580	13107.000	-188.000
6.990	-1006.000	-1842.906	13107.000	-211.000
7.000	-983.000	-600.034	13107.000	-251.000
7.010	-949.000	599.976	13107.000	-305.000
7.020	-906.000	1709.983	13107.000	-371.000
7.030	-855.000	2726.988	13107.000	-447.000
7.040	-799.000	3588.892	13107.000	-528.000
7.050	-742.000	4222.224	13107.000	-613.000
7.060	-685.000	4665.557	13107.000	-696.000
7.070	-633.000	4825.890	13107.000	-775.000
7.080	-587.000	4758.123	13107.000	-847.000
7.090	-549.000	4470.686	13107.000	-908.000
7.100	-523.000	3909.480	13107.000	-956.000
7.110	-508.000	3186.636	13107.000	-990.000
7.120	-505.000	2320.645	13107.000	-1008.000
7.130	-515.000	1324.452	13107.000	-1012.000
7.140	-538.000	237.116	13107.000	-999.000
7.150	-574.000	-914.019	13107.000	-971.000
7.160	-619.000	-1989.813	13107.000	-930.000
7.170	-673.000	-3012.869	13107.000	-878.000
7.180	-733.000	-3909.008	13107.000	-818.000
7.190	-797.000	-4656.306	13107.000	-753.000
7.200	-862.000	-5209.414	13107.000	-686.000
7.210	-925.000	-5536.590	13107.000	-621.000
7.220	-985.000	-5675.613	13107.000	-560.000
7.230	-1037.000	-5532.929	13107.000	-507.000
7.240	-1081.000	-5193.050	13107.000	-464.000
7.250	-1115.000	-4655.135	13107.000	-433.000
7.260	-1137.000	-3918.595	13107.000	-416.000
7.270	-1147.000	-3043.016	13107.000	-413.000
7.280	-1147.000	-2130.111	13107.000	-426.000
7.290	-1133.000	-1071.078	13107.000	-454.000
7.300	-1108.000	0.245	13107.000	-495.000
7.310	-1074.000	1020.172	13107.000	-548.000
7.320	-1032.000	1974.120	13107.000	-611.000
7.330	-985.000	2791.884	13107.000	-679.000
7.340	-936.000	3424.319	13107.000	-752.000
7.350	-887.000	3867.023	13107.000	-825.000
7.360	-840.000	4116.916	13107.000	-896.000
7.370	-798.000	4141.841	13107.000	-962.000
7.380	-762.000	3979.289	13107.000	-1019.000
7.390	-735.000	3595.502	13107.000	-1067.000
7.400	-718.000	3026.852	13107.000	-1102.000
7.410	-712.000	2298.796	13107.000	-1125.000
7.420	-716.000	1489.157	13107.000	-1133.000
7.430	-733.000	532.410	13107.000	-1130.000
7.440	-761.000	-467.313	13107.000	-1111.000
7.450	-799.000	-1467.119	13107.000	-1080.000
7.460	-844.000	-2376.983	13107.000	-1040.000
7.470	-896.000	-3223.888	13107.000	-991.000
7.480	-952.000	-3936.722	13107.000	-937.000
7.490	-1009.000	-4465.705	13107.000	-880.000
7.500	-1066.000	-4835.994	13107.000	-824.000
7.510	-1121.000	-5035.196	13107.000	-770.000
7.520	-1170.000	-4994.637	13107.000	-723.000
7.530	-1213.000	-4786.246	13107.000	-683.000
7.540	-1246.000	-4340.372	13107.000	-654.000
7.550	-1271.000	-3788.260	13107.000	-636.000
7.560	-1285.000	-3071.782	13107.000	-631.000
7.570	-1288.000	-2240.248	13107.000	-637.000
7.580	-1282.000	-1388.173	13107.000	-658.000
7.590	-1264.000	-431.721	13107.000	-691.000
7.600	-1238.000	477.795	13107.000	-735.000
7.610	-1205.000	1324.457	13107.000	-788.000
7.620	-1166.000	2097.120	13107.000	-848.000
7.630	-1125.000	2697.984	13107.000	-911.000
7.640	-1083.000	3148.589	13107.000	-976.000
7.650	-1042.000	3434.012	13107.000	-1041.000
7.660	-1005.000	3513.808	13107.000	-1101.000
7.670	-974.000	3389.666	13107.000	-1155.000
7.680	-949.000	3122.766	13107.000	-1201.000
7.690	-933.000	2665.936	13107.000	-1237.000
7.700	-927.000	2046.155	13107.000	-1261.000
7.710	-929.000	1372.309	13107.000	-1274.000
7.720	-943.000	540.616	13107.000	-1275.000
7.730	-966.000	-311.569	13107.000	-1264.000
7.740	-999.000	-1208.098	13107.000	-1241.000
7.750	-1039.000	-2045.669	13107.000	-1209.000
7.760	-1084.000	-2781.968	13107.000	-1169.000
7.770	-1135.000	-3477.378	13107.000	-1124.000
7.780	-1187.000	-3994.164	13107.000	-1076.000
7.790	-1239.000	-4355.915	13107.000	-1028.000
7.800	-1289.000	-4549.141	13107.000	-983.000
7.810	-1334.000	-4534.398	13107.000	-942.000
7.820	-1374.000	-4374.079	13107.000	-908.000
7.830	-1407.000	-4051.855	13107.000	-882.000
7.840	-1431.000	-3556.299	13107.000	-867.000
7.850	-1446.000	-2939.409	13107.000	-862.000
7.860	-1452.000	-2237.586	13107.000	-867.000
7.870	-1450.000	-1506.310	13107.000	-885.000
7.880	-1438.000	-694.417	13107.000	-914.000
7.890	-1418.000	113.908	13107.000	-953.000
7.900	-1391.000	889.736	13107.000	-1000.000
7.910	-1360.000	1552.815	13107.000	-1053.000
7.920	-1325.000	2136.970	13107.000	-1110.000
7.930	-1290.000	2545.879	13107.000	-1169.000
7.940	-1256.000	2802.115	13107.000	-1227.000
7.950	-1224.000	2921.481	13107.000	-1282.000
7.960	-1198.000	2825.037	13107.000	-1332.000
7.970	-1177.000	2607.526	13107.000	-1374.000
7.980	-1165.000	2185.268	13107.000	-1408.000
7.990	-1160.000	1679.688	13107.000	-1432.000
8.000	-1163.000	1085.781	13107.000	-1446.000
8.010	-1176.000	370.047	13107.000	-1449.000
8.020	-1198.000	-400.967	13107.000	-1442.000
8.030	-1227.000	-1150.677	13107.000	-1424.000
8.040	-1264.000	-1915.474	13107.000	-1398.000
8.050	-1306.000	-2600.832	13107.000	-1365.000
8.060	-1351.000	-3170.582	13107.000	-1327.000
8.070	-1397.000	-3599.408	13107.000	-1287.000
8.080	-1444.000	-3929.585	13107.000	-1247.000
8.090	-1489.000	-4100.710	13107.000	-1208.000
8.100	-1531.000	-4130.497	13107.000	-1174.000
8.110	-1568.000	-4001.348	13107.000	-1145.000
8.120	-1598.000	-3700.943	13107.000	-1124.000
8.130	-1621.000	-3280.660	13107.000	-1112.000
8.140	-1636.000	-2746.462	13107.000	-1109.000
8.150	-1642.000	-2102.524	13107.000	-1115.000
8.160	-1642.000	-1471.767	13107.000	-1132.000
8.170	-1633.000	-760.237	13107.000	-1159.000
8.180	-1616.000	-22.166	13107.000	-1194.000
8.190	-1594.000	644.484	13107.000	-1237.000
8.200	-1568.000	1231.139	13107.000	-1285.000
8.210	-1539.000	1731.797	13107.000	-1336.000
8.220	-1510.000	2082.258	13107.000	-1389.000
8.230	-1481.000	2327.581	13107.000	-1442.000
8.240	-1456.000	2379.306	13107.000	-1492.000
8.250	-1434.000	2325.515	13107.000	-1536.000
8.260	-1418.000	2107.860	13107.000	-1575.000
8.270	-1409.000	1745.502	13107.000	-1605.000
8.280	-1406.000	1311.851	13107.000	-1627.000
8.290	-1410.000	798.296	13107.000	-1639.000
8.300	-1424.000	138.807	13107.000	-1642.000
8.310	-1444.000	-502.835	13107.000	-1638.000
8.320	-1472.000	-1191.984	13107.000	-1623.000
8.330	-1505.000	-1824.389	13107.000	-1601.000
8.340	-1543.000	-2417.072	13107.000	-1574.000
8.350	-1584.000	-2921.951	13107.000	-1542.000
8.360	-1626.000	-3305.365	13107.000	-1508.000
8.370	-1668.000	-3573.756	13107.000	-1474.000
8.380	-1709.000	-3731.629	13107.000	-1441.000
8.390	-1746.000	-3722.140	13107.000	-1413.000
8.400	-1778.000	-3565.498	13107.000	-1390.000
8.410	-1805.000	-3305.849	13107.000	-1374.000
8.420	-1826.000	-2944.094	13107.000	-1365.000
8.430	-1839.000	-2450.866	13107.000	-1364.000
8.440	-1845.000	-1895.606	13107.000	-1371.000
8.450	-1846.000	-1356.924	13107.000	-1388.000
8.460	-1839.000	-739.847	13107.000	-1413.000
8.470	-1825.000	-97.893	13107.000	-1446.000
8.480	-1807.000	471.475	13107.000	-1485.000
8.490	-1785.000	990.032	13107.000	-1528.000
8.500	-1761.000	1413.023	13107.000	-1575.000
8.510	-1736.000	1739.116	13107.000	-1622.000
8.520	-1713.000	1907.381	13107.000	-1669.000
8.530	-1692.000	1965.167	13107.000	-1713.000
8.540	-1675.000	1885.617	13107.000	-1753.000
8.550	-1662.000	1709.932	13107.000	-1786.000
8.560	-1656.000	1376.952	13107.000	-1813.000
8.570	-1655.000	993.867	13107.000	-1832.000
8.580	-1661.000	515.707	13107.000	-1843.000
8.590	-1674.000	-29.005	13107.000	-1845.000
8.600	-1694.000	-620.304	13107.000	-1842.000
8.610	-1720.000	-1214.213	13107.000	-1829.000
8.620	-1750.000	-1749.949	13107.000	-1810.000
8.630	-1784.000	-2244.964	13107.000	-1785.000
8.640	-1821.000	-2681.475	13107.000	-1758.000
8.650	-1859.000	-3017.032	13107.000	-1729.000
8.660	-1896.000	-3221.923	13107.000	-1700.000
8.670	-1931.000	-3305.346	13107.000	-1673.000
8.680	-1964.000	-3303.742	13107.000	-1650.000
8.690	-1992.000	-3152.619	13107.000	-1631.000
8.700	-2015.000	-2896.834	13107.000	-1619.000
8.710	-2032.000	-2537.784	13107.000	-1613.000
8.720	-2043.000	-2106.448	13107.000	-1612.000
8.730	-2047.000	-1594.514	13107.000	-1621.000
8.740	-2047.000	-1116.160	13107.000	-1638.000
8.750	-2039.000	-541.312	13107.000	-1662.000
8.760	-2026.000	11.082	13107.000	-1691.000
8.770	-2009.000	517.757	13107.000	-1726.000
8.780	-1989.000	962.430	13107.000	-1765.000
8.790	-1968.000	1303.701	13107.000	-1806.000
8.800	-1946.000	1572.591	13107.000	-1847.000
8.810	-1925.000	1730.814	13107.000	-1887.000
8.820	-1907.000	1751.569	13107.000	-1924.000
8.830	-1892.000	1676.099	13107.000	-1956.000
8.840	-1882.000	1473.269	13107.000	-1984.000
8.850	-1877.000	1181.288	13107.000	-2004.000
8.860	-1877.000	826.902	13107.000	-2018.000
8.870	-1883.000	398.831	13107.000	-2025.000
8.880	-1896.000	-110.818	13107.000	-2025.000
8.890	-1915.000	-647.573	13107.000	-2018.000
8.900	-1938.000	-1143.301	13107.000	-2004.000
8.910	-1965.000	-1610.311	13107.000	-1984.000
8.920	-1995.000	-2027.217	13107.000	-1961.000
8.930	-2026.000	-2349.052	13107.000	-1935.000
8.940	-2058.000	-2604.337	13107.000	-1909.000
8.950	-2089.000	-2753.036	13107.000	-1883.000
8.960	-2118.000	-2797.125	13107.000	-1859.000
8.970	-2144.000	-2737.987	13107.000	-1839.000
8.980	-2166.000	-2576.591	13107.000	-1823.000
8.990	-2183.000	-2313.614	13107.000	-1812.000
9.000	-2194.000	-1949.530	13107.000	-1808.000
9.010	-2200.000	-1544.671	13107.000	-1808.000
9.020	-2200.000	-1081.270	13107.000	-1817.000
9.030	-2195.000	-606.889	13107.000	-1832.000
9.040	-2185.000	-124.822	13107.000	-1853.000
9.050	-2169.000	392.625	13107.000	-1879.000
9.060	-2151.000	814.837	13107.000	-1909.000
9.070	-2130.000	1200.386	13107.000	-1941.000
9.080	-2109.000	1470.270	13107.000	-1975.000
9.090	-2088.000	1659.189	13107.000	-2008.000
9.100	-2068.000	1761.432	13107.000	-2040.000
9.110	-2052.000	1713.003	13107.000	-2068.000
9.120	-2038.000	1619.102	13107.000	-2093.000
9.130	-2029.000	1403.371	13107.000	-2112.000
9.140	-2025.000	1102.360	13107.000	-2125.000
9.150	-2025.000	771.652	13107.000	-2132.000
9.160	-2031.000	360.156	13107.000	-2133.000
9.170	-2043.000	-107.891	13107.000	-2128.000
9.180	-2059.000	-555.523	13107.000	-2116.000
9.190	-2079.000	-988.866	13107.000	-2099.000
9.200	-2102.000	-1382.206	13107.000	-2078.000
9.210	-2127.000	-1717.545	13107.000	-2055.000
9.220	-2153.000	-1982.281	13107.000	-2030.000
9.230	-2179.000	-2167.597	13107.000	-2004.000
9.240	-2203.000	-2237.318	13107.000	-1980.000
9.250	-2225.000	-2226.122	13107.000	-1959.000
9.260	-2243.000	-2098.286	13107.000	-1941.000
9.270	-2257.000	-1888.800	13107.000	-1927.000
9.280	-2267.000	-1622.160	13107.000	-1919.000
9.290	-2271.000	-1255.512	13107.000	-1916.000
9.300	-2272.000	-908.858	13107.000	-1917.000
9.310	-2267.000	-486.201	13107.000	-1925.000
9.320	-2257.000	-40.341	13107.000	-1938.000
9.330	-2242.000	421.762	13107.000	-1957.000
9.340	-2225.000	805.233	13107.000	-1979.000
9.350	-2205.000	1163.663	13107.000	-2004.000
9.360	-2184.000	1444.564	13107.000	-2029.000
9.370	-2163.000	1641.195	13107.000	-2056.000
9.380	-2142.000	1778.836	13107.000	-2082.000
9.390	-2123.000	1815.186	13107.000	-2105.000
9.400	-2107.000	1750.630	13107.000	-2126.000
9.410	-2095.000	1585.441	13107.000	-2141.000
9.420	-2087.000	1349.809	13107.000	-2152.000
9.430	-2084.000	1034.866	13107.000	-2158.000
9.440	-2084.000	724.406	13107.000	-2158.000
9.450	-2089.000	357.084	13107.000	-2154.000
9.460	-2100.000	-80.041	13107.000	-2143.000
9.470	-2114.000	-476.029	13107.000	-2127.000
9.480	-2131.000	-843.220	13107.000	-2107.000
9.490	-2150.000	-1160.254	13107.000	-2084.000
9.500	-2170.000	-1412.178	13107.000	-2060.000
9.510	-2190.000	-1588.524	13107.000	-2035.000
9.520	-2210.000	-1711.967	13107.000	-2011.000
9.530	-2227.000	-1708.377	13107.000	-1989.000
9.540	-2242.000	-1645.864	13107.000	-1970.000
9.550	-2253.000	-1482.105	13107.000	-1954.000
9.560	-2261.000	-1277.473	13107.000	-1943.000
9.570	-2264.000	-984.231	13107.000	-1936.000
9.580	-2264.000	-688.962	13107.000	-1934.000
9.590	-2258.000	-302.273	13107.000	-1936.000
9.600	-2247.000	118.409	13107.000	-1944.000
9.610	-2233.000	502.886	13107.000	-1956.000
9.620	-2216.000	862.020	13107.000	-1972.000
9.630	-2197.000	1173.414	13107.000	-1991.000
9.640	-2176.000	1451.390	13107.000	-2011.000
9.650	-2155.000	1645.973	13107.000	-2032.000
9.660	-2135.000	1752.181	13107.000	-2052.000
9.670	-2115.000	1826.527	13107.000	-2071.000
9.680	-2098.000	1788.569	13107.000	-2087.000
9.690	-2085.000	1641.998	13107.000	-2101.000
9.700	-2075.000	1449.399	13107.000	-2109.000
9.710	-2068.000	1224.579	13107.000	-2114.000
9.720	-2067.000	887.205	13107.000	-2114.000
9.730	-2067.000	621.044	13107.000	-2110.000
9.740	-2073.000	254.731	13107.000	-2100.000
9.750	-2083.000	-121.689	13107.000	-2086.000
9.760	-2096.000	-475.182	13107.000	-2069.000
9.770	-2111.000	-782.627	13107.000	-2048.000
9.780	-2128.000	-1057.839	13107.000	-2026.000
9.790	-2145.000	-1250.487	13107.000	-2003.000
9.800	-2161.000	-1355.341	13107.000	-1981.000
9.810	-2177.000	-1428.739	13107.000	-1960.000
9.820	-2190.000	-1390.117	13107.000	-1941.000
9.830	-2200.000	-1273.082	13107.000	-1925.000
9.840	-2207.000	-1101.157	13107.000	-1912.000
9.850	-2210.000	-860.810	13107.000	-1904.000
9.860	-2210.000	-602.567	13107.000	-1900.000
9.870	-2205.000	-271.797	13107.000	-1900.000
9.880	-2196.000	79.742	13107.000	-1904.000
9.890	-2184.000	415.819	13107.000	-1913.000
9.900	-2169.000	741.074	13107.000	-1926.000
9.910	-2151.000	1058.752	13107.000	-1941.000
9.920	-2133.000	1281.126	13107.000	-1958.000
9.930	-2113.000	1496.788	13107.000	-1975.000
9.940	-2095.000	1587.752	13107.000	-1993.000
9.950	-2077.000	1651.426	13107.000	-2009.000
9.960	-2061.000	1635.998	13107.000	-2024.000
9.970	-2048.000	1535.199	13107.000	-2036.000
9.980	-2038.000	1374.639	13107.000	-2044.000
9.990	-2031.000	1172.247	13107.000	-2049.000
10.000	-2028.000	910.573	13107.000	-2050.000
