0.000	0.000	0.000	0.000	0.000
0.010	0.000	0.000	0.000	0.000
0.020	0.000	0.000	0.000	0.000
0.030	0.000	0.000	0.000	0.000
0.040	0.000	0.000	0.000	0.000
0.050	0.000	0.000	0.000	0.000
0.060	0.000	0.000	0.000	0.000
0.070	0.000	0.000	0.000	0.000
0.080	0.000	0.000	0.000	0.000
0.090	0.000	0.000	0.000	0.000
0.100	0.000	0.000	0.000	0.000
0.110	0.000	0.000	0.000	0.000
0.120	0.000	0.000	0.000	0.000
0.130	0.000	0.000	0.000	0.000
0.140	0.000	0.000	0.000	0.000
0.150	0.000	0.000	0.000	0.000
0.160	0.000	0.000	0.000	0.000
0.170	0.000	0.000	0.000	0.000
0.180	0.000	0.000	0.000	0.000
0.190	0.000	0.000	0.000	0.000
0.200	0.000	0.000	0.000	0.000
0.210	0.000	0.000	0.000	0.000
0.220	0.000	0.000	0.000	0.000
0.230	0.000	0.000	0.000	0.000
0.240	0.000	0.000	0.000	0.000
0.250	0.000	0.000	0.000	0.000
0.260	0.000	0.000	0.000	0.000
0.270	0.000	0.000	0.000	0.000
0.280	0.000	0.000	0.000	0.000
0.290	0.000	0.000	0.000	0.000
0.300	0.000	0.000	0.000	0.000
0.310	0.000	0.000	0.000	0.000
0.320	0.000	0.000	0.000	0.000
0.330	0.000	0.000	0.000	0.000
0.340	0.000	0.000	0.000	0.000
0.350	0.000	0.000	0.000	0.000
0.360	0.000	0.000	0.000	0.000
0.370	0.000	0.000	0.000	0.000
0.380	0.000	0.000	0.000	0.000
0.390	0.000	0.000	0.000	0.000
0.400	0.000	0.000	0.000	0.000
0.410	0.000	0.000	0.000	0.000
0.420	0.000	0.000	0.000	0.000
0.430	0.000	0.000	0.000	0.000
0.440	0.000	0.000	0.000	0.000
0.450	0.000	0.000	0.000	0.000
0.460	0.000	0.000	0.000	0.000
0.470	0.000	0.000	0.000	0.000
0.480	0.000	0.000	0.000	0.000
0.490	0.000	0.000	0.000	0.000
0.500	0.000	0.000	0.000	0.000
0.510	0.000	0.000	3.000	0.000
0.520	0.000	0.000	12.000	0.000
0.530	0.000	0.000	26.000	0.000
0.540	0.000	0.000	45.000	0.000
0.550	0.000	0.000	69.000	0.000
0.560	0.000	0.000	96.000	0.000
0.570	0.000	0.000	128.000	0.000
0.580	0.000	0.000	163.000	0.000
0.590	0.000	0.000	201.000	0.000
0.600	0.000	0.000	242.000	0.000
0.610	0.000	0.000	285.000	0.000
0.620	0.000	0.000	331.000	0.000
0.630	0.000	0.000	380.000	0.000
0.640	0.000	0.000	431.000	0.000
0.650	0.000	0.000	484.000	0.000
0.660	0.000	0.000	539.000	0.000
0.670	0.000	0.000	595.000	0.000
0.680	0.000	0.000	654.000	0.000
0.690	0.000	0.000	714.000	0.000
0.700	0.000	0.000	776.000	0.000
0.710	0.000	0.000	839.000	0.000
0.720	0.000	0.000	904.000	0.000
0.730	0.000	0.000	971.000	0.000
0.740	0.000	0.000	1038.000	0.000
0.750	0.000	0.000	1107.000	0.000
0.760	0.000	0.000	1178.000	0.000
0.770	0.000	0.000	1249.000	0.000
0.780	0.000	0.000	1322.000	0.000
0.790	-1.000	-30.000	1397.000	0.000
0.800	-4.000	-111.000	1473.000	0.000
0.810	-9.000	-227.700	1553.000	0.000
0.820	-14.000	-309.390	1636.000	0.000
0.830	-17.000	-306.573	1720.000	-1.000
0.840	-19.000	-274.601	1804.000	-3.000
0.850	-21.000	-252.221	1889.000	-4.000
0.860	-21.000	-176.555	1974.000	-6.000
0.870	-21.000	-123.588	2058.000	-9.000
0.880	-17.000	33.488	2141.000	-12.000
0.890	-11.000	203.442	2222.000	-15.000
0.900	-2.000	412.409	2301.000	-18.000
0.910	8.000	588.686	2377.000	-20.000
0.920	20.000	772.081	2452.000	-21.000
0.930	33.000	930.456	2526.000	-21.000
0.940	47.000	1071.319	2600.000	-21.000
0.950	62.000	1199.924	2673.000	-19.000
0.960	79.000	1349.947	2747.000	-13.000
0.970	97.000	1484.963	2820.000	-5.000
0.980	118.000	1669.474	2892.000	6.000
0.990	142.000	1888.632	2964.000	20.000
1.000	168.000	2102.042	3034.000	37.000
1.010	197.000	2341.430	3100.000	58.000
1.020	231.000	2659.001	3158.000	82.000
1.030	270.000	3031.300	3208.000	111.000
1.040	316.000	3501.910	3248.000	144.000
1.050	366.000	3951.337	3279.000	181.000
1.060	422.000	4445.936	3301.000	223.000
1.070	484.000	4972.155	3315.000	271.000
1.080	551.000	5490.509	3320.000	323.000
1.090	623.000	6003.356	3318.000	383.000
1.100	698.000	6452.349	3311.000	448.000
1.110	776.000	6856.644	3299.000	520.000
1.120	854.000	7139.651	3284.000	599.000
1.130	930.000	7277.756	3270.000	685.000
1.140	1003.000	7284.429	3259.000	778.000
1.150	1070.000	7109.100	3254.000	875.000
1.160	1130.000	6776.370	3258.000	977.000
1.170	1183.000	6333.459	3272.000	1085.000
1.180	1225.000	5693.421	3299.000	1194.000
1.190	1255.000	4885.395	3341.000	1303.000
1.200	1273.000	3959.776	3399.000	1412.000
1.210	1277.000	2891.844	3476.000	1515.000
1.220	1273.000	1904.290	3569.000	1613.000
1.230	1258.000	883.003	3677.000	1700.000
1.240	1235.000	-71.898	3798.000	1776.000
1.250	1206.000	-920.328	3930.000	1837.000
1.260	1173.000	-1634.230	4069.000	1881.000
1.270	1138.000	-2193.961	4212.000	1906.000
1.280	1099.000	-2705.773	4356.000	1912.000
1.290	1060.000	-3064.041	4501.000	1897.000
1.300	1020.000	-3344.829	4643.000	1859.000
1.310	979.000	-3571.380	4781.000	1800.000
1.320	937.000	-3759.966	4916.000	1718.000
1.330	895.000	-3891.976	5046.000	1619.000
1.340	848.000	-4134.383	5173.000	1499.000
1.350	797.000	-4424.068	5299.000	1365.000
1.360	740.000	-4806.848	5425.000	1214.000
1.370	676.000	-5284.793	5553.000	1054.000
1.380	602.000	-5919.355	5687.000	883.000
1.390	521.000	-6573.549	5826.000	706.000
1.400	430.000	-7331.484	5973.000	525.000
1.410	331.000	-8102.039	6127.000	343.000
1.420	223.000	-8911.427	6289.000	161.000
1.430	111.000	-9597.999	6458.000	-19.000
1.440	-5.000	-10198.599	6630.000	-195.000
1.450	-117.000	-10499.020	6802.000	-363.000
1.460	-223.000	-10529.314	6968.000	-526.000
1.470	-315.000	-10130.520	7122.000	-678.000
1.480	-389.000	-9311.364	7257.000	-822.000
1.490	-439.000	-8017.955	7365.000	-953.000
1.500	-465.000	-6392.568	7441.000	-1070.000
1.510	-470.000	-4624.798	7483.000	-1172.000
1.520	-457.000	-2847.358	7493.000	-1253.000
1.530	-428.000	-1123.151	7475.000	-1315.000
1.540	-387.000	443.794	7431.000	-1354.000
1.550	-341.000	1690.656	7371.000	-1367.000
1.560	-290.000	2713.459	7299.000	-1357.000
1.570	-239.000	3429.421	7223.000	-1318.000
1.580	-187.000	3960.595	7148.000	-1252.000
1.590	-136.000	4302.417	7076.000	-1159.000
1.600	-88.000	4451.692	7012.000	-1042.000
1.610	-41.000	4526.184	6958.000	-901.000
1.620	5.000	4548.329	6912.000	-739.000
1.630	51.000	4563.830	6876.000	-560.000
1.640	95.000	4514.681	6848.000	-367.000
1.650	138.000	4450.277	6829.000	-164.000
1.660	178.000	4315.194	6818.000	48.000
1.670	213.000	4070.636	6817.000	256.000
1.680	245.000	3809.445	6826.000	465.000
1.690	273.000	3506.611	6845.000	665.000
1.700	297.000	3174.628	6872.000	853.000
1.710	317.000	2822.240	6909.000	1027.000
1.720	330.000	2365.568	6954.000	1180.000
1.730	336.000	1835.897	7010.000	1313.000
1.740	335.000	1255.128	7077.000	1419.000
1.750	320.000	428.590	7156.000	1497.000
1.760	296.000	-419.987	7250.000	1546.000
1.770	264.000	-1253.991	7356.000	1564.000
1.780	225.000	-2047.794	7474.000	1552.000
1.790	180.000	-2783.456	7601.000	1506.000
1.800	133.000	-3358.419	7735.000	1428.000
1.810	83.000	-3850.893	7873.000	1318.000
1.820	34.000	-4165.625	8011.000	1179.000
1.830	-14.000	-4355.938	8147.000	1014.000
1.840	-60.000	-4429.156	8279.000	821.000
1.850	-101.000	-4330.409	8404.000	614.000
1.860	-140.000	-4201.287	8522.000	388.000
1.870	-177.000	-4050.901	8632.000	152.000
1.880	-213.000	-3915.630	8735.000	-91.000
1.890	-248.000	-3790.941	8831.000	-333.000
1.900	-282.000	-3673.659	8923.000	-569.000
1.910	-314.000	-3531.561	9010.000	-797.000
1.920	-342.000	-3312.093	9092.000	-1009.000
1.930	-364.000	-2978.465	9167.000	-1204.000
1.940	-378.000	-2504.926	9233.000	-1376.000
1.950	-381.000	-1843.448	9288.000	-1522.000
1.960	-375.000	-1110.413	9331.000	-1644.000
1.970	-356.000	-207.289	9359.000	-1726.000
1.980	-325.000	784.897	9372.000	-1779.000
1.990	-284.000	1779.428	9370.000	-1798.000
2.000	-235.000	2715.600	9355.000	-1782.000
2.010	-181.000	3520.920	9330.000	-1729.000
2.020	-124.000	4174.644	9299.000	-1639.000
2.030	-66.000	4662.251	9264.000	-1515.000
2.040	-9.000	4973.575	9230.000	-1357.000
2.050	43.000	5041.503	9201.000	-1169.000
2.060	91.000	4969.052	9180.000	-954.000
2.070	133.000	4738.336	9169.000	-712.000
2.080	167.000	4336.835	9171.000	-461.000
2.090	194.000	3845.785	9186.000	-195.000
2.100	215.000	3322.049	9215.000	77.000
2.110	229.000	2745.435	9258.000	348.000
2.120	237.000	2161.804	9313.000	612.000
2.130	239.000	1573.263	9380.000	867.000
2.140	236.000	1011.284	9457.000	1097.000
2.150	225.000	377.899	9544.000	1306.000
2.160	210.000	-185.471	9640.000	1487.000
2.170	193.000	-639.830	9742.000	1637.000
2.180	174.000	-1017.881	9849.000	1751.000
2.190	155.000	-1282.516	9958.000	1828.000
2.200	136.000	-1467.762	10067.000	1866.000
2.210	118.000	-1567.433	10174.000	1866.000
2.220	100.000	-1637.203	10279.000	1825.000
2.230	82.000	-1686.042	10381.000	1744.000
2.240	65.000	-1690.230	10479.000	1627.000
2.250	47.000	-1723.161	10575.000	1475.000
2.260	28.000	-1776.212	10669.000	1292.000
2.270	6.000	-1903.349	10762.000	1083.000
2.280	-19.000	-2082.344	10856.000	852.000
2.290	-50.000	-2387.641	10952.000	601.000
2.300	-85.000	-2721.349	11051.000	347.000
2.310	-126.000	-3134.944	11156.000	84.000
2.320	-171.000	-3544.461	11265.000	-179.000
2.330	-218.000	-3891.123	11378.000	-436.000
2.340	-264.000	-4103.786	11492.000	-682.000
2.350	-307.000	-4162.650	11606.000	-915.000
2.360	-345.000	-4053.855	11715.000	-1128.000
2.370	-374.000	-3707.699	11816.000	-1318.000
2.380	-390.000	-3075.389	11905.000	-1484.000
2.390	-394.000	-2272.772	11978.000	-1621.000
2.400	-387.000	-1380.941	12034.000	-1729.000
2.410	-368.000	-396.658	12073.000	-1801.000
2.420	-339.000	592.339	12095.000	-1841.000
2.430	-301.000	1554.637	12102.000	-1846.000
2.440	-258.000	2378.246	12098.000	-1813.000
2.450	-212.000	3044.772	12085.000	-1744.000
2.460	-163.000	3601.341	12067.000	-1639.000
2.470	-113.000	4020.938	12048.000	-1501.000
2.480	-61.000	4374.657	12029.000	-1330.000
2.490	-8.000	4652.260	12011.000	-1129.000
2.500	47.000	4906.582	11995.000	-908.000
2.510	106.000	5204.607	11981.000	-665.000
2.520	169.000	5533.225	11967.000	-406.000
2.530	237.000	5913.258	11953.000	-137.000
2.540	310.000	6329.280	11938.000	137.000
2.550	389.000	6800.496	11921.000	411.000
2.560	472.000	7250.347	11901.000	681.000
2.570	559.000	7685.243	11880.000	941.000
2.580	648.000	8049.670	11857.000	1189.000
2.590	737.000	8304.769	11835.000	1424.000
2.600	821.000	8333.338	11817.000	1635.000
2.610	897.000	8113.337	11807.000	1822.000
2.620	965.000	7719.336	11809.000	1987.000
2.630	1020.000	7053.535	11826.000	2128.000
2.640	1063.000	6227.475	11861.000	2237.000
2.650	1093.000	5259.232	11915.000	2318.000
2.660	1111.000	4221.463	11989.000	2370.000
2.670	1116.000	3105.024	12082.000	2391.000
2.680	1110.000	1993.517	12193.000	2382.000
2.690	1091.000	825.462	12322.000	2341.000
2.700	1061.000	-322.177	12467.000	2270.000
2.710	1022.000	-1395.524	12626.000	2170.000
2.720	975.000	-2386.867	12797.000	2043.000
2.730	919.000	-3350.807	12976.000	1890.000
2.740	856.000	-4235.565	13107.000	1716.000
2.750	784.000	-5124.895	13107.000	1522.000
2.760	705.000	-5957.427	13107.000	1313.000
2.770	617.000	-6810.199	13107.000	1088.000
2.780	525.000	-7527.139	13107.000	856.000
2.790	429.000	-8148.997	13107.000	618.000
2.800	332.000	-8614.298	13107.000	378.000
2.810	238.000	-8850.009	13107.000	139.000
2.820	148.000	-8895.006	13107.000	-94.000
2.830	64.000	-8746.504	13107.000	-318.000
2.840	-14.000	-8462.553	13107.000	-530.000
2.850	-85.000	-8053.787	13107.000	-728.000
2.860	-146.000	-7467.651	13107.000	-908.000
2.870	-197.000	-6757.356	13107.000	-1067.000
2.880	-235.000	-5870.149	13107.000	-1203.000
2.890	-258.000	-4799.104	13107.000	-1314.000
2.900	-268.000	-3659.373	13107.000	-1398.000
2.910	-268.000	-2561.561	13107.000	-1454.000
2.920	-255.000	-1403.093	13107.000	-1481.000
2.930	-234.000	-352.165	13107.000	-1480.000
2.940	-205.000	623.485	13107.000	-1447.000
2.950	-169.000	1516.439	13107.000	-1383.000
2.960	-128.000	2291.507	13107.000	-1291.000
2.970	-83.000	2954.055	13107.000	-1170.000
2.980	-34.000	3537.839	13107.000	-1024.000
2.990	17.000	4006.487	13107.000	-855.000
3.000	69.000	4364.541	13107.000	-666.000
3.010	120.000	4585.179	13107.000	-460.000
3.020	166.000	4589.625	13107.000	-244.000
3.030	208.000	4472.738	13107.000	-18.000
3.040	244.000	4210.916	13107.000	211.000
3.050	272.000	3787.641	13107.000	437.000
3.060	294.000	3311.349	13107.000	657.000
3.070	310.000	2797.944	13107.000	866.000
3.080	320.000	2258.561	13107.000	1058.000
3.090	326.000	1760.993	13107.000	1230.000
3.100	328.000	1292.695	13107.000	1379.000
3.110	327.000	874.886	13107.000	1501.000
3.120	320.000	402.420	13107.000	1593.000
3.130	309.000	-48.306	13107.000	1654.000
3.140	295.000	-453.814	13107.000	1683.000
3.150	277.000	-857.670	13107.000	1680.000
3.160	256.000	-1230.369	13107.000	1642.000
3.170	231.000	-1611.258	13107.000	1570.000
3.180	203.000	-1967.881	13107.000	1466.000
3.190	172.000	-2307.517	13107.000	1335.000
3.200	137.000	-2665.262	13107.000	1176.000
3.210	97.000	-3065.683	13107.000	993.000
3.220	52.000	-3495.978	13107.000	791.000
3.230	2.000	-3947.185	13107.000	574.000
3.240	-52.000	-4383.029	13107.000	345.000
3.250	-110.000	-4808.121	13107.000	109.000
3.260	-171.000	-5195.684	13107.000	-128.000
3.270	-234.000	-5526.979	13107.000	-363.000
3.280	-300.000	-5848.885	13107.000	-592.000
3.290	-368.000	-6134.220	13107.000	-810.000
3.300	-434.000	-6273.954	13107.000	-1015.000
3.310	-494.000	-6191.768	13107.000	-1202.000
3.320	-546.000	-5894.237	13107.000	-1371.000
3.330	-586.000	-5325.966	13107.000	-1516.000
3.340	-614.000	-4568.176	13107.000	-1637.000
3.350	-628.000	-3617.723	13107.000	-1733.000
3.360	-631.000	-2622.406	13107.000	-1799.000
3.370	-625.000	-1655.684	13107.000	-1837.000
3.380	-607.000	-618.979	13107.000	-1846.000
3.390	-581.000	346.715	13107.000	-1824.000
3.400	-547.000	1262.700	13107.000	-1772.000
3.410	-506.000	2113.890	13107.000	-1689.000
3.420	-459.000	2889.723	13107.000	-1578.000
3.430	-408.000	3552.806	13107.000	-1439.000
3.440	-353.000	4136.964	13107.000	-1276.000
3.450	-295.000	4635.875	13107.000	-1094.000
3.460	-233.000	5105.113	13107.000	-891.000
3.470	-167.000	5553.579	13107.000	-674.000
3.480	-98.000	5957.505	13107.000	-447.000
3.490	-26.000	6330.254	13107.000	-213.000
3.500	47.000	6621.178	13107.000	26.000
3.510	116.000	6704.824	13107.000	257.000
3.520	181.000	6643.377	13107.000	486.000
3.530	240.000	6420.364	13107.000	705.000
3.540	289.000	5964.255	13107.000	910.000
3.550	329.000	5374.978	13107.000	1097.000
3.560	356.000	4572.485	13107.000	1264.000
3.570	372.000	3680.739	13107.000	1408.000
3.580	376.000	2696.518	13107.000	1525.000
3.590	371.000	1737.562	13107.000	1613.000
3.600	355.000	736.294	13107.000	1671.000
3.610	331.000	-204.594	13107.000	1697.000
3.620	301.000	-1043.216	13107.000	1692.000
3.630	266.000	-1780.251	13107.000	1652.000
3.640	227.000	-2416.176	13107.000	1578.000
3.650	187.000	-2891.323	13107.000	1473.000
3.660	145.000	-3283.926	13107.000	1337.000
3.670	101.000	-3618.748	13107.000	1174.000
3.680	55.000	-3913.124	13107.000	987.000
3.690	5.000	-4239.187	13107.000	778.000
3.700	-48.000	-4557.431	13107.000	549.000
3.710	-103.000	-4840.201	13107.000	317.000
3.720	-161.000	-5128.141	13107.000	73.000
3.730	-223.000	-5449.699	13107.000	-176.000
3.740	-285.000	-5674.789	13107.000	-421.000
3.750	-346.000	-5802.352	13107.000	-655.000
3.760	-407.000	-5891.647	13107.000	-883.000
3.770	-467.000	-5924.153	13107.000	-1096.000
3.780	-523.000	-5826.907	13107.000	-1289.000
3.790	-570.000	-5488.835	13107.000	-1463.000
3.800	-606.000	-4922.184	13107.000	-1615.000
3.810	-627.000	-4075.529	13107.000	-1736.000
3.820	-634.000	-3062.870	13107.000	-1832.000
3.830	-630.000	-2024.009	13107.000	-1897.000
3.840	-610.000	-816.806	13107.000	-1932.000
3.850	-580.000	328.235	13107.000	-1936.000
3.860	-540.000	1429.765	13107.000	-1905.000
3.870	-493.000	2410.835	13107.000	-1841.000
3.880	-440.000	3277.585	13107.000	-1744.000
3.890	-385.000	3944.309	13107.000	-1617.000
3.900	-326.000	4531.017	13107.000	-1461.000
3.910	-265.000	5001.712	13107.000	-1278.000
3.920	-203.000	5361.198	13107.000	-1072.000
3.930	-140.000	5642.839	13107.000	-847.000
3.940	-78.000	5809.987	13107.000	-607.000
3.950	-18.000	5866.991	13107.000	-356.000
3.960	39.000	5816.894	13107.000	-100.000
3.970	92.000	5661.826	13107.000	157.000
3.980	140.000	5403.278	13107.000	410.000
3.990	182.000	5042.295	13107.000	654.000
4.000	218.000	4609.606	13107.000	881.000
4.010	247.000	4096.724	13107.000	1091.000
4.020	269.000	3527.707	13107.000	1279.000
4.030	282.000	2859.395	13107.000	1440.000
4.040	288.000	2181.576	13107.000	1574.000
4.050	289.000	1557.104	13107.000	1674.000
4.060	281.000	849.972	13107.000	1742.000
4.070	267.000	174.981	13107.000	1774.000
4.080	248.000	-447.513	13107.000	1773.000
4.090	227.000	-943.259	13107.000	1734.000
4.100	203.000	-1380.282	13107.000	1660.000
4.110	177.000	-1746.197	13107.000	1552.000
4.120	149.000	-2062.338	13107.000	1412.000
4.130	117.000	-2403.637	13107.000	1242.000
4.140	83.000	-2702.546	13107.000	1052.000
4.150	45.000	-3031.782	13107.000	839.000
4.160	2.000	-3412.247	13107.000	609.000
4.170	-46.000	-3828.573	13107.000	368.000
4.180	-100.000	-4300.001	13107.000	121.000
4.190	-163.000	-4900.001	13107.000	-131.000
4.200	-230.000	-5440.001	13107.000	-373.000
4.210	-304.000	-6028.000	13107.000	-611.000
4.220	-380.000	-6499.600	13107.000	-838.000
4.230	-454.000	-6769.720	13107.000	-1051.000
4.240	-521.000	-6748.804	13107.000	-1245.000
4.250	-575.000	-6344.163	13107.000	-1420.000
4.260	-611.000	-5520.914	13107.000	-1570.000
4.270	-629.000	-4404.640	13107.000	-1697.000
4.280	-630.000	-3113.248	13107.000	-1795.000
4.290	-615.000	-1729.274	13107.000	-1864.000
4.300	-588.000	-400.491	13107.000	-1902.000
4.310	-551.000	829.656	13107.000	-1910.000
4.320	-507.000	1900.759	13107.000	-1883.000
4.330	-460.000	2740.531	13107.000	-1822.000
4.340	-410.000	3418.372	13107.000	-1729.000
4.350	-360.000	3892.860	13107.000	-1603.000
4.360	-311.000	4195.002	13107.000	-1451.000
4.370	-260.000	4466.502	13107.000	-1271.000
4.380	-211.000	4596.551	13107.000	-1065.000
4.390	-162.000	4687.586	13107.000	-845.000
4.400	-115.000	4691.310	13107.000	-608.000
4.410	-69.000	4663.917	13107.000	-361.000
4.420	-27.000	4524.742	13107.000	-110.000
4.430	12.000	4337.319	13107.000	139.000
4.440	46.000	4056.124	13107.000	386.000
4.450	73.000	3649.286	13107.000	616.000
4.460	93.000	3154.501	13107.000	833.000
4.470	106.000	2598.150	13107.000	1030.000
4.480	109.000	1908.705	13107.000	1203.000
4.490	106.000	1246.094	13107.000	1350.000
4.500	94.000	512.266	13107.000	1463.000
4.510	76.000	-181.414	13107.000	1544.000
4.520	56.000	-726.990	13107.000	1591.000
4.530	34.000	-1168.893	13107.000	1602.000
4.540	12.000	-1478.225	13107.000	1576.000
4.550	-8.000	-1634.758	13107.000	1513.000
4.560	-26.000	-1684.330	13107.000	1415.000
4.570	-44.000	-1719.031	13107.000	1284.000
4.580	-61.000	-1713.322	13107.000	1121.000
4.590	-79.000	-1739.325	13107.000	936.000
4.600	-99.000	-1817.528	13107.000	728.000
4.610	-122.000	-1962.269	13107.000	502.000
4.620	-151.000	-2243.589	13107.000	266.000
4.630	-185.000	-2590.512	13107.000	21.000
4.640	-226.000	-3043.358	13107.000	-223.000
4.650	-272.000	-3510.351	13107.000	-458.000
4.660	-324.000	-4017.246	13107.000	-692.000
4.670	-376.000	-4372.072	13107.000	-907.000
4.680	-426.000	-4560.450	13107.000	-1108.000
4.690	-468.000	-4452.315	13107.000	-1291.000
4.700	-498.000	-4016.621	13107.000	-1449.000
4.710	-515.000	-3321.634	13107.000	-1583.000
4.720	-520.000	-2475.144	13107.000	-1689.000
4.730	-516.000	-1612.601	13107.000	-1765.000
4.740	-501.000	-678.821	13107.000	-1812.000
4.750	-479.000	184.826	13107.000	-1825.000
4.760	-451.000	969.378	13107.000	-1808.000
4.770	-418.000	1668.565	13107.000	-1756.000
4.780	-380.000	2307.995	13107.000	-1672.000
4.790	-339.000	2845.597	13107.000	-1557.000
4.800	-294.000	3341.918	13107.000	-1412.000
4.810	-245.000	3809.342	13107.000	-1242.000
4.820	-193.000	4226.540	13107.000	-1049.000
4.830	-135.000	4698.578	13107.000	-836.000
4.840	-73.000	5149.004	13107.000	-609.000
4.850	-6.000	5614.303	13107.000	-371.000
4.860	69.000	6180.012	13107.000	-126.000
4.870	150.000	6756.009	13107.000	121.000
4.880	238.000	7369.206	13107.000	369.000
4.890	328.000	7858.444	13107.000	606.000
4.900	420.000	8260.911	13107.000	835.000
4.910	509.000	8452.638	13107.000	1052.000
4.920	586.000	8226.846	13107.000	1253.000
4.930	651.000	7708.792	13107.000	1436.000
4.940	700.000	6866.155	13107.000	1600.000
4.950	731.000	5736.308	13107.000	1736.000
4.960	745.000	4435.416	13107.000	1849.000
4.970	747.000	3164.791	13107.000	1934.000
4.980	734.000	1825.354	13107.000	1990.000
4.990	708.000	497.748	13107.000	2015.000
5.000	671.000	-761.577	13107.000	2011.000
5.010	628.000	-1823.104	13107.000	1972.000
5.020	578.000	-2776.173	13107.000	1901.000
5.030	525.000	-3533.321	13107.000	1799.000
5.040	471.000	-4093.325	13107.000	1667.000
5.050	416.000	-4515.327	13107.000	1507.000
5.060	361.000	-4810.729	13107.000	1319.000
5.070	309.000	-4927.510	13107.000	1116.000
5.080	256.000	-5039.257	13107.000	892.000
5.090	205.000	-5057.480	13107.000	654.000
5.100	155.000	-5040.236	13107.000	409.000
5.110	105.000	-5028.165	13107.000	161.000
5.120	53.000	-5079.716	13107.000	-85.000
5.130	-1.000	-5175.801	13107.000	-325.000
5.140	-56.000	-5273.061	13107.000	-554.000
5.150	-113.000	-5401.142	13107.000	-768.000
5.160	-172.000	-5550.800	13107.000	-967.000
5.170	-226.000	-5505.560	13107.000	-1137.000
5.180	-276.000	-5353.892	13107.000	-1286.000
5.190	-316.000	-4947.724	13107.000	-1410.000
5.200	-343.000	-4273.407	13107.000	-1506.000
5.210	-356.000	-3381.385	13107.000	-1572.000
5.220	-356.000	-2366.969	13107.000	-1608.000
5.230	-343.000	-1266.879	13107.000	-1615.000
5.240	-320.000	-196.815	13107.000	-1589.000
5.250	-291.000	732.229	13107.000	-1532.000
5.260	-255.000	1592.561	13107.000	-1445.000
5.270	-215.000	2314.792	13107.000	-1329.000
5.280	-171.000	2940.355	13107.000	-1186.000
5.290	-124.000	3468.248	13107.000	-1019.000
5.300	-74.000	3927.774	13107.000	-832.000
5.310	-23.000	4279.442	13107.000	-627.000
5.320	29.000	4555.609	13107.000	-410.000
5.330	80.000	4718.926	13107.000	-183.000
5.340	126.000	4683.248	13107.000	48.000
5.350	169.000	4568.274	13107.000	279.000
5.360	207.000	4337.792	13107.000	502.000
5.370	242.000	4086.454	13107.000	720.000
5.380	274.000	3820.518	13107.000	923.000
5.390	302.000	3514.363	13107.000	1107.000
5.400	325.000	3150.054	13107.000	1268.000
5.410	343.000	2745.038	13107.000	1407.000
5.420	355.000	2281.526	13107.000	1518.000
5.430	359.000	1717.068	13107.000	1601.000
5.440	357.000	1141.948	13107.000	1654.000
5.450	345.000	439.364	13107.000	1674.000
5.460	325.000	-292.446	13107.000	1665.000
5.470	299.000	-984.712	13107.000	1621.000
5.480	265.000	-1709.298	13107.000	1546.000
5.490	227.000	-2336.509	13107.000	1440.000
5.500	183.000	-2955.556	13107.000	1307.000
5.510	134.000	-3538.889	13107.000	1147.000
5.520	79.000	-4127.223	13107.000	963.000
5.530	19.000	-4689.056	13107.000	761.000
5.540	-44.000	-5172.339	13107.000	542.000
5.550	-110.000	-5600.637	13107.000	310.000
5.560	-176.000	-5900.446	13107.000	73.000
5.570	-242.000	-6110.312	13107.000	-168.000
5.580	-307.000	-6227.219	13107.000	-408.000
5.590	-369.000	-6219.053	13107.000	-643.000
5.600	-429.000	-6153.337	13107.000	-868.000
5.610	-483.000	-5927.336	13107.000	-1079.000
5.620	-530.000	-5559.135	13107.000	-1273.000
5.630	-567.000	-5001.395	13107.000	-1446.000
5.640	-595.000	-4340.976	13107.000	-1595.000
5.650	-613.000	-3578.683	13107.000	-1719.000
5.660	-623.000	-2805.078	13107.000	-1815.000
5.670	-624.000	-1993.555	13107.000	-1881.000
5.680	-616.000	-1155.488	13107.000	-1916.000
5.690	-599.000	-298.842	13107.000	-1920.000
5.700	-574.000	540.811	13107.000	-1890.000
5.710	-543.000	1308.567	13107.000	-1829.000
5.720	-506.000	2025.997	13107.000	-1736.000
5.730	-464.000	2678.198	13107.000	-1613.000
5.740	-419.000	3224.739	13107.000	-1463.000
5.750	-371.000	3697.317	13107.000	-1289.000
5.760	-322.000	4058.122	13107.000	-1094.000
5.770	-272.000	4340.685	13107.000	-880.000
5.780	-220.000	4598.480	13107.000	-654.000
5.790	-170.000	4718.936	13107.000	-419.000
5.800	-121.000	4773.255	13107.000	-182.000
5.810	-75.000	4721.279	13107.000	54.000
5.820	-33.000	4564.895	13107.000	286.000
5.830	6.000	4365.426	13107.000	507.000
5.840	42.000	4135.799	13107.000	713.000
5.850	74.000	3855.059	13107.000	901.000
5.860	101.000	3508.541	13107.000	1067.000
5.870	121.000	3055.979	13107.000	1208.000
5.880	134.000	2529.185	13107.000	1323.000
5.890	138.000	1890.430	13107.000	1407.000
5.900	137.000	1293.301	13107.000	1460.000
5.910	126.000	575.311	13107.000	1481.000
5.920	110.000	-77.283	13107.000	1471.000
5.930	89.000	-684.098	13107.000	1427.000
5.940	65.000	-1198.868	13107.000	1351.000
5.950	37.000	-1679.208	13107.000	1243.000
5.960	6.000	-2105.446	13107.000	1108.000
5.970	-28.000	-2493.812	13107.000	948.000
5.980	-67.000	-2915.668	13107.000	763.000
5.990	-109.000	-3300.968	13107.000	563.000
6.000	-155.000	-3690.677	13107.000	349.000
6.010	-204.000	-4053.474	13107.000	125.000
6.020	-255.000	-4367.432	13107.000	-104.000
6.030	-310.000	-4707.202	13107.000	-345.000
6.040	-360.000	-4795.042	13107.000	-562.000
6.050	-411.000	-4886.529	13107.000	-780.000
6.060	-458.000	-4830.570	13107.000	-986.000
6.070	-499.000	-4611.399	13107.000	-1177.000
6.080	-533.000	-4247.980	13107.000	-1355.000
6.090	-554.000	-3603.586	13107.000	-1498.000
6.100	-565.000	-2852.510	13107.000	-1622.000
6.110	-566.000	-2026.757	13107.000	-1721.000
6.120	-557.000	-1148.730	13107.000	-1789.000
6.130	-539.000	-264.111	13107.000	-1827.000
6.140	-514.000	565.122	13107.000	-1835.000
6.150	-483.000	1325.586	13107.000	-1809.000
6.160	-447.000	2007.910	13107.000	-1750.000
6.170	-408.000	2575.537	13107.000	-1660.000
6.180	-367.000	3032.876	13107.000	-1539.000
6.190	-324.000	3413.013	13107.000	-1389.000
6.200	-281.000	3679.109	13107.000	-1218.000
6.210	-238.000	3865.376	13107.000	-1023.000
6.220	-196.000	3965.763	13107.000	-810.000
6.230	-154.000	4036.034	13107.000	-584.000
6.240	-113.000	4055.224	13107.000	-351.000
6.250	-72.000	4068.657	13107.000	-113.000
6.260	-33.000	4018.060	13107.000	123.000
6.270	5.000	3952.642	13107.000	352.000
6.280	41.000	3846.849	13107.000	570.000
6.290	73.000	3652.795	13107.000	774.000
6.300	100.000	3366.956	13107.000	958.000
6.310	120.000	2956.869	13107.000	1120.000
6.320	133.000	2459.809	13107.000	1256.000
6.330	137.000	1841.866	13107.000	1364.000
6.340	135.000	1229.306	13107.000	1442.000
6.350	124.000	530.514	13107.000	1487.000
6.360	108.000	-108.640	13107.000	1500.000
6.370	88.000	-676.048	13107.000	1481.000
6.380	64.000	-1193.234	13107.000	1427.000
6.390	38.000	-1615.264	13107.000	1340.000
6.400	10.000	-1970.684	13107.000	1223.000
6.410	-21.000	-2309.479	13107.000	1077.000
6.420	-56.000	-2666.635	13107.000	906.000
6.430	-93.000	-2976.645	13107.000	714.000
6.440	-133.000	-3283.651	13107.000	505.000
6.450	-173.000	-3498.556	13107.000	283.000
6.460	-214.000	-3678.989	13107.000	52.000
6.470	-253.000	-3745.292	13107.000	-182.000
6.480	-291.000	-3761.705	13107.000	-414.000
6.490	-328.000	-3743.193	13107.000	-640.000
6.500	-363.000	-3670.235	13107.000	-856.000
6.510	-396.000	-3559.165	13107.000	-1057.000
6.520	-425.000	-3361.415	13107.000	-1238.000
6.530	-448.000	-3042.991	13107.000	-1398.000
6.540	-465.000	-2640.093	13107.000	-1532.000
6.550	-474.000	-2118.065	13107.000	-1640.000
6.560	-476.000	-1542.646	13107.000	-1718.000
6.570	-470.000	-899.852	13107.000	-1765.000
6.580	-454.000	-149.896	13107.000	-1780.000
6.590	-431.000	585.072	13107.000	-1765.000
6.600	-402.000	1279.551	13107.000	-1715.000
6.610	-367.000	1945.686	13107.000	-1633.000
6.620	-329.000	2501.980	13107.000	-1521.000
6.630	-287.000	3011.386	13107.000	-1381.000
6.640	-241.000	3487.970	13107.000	-1212.000
6.650	-195.000	3821.579	13107.000	-1025.000
6.660	-147.000	4115.105	13107.000	-817.000
6.670	-100.000	4290.574	13107.000	-595.000
6.680	-53.000	4413.402	13107.000	-364.000
6.690	-9.000	4409.381	13107.000	-124.000
6.700	32.000	4316.567	13107.000	112.000
6.710	68.000	4101.597	13107.000	345.000
6.720	100.000	3831.118	13107.000	569.000
6.730	128.000	3521.782	13107.000	779.000
6.740	151.000	3155.248	13107.000	971.000
6.750	168.000	2718.673	13107.000	1141.000
6.760	179.000	2233.071	13107.000	1287.000
6.770	183.000	1683.150	13107.000	1404.000
6.780	182.000	1148.205	13107.000	1491.000
6.790	171.000	473.743	13107.000	1547.000
6.800	153.000	-208.380	13107.000	1569.000
6.810	129.000	-865.866	13107.000	1558.000
6.820	98.000	-1536.106	13107.000	1512.000
6.830	63.000	-2125.274	13107.000	1433.000
6.840	24.000	-2657.692	13107.000	1320.000
6.850	-18.000	-3120.384	13107.000	1178.000
6.860	-63.000	-3534.269	13107.000	1008.000
6.870	-111.000	-3913.988	13107.000	814.000
6.880	-160.000	-4209.792	13107.000	600.000
6.890	-209.000	-4416.854	13107.000	370.000
6.900	-258.000	-4561.798	13107.000	128.000
6.910	-305.000	-4603.259	13107.000	-119.000
6.920	-349.000	-4542.281	13107.000	-368.000
6.930	-390.000	-4409.597	13107.000	-613.000
6.940	-428.000	-4226.718	13107.000	-850.000
6.950	-464.000	-4038.702	13107.000	-1072.000
6.960	-497.000	-3817.092	13107.000	-1277.000
6.970	-527.000	-3571.964	13107.000	-1463.000
6.980	-553.000	-3280.375	13107.000	-1619.000
6.990	-577.000	-3016.262	13107.000	-1750.000
7.000	-599.000	-2771.384	13107.000	-1852.000
7.010	-618.000	-2509.969	13107.000	-1923.000
7.020	-633.000	-2206.978	13107.000	-1962.000
7.030	-644.000	-1874.885	13107.000	-1970.000
7.040	-651.000	-1522.419	13107.000	-1944.000
7.050	-654.000	-1155.693	13107.000	-1886.000
7.060	-655.000	-838.985	13107.000	-1799.000
7.070	-651.000	-467.290	13107.000	-1684.000
7.080	-642.000	-57.103	13107.000	-1543.000
7.090	-631.000	290.028	13107.000	-1386.000
7.100	-616.000	653.020	13107.000	-1209.000
7.110	-599.000	967.114	13107.000	-1022.000
7.120	-577.000	1336.980	13107.000	-824.000
7.130	-551.000	1715.886	13107.000	-623.000
7.140	-519.000	2161.120	13107.000	-421.000
7.150	-482.000	2622.784	13107.000	-228.000
7.160	-436.000	3215.949	13107.000	-42.000
7.170	-382.000	3871.164	13107.000	133.000
7.180	-318.000	4629.815	13107.000	293.000
7.190	-244.000	5460.870	13107.000	436.000
7.200	-161.000	6312.609	13107.000	560.000
7.210	-66.000	7268.827	13107.000	665.000
7.220	39.000	8238.179	13107.000	750.000
7.230	155.000	9246.725	13107.000	817.000
7.240	282.000	10282.707	13107.000	866.000
7.250	418.000	11277.895	13107.000	900.000
7.260	556.000	12034.527	13107.000	921.000
7.270	698.000	12684.169	13107.000	933.000
7.280	842.000	13198.918	13107.000	939.000
7.290	980.000	13379.243	13107.000	943.000
7.300	1112.000	13325.470	13107.000	948.000
7.310	1237.000	13077.829	13107.000	958.000
7.320	1351.000	12574.480	13107.000	975.000
7.330	1454.000	11892.136	13107.000	1002.000
7.340	1541.000	10934.495	13107.000	1040.000
7.350	1615.000	9874.147	13107.000	1091.000
7.360	1676.000	8741.903	13107.000	1156.000
7.370	1725.000	7589.332	13107.000	1235.000
7.380	1763.000	6452.532	13107.000	1326.000
7.390	1791.000	5356.773	13107.000	1427.000
7.400	1811.000	4349.741	13107.000	1538.000
7.410	1825.000	3464.819	13107.000	1654.000
7.420	1836.000	2755.373	13107.000	1775.000
7.430	1846.000	2228.761	13107.000	1897.000
7.440	1856.000	1860.133	13107.000	2017.000
7.450	1870.000	1722.093	13107.000	2130.000
7.460	1889.000	1775.465	13107.000	2237.000
7.470	1916.000	2052.826	13107.000	2334.000
7.480	1951.000	2486.978	13107.000	2421.000
7.490	1994.000	3030.885	13107.000	2492.000
7.500	2048.000	3741.619	13107.000	2550.000
7.510	2111.000	4509.133	13107.000	2595.000
7.520	2184.000	5346.393	13107.000	2627.000
7.530	2265.000	6172.475	13107.000	2646.000
7.540	2354.000	6990.733	13107.000	2656.000
7.550	2448.000	7713.513	13107.000	2657.000
7.560	2546.000	8339.459	13107.000	2654.000
7.570	2645.000	8807.621	13107.000	2646.000
7.580	2745.000	9165.335	13107.000	2639.000
7.590	2841.000	9295.734	13107.000	2634.000
7.600	2932.000	9237.014	13107.000	2633.000
7.610	3017.000	9015.910	13107.000	2641.000
7.620	3093.000	8591.137	13107.000	2659.000
7.630	3161.000	8053.796	13107.000	2689.000
7.640	3219.000	7377.657	13107.000	2730.000
7.650	3266.000	6574.360	13107.000	2784.000
7.660	3304.000	5742.052	13107.000	2851.000
7.670	3332.000	4859.436	13107.000	2929.000
7.680	3352.000	4001.605	13107.000	3018.000
7.690	3364.000	3161.124	13107.000	3115.000
7.700	3371.000	2422.787	13107.000	3217.000
7.710	3375.000	1815.951	13107.000	3323.000
7.720	3378.000	1361.165	13107.000	3429.000
7.730	3382.000	1072.816	13107.000	3534.000
7.740	3389.000	960.971	13107.000	3634.000
7.750	3400.000	1002.680	13107.000	3726.000
7.760	3418.000	1241.876	13107.000	3809.000
7.770	3444.000	1649.313	13107.000	3882.000
7.780	3478.000	2174.519	13107.000	3942.000
7.790	3521.000	2812.163	13107.000	3990.000
7.800	3573.000	3528.514	13107.000	4024.000
7.810	3634.000	4299.960	13107.000	4046.000
7.820	3704.000	5109.972	13107.000	4057.000
7.830	3780.000	5856.980	13107.000	4058.000
7.840	3861.000	6529.886	13107.000	4053.000
7.850	3944.000	7060.920	13107.000	4041.000
7.860	4030.000	7522.644	13107.000	4027.000
7.870	4114.000	7785.851	13107.000	4012.000
7.880	4195.000	7880.096	13107.000	4000.000
7.890	4271.000	7796.067	13107.000	3994.000
7.900	4342.000	7587.247	13107.000	3993.000
7.910	4404.000	7171.073	13107.000	4001.000
7.920	4457.000	6609.751	13107.000	4021.000
7.930	4501.000	5946.826	13107.000	4052.000
7.940	4536.000	5212.778	13107.000	4095.000
7.950	4560.000	4368.945	13107.000	4149.000
7.960	4576.000	3538.261	13107.000	4213.000
7.970	4584.000	2716.783	13107.000	4287.000
7.980	4585.000	1931.748	13107.000	4368.000
7.990	4584.000	1322.224	13107.000	4454.000
8.000	4578.000	745.557	13107.000	4542.000
8.010	4571.000	311.890	13107.000	4632.000
8.020	4566.000	68.323	13107.000	4719.000
8.030	4563.000	-42.174	13107.000	4801.000
8.040	4564.000	0.478	13107.000	4876.000
8.050	4573.000	270.335	13107.000	4944.000
8.060	4589.000	669.234	13107.000	4999.000
8.070	4613.000	1188.464	13107.000	5043.000
8.080	4645.000	1791.925	13107.000	5076.000
8.090	4685.000	2454.347	13107.000	5096.000
8.100	4733.000	3158.043	13107.000	5105.000
8.110	4787.000	3830.630	13107.000	5106.000
8.120	4848.000	4511.441	13107.000	5097.000
8.130	4913.000	5108.009	13107.000	5080.000
8.140	4981.000	5615.606	13107.000	5059.000
8.150	5047.000	5910.924	13107.000	5036.000
8.160	5113.000	6117.647	13107.000	5013.000
8.170	5176.000	6172.353	13107.000	4992.000
8.180	5233.000	6030.647	13107.000	4977.000
8.190	5285.000	5781.453	13107.000	4968.000
8.200	5329.000	5367.017	13107.000	4966.000
8.210	5364.000	4806.912	13107.000	4974.000
8.220	5391.000	4174.838	13107.000	4992.000
8.230	5409.000	3462.387	13107.000	5021.000
8.240	5418.000	2693.671	13107.000	5060.000
8.250	5420.000	1945.570	13107.000	5108.000
8.260	5415.000	1211.899	13107.000	5164.000
8.270	5404.000	518.329	13107.000	5226.000
8.280	5389.000	-87.170	13107.000	5292.000
8.290	5371.000	-601.019	13107.000	5360.000
8.300	5354.000	-930.713	13107.000	5427.000
8.310	5338.000	-1131.499	13107.000	5492.000
8.320	5326.000	-1152.049	13107.000	5552.000
8.330	5318.000	-1046.435	13107.000	5606.000
8.340	5316.000	-792.504	13107.000	5651.000
8.350	5320.000	-434.753	13107.000	5687.000
8.360	5332.000	55.673	13107.000	5712.000
8.370	5352.000	638.971	13107.000	5727.000
8.380	5379.000	1257.280	13107.000	5732.000
8.390	5413.000	1900.096	13107.000	5728.000
8.400	5453.000	2530.067	13107.000	5715.000
8.410	5496.000	3061.047	13107.000	5694.000
8.420	5543.000	3552.733	13107.000	5667.000
8.430	5591.000	3926.913	13107.000	5637.000
8.440	5639.000	4188.839	13107.000	5606.000
8.450	5685.000	4312.187	13107.000	5576.000
8.460	5728.000	4308.531	13107.000	5549.000
8.470	5766.000	4155.972	13107.000	5526.000
8.480	5799.000	3899.180	13107.000	5510.000
8.490	5824.000	3479.426	13107.000	5502.000
8.500	5841.000	2945.598	13107.000	5500.000
8.510	5851.000	2361.919	13107.000	5508.000
8.520	5853.000	1713.343	13107.000	5526.000
8.530	5849.000	1079.340	13107.000	5552.000
8.540	5837.000	395.538	13107.000	5585.000
8.550	5819.000	-263.123	13107.000	5626.000
8.560	5797.000	-844.186	13107.000	5670.000
8.570	5772.000	-1340.930	13107.000	5717.000
8.580	5747.000	-1688.651	13107.000	5765.000
8.590	5721.000	-1962.056	13107.000	5812.000
8.600	5697.000	-2093.439	13107.000	5856.000
8.610	5677.000	-2065.407	13107.000	5895.000
8.620	5662.000	-1895.785	13107.000	5927.000
8.630	5652.000	-1627.050	13107.000	5952.000
8.640	5648.000	-1258.935	13107.000	5969.000
8.650	5650.000	-821.254	13107.000	5976.000
8.660	5660.000	-274.878	13107.000	5976.000
8.670	5676.000	287.585	13107.000	5965.000
8.680	5698.000	861.310	13107.000	5947.000
8.690	5725.000	1412.917	13107.000	5921.000
8.700	5755.000	1889.042	13107.000	5890.000
8.710	5786.000	2252.329	13107.000	5855.000
8.720	5818.000	2536.630	13107.000	5818.000
8.730	5849.000	2705.641	13107.000	5781.000
8.740	5878.000	2763.949	13107.000	5746.000
8.750	5903.000	2684.764	13107.000	5715.000
8.760	5923.000	2479.335	13107.000	5688.000
8.770	5938.000	2185.534	13107.000	5667.000
8.780	5947.000	1799.874	13107.000	5654.000
8.790	5949.000	1319.912	13107.000	5648.000
8.800	5946.000	833.938	13107.000	5649.000
8.810	5935.000	253.757	13107.000	5658.000
8.820	5917.000	-362.370	13107.000	5675.000
8.830	5895.000	-913.659	13107.000	5698.000
8.840	5869.000	-1419.561	13107.000	5726.000
8.850	5840.000	-1863.693	13107.000	5757.000
8.860	5809.000	-2234.585	13107.000	5790.000
8.870	5778.000	-2494.210	13107.000	5822.000
8.880	5748.000	-2645.947	13107.000	5854.000
8.890	5721.000	-2662.163	13107.000	5881.000
8.900	5696.000	-2613.514	13107.000	5904.000
8.910	5677.000	-2399.460	13107.000	5920.000
8.920	5663.000	-2099.622	13107.000	5930.000
8.930	5654.000	-1739.735	13107.000	5932.000
8.940	5652.000	-1277.815	13107.000	5928.000
8.950	5653.000	-864.470	13107.000	5914.000
8.960	5662.000	-335.129	13107.000	5892.000
8.970	5676.000	185.410	13107.000	5865.000
8.980	5693.000	639.787	13107.000	5831.000
8.990	5713.000	1047.851	13107.000	5795.000
9.000	5734.000	1363.495	13107.000	5755.000
9.010	5754.000	1554.447	13107.000	5716.000
9.020	5773.000	1658.113	13107.000	5677.000
9.030	5789.000	1640.679	13107.000	5641.000
9.040	5801.000	1508.475	13107.000	5608.000
9.050	5808.000	1265.933	13107.000	5580.000
9.060	5810.000	946.153	13107.000	5559.000
9.070	5808.000	602.307	13107.000	5544.000
9.080	5798.000	121.615	13107.000	5536.000
9.090	5782.000	-394.870	13107.000	5535.000
9.100	5760.000	-936.409	13107.000	5538.000
9.110	5734.000	-1435.486	13107.000	5549.000
9.120	5704.000	-1904.840	13107.000	5564.000
9.130	5672.000	-2293.388	13107.000	5583.000
9.140	5637.000	-2655.372	13107.000	5604.000
9.150	5603.000	-2878.760	13107.000	5625.000
9.160	5569.000	-3035.132	13107.000	5644.000
9.170	5537.000	-3084.593	13107.000	5662.000
9.180	5509.000	-2999.215	13107.000	5675.000
9.190	5484.000	-2849.450	13107.000	5683.000
9.200	5464.000	-2594.615	13107.000	5686.000
9.210	5448.000	-2296.231	13107.000	5684.000
9.220	5438.000	-1907.361	13107.000	5673.000
9.230	5433.000	-1485.153	13107.000	5656.000
9.240	5432.000	-1069.607	13107.000	5632.000
9.250	5435.000	-658.725	13107.000	5603.000
9.260	5442.000	-251.107	13107.000	5569.000
9.270	5452.000	124.225	13107.000	5531.000
9.280	5464.000	446.957	13107.000	5491.000
9.290	5476.000	672.870	13107.000	5450.000
9.300	5487.000	801.009	13107.000	5410.000
9.310	5495.000	800.706	13107.000	5371.000
9.320	5501.000	740.494	13107.000	5336.000
9.330	5503.000	578.346	13107.000	5306.000
9.340	5502.000	374.842	13107.000	5280.000
9.350	5494.000	22.390	13107.000	5260.000
9.360	5481.000	-374.327	13107.000	5246.000
9.370	5463.000	-802.029	13107.000	5239.000
9.380	5441.000	-1221.420	13107.000	5237.000
9.390	5414.000	-1664.994	13107.000	5238.000
9.400	5385.000	-2035.496	13107.000	5246.000
9.410	5352.000	-2414.847	13107.000	5257.000
9.420	5319.000	-2680.393	13107.000	5270.000
9.430	5285.000	-2896.275	13107.000	5285.000
9.440	5252.000	-3017.393	13107.000	5298.000
9.450	5220.000	-3072.175	13107.000	5310.000
9.460	5190.000	-3050.522	13107.000	5319.000
9.470	5163.000	-2945.366	13107.000	5324.000
9.480	5140.000	-2751.756	13107.000	5325.000
9.490	5121.000	-2496.229	13107.000	5321.000
9.500	5107.000	-2167.360	13107.000	5310.000
9.510	5097.000	-1817.152	13107.000	5293.000
9.520	5092.000	-1422.007	13107.000	5271.000
9.530	5091.000	-1025.405	13107.000	5243.000
9.540	5092.000	-687.783	13107.000	5211.000
9.550	5097.000	-331.448	13107.000	5175.000
9.560	5104.000	-22.014	13107.000	5138.000
9.570	5111.000	194.590	13107.000	5099.000
9.580	5118.000	346.213	13107.000	5060.000
9.590	5124.000	422.349	13107.000	5023.000
9.600	5128.000	415.644	13107.000	4988.000
9.610	5129.000	320.951	13107.000	4957.000
9.620	5127.000	164.666	13107.000	4930.000
9.630	5120.000	-94.734	13107.000	4908.000
9.640	5108.000	-426.314	13107.000	4892.000
9.650	5093.000	-748.420	13107.000	4881.000
9.660	5073.000	-1123.894	13107.000	4875.000
9.670	5049.000	-1506.726	13107.000	4875.000
9.680	5022.000	-1864.708	13107.000	4877.000
9.690	4993.000	-2175.296	13107.000	4884.000
9.700	4961.000	-2482.707	13107.000	4894.000
9.710	4930.000	-2667.895	13107.000	4905.000
9.720	4898.000	-2827.526	13107.000	4916.000
9.730	4866.000	-2939.268	13107.000	4926.000
9.740	4837.000	-2927.488	13107.000	4934.000
9.750	4810.000	-2859.242	13107.000	4939.000
9.760	4786.000	-2721.469	13107.000	4940.000
9.770	4766.000	-2505.028	13107.000	4938.000
9.780	4751.000	-2203.520	13107.000	4929.000
9.790	4739.000	-1902.464	13107.000	4914.000
9.800	4732.000	-1541.725	13107.000	4895.000
9.810	4728.000	-1199.207	13107.000	4870.000
9.820	4728.000	-839.445	13107.000	4841.000
9.830	4729.000	-557.612	13107.000	4809.000
9.840	4734.000	-240.328	13107.000	4774.000
9.850	4740.000	11.770	13107.000	4739.000
9.860	4745.000	158.239	13107.000	4703.000
9.870	4751.000	290.767	13107.000	4667.000
9.880	4754.000	293.537	13107.000	4635.000
9.890	4755.000	235.476	13107.000	4605.000
9.900	4755.000	164.833	13107.000	4579.000
9.910	4749.000	-64.617	13107.000	4558.000
9.920	4740.000	-315.232	13107.000	4542.000
9.930	4727.000	-610.662	13107.000	4532.000
9.940	4710.000	-937.464	13107.000	4526.000
9.950	4690.000	-1256.224	13107.000	4525.000
9.960	4667.000	-1569.357	13107.000	4527.000
9.970	4642.000	-1848.550	13107.000	4534.000
9.980	4614.000	-2133.985	13107.000	4544.000
9.990	4586.000	-2333.789	13107.000	4556.000
10.000	4559.000	-2443.653	13107.000	4568.000
