0.000	2.000	60.000	-1.000	2.000
0.010	71.000	2112.000	-22.000	98.000
0.020	96.000	2228.400	-64.000	130.000
0.030	122.000	2339.880	-104.000	163.000
0.040	149.000	2447.916	-143.000	195.000
0.050	175.000	2493.541	-180.000	226.000
0.060	201.000	2525.479	-214.000	257.000
0.070	224.000	2457.835	-246.000	287.000
0.080	246.000	2380.485	-273.000	316.000
0.090	265.000	2236.339	-296.000	344.000
0.100	280.000	2015.437	-314.000	370.000
0.110	289.000	1680.806	-325.000	395.000
0.120	293.000	1296.564	-328.000	418.000
0.130	293.000	907.595	-324.000	438.000
0.140	284.000	365.317	-311.000	455.000
0.150	269.000	-194.278	-289.000	467.000
0.160	248.000	-765.995	-258.000	475.000
0.170	219.000	-1406.196	-218.000	477.000
0.180	185.000	-2004.337	-169.000	475.000
0.190	147.000	-2543.036	-114.000	464.000
0.200	104.000	-3070.125	-53.000	445.000
0.210	59.000	-3499.088	12.000	417.000
0.220	13.000	-3829.361	79.000	380.000
0.230	-34.000	-4090.553	145.000	335.000
0.240	-79.000	-4213.387	210.000	280.000
0.250	-123.000	-4269.371	271.000	217.000
0.260	-163.000	-4188.560	327.000	146.000
0.270	-200.000	-4041.992	375.000	66.000
0.280	-232.000	-3789.394	416.000	-19.000
0.290	-258.000	-3432.576	448.000	-110.000
0.300	-276.000	-2942.803	469.000	-203.000
0.310	-286.000	-2359.962	479.000	-298.000
0.320	-288.000	-1711.974	475.000	-391.000
0.330	-281.000	-988.381	459.000	-480.000
0.340	-264.000	-181.867	430.000	-563.000
0.350	-240.000	592.693	389.000	-637.000
0.360	-209.000	1344.885	336.000	-700.000
0.370	-175.000	1961.420	275.000	-748.000
0.380	-138.000	2482.994	209.000	-780.000
0.390	-101.000	2848.096	140.000	-795.000
0.400	-64.000	3103.667	71.000	-792.000
0.410	-29.000	3222.567	5.000	-768.000
0.420	2.000	3185.797	-55.000	-724.000
0.430	29.000	3040.058	-109.000	-662.000
0.440	50.000	2758.040	-154.000	-580.000
0.450	65.000	2380.628	-188.000	-482.000
0.460	73.000	1906.440	-211.000	-369.000
0.470	74.000	1364.508	-222.000	-245.000
0.480	72.000	895.156	-222.000	-113.000
0.490	62.000	326.609	-212.000	24.000
0.500	49.000	-161.374	-193.000	162.000
0.510	33.000	-592.962	-164.000	296.000
0.520	16.000	-925.073	-123.000	424.000
0.530	-2.000	-1187.551	-75.000	541.000
0.540	-19.000	-1341.286	-21.000	644.000
0.550	-34.000	-1388.900	36.000	730.000
0.560	-46.000	-1332.230	94.000	796.000
0.570	-56.000	-1232.561	152.000	841.000
0.580	-63.000	-1072.793	208.000	863.000
0.590	-67.000	-870.955	261.000	865.000
0.600	-68.000	-639.668	312.000	841.000
0.610	-68.000	-447.768	361.000	794.000
0.620	-63.000	-163.438	407.000	727.000
0.630	-58.000	35.594	451.000	641.000
0.640	-53.000	174.916	494.000	538.000
0.650	-48.000	272.441	537.000	421.000
0.660	-46.000	250.709	583.000	296.000
0.670	-46.000	175.496	632.000	163.000
0.680	-50.000	2.847	687.000	26.000
0.690	-59.000	-268.007	748.000	-110.000
0.700	-70.000	-517.605	816.000	-243.000
0.710	-85.000	-812.323	890.000	-372.000
0.720	-99.000	-988.626	969.000	-488.000
0.730	-110.000	-1022.038	1051.000	-593.000
0.740	-118.000	-955.427	1133.000	-684.000
0.750	-121.000	-758.799	1212.000	-759.000
0.760	-121.000	-531.159	1287.000	-816.000
0.770	-113.000	-131.811	1358.000	-854.000
0.780	-102.000	237.732	1422.000	-872.000
0.790	-87.000	616.412	1480.000	-870.000
0.800	-69.000	971.489	1534.000	-845.000
0.810	-48.000	1310.042	1584.000	-800.000
0.820	-25.000	1607.029	1632.000	-734.000
0.830	1.000	1904.921	1677.000	-649.000
0.840	30.000	2203.444	1721.000	-547.000
0.850	63.000	2532.411	1762.000	-429.000
0.860	99.000	2852.688	1802.000	-299.000
0.870	141.000	3256.881	1839.000	-157.000
0.880	187.000	3659.817	1873.000	-8.000
0.890	239.000	4121.872	1904.000	146.000
0.900	297.000	4625.310	1930.000	303.000
0.910	362.000	5187.717	1952.000	460.000
0.920	433.000	5761.402	1969.000	615.000
0.930	508.000	6282.981	1982.000	765.000
0.940	588.000	6798.087	1992.000	908.000
0.950	669.000	7188.661	2000.000	1042.000
0.960	750.000	7462.063	2009.000	1168.000
0.970	826.000	7503.444	2023.000	1282.000
0.980	896.000	7352.411	2044.000	1385.000
0.990	957.000	6976.687	2078.000	1475.000
1.000	1006.000	6353.681	2126.000	1552.000
1.010	1042.000	5527.577	2191.000	1616.000
1.020	1063.000	4499.304	2270.000	1665.000
1.030	1070.000	3359.513	2366.000	1698.000
1.040	1062.000	2111.659	2480.000	1716.000
1.050	1038.000	758.161	2612.000	1719.000
1.060	1000.000	-609.287	2762.000	1704.000
1.070	948.000	-1986.501	2929.000	1670.000
1.080	884.000	-3310.551	3111.000	1619.000
1.090	810.000	-4537.385	3305.000	1549.000
1.100	728.000	-5636.170	3509.000	1460.000
1.110	640.000	-6585.319	3718.000	1354.000
1.120	547.000	-7399.723	3930.000	1229.000
1.130	452.000	-8029.806	4142.000	1090.000
1.140	357.000	-8470.864	4350.000	933.000
1.150	266.000	-8659.605	4550.000	763.000
1.160	182.000	-8581.724	4739.000	581.000
1.170	109.000	-8197.206	4911.000	390.000
1.180	47.000	-7598.045	5063.000	194.000
1.190	-2.000	-6788.631	5193.000	-6.000
1.200	-39.000	-5862.042	5299.000	-201.000
1.210	-66.000	-4913.429	5383.000	-393.000
1.220	-84.000	-3979.400	5447.000	-574.000
1.230	-95.000	-3115.580	5493.000	-740.000
1.240	-100.000	-2330.906	5524.000	-890.000
1.250	-101.000	-1661.634	5544.000	-1017.000
1.260	-98.000	-1073.144	5555.000	-1119.000
1.270	-89.000	-481.201	5559.000	-1196.000
1.280	-76.000	53.159	5558.000	-1243.000
1.290	-61.000	487.212	5553.000	-1259.000
1.300	-44.000	851.048	5546.000	-1248.000
1.310	-27.000	1105.734	5539.000	-1203.000
1.320	-10.000	1284.014	5533.000	-1129.000
1.330	5.000	1348.810	5531.000	-1026.000
1.340	18.000	1334.167	5534.000	-898.000
1.350	29.000	1263.917	5543.000	-747.000
1.360	39.000	1184.742	5558.000	-577.000
1.370	47.000	1069.319	5578.000	-393.000
1.380	53.000	928.523	5605.000	-199.000
1.390	58.000	799.966	5636.000	0.000
1.400	63.000	709.976	5672.000	200.000
1.410	66.000	586.984	5712.000	395.000
1.420	69.000	500.888	5755.000	581.000
1.430	70.000	380.622	5801.000	752.000
1.440	70.000	266.435	5850.000	907.000
1.450	68.000	126.505	5902.000	1039.000
1.460	62.000	-91.447	5958.000	1147.000
1.470	52.000	-364.013	6019.000	1229.000
1.480	37.000	-704.809	6085.000	1282.000
1.490	19.000	-1033.366	6157.000	1305.000
1.500	-4.000	-1413.356	6235.000	1299.000
1.510	-29.000	-1739.349	6317.000	1261.000
1.520	-55.000	-1997.545	6404.000	1193.000
1.530	-81.000	-2178.281	6491.000	1095.000
1.540	-105.000	-2244.797	6579.000	970.000
1.550	-126.000	-2201.358	6664.000	821.000
1.560	-145.000	-2110.950	6745.000	650.000
1.570	-160.000	-1927.665	6822.000	460.000
1.580	-170.000	-1649.366	6892.000	263.000
1.590	-175.000	-1304.556	6956.000	56.000
1.600	-177.000	-973.189	7012.000	-154.000
1.610	-176.000	-651.232	7062.000	-361.000
1.620	-171.000	-305.863	7106.000	-558.000
1.630	-162.000	55.896	7145.000	-742.000
1.640	-148.000	459.127	7178.000	-911.000
1.650	-131.000	831.389	7206.000	-1057.000
1.660	-111.000	1181.972	7229.000	-1178.000
1.670	-90.000	1457.381	7249.000	-1270.000
1.680	-68.000	1680.166	7268.000	-1332.000
1.690	-47.000	1806.117	7287.000	-1362.000
1.700	-28.000	1834.282	7307.000	-1361.000
1.710	-12.000	1763.997	7332.000	-1324.000
1.720	1.000	1624.798	7361.000	-1255.000
1.730	10.000	1407.359	7397.000	-1154.000
1.740	17.000	1195.151	7439.000	-1025.000
1.750	22.000	986.606	7486.000	-871.000
1.760	26.000	810.624	7538.000	-695.000
1.770	30.000	687.437	7593.000	-502.000
1.780	35.000	631.206	7650.000	-298.000
1.790	42.000	651.844	7707.000	-88.000
1.800	53.000	786.291	7762.000	125.000
1.810	69.000	1030.404	7814.000	333.000
1.820	90.000	1351.283	7861.000	535.000
1.830	114.000	1665.898	7902.000	722.000
1.840	140.000	1946.128	7938.000	895.000
1.850	168.000	2202.290	7971.000	1048.000
1.860	194.000	2321.603	8002.000	1177.000
1.870	216.000	2285.122	8035.000	1282.000
1.880	233.000	2109.585	8071.000	1362.000
1.890	242.000	1746.710	8115.000	1414.000
1.900	243.000	1252.697	8169.000	1437.000
1.910	235.000	636.888	8233.000	1434.000
1.920	217.000	-94.179	8310.000	1401.000
1.930	190.000	-875.925	8401.000	1339.000
1.940	155.000	-1663.147	8504.000	1250.000
1.950	114.000	-2394.203	8618.000	1135.000
1.960	68.000	-3055.942	8741.000	996.000
1.970	17.000	-3669.160	8870.000	837.000
1.980	-38.000	-4218.412	9006.000	659.000
1.990	-96.000	-4692.888	9144.000	466.000
2.000	-155.000	-5055.022	9285.000	261.000
2.010	-212.000	-5248.515	9424.000	49.000
2.020	-266.000	-5293.961	9558.000	-166.000
2.030	-312.000	-5085.772	9685.000	-382.000
2.040	-349.000	-4670.041	9800.000	-591.000
2.050	-376.000	-4079.029	9902.000	-792.000
2.060	-395.000	-3425.320	9987.000	-980.000
2.070	-405.000	-2697.724	10058.000	-1150.000
2.080	-407.000	-1948.407	10114.000	-1300.000
2.090	-404.000	-1273.885	10157.000	-1425.000
2.100	-392.000	-531.719	10188.000	-1523.000
2.110	-376.000	107.796	10209.000	-1592.000
2.120	-356.000	675.458	10223.000	-1630.000
2.130	-333.000	1162.820	10231.000	-1637.000
2.140	-308.000	1563.974	10235.000	-1610.000
2.150	-283.000	1844.782	10238.000	-1550.000
2.160	-257.000	2071.347	10242.000	-1459.000
2.170	-233.000	2169.943	10249.000	-1338.000
2.180	-210.000	2208.960	10259.000	-1189.000
2.190	-190.000	2146.272	10274.000	-1018.000
2.200	-173.000	2012.390	10296.000	-826.000
2.210	-156.000	1918.673	10324.000	-619.000
2.220	-140.000	1823.071	10357.000	-403.000
2.230	-125.000	1726.150	10394.000	-181.000
2.240	-108.000	1718.305	10434.000	40.000
2.250	-91.000	1712.813	10477.000	256.000
2.260	-73.000	1738.969	10521.000	462.000
2.270	-56.000	1727.279	10566.000	654.000
2.280	-41.000	1659.095	10614.000	826.000
2.290	-29.000	1521.367	10665.000	977.000
2.300	-23.000	1244.957	10720.000	1102.000
2.310	-23.000	871.470	10783.000	1200.000
2.320	-31.000	370.029	10854.000	1268.000
2.330	-46.000	-190.980	10935.000	1305.000
2.340	-67.000	-763.686	11026.000	1312.000
2.350	-93.000	-1314.580	11125.000	1285.000
2.360	-122.000	-1790.206	11231.000	1225.000
2.370	-155.000	-2243.144	11343.000	1134.000
2.380	-191.000	-2650.201	11459.000	1013.000
2.390	-228.000	-2965.141	11577.000	864.000
2.400	-268.000	-3275.598	11697.000	691.000
2.410	-308.000	-3492.919	11817.000	497.000
2.420	-347.000	-3615.043	11937.000	286.000
2.430	-384.000	-3640.530	12053.000	63.000
2.440	-417.000	-3538.371	12164.000	-168.000
2.450	-445.000	-3316.860	12268.000	-401.000
2.460	-467.000	-2981.802	12364.000	-631.000
2.470	-481.000	-2507.261	12449.000	-856.000
2.480	-485.000	-1875.083	12523.000	-1063.000
2.490	-481.000	-1192.558	12583.000	-1255.000
2.500	-466.000	-384.791	12629.000	-1425.000
2.510	-445.000	360.647	12662.000	-1569.000
2.520	-420.000	1002.453	12685.000	-1684.000
2.530	-393.000	1511.717	12701.000	-1766.000
2.540	-365.000	1898.202	12713.000	-1814.000
2.550	-339.000	2108.741	12725.000	-1827.000
2.560	-315.000	2196.119	12738.000	-1805.000
2.570	-294.000	2167.283	12756.000	-1745.000
2.580	-278.000	1997.098	12781.000	-1650.000
2.590	-267.000	1727.969	12814.000	-1522.000
2.600	-262.000	1359.578	12856.000	-1363.000
2.610	-262.000	951.705	12909.000	-1182.000
2.620	-269.000	456.193	12971.000	-978.000
2.630	-283.000	-100.665	13045.000	-760.000
2.640	-301.000	-610.465	13107.000	-531.000
2.650	-323.000	-1087.326	13107.000	-300.000
2.660	-347.000	-1481.128	13107.000	-74.000
2.670	-372.000	-1786.790	13107.000	145.000
2.680	-395.000	-1940.753	13107.000	348.000
2.690	-416.000	-1988.527	13107.000	533.000
2.700	-434.000	-1931.969	13107.000	691.000
2.710	-447.000	-1742.378	13107.000	822.000
2.720	-457.000	-1519.665	13107.000	923.000
2.730	-462.000	-1213.765	13107.000	991.000
2.740	-462.000	-849.636	13107.000	1025.000
2.750	-455.000	-384.745	13107.000	1026.000
2.760	-443.000	90.678	13107.000	990.000
2.770	-425.000	603.475	13107.000	921.000
2.780	-404.000	1052.432	13107.000	823.000
2.790	-380.000	1456.703	13107.000	697.000
2.800	-354.000	1799.692	13107.000	547.000
2.810	-327.000	2069.784	13107.000	379.000
2.820	-300.000	2258.849	13107.000	197.000
2.830	-273.000	2391.194	13107.000	8.000
2.840	-246.000	2483.836	13107.000	-185.000
2.850	-218.000	2578.685	13107.000	-374.000
2.860	-189.000	2675.080	13107.000	-555.000
2.870	-159.000	2772.556	13107.000	-723.000
2.880	-127.000	2900.789	13107.000	-874.000
2.890	-93.000	3050.552	13107.000	-1003.000
2.900	-60.000	3125.387	13107.000	-1108.000
2.910	-29.000	3117.771	13107.000	-1185.000
2.920	-3.000	2962.439	13107.000	-1231.000
2.930	17.000	2673.708	13107.000	-1247.000
2.940	32.000	2321.595	13107.000	-1233.000
2.950	41.000	1895.117	13107.000	-1185.000
2.960	43.000	1386.582	13107.000	-1106.000
2.970	41.000	910.607	13107.000	-999.000
2.980	32.000	367.425	13107.000	-867.000
2.990	18.000	-162.802	13107.000	-712.000
3.000	0.000	-653.962	13107.000	-542.000
3.010	-20.000	-1057.773	13107.000	-359.000
3.020	-43.000	-1430.441	13107.000	-169.000
3.030	-65.000	-1661.309	13107.000	22.000
3.040	-88.000	-1852.916	13107.000	210.000
3.050	-111.000	-1987.041	13107.000	388.000
3.060	-134.000	-2080.929	13107.000	553.000
3.070	-157.000	-2146.650	13107.000	700.000
3.080	-181.000	-2222.655	13107.000	825.000
3.090	-206.000	-2305.859	13107.000	925.000
3.100	-231.000	-2364.101	13107.000	997.000
3.110	-257.000	-2434.871	13107.000	1040.000
3.120	-283.000	-2484.410	13107.000	1052.000
3.130	-305.000	-2399.087	13107.000	1034.000
3.140	-325.000	-2279.361	13107.000	982.000
3.150	-342.000	-2105.552	13107.000	900.000
3.160	-355.000	-1863.887	13107.000	789.000
3.170	-364.000	-1574.721	13107.000	652.000
3.180	-370.000	-1282.304	13107.000	493.000
3.190	-372.000	-957.613	13107.000	315.000
3.200	-372.000	-670.329	13107.000	123.000
3.210	-367.000	-319.230	13107.000	-78.000
3.220	-355.000	136.539	13107.000	-282.000
3.230	-336.000	665.577	13107.000	-484.000
3.240	-309.000	1275.904	13107.000	-678.000
3.250	-271.000	2033.133	13107.000	-860.000
3.260	-226.000	2773.193	13107.000	-1025.000
3.270	-175.000	3471.235	13107.000	-1167.000
3.280	-122.000	4019.865	13107.000	-1281.000
3.290	-68.000	4433.905	13107.000	-1367.000
3.300	-17.000	4633.734	13107.000	-1419.000
3.310	30.000	4653.614	13107.000	-1437.000
3.320	71.000	4487.529	13107.000	-1420.000
3.330	105.000	4161.271	13107.000	-1365.000
3.340	132.000	3722.889	13107.000	-1275.000
3.350	150.000	3146.023	13107.000	-1151.000
3.360	161.000	2532.216	13107.000	-995.000
3.370	163.000	1832.551	13107.000	-814.000
3.380	159.000	1162.786	13107.000	-606.000
3.390	147.000	453.950	13107.000	-389.000
3.400	130.000	-192.235	13107.000	-157.000
3.410	108.000	-794.564	13107.000	78.000
3.420	83.000	-1306.195	13107.000	312.000
3.430	55.000	-1754.337	13107.000	539.000
3.440	26.000	-2098.036	13107.000	749.000
3.450	-4.000	-2368.625	13107.000	941.000
3.460	-36.000	-2618.037	13107.000	1108.000
3.470	-67.000	-2762.626	13107.000	1248.000
3.480	-97.000	-2833.838	13107.000	1355.000
3.490	-126.000	-2853.687	13107.000	1428.000
3.500	-153.000	-2807.581	13107.000	1465.000
3.510	-175.000	-2625.307	13107.000	1467.000
3.520	-191.000	-2317.715	13107.000	1430.000
3.530	-202.000	-1952.400	13107.000	1356.000
3.540	-207.000	-1516.680	13107.000	1246.000
3.550	-207.000	-1061.676	13107.000	1105.000
3.560	-203.000	-623.173	13107.000	936.000
3.570	-193.000	-136.221	13107.000	743.000
3.580	-179.000	324.645	13107.000	532.000
3.590	-162.000	737.252	13107.000	307.000
3.600	-141.000	1146.076	13107.000	77.000
3.610	-119.000	1462.253	13107.000	-153.000
3.620	-94.000	1773.577	13107.000	-377.000
3.630	-68.000	2021.504	13107.000	-589.000
3.640	-40.000	2255.053	13107.000	-784.000
3.650	-12.000	2418.537	13107.000	-958.000
3.660	16.000	2532.976	13107.000	-1106.000
3.670	42.000	2553.083	13107.000	-1222.000
3.680	65.000	2477.158	13107.000	-1309.000
3.690	81.000	2214.011	13107.000	-1359.000
3.700	91.000	1849.808	13107.000	-1375.000
3.710	93.000	1354.865	13107.000	-1357.000
3.720	89.000	828.406	13107.000	-1302.000
3.730	74.000	129.884	13107.000	-1213.000
3.740	51.000	-599.081	13107.000	-1094.000
3.750	22.000	-1289.357	13107.000	-947.000
3.760	-13.000	-1952.550	13107.000	-779.000
3.770	-51.000	-2506.785	13107.000	-595.000
3.780	-92.000	-2984.749	13107.000	-400.000
3.790	-134.000	-3349.325	13107.000	-199.000
3.800	-174.000	-3544.527	13107.000	1.000
3.810	-213.000	-3651.169	13107.000	194.000
3.820	-250.000	-3665.818	13107.000	375.000
3.830	-285.000	-3616.073	13107.000	539.000
3.840	-317.000	-3491.251	13107.000	681.000
3.850	-345.000	-3283.876	13107.000	797.000
3.860	-370.000	-3048.713	13107.000	887.000
3.870	-389.000	-2704.099	13107.000	945.000
3.880	-403.000	-2312.869	13107.000	972.000
3.890	-410.000	-1829.009	13107.000	968.000
3.900	-411.000	-1310.306	13107.000	931.000
3.910	-406.000	-767.214	13107.000	862.000
3.920	-392.000	-117.050	13107.000	764.000
3.930	-373.000	488.065	13107.000	640.000
3.940	-347.000	1121.646	13107.000	494.000
3.950	-315.000	1745.152	13107.000	328.000
3.960	-279.000	2301.606	13107.000	155.000
3.970	-237.000	2871.124	13107.000	-32.000
3.980	-191.000	3389.787	13107.000	-212.000
3.990	-140.000	3902.851	13107.000	-392.000
4.000	-84.000	4411.996	13107.000	-561.000
4.010	-24.000	4888.397	13107.000	-715.000
4.020	39.000	5311.878	13107.000	-849.000
4.030	103.000	5638.315	13107.000	-958.000
4.040	165.000	5806.820	13107.000	-1040.000
4.050	221.000	5744.774	13107.000	-1091.000
4.060	269.000	5461.342	13107.000	-1109.000
4.070	307.000	4962.939	13107.000	-1095.000
4.080	333.000	4254.058	13107.000	-1043.000
4.090	345.000	3337.840	13107.000	-960.000
4.100	347.000	2396.488	13107.000	-844.000
4.110	334.000	1287.542	13107.000	-699.000
4.120	309.000	151.279	13107.000	-531.000
4.130	273.000	-974.105	13107.000	-344.000
4.140	227.000	-2061.873	13107.000	-143.000
4.150	172.000	-3093.311	13107.000	64.000
4.160	110.000	-4025.318	13107.000	272.000
4.170	42.000	-4857.723	13107.000	474.000
4.180	-29.000	-5530.406	13107.000	664.000
4.190	-103.000	-6091.284	13107.000	834.000
4.200	-177.000	-6483.899	13107.000	980.000
4.210	-248.000	-6668.729	13107.000	1098.000
4.220	-313.000	-6618.110	13107.000	1184.000
4.230	-367.000	-6252.677	13107.000	1235.000
4.240	-408.000	-5606.874	13107.000	1249.000
4.250	-434.000	-4704.812	13107.000	1227.000
4.260	-443.000	-3563.368	13107.000	1165.000
4.270	-437.000	-2314.358	13107.000	1068.000
4.280	-412.000	-870.050	13107.000	937.000
4.290	-370.000	650.965	13107.000	778.000
4.300	-313.000	2165.675	13107.000	594.000
4.310	-243.000	3615.973	13107.000	394.000
4.320	-162.000	4961.181	13107.000	183.000
4.330	-72.000	6172.827	13107.000	-34.000
4.340	20.000	7080.979	13107.000	-240.000
4.350	117.000	7866.685	13107.000	-438.000
4.360	212.000	8356.680	13107.000	-617.000
4.370	302.000	8549.676	13107.000	-773.000
4.380	382.000	8384.773	13107.000	-901.000
4.390	448.000	7849.341	13107.000	-996.000
4.400	497.000	6964.539	13107.000	-1055.000
4.410	527.000	5775.177	13107.000	-1077.000
4.420	537.000	4342.624	13107.000	-1062.000
4.430	528.000	2769.837	13107.000	-1008.000
4.440	497.000	1008.886	13107.000	-917.000
4.450	449.000	-733.780	13107.000	-793.000
4.460	386.000	-2403.646	13107.000	-642.000
4.470	310.000	-3962.552	13107.000	-469.000
4.480	224.000	-5353.787	13107.000	-280.000
4.490	131.000	-6537.651	13107.000	-81.000
4.500	33.000	-7516.355	13107.000	123.000
4.510	-61.000	-8081.449	13107.000	311.000
4.520	-157.000	-8537.014	13107.000	495.000
4.530	-249.000	-8735.910	13107.000	660.000
4.540	-333.000	-8635.137	13107.000	800.000
4.550	-409.000	-8324.596	13107.000	914.000
4.560	-470.000	-7657.217	13107.000	993.000
4.570	-516.000	-6740.052	13107.000	1039.000
4.580	-546.000	-5618.036	13107.000	1050.000
4.590	-557.000	-4262.625	13107.000	1025.000
4.600	-552.000	-2833.838	13107.000	963.000
4.610	-528.000	-1263.686	13107.000	866.000
4.620	-488.000	315.419	13107.000	739.000
4.630	-435.000	1810.794	13107.000	586.000
4.640	-369.000	3247.556	13107.000	411.000
4.650	-293.000	4553.289	13107.000	222.000
4.660	-210.000	5677.302	13107.000	26.000
4.670	-121.000	6644.112	13107.000	-171.000
4.680	-29.000	7410.878	13107.000	-361.000
4.690	66.000	8037.615	13107.000	-541.000
4.700	158.000	8386.330	13107.000	-698.000
4.710	248.000	8570.431	13107.000	-832.000
4.720	330.000	8459.302	13107.000	-940.000
4.730	400.000	8021.511	13107.000	-1013.000
4.740	454.000	7235.058	13107.000	-1053.000
4.750	489.000	6114.541	13107.000	-1058.000
4.760	504.000	4730.178	13107.000	-1024.000
4.770	500.000	3191.125	13107.000	-953.000
4.780	475.000	1483.787	13107.000	-849.000
4.790	430.000	-311.349	13107.000	-713.000
4.800	369.000	-2047.944	13107.000	-552.000
4.810	293.000	-3713.561	13107.000	-371.000
4.820	206.000	-5209.493	13107.000	-176.000
4.830	112.000	-6466.645	13107.000	24.000
4.840	15.000	-7436.651	13107.000	225.000
4.850	-81.000	-8085.656	13107.000	415.000
4.860	-173.000	-8419.959	13107.000	592.000
4.870	-258.000	-8443.971	13107.000	748.000
4.880	-331.000	-8100.780	13107.000	879.000
4.890	-390.000	-7440.546	13107.000	981.000
4.900	-433.000	-6498.382	13107.000	1049.000
4.910	-457.000	-5268.868	13107.000	1083.000
4.920	-461.000	-3808.207	13107.000	1083.000
4.930	-445.000	-2185.745	13107.000	1046.000
4.940	-409.000	-450.022	13107.000	975.000
4.950	-355.000	1304.985	13107.000	873.000
4.960	-285.000	3013.489	13107.000	744.000
4.970	-202.000	4599.443	13107.000	593.000
4.980	-111.000	5949.610	13107.000	429.000
4.990	-14.000	7074.727	13107.000	255.000
5.000	87.000	7982.309	13107.000	79.000
5.010	189.000	8647.616	13107.000	-92.000
5.020	288.000	9023.331	13107.000	-250.000
5.030	383.000	9166.332	13107.000	-393.000
5.040	467.000	8936.432	13107.000	-513.000
5.050	540.000	8445.503	13107.000	-606.000
5.060	596.000	7591.852	13107.000	-670.000
5.070	635.000	6484.296	13107.000	-702.000
5.080	653.000	5079.007	13107.000	-703.000
5.090	652.000	3525.305	13107.000	-668.000
5.100	627.000	1717.714	13107.000	-602.000
5.110	581.000	-177.600	13107.000	-505.000
5.120	516.000	-2074.320	13107.000	-383.000
5.130	433.000	-3942.024	13107.000	-241.000
5.140	337.000	-5639.417	13107.000	-83.000
5.150	230.000	-7157.592	13107.000	83.000
5.160	117.000	-8400.314	13107.000	250.000
5.170	3.000	-9300.220	13107.000	413.000
5.180	-108.000	-9840.154	13107.000	563.000
5.190	-210.000	-9948.108	13107.000	695.000
5.200	-300.000	-9663.675	13107.000	804.000
5.210	-373.000	-8954.573	13107.000	885.000
5.220	-426.000	-7858.201	13107.000	937.000
5.230	-457.000	-6430.741	13107.000	956.000
5.240	-464.000	-4711.518	13107.000	944.000
5.250	-449.000	-2848.063	13107.000	897.000
5.260	-413.000	-913.644	13107.000	820.000
5.270	-360.000	950.449	13107.000	715.000
5.280	-293.000	2675.314	13107.000	586.000
5.290	-213.000	4272.720	13107.000	438.000
5.300	-126.000	5600.904	13107.000	279.000
5.310	-34.000	6680.633	13107.000	114.000
5.320	59.000	7466.443	13107.000	-51.000
5.330	151.000	7986.510	13107.000	-209.000
5.340	237.000	8170.557	13107.000	-354.000
5.350	313.000	7999.390	13107.000	-482.000
5.360	376.000	7489.573	13107.000	-587.000
5.370	423.000	6652.701	13107.000	-666.000
5.380	453.000	5556.891	13107.000	-716.000
5.390	462.000	4159.824	13107.000	-737.000
5.400	452.000	2611.876	13107.000	-730.000
5.410	418.000	808.314	13107.000	-690.000
5.420	365.000	-1024.181	13107.000	-623.000
5.430	293.000	-2876.926	13107.000	-532.000
5.440	205.000	-4653.848	13107.000	-421.000
5.450	105.000	-6257.694	13107.000	-295.000
5.460	-3.000	-7620.386	13107.000	-160.000
5.470	-115.000	-8694.270	13107.000	-24.000
5.480	-226.000	-9415.989	13107.000	109.000
5.490	-333.000	-9801.192	13107.000	234.000
5.500	-428.000	-9710.835	13107.000	342.000
5.510	-509.000	-9227.584	13107.000	433.000
5.520	-568.000	-8229.309	13107.000	497.000
5.530	-608.000	-6960.516	13107.000	536.000
5.540	-626.000	-5412.361	13107.000	549.000
5.550	-624.000	-3728.653	13107.000	534.000
5.560	-602.000	-1950.057	13107.000	490.000
5.570	-562.000	-165.040	13107.000	421.000
5.580	-506.000	1564.472	13107.000	329.000
5.590	-437.000	3165.130	13107.000	217.000
5.600	-362.000	4465.591	13107.000	95.000
5.610	-279.000	5615.914	13107.000	-37.000
5.620	-193.000	6511.140	13107.000	-173.000
5.630	-106.000	7167.798	13107.000	-307.000
5.640	-21.000	7567.458	13107.000	-434.000
5.650	55.000	7577.221	13107.000	-544.000
5.660	125.000	7404.055	13107.000	-637.000
5.670	186.000	7012.838	13107.000	-711.000
5.680	234.000	6348.987	13107.000	-760.000
5.690	268.000	5464.291	13107.000	-782.000
5.700	287.000	4395.004	13107.000	-779.000
5.710	291.000	3196.502	13107.000	-747.000
5.720	281.000	1937.552	13107.000	-686.000
5.730	254.000	546.286	13107.000	-603.000
5.740	213.000	-847.600	13107.000	-498.000
5.750	160.000	-2183.320	13107.000	-375.000
5.760	97.000	-3418.324	13107.000	-238.000
5.770	28.000	-4462.827	13107.000	-95.000
5.780	-46.000	-5343.979	13107.000	52.000
5.790	-119.000	-5930.785	13107.000	194.000
5.800	-189.000	-6251.550	13107.000	328.000
5.810	-255.000	-6356.085	13107.000	449.000
5.820	-311.000	-6129.259	13107.000	551.000
5.830	-357.000	-5670.481	13107.000	633.000
5.840	-389.000	-4929.337	13107.000	690.000
5.850	-407.000	-3990.536	13107.000	720.000
5.860	-410.000	-2883.375	13107.000	725.000
5.870	-397.000	-1628.363	13107.000	700.000
5.880	-367.000	-239.854	13107.000	649.000
5.890	-324.000	1122.102	13107.000	575.000
5.900	-269.000	2435.472	13107.000	478.000
5.910	-205.000	3624.830	13107.000	367.000
5.920	-133.000	4697.381	13107.000	243.000
5.930	-52.000	5718.167	13107.000	106.000
5.940	23.000	6252.717	13107.000	-19.000
5.950	103.000	6776.902	13107.000	-147.000
5.960	181.000	7083.831	13107.000	-265.000
5.970	255.000	7178.682	13107.000	-370.000
5.980	322.000	7035.077	13107.000	-457.000
5.990	381.000	6694.554	13107.000	-522.000
6.000	429.000	6126.188	13107.000	-563.000
6.010	463.000	5308.332	13107.000	-578.000
6.020	481.000	4255.832	13107.000	-567.000
6.030	484.000	3069.082	13107.000	-527.000
6.040	470.000	1728.358	13107.000	-462.000
6.050	438.000	249.850	13107.000	-371.000
6.060	391.000	-1235.105	13107.000	-261.000
6.070	332.000	-2634.573	13107.000	-135.000
6.080	262.000	-3944.201	13107.000	3.000
6.090	185.000	-5070.941	13107.000	146.000
6.100	104.000	-5979.659	13107.000	290.000
6.110	23.000	-6615.761	13107.000	430.000
6.120	-54.000	-6941.033	13107.000	556.000
6.130	-125.000	-6988.723	13107.000	669.000
6.140	-187.000	-6752.106	13107.000	760.000
6.150	-236.000	-6196.474	13107.000	829.000
6.160	-270.000	-5357.532	13107.000	871.000
6.170	-287.000	-4260.272	13107.000	885.000
6.180	-289.000	-3042.191	13107.000	873.000
6.190	-271.000	-1589.533	13107.000	831.000
6.200	-236.000	-62.673	13107.000	764.000
6.210	-185.000	1486.129	13107.000	673.000
6.220	-121.000	2960.290	13107.000	562.000
6.230	-46.000	4322.203	13107.000	435.000
6.240	34.000	5425.542	13107.000	301.000
6.250	119.000	6347.879	13107.000	161.000
6.260	202.000	6933.516	13107.000	27.000
6.270	282.000	7253.461	13107.000	-103.000
6.280	356.000	7297.423	13107.000	-219.000
6.290	419.000	6998.196	13107.000	-319.000
6.300	471.000	6458.737	13107.000	-398.000
6.310	508.000	5631.116	13107.000	-454.000
6.320	529.000	4571.781	13107.000	-483.000
6.330	535.000	3380.247	13107.000	-489.000
6.340	523.000	2006.173	13107.000	-465.000
6.350	492.000	474.321	13107.000	-415.000
6.360	443.000	-1137.975	13107.000	-343.000
6.370	379.000	-2716.583	13107.000	-250.000
6.380	304.000	-4151.608	13107.000	-141.000
6.390	217.000	-5516.126	13107.000	-20.000
6.400	126.000	-6591.288	13107.000	103.000
6.410	31.000	-7463.902	13107.000	228.000
6.420	-64.000	-8074.731	13107.000	348.000
6.430	-154.000	-8352.312	13107.000	457.000
6.440	-237.000	-8336.618	13107.000	549.000
6.450	-309.000	-7995.633	13107.000	624.000
6.460	-364.000	-7246.943	13107.000	673.000
6.470	-404.000	-6272.860	13107.000	698.000
6.480	-425.000	-5021.002	13107.000	698.000
6.490	-429.000	-3634.701	13107.000	668.000
6.500	-415.000	-2124.291	13107.000	611.000
6.510	-383.000	-527.004	13107.000	532.000
6.520	-336.000	1041.097	13107.000	431.000
6.530	-275.000	2558.768	13107.000	311.000
6.540	-206.000	3861.138	13107.000	181.000
6.550	-130.000	4982.796	13107.000	44.000
6.560	-50.000	5887.957	13107.000	-96.000
6.570	30.000	6521.570	13107.000	-230.000
6.580	108.000	6905.099	13107.000	-358.000
6.590	179.000	6963.569	13107.000	-470.000
6.600	241.000	6734.499	13107.000	-563.000
6.610	290.000	6184.149	13107.000	-634.000
6.620	324.000	5348.904	13107.000	-680.000
6.630	339.000	4194.233	13107.000	-700.000
6.640	336.000	2845.963	13107.000	-694.000
6.650	312.000	1272.174	13107.000	-660.000
6.660	269.000	-399.478	13107.000	-600.000
6.670	209.000	-2079.635	13107.000	-518.000
6.680	136.000	-3645.744	13107.000	-418.000
6.690	53.000	-5042.021	13107.000	-304.000
6.700	-37.000	-6229.415	13107.000	-182.000
6.710	-129.000	-7120.590	13107.000	-57.000
6.720	-220.000	-7714.413	13107.000	67.000
6.730	-303.000	-7890.089	13107.000	183.000
6.740	-374.000	-7653.062	13107.000	286.000
6.750	-429.000	-7007.144	13107.000	372.000
6.760	-464.000	-5955.001	13107.000	437.000
6.770	-478.000	-4588.500	13107.000	481.000
6.780	-475.000	-3121.950	13107.000	501.000
6.790	-448.000	-1375.365	13107.000	499.000
6.800	-404.000	357.244	13107.000	473.000
6.810	-343.000	2080.071	13107.000	425.000
6.820	-267.000	3736.050	13107.000	359.000
6.830	-180.000	5225.235	13107.000	279.000
6.840	-83.000	6567.664	13107.000	189.000
6.850	13.000	7477.365	13107.000	96.000
6.860	112.000	8204.156	13107.000	3.000
6.870	208.000	8622.909	13107.000	-86.000
6.880	297.000	8706.036	13107.000	-165.000
6.890	377.000	8494.225	13107.000	-231.000
6.900	441.000	7865.958	13107.000	-278.000
6.910	491.000	7006.170	13107.000	-306.000
6.920	524.000	5894.319	13107.000	-313.000
6.930	537.000	4516.024	13107.000	-299.000
6.940	532.000	3011.216	13107.000	-260.000
6.950	506.000	1327.852	13107.000	-200.000
6.960	463.000	-360.504	13107.000	-123.000
6.970	405.000	-1992.353	13107.000	-29.000
6.980	336.000	-3464.647	13107.000	76.000
6.990	260.000	-4705.253	13107.000	187.000
7.000	179.000	-5723.677	13107.000	300.000
7.010	101.000	-6346.574	13107.000	411.000
7.020	28.000	-6632.602	13107.000	513.000
7.030	-33.000	-6472.821	13107.000	604.000
7.040	-78.000	-5880.975	13107.000	678.000
7.050	-103.000	-4866.682	13107.000	733.000
7.060	-108.000	-3556.678	13107.000	767.000
7.070	-89.000	-1919.674	13107.000	779.000
7.080	-48.000	-113.772	13107.000	772.000
7.090	12.000	1720.360	13107.000	743.000
7.100	87.000	3454.252	13107.000	697.000
7.110	174.000	5027.976	13107.000	636.000
7.120	269.000	6369.583	13107.000	566.000
7.130	370.000	7488.708	13107.000	488.000
7.140	468.000	8182.096	13107.000	411.000
7.150	563.000	8577.467	13107.000	337.000
7.160	652.000	8674.227	13107.000	271.000
7.170	730.000	8411.959	13107.000	217.000
7.180	794.000	7808.371	13107.000	178.000
7.190	844.000	6965.860	13107.000	156.000
7.200	878.000	5896.102	13107.000	152.000
7.210	896.000	4667.271	13107.000	169.000
7.220	899.000	3357.090	13107.000	206.000
7.230	887.000	1989.963	13107.000	262.000
7.240	860.000	582.974	13107.000	335.000
7.250	822.000	-731.918	13107.000	423.000
7.260	775.000	-1922.343	13107.000	521.000
7.270	723.000	-2905.640	13107.000	626.000
7.280	669.000	-3653.948	13107.000	734.000
7.290	615.000	-4177.764	13107.000	841.000
7.300	566.000	-4394.434	13107.000	941.000
7.310	523.000	-4366.104	13107.000	1033.000
7.320	491.000	-4016.273	13107.000	1111.000
7.330	471.000	-3411.391	13107.000	1174.000
7.340	464.000	-2597.974	13107.000	1219.000
7.350	469.000	-1668.582	13107.000	1245.000
7.360	491.000	-508.007	13107.000	1253.000
7.370	528.000	754.395	13107.000	1243.000
7.380	576.000	1968.077	13107.000	1214.000
7.390	635.000	3147.654	13107.000	1170.000
7.400	704.000	4273.357	13107.000	1114.000
7.410	778.000	5211.350	13107.000	1048.000
7.420	856.000	5987.945	13107.000	977.000
7.430	933.000	6501.562	13107.000	905.000
7.440	1008.000	6801.093	13107.000	835.000
7.450	1077.000	6830.765	13107.000	771.000
7.460	1137.000	6581.536	13107.000	718.000
7.470	1187.000	6107.075	13107.000	676.000
7.480	1224.000	5384.952	13107.000	649.000
7.490	1248.000	4489.467	13107.000	638.000
7.500	1257.000	3412.627	13107.000	643.000
7.510	1254.000	2298.839	13107.000	667.000
7.520	1236.000	1069.187	13107.000	706.000
7.530	1205.000	-181.569	13107.000	761.000
7.540	1165.000	-1327.098	13107.000	827.000
7.550	1117.000	-2368.969	13107.000	904.000
7.560	1065.000	-3218.278	13107.000	986.000
7.570	1010.000	-3902.795	13107.000	1070.000
7.580	956.000	-4351.956	13107.000	1154.000
7.590	905.000	-4576.369	13107.000	1232.000
7.600	860.000	-4553.459	13107.000	1303.000
7.610	824.000	-4267.421	13107.000	1362.000
7.620	798.000	-3767.195	13107.000	1408.000
7.630	783.000	-3087.036	13107.000	1439.000
7.640	780.000	-2250.925	13107.000	1454.000
7.650	789.000	-1305.648	13107.000	1454.000
7.660	812.000	-223.953	13107.000	1436.000
7.670	846.000	863.233	13107.000	1402.000
7.680	890.000	1924.263	13107.000	1355.000
7.690	940.000	2846.984	13107.000	1298.000
7.700	997.000	3702.889	13107.000	1232.000
7.710	1054.000	4302.022	13107.000	1163.000
7.720	1113.000	4781.416	13107.000	1091.000
7.730	1169.000	5026.991	13107.000	1022.000
7.740	1220.000	5048.894	13107.000	959.000
7.750	1263.000	4824.226	13107.000	904.000
7.760	1297.000	4396.958	13107.000	859.000
7.770	1320.000	3767.871	13107.000	828.000
7.780	1330.000	2937.509	13107.000	811.000
7.790	1330.000	2056.257	13107.000	808.000
7.800	1316.000	1019.380	13107.000	819.000
7.810	1290.000	-66.434	13107.000	846.000
7.820	1255.000	-1096.504	13107.000	884.000
7.830	1210.000	-2117.553	13107.000	934.000
7.840	1159.000	-3012.287	13107.000	992.000
7.850	1105.000	-3728.601	13107.000	1055.000
7.860	1048.000	-4320.021	13107.000	1119.000
7.870	993.000	-4674.014	13107.000	1182.000
7.880	940.000	-4861.810	13107.000	1241.000
7.890	893.000	-4813.267	13107.000	1292.000
7.900	854.000	-4539.287	13107.000	1334.000
7.910	823.000	-4107.501	13107.000	1364.000
7.920	803.000	-3475.251	13107.000	1380.000
7.930	794.000	-2702.675	13107.000	1383.000
7.940	794.000	-1891.873	13107.000	1372.000
7.950	807.000	-934.311	13107.000	1345.000
7.960	829.000	5.982	13107.000	1306.000
7.970	859.000	904.188	13107.000	1255.000
7.980	897.000	1772.931	13107.000	1195.000
7.990	937.000	2441.052	13107.000	1129.000
8.000	980.000	2998.736	13107.000	1059.000
8.010	1023.000	3389.115	13107.000	989.000
8.020	1063.000	3572.381	13107.000	921.000
8.030	1098.000	3550.667	13107.000	858.000
8.040	1126.000	3325.467	13107.000	803.000
8.050	1145.000	2897.827	13107.000	758.000
8.060	1155.000	2328.479	13107.000	725.000
8.070	1156.000	1659.935	13107.000	704.000
8.080	1146.000	861.955	13107.000	696.000
8.090	1124.000	-56.632	13107.000	699.000
8.100	1093.000	-969.642	13107.000	717.000
8.110	1053.000	-1878.750	13107.000	745.000
8.120	1006.000	-2725.125	13107.000	782.000
8.130	953.000	-3497.587	13107.000	826.000
8.140	898.000	-4098.311	13107.000	874.000
8.150	841.000	-4578.818	13107.000	923.000
8.160	786.000	-4855.172	13107.000	971.000
8.170	733.000	-4988.621	13107.000	1014.000
8.180	686.000	-4902.034	13107.000	1051.000
8.190	646.000	-4631.424	13107.000	1079.000
8.200	614.000	-4201.997	13107.000	1096.000
8.210	591.000	-3631.398	13107.000	1101.000
8.220	578.000	-2931.978	13107.000	1096.000
8.230	574.000	-2172.385	13107.000	1076.000
8.240	579.000	-1370.669	13107.000	1043.000
8.250	593.000	-539.469	13107.000	1000.000
8.260	615.000	282.372	13107.000	947.000
8.270	642.000	1007.660	13107.000	887.000
8.280	672.000	1605.362	13107.000	821.000
8.290	704.000	2083.754	13107.000	753.000
8.300	735.000	2388.628	13107.000	686.000
8.310	764.000	2542.039	13107.000	620.000
8.320	787.000	2469.427	13107.000	561.000
8.330	804.000	2238.599	13107.000	508.000
8.340	813.000	1837.019	13107.000	464.000
8.350	815.000	1345.914	13107.000	432.000
8.360	807.000	702.140	13107.000	411.000
8.370	789.000	-48.502	13107.000	402.000
8.380	762.000	-843.952	13107.000	402.000
8.390	726.000	-1670.766	13107.000	415.000
8.400	684.000	-2429.536	13107.000	438.000
8.410	635.000	-3170.675	13107.000	467.000
8.420	582.000	-3809.473	13107.000	503.000
8.430	528.000	-4286.631	13107.000	541.000
8.440	473.000	-4650.642	13107.000	579.000
8.450	421.000	-4815.449	13107.000	616.000
8.460	371.000	-4870.814	13107.000	648.000
8.470	327.000	-4729.570	13107.000	673.000
8.480	290.000	-4420.699	13107.000	690.000
8.490	260.000	-3994.489	13107.000	697.000
8.500	239.000	-3426.143	13107.000	695.000
8.510	227.000	-2758.300	13107.000	680.000
8.520	223.000	-2050.810	13107.000	654.000
8.530	226.000	-1345.567	13107.000	617.000
8.540	237.000	-611.897	13107.000	571.000
8.550	254.000	81.672	13107.000	517.000
8.560	274.000	657.171	13107.000	464.000
8.570	297.000	1150.019	13107.000	402.000
8.580	321.000	1525.014	13107.000	339.000
8.590	345.000	1787.510	13107.000	276.000
8.600	366.000	1881.257	13107.000	217.000
8.610	382.000	1796.880	13107.000	164.000
8.620	392.000	1557.816	13107.000	118.000
8.630	395.000	1180.471	13107.000	80.000
8.640	392.000	736.330	13107.000	52.000
8.650	379.000	125.431	13107.000	35.000
8.660	358.000	-542.198	13107.000	28.000
8.670	329.000	-1249.539	13107.000	29.000
8.680	294.000	-1924.677	13107.000	41.000
8.690	252.000	-2607.274	13107.000	60.000
8.700	206.000	-3205.092	13107.000	86.000
8.710	157.000	-3713.564	13107.000	117.000
8.720	108.000	-4069.495	13107.000	148.000
8.730	59.000	-4318.647	13107.000	179.000
8.740	11.000	-4463.053	13107.000	209.000
8.750	-32.000	-4414.137	13107.000	234.000
8.760	-70.000	-4229.896	13107.000	252.000
8.770	-102.000	-3920.927	13107.000	263.000
8.780	-127.000	-3494.649	13107.000	266.000
8.790	-144.000	-2956.254	13107.000	260.000
8.800	-154.000	-2369.378	13107.000	243.000
8.810	-156.000	-1718.565	13107.000	218.000
8.820	-152.000	-1082.995	13107.000	183.000
8.830	-141.000	-428.097	13107.000	140.000
8.840	-125.000	180.332	13107.000	91.000
8.850	-105.000	726.233	13107.000	37.000
8.860	-84.000	1138.363	13107.000	-18.000
8.870	-63.000	1426.854	13107.000	-74.000
8.880	-43.000	1598.798	13107.000	-128.000
8.890	-26.000	1629.158	13107.000	-179.000
8.900	-14.000	1500.411	13107.000	-225.000
8.910	-7.000	1260.288	13107.000	-263.000
8.920	-6.000	912.201	13107.000	-293.000
8.930	-12.000	458.541	13107.000	-314.000
8.940	-26.000	-99.021	13107.000	-326.000
8.950	-47.000	-699.315	13107.000	-329.000
8.960	-74.000	-1299.520	13107.000	-325.000
8.970	-107.000	-1899.664	13107.000	-312.000
8.980	-145.000	-2469.765	13107.000	-292.000
8.990	-187.000	-2988.836	13107.000	-267.000
9.000	-230.000	-3382.185	13107.000	-239.000
9.010	-274.000	-3687.529	13107.000	-210.000
9.020	-316.000	-3841.271	13107.000	-183.000
9.030	-356.000	-3888.889	13107.000	-158.000
9.040	-392.000	-3802.223	13107.000	-137.000
9.050	-423.000	-3591.556	13107.000	-123.000
9.060	-448.000	-3264.089	13107.000	-115.000
9.070	-466.000	-2824.862	13107.000	-115.000
9.080	-477.000	-2307.404	13107.000	-123.000
9.090	-482.000	-1765.183	13107.000	-141.000
9.100	-481.000	-1205.628	13107.000	-167.000
9.110	-473.000	-603.939	13107.000	-200.000
9.120	-459.000	-2.758	13107.000	-239.000
9.130	-442.000	508.070	13107.000	-283.000
9.140	-422.000	955.649	13107.000	-330.000
9.150	-402.000	1268.954	13107.000	-378.000
9.160	-382.000	1488.268	13107.000	-425.000
9.170	-364.000	1581.788	13107.000	-470.000
9.180	-350.000	1527.251	13107.000	-510.000
9.190	-340.000	1369.076	13107.000	-545.000
9.200	-335.000	1108.353	13107.000	-573.000
9.210	-335.000	775.847	13107.000	-593.000
9.220	-342.000	333.093	13107.000	-604.000
9.230	-356.000	-186.835	13107.000	-608.000
9.240	-376.000	-730.784	13107.000	-605.000
9.250	-401.000	-1261.549	13107.000	-594.000
9.260	-430.000	-1753.084	13107.000	-575.000
9.270	-462.000	-2187.159	13107.000	-553.000
9.280	-497.000	-2581.011	13107.000	-526.000
9.290	-533.000	-2886.708	13107.000	-498.000
9.300	-567.000	-3040.696	13107.000	-470.000
9.310	-600.000	-3118.487	13107.000	-444.000
9.320	-630.000	-3082.941	13107.000	-420.000
9.330	-655.000	-2908.059	13107.000	-402.000
9.340	-675.000	-2635.641	13107.000	-389.000
9.350	-689.000	-2264.949	13107.000	-383.000
9.360	-697.000	-1825.464	13107.000	-382.000
9.370	-699.000	-1337.825	13107.000	-390.000
9.380	-696.000	-846.477	13107.000	-406.000
9.390	-685.000	-262.534	13107.000	-428.000
9.400	-670.000	266.226	13107.000	-456.000
9.410	-652.000	726.358	13107.000	-488.000
9.420	-630.000	1168.451	13107.000	-523.000
9.430	-607.000	1507.916	13107.000	-560.000
9.440	-585.000	1715.541	13107.000	-596.000
9.450	-563.000	1860.879	13107.000	-632.000
9.460	-544.000	1872.615	13107.000	-663.000
9.470	-529.000	1760.831	13107.000	-690.000
9.480	-518.000	1562.581	13107.000	-712.000
9.490	-512.000	1273.807	13107.000	-727.000
9.500	-511.000	921.665	13107.000	-734.000
9.510	-515.000	525.165	13107.000	-736.000
9.520	-525.000	67.616	13107.000	-730.000
9.530	-541.000	-432.669	13107.000	-717.000
9.540	-560.000	-872.868	13107.000	-697.000
9.550	-583.000	-1301.008	13107.000	-673.000
9.560	-608.000	-1660.705	13107.000	-646.000
9.570	-634.000	-1942.494	13107.000	-616.000
9.580	-660.000	-2139.746	13107.000	-586.000
9.590	-684.000	-2217.822	13107.000	-557.000
9.600	-705.000	-2182.475	13107.000	-531.000
9.610	-723.000	-2067.733	13107.000	-508.000
9.620	-737.000	-1867.413	13107.000	-490.000
9.630	-745.000	-1547.189	13107.000	-478.000
9.640	-749.000	-1203.032	13107.000	-472.000
9.650	-748.000	-812.123	13107.000	-471.000
9.660	-740.000	-328.486	13107.000	-477.000
9.670	-728.000	130.060	13107.000	-489.000
9.680	-711.000	601.042	13107.000	-507.000
9.690	-690.000	1050.729	13107.000	-529.000
9.700	-667.000	1425.511	13107.000	-554.000
9.710	-642.000	1747.857	13107.000	-581.000
9.720	-618.000	1943.500	13107.000	-608.000
9.730	-594.000	2080.450	13107.000	-634.000
9.740	-572.000	2116.315	13107.000	-657.000
9.750	-552.000	2081.421	13107.000	-677.000
9.760	-537.000	1906.994	13107.000	-692.000
9.770	-526.000	1664.896	13107.000	-702.000
9.780	-519.000	1375.427	13107.000	-706.000
9.790	-518.000	992.799	13107.000	-705.000
9.800	-520.000	634.959	13107.000	-696.000
9.810	-528.000	204.472	13107.000	-681.000
9.820	-540.000	-216.870	13107.000	-660.000
9.830	-555.000	-601.809	13107.000	-636.000
9.840	-572.000	-931.266	13107.000	-608.000
9.850	-591.000	-1221.886	13107.000	-578.000
9.860	-609.000	-1395.320	13107.000	-548.000
9.870	-627.000	-1516.724	13107.000	-518.000
9.880	-642.000	-1511.707	13107.000	-490.000
9.890	-654.000	-1418.195	13107.000	-466.000
9.900	-663.000	-1262.736	13107.000	-445.000
9.910	-667.000	-1003.916	13107.000	-429.000
9.920	-668.000	-732.741	13107.000	-419.000
9.930	-664.000	-392.919	13107.000	-414.000
9.940	-654.000	24.957	13107.000	-414.000
9.950	-639.000	467.470	13107.000	-419.000
9.960	-621.000	867.229	13107.000	-430.000
9.970	-600.000	1237.060	13107.000	-445.000
9.980	-576.000	1585.942	13107.000	-463.000
9.990	-551.000	1860.160	13107.000	-482.000
10.000	-526.000	2052.112	13107.000	-502.000
