0.000	1.000	30.000	-17.000	1.000
0.010	9.000	261.000	-141.000	9.000
0.020	9.000	182.700	-50.000	9.000
0.030	10.000	157.890	-25.000	10.000
0.040	10.000	110.523	0.000	10.000
0.050	10.000	77.366	5.000	10.000
0.060	10.000	54.156	-1.000	10.000
0.070	8.000	-22.091	24.000	8.000
0.080	6.000	-75.463	26.000	6.000
0.090	4.000	-112.824	20.000	4.000
0.100	1.000	-168.977	30.000	1.000
0.110	-2.000	-208.284	31.000	-2.000
0.120	-5.000	-235.799	31.000	-5.000
0.130	-8.000	-255.059	33.000	-8.000
0.140	-11.000	-268.541	38.000	-11.000
0.150	-14.000	-277.979	46.000	-14.000
0.160	-17.000	-284.585	58.000	-17.000
0.170	-19.000	-259.210	54.000	-19.000
0.180	-22.000	-271.447	79.000	-22.000
0.190	-24.000	-250.013	82.000	-24.000
0.200	-26.000	-235.009	92.000	-26.000
0.210	-27.000	-194.506	87.000	-27.000
0.220	-28.000	-166.154	93.000	-28.000
0.230	-29.000	-146.308	103.000	-29.000
0.240	-29.000	-102.416	96.000	-29.000
0.250	-30.000	-101.691	114.000	-30.000
0.260	-30.000	-71.184	107.000	-30.000
0.270	-30.000	-49.829	105.000	-30.000
0.280	-30.000	-34.880	103.000	-30.000
0.290	-30.000	-24.416	101.000	-30.000
0.300	-30.000	-17.091	96.000	-30.000
0.310	-30.000	-11.964	91.000	-30.000
0.320	-30.000	-8.375	84.000	-30.000
0.330	-30.000	-5.862	76.000	-30.000
0.340	-30.000	-4.104	67.000	-30.000
0.350	-30.000	-2.873	59.000	-30.000
0.360	-29.000	27.989	34.000	-29.000
0.370	-28.000	49.592	20.000	-28.000
0.380	-27.000	64.715	12.000	-27.000
0.390	-26.000	75.300	7.000	-26.000
0.400	-25.000	82.710	2.000	-25.000
0.410	-24.000	87.897	-3.000	-24.000
0.420	-23.000	91.528	-8.000	-23.000
0.430	-21.000	124.070	-31.000	-21.000
0.440	-20.000	116.849	-26.000	-20.000
0.450	-19.000	111.794	-26.000	-19.000
0.460	-18.000	108.256	-30.000	-18.000
0.470	-17.000	105.779	-35.000	-17.000
0.480	-17.000	74.045	-24.000	-17.000
0.490	-16.000	81.832	-41.000	-16.000
0.500	-16.000	57.282	-34.000	-16.000
0.510	-16.000	40.098	138.000	-16.000
0.520	-16.000	28.068	249.000	-16.000
0.530	-17.000	-10.352	344.000	-17.000
0.540	-18.000	-37.247	414.000	-18.000
0.550	-20.000	-86.073	495.000	-20.000
0.560	-21.000	-90.251	554.000	-21.000
0.570	-22.000	-93.176	630.000	-22.000
0.580	-23.000	-95.223	725.000	-23.000
0.590	-23.000	-66.656	821.000	-23.000
0.600	-23.000	-46.659	945.000	-23.000
0.610	-22.000	-2.661	1072.000	-22.000
0.620	-19.000	88.137	1191.000	-19.000
0.630	-14.000	211.696	1314.000	-14.000
0.640	-6.000	388.187	1428.000	-6.000
0.650	3.000	541.731	1578.000	3.000
0.660	15.000	739.212	1711.000	15.000
0.670	29.000	937.448	1855.000	29.000
0.680	46.000	1166.214	1985.000	46.000
0.690	65.000	1386.350	2124.000	65.000
0.700	88.000	1660.445	2230.000	88.000
0.710	113.000	1912.311	2353.000	113.000
0.720	141.000	2178.618	2462.000	141.000
0.730	171.000	2425.033	2577.000	171.000
0.740	205.000	2717.523	2656.000	205.000
0.750	242.000	3012.266	2731.000	242.000
0.760	281.000	3278.586	2818.000	281.000
0.770	323.000	3555.010	2888.000	323.000
0.780	369.000	3868.507	2930.000	369.000
0.790	418.000	4177.955	2973.000	418.000
0.800	470.000	4484.569	3015.000	470.000
0.810	527.000	4849.198	3020.000	527.000
0.820	587.000	5194.439	3041.000	587.000
0.830	651.000	5556.107	3050.000	651.000
0.840	719.000	5929.275	3053.000	719.000
0.850	792.000	6340.492	3033.000	792.000
0.860	869.000	6748.345	3020.000	869.000
0.870	951.000	7183.841	2990.000	951.000
0.880	1037.000	7608.689	2968.000	1037.000
0.890	1127.000	8026.082	2947.000	1127.000
0.900	1222.000	8468.258	2905.000	1222.000
0.910	1321.000	8897.780	2867.000	1321.000
0.920	1424.000	9318.446	2829.000	1424.000
0.930	1530.000	9702.912	2803.000	1530.000
0.940	1641.000	10122.039	2744.000	1641.000
0.950	1754.000	10475.427	2719.000	1754.000
0.960	1871.000	10842.799	2670.000	1871.000
0.970	1990.000	11159.959	2644.000	1990.000
0.980	2112.000	11471.971	2606.000	2112.000
0.990	2236.000	11750.380	2580.000	2236.000
1.000	2362.000	12005.266	2557.000	2362.000
1.010	2491.000	12273.686	2347.000	2491.000
1.020	2623.000	12551.580	2190.000	2623.000
1.030	2756.000	12776.106	2102.000	2756.000
1.040	2893.000	13053.274	1995.000	2893.000
1.050	3034.000	13367.292	1881.000	3034.000
1.060	3171.000	13467.104	1898.000	3171.000
1.070	3315.000	13746.973	1775.000	3315.000
1.080	3461.000	14002.881	1671.000	3461.000
1.090	3610.000	14272.017	1556.000	3610.000
1.100	3761.000	14520.412	1448.000	3761.000
1.110	3915.000	14784.288	1323.000	3915.000
1.120	4072.000	15059.002	1185.000	4072.000
1.130	4230.000	15281.301	1072.000	4230.000
1.140	4389.000	15466.911	965.000	4389.000
1.150	4550.000	15656.838	838.000	4550.000
1.160	4711.000	15789.786	731.000	4711.000
1.170	4872.000	15882.850	629.000	4872.000
1.180	5035.000	16007.995	492.000	5035.000
1.190	5197.000	16065.597	391.000	5197.000
1.200	5360.000	16135.918	271.000	5360.000
1.210	5520.000	16095.142	211.000	5520.000
1.220	5679.000	16036.600	144.000	5679.000
1.230	5838.000	15995.620	57.000	5838.000
1.240	5995.000	15906.934	-1.000	5995.000
1.250	6150.000	15784.854	-41.000	6150.000
1.260	6303.000	15639.398	-70.000	6303.000
1.270	6453.000	15447.578	-71.000	6453.000
1.280	6602.000	15283.305	-90.000	6602.000
1.290	6749.000	15108.313	-91.000	6749.000
1.300	6894.000	14925.819	-77.000	6894.000
1.310	7038.000	14768.074	-66.000	7038.000
1.320	7180.000	14597.651	-30.000	7180.000
1.330	7321.000	14448.356	7.000	7321.000
1.340	7460.000	14283.849	68.000	7460.000
1.350	7599.000	14168.694	111.000	7599.000
1.360	7738.000	14088.086	152.000	7738.000
1.370	7876.000	14001.660	216.000	7876.000
1.380	8014.000	13941.162	277.000	8014.000
1.390	8152.000	13898.814	338.000	8152.000
1.400	8291.000	13899.169	385.000	8291.000
1.410	8430.000	13899.419	444.000	8430.000
1.420	8570.000	13929.593	491.000	8570.000
1.430	8711.000	13980.715	531.000	8711.000
1.440	8853.000	14046.501	568.000	8853.000
1.450	8996.000	14122.550	599.000	8996.000
1.460	9139.000	14175.785	643.000	9139.000
1.470	9282.000	14213.050	685.000	9282.000
1.480	9429.000	14359.135	654.000	9429.000
1.490	9573.000	14371.394	708.000	9573.000
1.500	9720.000	14469.976	690.000	9720.000
1.510	9866.000	14508.983	705.000	9866.000
1.520	10014.000	14596.288	678.000	10014.000
1.530	10162.000	14657.402	665.000	10162.000
1.540	10309.000	14670.181	671.000	10309.000
1.550	10456.000	14679.127	665.000	10456.000
1.560	10605.000	14745.389	615.000	10605.000
1.570	10754.000	14791.772	582.000	10754.000
1.580	10901.000	14764.241	589.000	10901.000
1.590	11049.000	14774.968	560.000	11049.000
1.600	11196.000	14752.478	549.000	11196.000
1.610	11345.000	14796.734	495.000	11345.000
1.620	11494.000	14827.714	459.000	11494.000
1.630	11642.000	14819.400	450.000	11642.000
1.640	11792.000	14873.580	402.000	11792.000
1.650	11941.000	14881.506	391.000	11941.000
1.660	12089.000	14857.054	395.000	12089.000
1.670	12237.000	14839.938	389.000	12237.000
1.680	12386.000	14857.957	361.000	12386.000
1.690	12534.000	14840.570	358.000	12534.000
1.700	12681.000	14798.399	368.000	12681.000
1.710	12828.000	14768.879	365.000	12828.000
1.720	12974.000	14718.215	375.000	12974.000
1.730	13120.000	14682.751	373.000	13120.000
1.740	13265.000	14627.926	384.000	13265.000
1.750	13410.000	14589.548	385.000	13410.000
1.760	13554.000	14532.684	401.000	13554.000
1.770	13698.000	14492.878	407.000	13698.000
1.780	13843.000	14495.015	394.000	13843.000
1.790	13987.000	14466.510	411.000	13987.000
1.800	14131.000	14446.557	424.000	14131.000
1.810	14275.000	14432.590	436.000	14275.000
1.820	14420.000	14452.813	432.000	14420.000
1.830	14565.000	14466.969	440.000	14565.000
1.840	14711.000	14506.878	437.000	14711.000
1.850	14857.000	14534.815	446.000	14857.000
1.860	15005.000	14614.370	426.000	15005.000
1.870	15153.000	14670.059	428.000	15153.000
1.880	15301.000	14709.042	438.000	15301.000
1.890	15451.000	14796.329	415.000	15451.000
1.900	15600.000	14827.430	427.000	15600.000
1.910	15750.000	14879.201	417.000	15750.000
1.920	15899.000	14885.441	429.000	15899.000
1.930	16048.000	14889.809	430.000	16048.000
1.940	16195.000	14832.866	457.000	16195.000
1.950	16343.000	14823.006	440.000	16343.000
1.960	16489.000	14756.104	455.000	16489.000
1.970	16634.000	14679.273	465.000	16634.000
1.980	16779.000	14625.491	456.000	16779.000
1.990	16924.000	14587.844	441.000	16924.000
2.000	17067.000	14501.491	460.000	17067.000
2.010	17210.000	14441.043	552.000	17210.000
2.020	17352.000	14368.730	624.000	17352.000
2.030	17494.000	14318.111	670.000	17494.000
2.040	17635.000	14252.678	723.000	17635.000
2.050	17774.000	14146.875	800.000	17774.000
2.060	17916.000	14162.812	806.000	17916.000
2.070	18057.000	14143.969	858.000	18057.000
2.080	18198.000	14130.778	919.000	18198.000
2.090	18339.000	14121.545	991.000	18339.000
2.100	18483.000	14205.081	1019.000	18483.000
2.110	18626.000	14233.557	1103.000	18626.000
2.120	18772.000	14343.490	1145.000	18772.000
2.130	18918.000	14420.443	1222.000	18918.000
2.140	19066.000	14534.310	1279.000	19066.000
2.150	19215.000	14644.017	1344.000	19215.000
2.160	19366.000	14780.812	1391.000	19366.000
2.170	19520.000	14966.568	1411.000	19520.000
2.180	19675.000	15126.598	1451.000	19675.000
2.190	19832.000	15298.618	1476.000	19832.000
2.200	19992.000	15509.033	1472.000	19992.000
2.210	20153.000	15686.323	1485.000	20153.000
2.220	20316.000	15870.426	1479.000	20316.000
2.230	20480.000	16029.298	1476.000	20480.000
2.240	20646.000	16200.509	1448.000	20646.000
2.250	20813.000	16350.356	1419.000	20813.000
2.260	20982.000	16515.249	1365.000	20982.000
2.270	21152.000	16660.675	1311.000	21152.000
2.280	21323.000	16792.472	1252.000	21323.000
2.290	21496.000	16944.731	1167.000	21496.000
2.300	21670.000	17081.311	1083.000	21670.000
2.310	21845.000	17206.918	997.000	21845.000
2.320	22021.000	17324.843	904.000	22021.000
2.330	22198.000	17437.390	804.000	22198.000
2.340	22375.000	17516.173	716.000	22375.000
2.350	22553.000	17601.321	610.000	22553.000
2.360	22731.000	17660.925	511.000	22731.000
2.370	22909.000	17702.647	412.000	22909.000
2.380	23087.000	17731.853	310.000	23087.000
2.390	23265.000	17752.297	204.000	23265.000
2.400	23442.000	17736.608	112.000	23442.000
2.410	23618.000	17695.626	24.000	23618.000
2.420	23794.000	17666.938	-81.000	23794.000
2.430	23968.000	17586.857	-159.000	23968.000
2.440	24141.000	17500.800	-244.000	24141.000
2.450	24314.000	17440.560	-347.000	24314.000
2.460	24484.000	17308.392	-406.000	24484.000
2.470	24653.000	17185.874	-479.000	24653.000
2.480	24821.000	17070.112	-557.000	24821.000
2.490	24988.000	16959.078	-634.000	24988.000
2.500	25152.000	16791.355	-673.000	25152.000
2.510	25316.000	16673.948	-745.000	25316.000
2.520	25477.000	16501.764	-777.000	25477.000
2.530	25637.000	16351.235	-823.000	25637.000
2.540	25796.000	16215.864	-873.000	25796.000
2.550	25953.000	16061.105	-903.000	25953.000
2.560	26108.000	15892.774	-922.000	26108.000
2.570	26261.000	15714.941	-934.000	26261.000
2.580	26413.000	15560.459	-958.000	26413.000
2.590	26562.000	15362.321	-951.000	26562.000
2.600	26710.000	15193.625	-961.000	26710.000
2.610	26856.000	15015.537	-959.000	26856.000
2.620	26998.000	14770.876	-916.000	26998.000
2.630	27137.000	14509.613	-871.000	27137.000
2.640	27275.000	14296.729	-858.000	27275.000
2.650	27410.000	14057.711	-821.000	27410.000
2.660	27542.000	13800.397	-770.000	27542.000
2.670	27671.000	13530.278	-709.000	27671.000
2.680	27798.000	13281.195	-657.000	27798.000
2.690	27922.000	13016.836	-586.000	27922.000
2.700	28045.000	12801.785	-537.000	28045.000
2.710	28164.000	12531.250	-439.000	28164.000
2.720	28281.000	12281.875	-350.000	28281.000
2.730	28395.000	12017.312	-242.000	28395.000
2.740	28508.000	11802.119	-157.000	28508.000
2.750	28619.000	11591.483	-58.000	28619.000
2.760	28730.000	11444.038	20.000	28730.000
2.770	28839.000	11280.827	128.000	28839.000
2.780	28947.000	11136.579	239.000	28947.000
2.790	29055.000	11035.605	337.000	29055.000
2.800	29165.000	11024.924	400.000	29165.000
2.810	29274.000	10987.446	504.000	29274.000
2.820	29384.000	10991.213	596.000	29384.000
2.830	29495.000	11023.849	683.000	29495.000
2.840	29607.000	11076.694	769.000	29607.000
2.850	29722.000	11203.686	820.000	29722.000
2.860	29837.000	11292.580	908.000	29837.000
2.870	29954.000	11414.806	974.000	29954.000
2.880	30072.000	11530.364	1046.000	30072.000
2.890	30191.000	11641.255	1116.000	30191.000
2.900	30311.000	11748.878	1180.000	30311.000
2.910	30432.000	11854.215	1237.000	30432.000
2.920	30553.000	11927.950	1304.000	30553.000
2.930	30675.000	12009.565	1353.000	30675.000
2.940	30798.000	12096.696	1392.000	30798.000
2.950	30922.000	12187.687	1425.000	30922.000
2.960	31048.000	12311.381	1437.000	31048.000
2.970	31173.000	12367.967	1492.000	31173.000
2.980	31300.000	12467.577	1514.000	31300.000
2.990	31430.000	12627.304	1505.000	31430.000
3.000	31561.000	12769.113	1520.000	31561.000
3.010	31693.000	12898.379	1547.000	31693.000
3.020	31827.000	13048.865	1562.000	31827.000
3.030	31963.000	13214.206	1572.000	31963.000
3.040	32101.000	13389.944	1580.000	32101.000
3.050	32241.000	13572.961	1587.000	32241.000
3.060	32384.000	13791.073	1577.000	32384.000
3.070	32529.000	14003.751	1575.000	32529.000
3.080	32676.000	14212.626	1576.000	32676.000
3.090	32826.000	14448.838	1558.000	32826.000
3.100	32977.000	14644.187	1563.000	32977.000
3.110	33130.000	14840.931	1558.000	33130.000
3.120	33284.000	15008.651	1559.000	33284.000
3.130	33439.000	15156.056	1559.000	33439.000
3.140	33594.000	15259.239	1569.000	33594.000
3.150	33750.000	15361.467	1561.000	33750.000
3.160	33907.000	15463.027	1541.000	33907.000
3.170	34063.000	15504.119	1548.000	34063.000
3.180	34220.000	15562.883	1528.000	34220.000
3.190	34378.000	15634.018	1496.000	34378.000
3.200	34536.000	15683.813	1476.000	34536.000
3.210	34695.000	15748.669	1445.000	34695.000
3.220	34856.000	15854.068	1392.000	34856.000
3.230	35017.000	15927.848	1366.000	35017.000
3.240	35181.000	16069.493	1302.000	35181.000
3.250	35346.000	16198.645	1256.000	35346.000
3.260	35514.000	16379.052	1184.000	35514.000
3.270	35684.000	16565.336	1119.000	35684.000
3.280	35857.000	16785.735	1038.000	35857.000
3.290	36034.000	17060.015	931.000	36034.000
3.300	36212.000	17282.010	862.000	36212.000
3.310	36393.000	17527.407	769.000	36393.000
3.320	36576.000	17759.185	676.000	36576.000
3.330	36758.000	17891.430	626.000	36758.000
3.340	36941.000	18014.001	549.000	36941.000
3.350	37127.000	18189.800	416.000	37127.000
3.360	37314.000	18342.860	287.000	37314.000
3.370	37498.000	18360.002	222.000	37498.000
3.380	37681.000	18342.002	142.000	37681.000
3.390	37864.000	18329.401	30.000	37864.000
3.400	38044.000	18230.581	-50.000	38044.000
3.410	38221.000	18071.407	-118.000	38221.000
3.420	38396.000	17899.985	-203.000	38396.000
3.430	38568.000	17689.989	-277.000	38568.000
3.440	38737.000	17452.992	-344.000	38737.000
3.450	38905.000	17257.095	-439.000	38905.000
3.460	39068.000	16969.966	-469.000	39068.000
3.470	39230.000	16738.976	-535.000	39230.000
3.480	39390.000	16517.283	-591.000	39390.000
3.490	39548.000	16302.098	-634.000	39548.000
3.500	39705.000	16121.469	-680.000	39705.000
3.510	39860.000	15935.028	-701.000	39860.000
3.520	40014.000	15774.520	-721.000	40014.000
3.530	40168.000	15662.164	-753.000	40168.000
3.540	40321.000	15553.515	-766.000	40321.000
3.550	40474.000	15477.460	-784.000	40474.000
3.560	40626.000	15394.222	-785.000	40626.000
3.570	40778.000	15335.956	-794.000	40778.000
3.580	40930.000	15295.169	-807.000	40930.000
3.590	41080.000	15206.618	-788.000	41080.000
3.600	41229.000	15114.633	-776.000	41229.000
3.610	41375.000	14960.243	-736.000	41375.000
3.620	41520.000	14822.170	-724.000	41520.000
3.630	41662.000	14635.519	-693.000	41662.000
3.640	41801.000	14414.863	-657.000	41801.000
3.650	41937.000	14170.404	-620.000	41937.000
3.660	42070.000	13909.283	-584.000	42070.000
3.670	42200.000	13636.498	-546.000	42200.000
3.680	42327.000	13355.549	-505.000	42327.000
3.690	42452.000	13098.884	-474.000	42452.000
3.700	42573.000	12799.219	-407.000	42573.000
3.710	42693.000	12559.453	-369.000	42693.000
3.720	42812.000	12361.617	-335.000	42812.000
3.730	42928.000	12133.132	-258.000	42928.000
3.740	43043.000	11943.192	-190.000	43043.000
3.750	43158.000	11810.235	-135.000	43158.000
3.760	43273.000	11717.164	-76.000	43273.000
3.770	43387.000	11622.015	8.000	43387.000
3.780	43502.000	11585.411	74.000	43502.000
3.790	43618.000	11589.787	137.000	43618.000
3.800	43735.000	11622.851	203.000	43735.000
3.810	43850.000	11585.996	323.000	43850.000
3.820	43967.000	11620.197	396.000	43967.000
3.830	44084.000	11644.138	481.000	44084.000
3.840	44201.000	11660.897	570.000	44201.000
3.850	44318.000	11672.628	658.000	44318.000
3.860	44434.000	11650.839	758.000	44434.000
3.870	44549.000	11605.588	861.000	44549.000
3.880	44663.000	11543.911	960.000	44663.000
3.890	44777.000	11500.738	1039.000	44777.000
3.900	44889.000	11410.517	1143.000	44889.000
3.910	45001.000	11347.362	1223.000	45001.000
3.920	45113.000	11303.153	1294.000	45113.000
3.930	45225.000	11272.207	1366.000	45225.000
3.940	45338.000	11280.545	1425.000	45338.000
3.950	45452.000	11316.382	1485.000	45452.000
3.960	45569.000	11431.467	1516.000	45569.000
3.970	45688.000	11572.027	1557.000	45688.000
3.980	45811.000	11790.419	1575.000	45811.000
3.990	45937.000	12033.293	1604.000	45937.000
4.000	46066.000	12293.305	1639.000	46066.000
4.010	46199.000	12595.314	1659.000	46199.000
4.020	46335.000	12896.720	1686.000	46335.000
4.030	46476.000	13257.704	1678.000	46476.000
4.040	46620.000	13600.393	1684.000	46620.000
4.050	46768.000	13960.275	1671.000	46768.000
4.060	46918.000	14272.192	1676.000	46918.000
4.070	47071.000	14580.535	1662.000	47071.000
4.080	47226.000	14856.374	1646.000	47226.000
4.090	47383.000	15109.462	1620.000	47383.000
4.100	47541.000	15316.623	1597.000	47541.000
4.110	47699.000	15461.636	1583.000	47699.000
4.120	47858.000	15593.145	1548.000	47858.000
4.130	48016.000	15655.202	1531.000	48016.000
4.140	48174.000	15698.641	1501.000	48174.000
4.150	48332.000	15729.049	1461.000	48332.000
4.160	48490.000	15750.334	1418.000	48490.000
4.170	48648.000	15765.234	1376.000	48648.000
4.180	48807.000	15805.664	1319.000	48807.000
4.190	48966.000	15833.965	1279.000	48966.000
4.200	49126.000	15883.775	1234.000	49126.000
4.210	49288.000	15978.643	1175.000	49288.000
4.220	49452.000	16105.050	1115.000	49452.000
4.230	49615.000	16163.535	1110.000	49615.000
4.240	49781.000	16294.474	1061.000	49781.000
4.250	49949.000	16446.132	1011.000	49949.000
4.260	50120.000	16642.292	945.000	50120.000
4.270	50293.000	16839.605	888.000	50293.000
4.280	50468.000	17037.723	834.000	50468.000
4.290	50646.000	17266.406	759.000	50646.000
4.300	50824.000	17426.484	722.000	50824.000
4.310	51003.000	17568.539	675.000	51003.000
4.320	51183.000	17697.977	615.000	51183.000
4.330	51362.000	17758.584	574.000	51362.000
4.340	51543.000	17861.009	481.000	51543.000
4.350	51721.000	17842.706	444.000	51721.000
4.360	51899.000	17829.894	373.000	51899.000
4.370	52076.000	17790.926	297.000	52076.000
4.380	52253.000	17763.648	200.000	52253.000
4.390	52426.000	17624.554	159.000	52426.000
4.400	52599.000	17527.188	73.000	52599.000
4.410	52769.000	17369.031	18.000	52769.000
4.420	52938.000	17228.322	-57.000	52938.000
4.430	53106.000	17099.825	-137.000	53106.000
4.440	53273.000	16979.878	-216.000	53273.000
4.450	53439.000	16865.914	-287.000	53439.000
4.460	53605.000	16786.140	-368.000	53605.000
4.470	53770.000	16700.298	-430.000	53770.000
4.480	53934.000	16610.209	-481.000	53934.000
4.490	54098.000	16547.146	-540.000	54098.000
4.500	54262.000	16503.002	-601.000	54262.000
4.510	54425.000	16442.102	-643.000	54425.000
4.520	54587.000	16369.471	-677.000	54587.000
4.530	54748.000	16288.630	-708.000	54748.000
4.540	54907.000	16172.041	-723.000	54907.000
4.550	55066.000	16090.429	-768.000	55066.000
4.560	55221.000	15913.300	-758.000	55221.000
4.570	55374.000	15729.310	-762.000	55374.000
4.580	55524.000	15510.517	-757.000	55524.000
4.590	55670.000	15237.362	-732.000	55670.000
4.600	55813.000	14956.153	-718.000	55813.000
4.610	55952.000	14639.307	-689.000	55952.000
4.620	56086.000	14267.515	-635.000	56086.000
4.630	56218.000	13947.261	-619.000	56218.000
4.640	56347.000	13633.082	-594.000	56347.000
4.650	56473.000	13323.158	-556.000	56473.000
4.660	56597.000	13046.210	-521.000	56597.000
4.670	56719.000	12792.347	-477.000	56719.000
4.680	56840.000	12584.643	-437.000	56840.000
4.690	56961.000	12439.250	-404.000	56961.000
4.700	57081.000	12307.475	-349.000	57081.000
4.710	57201.000	12215.233	-293.000	57201.000
4.720	57321.000	12150.663	-231.000	57321.000
4.730	57442.000	12135.464	-179.000	57442.000
4.740	57563.000	12124.825	-112.000	57563.000
4.750	57685.000	12147.377	-55.000	57685.000
4.760	57808.000	12193.164	-2.000	57808.000
4.770	57931.000	12225.215	65.000	57931.000
4.780	58054.000	12247.650	134.000	58054.000
4.790	58176.000	12233.355	217.000	58176.000
4.800	58298.000	12223.349	283.000	58298.000
4.810	58420.000	12216.344	338.000	58420.000
4.820	58541.000	12181.441	401.000	58541.000
4.830	58661.000	12127.009	466.000	58661.000
4.840	58778.000	11998.906	562.000	58778.000
4.850	58895.000	11909.234	619.000	58895.000
4.860	59010.000	11786.464	694.000	59010.000
4.870	59124.000	11670.525	761.000	59124.000
4.880	59237.000	11559.367	828.000	59237.000
4.890	59349.000	11451.557	901.000	59349.000
4.900	59461.000	11376.090	964.000	59461.000
4.910	59573.000	11323.263	1031.000	59573.000
4.920	59685.000	11286.284	1106.000	59685.000
4.930	59798.000	11290.399	1175.000	59798.000
4.940	59912.000	11323.279	1247.000	59912.000
4.950	60029.000	11436.295	1293.000	60029.000
4.960	60148.000	11575.407	1350.000	60148.000
4.970	60268.000	11702.785	1434.000	60268.000
4.980	60391.000	11881.949	1495.000	60391.000
4.990	60517.000	12097.365	1546.000	60517.000
5.000	60646.000	12338.155	1592.000	60646.000
5.010	60777.000	12566.709	1650.000	60777.000
5.020	60910.000	12786.696	1708.000	60910.000
5.030	61046.000	13030.687	1743.000	61046.000
5.040	61184.000	13261.481	1778.000	61184.000
5.050	61325.000	13513.037	1790.000	61325.000
5.060	61466.000	13689.126	1836.000	61466.000
5.070	61611.000	13932.388	1821.000	61611.000
5.080	61757.000	14132.672	1825.000	61757.000
5.090	61905.000	14332.870	1815.000	61905.000
5.100	62054.000	14503.009	1810.000	62054.000
5.110	62205.000	14682.106	1786.000	62205.000
5.120	62357.000	14837.474	1767.000	62357.000
5.130	62512.000	15036.232	1712.000	62512.000
5.140	62667.000	15175.362	1692.000	62667.000
5.150	62825.000	15362.754	1633.000	62825.000
5.160	62985.000	15553.928	1575.000	62985.000
5.170	63147.000	15747.749	1515.000	63147.000
5.180	63313.000	16003.425	1421.000	63313.000
5.190	63482.000	16272.397	1330.000	63482.000
5.200	63652.000	16490.678	1275.000	63652.000
5.210	63825.000	16733.475	1197.000	63825.000
5.220	64000.000	16963.432	1122.000	64000.000
5.230	64177.000	17184.403	1044.000	64177.000
5.240	64356.000	17399.082	960.000	64356.000
5.250	64536.000	17579.357	885.000	64536.000
5.260	64717.000	17735.550	808.000	64717.000
5.270	64899.000	17874.885	724.000	64899.000
5.280	65081.000	17972.420	647.000	65081.000
5.290	65263.000	18040.694	569.000	65263.000
5.300	65443.000	18028.486	519.000	65443.000
5.310	65621.000	17959.940	475.000	65621.000
5.320	65798.000	17881.958	412.000	65798.000
5.330	65973.000	17767.371	355.000	65973.000
5.340	66147.000	17657.159	283.000	66147.000
5.350	66318.000	17490.012	242.000	66318.000
5.360	66489.000	17373.008	165.000	66489.000
5.370	66657.000	17201.106	128.000	66657.000
5.380	66824.000	17050.774	79.000	66824.000
5.390	66991.000	16945.542	14.000	66991.000
5.400	67155.000	16781.879	-2.000	67155.000
5.410	67321.000	16727.315	-77.000	67321.000
5.420	67487.000	16689.121	-137.000	67487.000
5.430	67652.000	16632.385	-168.000	67652.000
5.440	67818.000	16622.669	-218.000	67818.000
5.450	67985.000	16645.868	-274.000	67985.000
5.460	68152.000	16662.108	-315.000	68152.000
5.470	68320.000	16703.476	-367.000	68320.000
5.480	68488.000	16732.433	-409.000	68488.000
5.490	68655.000	16722.703	-434.000	68655.000
5.500	68822.000	16715.892	-476.000	68822.000
5.510	68986.000	16621.124	-479.000	68986.000
5.520	69151.000	16584.787	-541.000	69151.000
5.530	69313.000	16469.351	-566.000	69313.000
5.540	69473.000	16328.546	-596.000	69473.000
5.550	69630.000	16139.982	-615.000	69630.000
5.560	69784.000	15917.987	-633.000	69784.000
5.570	69935.000	15672.591	-652.000	69935.000
5.580	70081.000	15350.814	-638.000	70081.000
5.590	70224.000	15035.570	-642.000	70224.000
5.600	70364.000	14724.899	-650.000	70364.000
5.610	70500.000	14387.429	-637.000	70500.000
5.620	70633.000	14061.200	-624.000	70633.000
5.630	70764.000	13772.840	-620.000	70764.000
5.640	70891.000	13450.988	-574.000	70891.000
5.650	71017.000	13195.692	-554.000	71017.000
5.660	71141.000	12956.984	-516.000	71141.000
5.670	71264.000	12759.889	-478.000	71264.000
5.680	71386.000	12591.922	-430.000	71386.000
5.690	71509.000	12504.346	-404.000	71509.000
5.700	71631.000	12413.042	-345.000	71631.000
5.710	71753.000	12349.129	-284.000	71753.000
5.720	71874.000	12274.391	-202.000	71874.000
5.730	71997.000	12282.073	-162.000	71997.000
5.740	72120.000	12287.451	-105.000	72120.000
5.750	72242.000	12261.216	-23.000	72242.000
5.760	72364.000	12242.851	49.000	72364.000
5.770	72486.000	12229.996	113.000	72486.000
5.780	72608.000	12220.997	170.000	72608.000
5.790	72729.000	12184.698	239.000	72729.000
5.800	72849.000	12129.289	310.000	72849.000
5.810	72967.000	12030.502	395.000	72967.000
5.820	73085.000	11961.351	450.000	73085.000
5.830	73201.000	11852.946	525.000	73201.000
5.840	73315.000	11717.062	610.000	73315.000
5.850	73429.000	11621.944	664.000	73429.000
5.860	73541.000	11495.360	744.000	73541.000
5.870	73653.000	11406.752	805.000	73653.000
5.880	73767.000	11404.727	829.000	73767.000
5.890	73880.000	11373.309	897.000	73880.000
5.900	73994.000	11381.316	957.000	73994.000
5.910	74110.000	11446.921	1001.000	74110.000
5.920	74228.000	11552.845	1046.000	74228.000
5.930	74348.000	11686.991	1095.000	74348.000
5.940	74470.000	11840.894	1150.000	74470.000
5.950	74595.000	12038.626	1192.000	74595.000
5.960	74723.000	12267.038	1228.000	74723.000
5.970	74853.000	12486.927	1278.000	74853.000
5.980	74986.000	12730.849	1314.000	74986.000
5.990	75121.000	12961.594	1356.000	75121.000
6.000	75256.000	13123.116	1429.000	75256.000
6.010	75393.000	13296.181	1472.000	75393.000
6.020	75532.000	13477.327	1495.000	75532.000
6.030	75671.000	13604.129	1538.000	75671.000
6.040	75811.000	13722.890	1566.000	75811.000
6.050	75951.000	13806.023	1599.000	75951.000
6.060	76091.000	13864.216	1631.000	76091.000
6.070	76232.000	13934.951	1641.000	76232.000
6.080	76373.000	13984.466	1659.000	76373.000
6.090	76514.000	14019.126	1679.000	76514.000
6.100	76655.000	14043.388	1702.000	76655.000
6.110	76797.000	14090.372	1709.000	76797.000
6.120	76939.000	14123.260	1729.000	76939.000
6.130	77084.000	14236.282	1706.000	77084.000
6.140	77231.000	14375.398	1687.000	77231.000
6.150	77380.000	14532.778	1673.000	77380.000
6.160	77533.000	14762.945	1632.000	77533.000
6.170	77689.000	15014.061	1598.000	77689.000
6.180	77851.000	15369.843	1518.000	77851.000
6.190	78016.000	15708.890	1470.000	78016.000
6.200	78184.000	16036.223	1433.000	78184.000
6.210	78357.000	16415.356	1359.000	78357.000
6.220	78533.000	16770.749	1296.000	78533.000
6.230	78710.000	17049.525	1262.000	78710.000
6.240	78892.000	17394.667	1159.000	78892.000
6.250	79075.000	17666.267	1083.000	79075.000
6.260	79260.000	17916.387	991.000	79260.000
6.270	79446.000	18121.471	897.000	79446.000
6.280	79632.000	18265.030	809.000	79632.000
6.290	79816.000	18305.521	746.000	79816.000
6.300	79999.000	18303.864	666.000	79999.000
6.310	80180.000	18242.705	587.000	80180.000
6.320	80360.000	18169.894	487.000	80360.000
6.330	80536.000	17998.926	427.000	80536.000
6.340	80710.000	17819.248	349.000	80710.000
6.350	80883.000	17663.474	249.000	80883.000
6.360	81055.000	17524.431	146.000	81055.000
6.370	81225.000	17367.102	68.000	81225.000
6.380	81395.000	17256.971	-25.000	81395.000
6.390	81562.000	17089.880	-64.000	81562.000
6.400	81730.000	17002.916	-141.000	81730.000
6.410	81897.000	16912.041	-193.000	81897.000
6.420	82064.000	16848.429	-245.000	82064.000
6.430	82232.000	16833.900	-309.000	82232.000
6.440	82401.000	16853.730	-372.000	82401.000
6.450	82570.000	16867.611	-416.000	82570.000
6.460	82739.000	16877.328	-451.000	82739.000
6.470	82907.000	16854.129	-467.000	82907.000
6.480	83076.000	16867.891	-514.000	83076.000
6.490	83242.000	16787.523	-510.000	83242.000
6.500	83407.000	16701.266	-526.000	83407.000
6.510	83570.000	16580.886	-540.000	83570.000
6.520	83730.000	16406.621	-541.000	83730.000
6.530	83889.000	16254.634	-577.000	83889.000
6.540	84046.000	16088.244	-613.000	84046.000
6.550	84197.000	15791.771	-580.000	84197.000
6.560	84345.000	15494.240	-572.000	84345.000
6.570	84490.000	15195.968	-575.000	84490.000
6.580	84632.000	14897.177	-580.000	84632.000
6.590	84771.000	14598.024	-581.000	84771.000
6.600	84906.000	14268.617	-555.000	84906.000
6.610	85040.000	14008.032	-562.000	85040.000
6.620	85171.000	13735.622	-540.000	85171.000
6.630	85302.000	13544.936	-548.000	85302.000
6.640	85432.000	13381.455	-540.000	85432.000
6.650	85561.000	13237.018	-516.000	85561.000
6.660	85690.000	13135.913	-495.000	85690.000
6.670	85820.000	13095.139	-486.000	85820.000
6.680	85949.000	13036.597	-442.000	85949.000
6.690	86078.000	12995.618	-398.000	86078.000
6.700	86208.000	12996.933	-370.000	86208.000
6.710	86337.000	12967.853	-316.000	86337.000
6.720	86466.000	12947.497	-270.000	86466.000
6.730	86593.000	12873.248	-196.000	86593.000
6.740	86718.000	12761.274	-116.000	86718.000
6.750	86841.000	12622.891	-38.000	86841.000
6.760	86961.000	12436.024	52.000	86961.000
6.770	87080.000	12275.217	109.000	87080.000
6.780	87195.000	12042.652	203.000	87195.000
6.790	87306.000	11759.856	313.000	87306.000
6.800	87416.000	11531.899	381.000	87416.000
6.810	87523.000	11282.330	469.000	87523.000
6.820	87628.000	11047.631	556.000	87628.000
6.830	87731.000	10823.341	651.000	87731.000
6.840	87833.000	10636.339	741.000	87833.000
6.850	87936.000	10535.437	805.000	87936.000
6.860	88039.000	10464.806	887.000	88039.000
6.870	88145.000	10505.364	936.000	88145.000
6.880	88252.000	10563.755	1016.000	88252.000
6.890	88363.000	10724.629	1066.000	88363.000
6.900	88477.000	10927.240	1126.000	88477.000
6.910	88595.000	11189.068	1177.000	88595.000
6.920	88717.000	11492.348	1225.000	88717.000
6.930	88843.000	11824.643	1269.000	88843.000
6.940	88972.000	12147.250	1324.000	88972.000
6.950	89104.000	12463.075	1374.000	89104.000
6.960	89240.000	12804.153	1395.000	89240.000
6.970	89377.000	13072.907	1444.000	89377.000
6.980	89515.000	13291.035	1492.000	89515.000
6.990	89655.000	13503.724	1509.000	89655.000
7.000	89795.000	13652.607	1536.000	89795.000
7.010	89935.000	13756.825	1558.000	89935.000
7.020	90075.000	13829.777	1568.000	90075.000
7.030	90215.000	13880.844	1569.000	90215.000
7.040	90356.000	13946.591	1545.000	90356.000
7.050	90496.000	13962.614	1547.000	90496.000
7.060	90635.000	13943.830	1560.000	90635.000
7.070	90776.000	13990.681	1530.000	90776.000
7.080	90917.000	14023.476	1521.000	90917.000
7.090	91059.000	14076.434	1510.000	91059.000
7.100	91202.000	14143.503	1504.000	91202.000
7.110	91347.000	14250.452	1490.000	91347.000
7.120	91496.000	14445.317	1445.000	91496.000
7.130	91647.000	14641.722	1427.000	91647.000
7.140	91801.000	14869.205	1407.000	91801.000
7.150	91959.000	15148.444	1373.000	91959.000
7.160	92121.000	15463.911	1331.000	92121.000
7.170	92286.000	15774.737	1303.000	92286.000
7.180	92454.000	16082.316	1275.000	92454.000
7.190	92624.000	16357.621	1258.000	92624.000
7.200	92796.000	16610.335	1235.000	92796.000
7.210	92969.000	16817.234	1216.000	92969.000
7.220	93143.000	16992.064	1186.000	93143.000
7.230	93317.000	17114.445	1158.000	93317.000
7.240	93493.000	17260.111	1086.000	93493.000
7.250	93667.000	17302.078	1057.000	93667.000
7.260	93842.000	17361.455	987.000	93842.000
7.270	94016.000	17373.018	928.000	94016.000
7.280	94188.000	17321.113	888.000	94188.000
7.290	94360.000	17284.779	819.000	94360.000
7.300	94529.000	17169.345	787.000	94529.000
7.310	94698.000	17088.542	721.000	94698.000
7.320	94868.000	17061.979	624.000	94868.000
7.330	95038.000	17043.385	539.000	95038.000
7.340	95209.000	17060.370	447.000	95209.000
7.350	95381.000	17102.259	359.000	95381.000
7.360	95555.000	17191.581	260.000	95555.000
7.370	95730.000	17284.107	178.000	95730.000
7.380	95907.000	17408.875	88.000	95907.000
7.390	96085.000	17526.212	12.000	96085.000
7.400	96265.000	17668.349	-77.000	96265.000
7.410	96446.000	17797.844	-159.000	96446.000
7.420	96627.000	17888.491	-225.000	96627.000
7.430	96809.000	17981.944	-310.000	96809.000
7.440	96990.000	18017.361	-375.000	96990.000
7.450	97170.000	18012.152	-440.000	97170.000
7.460	97347.000	17918.507	-480.000	97347.000
7.470	97520.000	17732.955	-501.000	97520.000
7.480	97690.000	17513.068	-539.000	97690.000
7.490	97855.000	17209.148	-557.000	97855.000
7.500	98015.000	16846.403	-569.000	98015.000
7.510	98171.000	16472.482	-596.000	98171.000
7.520	98322.000	16060.738	-608.000	98322.000
7.530	98468.000	15622.516	-608.000	98468.000
7.540	98611.000	15225.761	-628.000	98611.000
7.550	98750.000	14828.033	-627.000	98750.000
7.560	98886.000	14459.623	-621.000	98886.000
7.570	99021.000	14171.736	-632.000	99021.000
7.580	99154.000	13910.215	-619.000	99154.000
7.590	99287.000	13727.151	-616.000	99287.000
7.600	99422.000	13659.006	-638.000	99422.000
7.610	99557.000	13611.304	-623.000	99557.000
7.620	99693.000	13607.913	-602.000	99693.000
7.630	99831.000	13665.539	-591.000	99831.000
7.640	99971.000	13765.877	-582.000	99971.000
7.650	100111.000	13836.114	-542.000	100111.000
7.660	100251.000	13885.280	-493.000	100251.000
7.670	100393.000	13979.696	-483.000	100393.000
7.680	100532.000	13955.787	-413.000	100532.000
7.690	100671.000	13939.051	-380.000	100671.000
7.700	100806.000	13807.336	-305.000	100806.000
7.710	100939.000	13655.135	-257.000	100939.000
7.720	101069.000	13458.594	-211.000	101069.000
7.730	101195.000	13201.016	-155.000	101195.000
7.740	101317.000	12900.711	-96.000	101317.000
7.750	101436.000	12600.498	-53.000	101436.000
7.760	101549.000	12210.349	39.000	101549.000
7.770	101660.000	11877.244	89.000	101660.000
7.780	101767.000	11524.071	164.000	101767.000
7.790	101872.000	11216.850	228.000	101872.000
7.800	101975.000	10941.795	301.000	101975.000
7.810	102078.000	10749.256	359.000	102078.000
7.820	102180.000	10584.479	444.000	102180.000
7.830	102283.000	10499.136	520.000	102283.000
7.840	102389.000	10529.395	571.000	102389.000
7.850	102496.000	10580.576	659.000	102496.000
7.860	102607.000	10736.404	720.000	102607.000
7.870	102721.000	10935.482	793.000	102721.000
7.880	102838.000	11164.838	873.000	102838.000
7.890	102957.000	11385.386	972.000	102957.000
7.900	103079.000	11629.770	1057.000	103079.000
7.910	103204.000	11890.839	1126.000	103204.000
7.920	103331.000	12133.588	1198.000	103331.000
7.930	103459.000	12333.511	1277.000	103459.000
7.940	103587.000	12473.458	1365.000	103587.000
7.950	103715.000	12571.421	1443.000	103715.000
7.960	103843.000	12639.994	1506.000	103843.000
7.970	103970.000	12657.996	1570.000	103970.000
7.980	104096.000	12640.597	1627.000	104096.000
7.990	104222.000	12628.418	1661.000	104222.000
8.000	104347.000	12589.893	1700.000	104347.000
8.010	104471.000	12532.925	1743.000	104471.000
8.020	104596.000	12523.047	1757.000	104596.000
8.030	104723.000	12576.133	1748.000	104723.000
8.040	104851.000	12643.293	1755.000	104851.000
8.050	104981.000	12750.305	1760.000	104981.000
8.060	105116.000	12975.214	1722.000	105116.000
8.070	105253.000	13192.650	1724.000	105253.000
8.080	105394.000	13464.855	1715.000	105394.000
8.090	105541.000	13835.398	1670.000	105541.000
8.100	105692.000	14214.779	1645.000	105692.000
8.110	105849.000	14660.345	1594.000	105849.000
8.120	106010.000	15092.242	1561.000	106010.000
8.130	106176.000	15544.569	1513.000	106176.000
8.140	106346.000	15981.198	1464.000	106346.000
8.150	106520.000	16406.839	1404.000	106520.000
8.160	106696.000	16764.787	1359.000	106696.000
8.170	106873.000	17045.351	1323.000	106873.000
8.180	107052.000	17301.746	1257.000	107052.000
8.190	107229.000	17421.222	1232.000	107229.000
8.200	107405.000	17474.855	1193.000	107405.000
8.210	107580.000	17482.399	1135.000	107580.000
8.220	107752.000	17397.679	1096.000	107752.000
8.230	107922.000	17278.375	1042.000	107922.000
8.240	108090.000	17134.863	981.000	108090.000
8.250	108256.000	16974.404	919.000	108256.000
8.260	108420.000	16802.083	863.000	108420.000
8.270	108583.000	16651.458	800.000	108583.000
8.280	108744.000	16486.021	762.000	108744.000
8.290	108906.000	16400.214	693.000	108906.000
8.300	109069.000	16370.150	623.000	109069.000
8.310	109233.000	16379.105	565.000	109233.000
8.320	109400.000	16475.374	488.000	109400.000
8.330	109570.000	16632.761	412.000	109570.000
8.340	109742.000	16802.933	360.000	109742.000
8.350	109919.000	17072.053	270.000	109919.000
8.360	110097.000	17290.437	230.000	110097.000
8.370	110278.000	17533.306	172.000	110278.000
8.380	110461.000	17763.314	115.000	110461.000
8.390	110647.000	18014.320	31.000	110647.000
8.400	110832.000	18160.024	-9.000	110832.000
8.410	111017.000	18262.017	-61.000	111017.000
8.420	111202.000	18333.412	-134.000	111202.000
8.430	111385.000	18323.388	-196.000	111385.000
8.440	111565.000	18226.372	-247.000	111565.000
8.450	111742.000	18068.460	-306.000	111742.000
8.460	111915.000	17837.922	-359.000	111915.000
8.470	112082.000	17496.546	-381.000	112082.000
8.480	112245.000	17137.582	-428.000	112245.000
8.490	112402.000	16706.307	-450.000	112402.000
8.500	112557.000	16344.415	-524.000	112557.000
8.510	112708.000	15971.091	-577.000	112708.000
8.520	112855.000	15589.763	-606.000	112855.000
8.530	113000.000	15262.834	-646.000	113000.000
8.540	113144.000	15003.984	-693.000	113144.000
8.550	113286.000	14762.789	-709.000	113286.000
8.560	113427.000	14563.952	-714.000	113427.000
8.570	113568.000	14424.767	-721.000	113568.000
8.580	113709.000	14327.337	-718.000	113709.000
8.590	113851.000	14289.136	-720.000	113851.000
8.600	113993.000	14262.395	-701.000	113993.000
8.610	114135.000	14243.676	-671.000	114135.000
8.620	114279.000	14290.574	-672.000	114279.000
8.630	114421.000	14263.401	-619.000	114421.000
8.640	114563.000	14244.381	-583.000	114563.000
8.650	114704.000	14201.067	-544.000	114704.000
8.660	114842.000	14080.747	-477.000	114842.000
8.670	114977.000	13906.523	-408.000	114977.000
8.680	115109.000	13694.566	-346.000	115109.000
8.690	115237.000	13426.196	-276.000	115237.000
8.700	115362.000	13148.337	-224.000	115362.000
8.710	115483.000	12833.836	-162.000	115483.000
8.720	115600.000	12493.685	-95.000	115600.000
8.730	115715.000	12195.580	-54.000	115715.000
8.740	115826.000	11866.906	17.000	115826.000
8.750	115936.000	11606.834	60.000	115936.000
8.760	116044.000	11364.784	120.000	116044.000
8.770	116152.000	11195.349	165.000	116152.000
8.780	116259.000	11046.744	234.000	116259.000
8.790	116368.000	11002.721	274.000	116368.000
8.800	116478.000	11001.905	331.000	116478.000
8.810	116591.000	11091.333	369.000	116591.000
8.820	116706.000	11213.933	426.000	116706.000
8.830	116824.000	11389.753	477.000	116824.000
8.840	116945.000	11602.827	528.000	116945.000
8.850	117069.000	11841.979	577.000	117069.000
8.860	117194.000	12039.385	655.000	117194.000
8.870	117321.000	12237.570	721.000	117321.000
8.880	117450.000	12436.299	773.000	117450.000
8.890	117579.000	12575.409	842.000	117579.000
8.900	117707.000	12642.786	926.000	117707.000
8.910	117834.000	12659.950	1005.000	117834.000
8.920	117961.000	12671.965	1055.000	117961.000
8.930	118085.000	12590.376	1137.000	118085.000
8.940	118207.000	12473.263	1211.000	118207.000
8.950	118326.000	12301.284	1296.000	118326.000
8.960	118443.000	12120.899	1368.000	118443.000
8.970	118559.000	11964.629	1422.000	118559.000
8.980	118674.000	11825.240	1474.000	118674.000
8.990	118789.000	11727.668	1520.000	118789.000
9.000	118904.000	11659.368	1575.000	118904.000
9.010	119022.000	11701.557	1594.000	119022.000
9.020	119142.000	11791.090	1629.000	119142.000
9.030	119265.000	11943.763	1665.000	119265.000
9.040	119392.000	12170.634	1693.000	119392.000
9.050	119523.000	12449.444	1726.000	119523.000
9.060	119659.000	12794.611	1745.000	119659.000
9.070	119800.000	13186.228	1760.000	119800.000
9.080	119946.000	13610.359	1770.000	119946.000
9.090	120097.000	14057.251	1772.000	120097.000
9.100	120252.000	14490.076	1778.000	120252.000
9.110	120412.000	14943.053	1756.000	120412.000
9.120	120575.000	15350.137	1743.000	120575.000
9.130	120741.000	15725.096	1718.000	120741.000
9.140	120908.000	16017.567	1706.000	120908.000
9.150	121077.000	16282.297	1665.000	121077.000
9.160	121245.000	16437.608	1648.000	121245.000
9.170	121413.000	16546.326	1609.000	121413.000
9.180	121580.000	16592.428	1566.000	121580.000
9.190	121748.000	16654.700	1479.000	121748.000
9.200	121912.000	16578.290	1454.000	121912.000
9.210	122077.000	16554.803	1369.000	122077.000
9.220	122241.000	16508.362	1292.000	122241.000
9.230	122405.000	16475.853	1208.000	122405.000
9.240	122569.000	16453.097	1127.000	122569.000
9.250	122736.000	16527.168	1005.000	122736.000
9.260	122903.000	16579.018	927.000	122903.000
9.270	123073.000	16705.312	824.000	123073.000
9.280	123244.000	16823.719	753.000	123244.000
9.290	123419.000	17026.603	648.000	123419.000
9.300	123597.000	17258.622	551.000	123597.000
9.310	123778.000	17511.036	457.000	123778.000
9.320	123962.000	17777.725	365.000	123962.000
9.330	124149.000	18054.407	269.000	124149.000
9.340	124337.000	18278.085	198.000	124337.000
9.350	124525.000	18434.660	146.000	124525.000
9.360	124713.000	18544.262	88.000	124713.000
9.370	124900.000	18590.983	31.000	124900.000
9.380	125084.000	18533.688	-3.000	125084.000
9.390	125267.000	18463.582	-75.000	125267.000
9.400	125447.000	18324.507	-136.000	125447.000
9.410	125622.000	18077.155	-166.000	125622.000
9.420	125795.000	17844.009	-237.000	125795.000
9.430	125964.000	17560.806	-293.000	125964.000
9.440	126127.000	17182.564	-304.000	126127.000
9.450	126288.000	16857.795	-362.000	126288.000
9.460	126446.000	16540.456	-414.000	126446.000
9.470	126600.000	16198.320	-437.000	126600.000
9.480	126753.000	15928.824	-486.000	126753.000
9.490	126906.000	15740.177	-551.000	126906.000
9.500	127059.000	15608.124	-608.000	127059.000
9.510	127213.000	15545.687	-665.000	127213.000
9.520	127367.000	15501.981	-693.000	127367.000
9.530	127523.000	15531.386	-736.000	127523.000
9.540	127680.000	15581.970	-763.000	127680.000
9.550	127839.000	15677.379	-798.000	127839.000
9.560	127997.000	15714.166	-787.000	127997.000
9.570	128156.000	15769.916	-796.000	128156.000
9.580	128314.000	15778.941	-788.000	128314.000
9.590	128472.000	15785.259	-799.000	128472.000
9.600	128626.000	15669.681	-759.000	128626.000
9.610	128778.000	15528.777	-742.000	128778.000
9.620	128927.000	15340.144	-728.000	128927.000
9.630	129071.000	15058.101	-689.000	129071.000
9.640	129210.000	14710.670	-644.000	129210.000
9.650	129343.000	14287.469	-583.000	129343.000
9.660	129470.000	13811.229	-517.000	129470.000
9.670	129591.000	13297.860	-445.000	129591.000
9.680	129706.000	12758.502	-365.000	129706.000
9.690	129817.000	12260.951	-305.000	129817.000
9.700	129925.000	11822.666	-256.000	129925.000
9.710	130029.000	11395.866	-176.000	130029.000
9.720	130133.000	11097.106	-132.000	130133.000
9.730	130235.000	10827.974	-49.000	130235.000
9.740	130338.000	10669.582	17.000	130338.000
9.750	130444.000	10648.707	60.000	130444.000
9.760	130551.000	10664.095	142.000	130551.000
9.770	130661.000	10764.867	218.000	130661.000
9.780	130775.000	10955.407	280.000	130775.000
9.790	130892.000	11178.785	357.000	130892.000
9.800	131014.000	11485.149	404.000	131014.000
9.810	131137.000	11729.604	502.000	131137.000
9.820	131263.000	11990.723	577.000	131263.000
9.830	131391.000	12233.506	645.000	131391.000
9.840	131520.000	12433.454	715.000	131520.000
9.850	131649.000	12573.418	786.000	131649.000
9.860	131776.000	12611.393	877.000	131776.000
9.870	131902.000	12607.975	944.000	131902.000
9.880	132026.000	12545.582	1005.000	132026.000
9.890	132147.000	12411.908	1072.000	132147.000
9.900	132265.000	12228.335	1137.000	132265.000
9.910	132381.000	12039.835	1181.000	132381.000
9.920	132494.000	11817.884	1237.000	132494.000
9.930	132605.000	11602.519	1288.000	132605.000
9.940	132715.000	11421.763	1329.000	132715.000
9.950	132826.000	11325.234	1344.000	132826.000
9.960	132937.000	11257.664	1382.000	132937.000
9.970	133050.000	11270.365	1410.000	133050.000
9.980	133167.000	11399.255	1416.000	133167.000
9.990	133288.000	11609.479	1426.000	133288.000
10.000	133414.000	11906.635	1434.000	133414.000
10.010	133545.000	12264.645	1449.000	133545.000
10.020	133680.000	12635.251	1488.000	133680.000
10.030	133821.000	13074.676	1502.000	133821.000
10.040	133968.000	13562.273	1499.000	133968.000
10.050	134118.000	13993.591	1533.000	134118.000
10.060	134272.000	14415.514	1553.000	134272.000
10.070	134428.000	14770.860	1584.000	134428.000
10.080	134587.000	15109.602	1587.000	134587.000
10.090	134747.000	15376.721	1594.000	134747.000
10.100	134905.000	15503.705	1638.000	134905.000
10.110	135063.000	15592.593	1645.000	135063.000
10.120	135219.000	15594.815	1657.000	135219.000
10.130	135372.000	15506.371	1678.000	135372.000
10.140	135524.000	15414.460	1661.000	135524.000
10.150	135673.000	15260.122	1660.000	135673.000
10.160	135821.000	15122.085	1634.000	135821.000
10.170	135967.000	14965.460	1620.000	135967.000
10.180	136113.000	14855.822	1586.000	136113.000
10.190	136259.000	14779.075	1555.000	136259.000
10.200	136409.000	14845.353	1470.000	136409.000
10.210	136560.000	14921.747	1428.000	136560.000
10.220	136716.000	15125.223	1350.000	136716.000
10.230	136876.000	15387.656	1284.000	136876.000
10.240	137041.000	15721.359	1214.000	137041.000
10.250	137213.000	16164.951	1112.000	137213.000
10.260	137390.000	16625.466	1032.000	137390.000
10.270	137571.000	17067.826	973.000	137571.000
10.280	137758.000	17557.478	879.000	137758.000
10.290	137949.000	18020.235	790.000	137949.000
10.300	138142.000	18404.164	721.000	138142.000
10.310	138337.000	18732.915	641.000	138337.000
10.320	138534.000	19023.041	535.000	138534.000
10.330	138730.000	19196.128	449.000	138730.000
10.340	138924.000	19257.290	370.000	138924.000
10.350	139116.000	19240.103	276.000	139116.000
10.360	139301.000	19018.072	245.000	139301.000
10.370	139484.000	18802.650	143.000	139484.000
10.380	139661.000	18471.855	72.000	139661.000
10.390	139833.000	18090.299	-3.000	139833.000
10.400	140001.000	17703.209	-93.000	140001.000
10.410	140165.000	17312.246	-180.000	140165.000
10.420	140325.000	16918.572	-252.000	140325.000
10.430	140482.000	16553.001	-319.000	140482.000
10.440	140637.000	16237.101	-383.000	140637.000
10.450	140789.000	15925.970	-411.000	140789.000
10.460	140942.000	15738.179	-474.000	140942.000
10.470	141096.000	15636.725	-535.000	141096.000
10.480	141251.000	15595.708	-578.000	141251.000
10.490	141409.000	15656.995	-636.000	141409.000
10.500	141570.000	15789.897	-689.000	141570.000
10.510	141733.000	15942.928	-718.000	141733.000
10.520	141898.000	16110.049	-737.000	141898.000
10.530	142065.000	16287.035	-757.000	142065.000
10.540	142232.000	16410.924	-752.000	142232.000
10.550	142399.000	16497.647	-750.000	142399.000
10.560	142564.000	16498.353	-731.000	142564.000
10.570	142727.000	16438.847	-720.000	142727.000
10.580	142888.000	16337.193	-728.000	142888.000
10.590	143044.000	16116.035	-706.000	143044.000
10.600	143198.000	15901.225	-733.000	143198.000
10.610	143346.000	15570.857	-719.000	143346.000
10.620	143488.000	15159.600	-690.000	143488.000
10.630	143624.000	14691.720	-657.000	143624.000
10.640	143754.000	14184.204	-620.000	143754.000
10.650	143880.000	13708.943	-608.000	143880.000
10.660	144000.000	13196.260	-560.000	144000.000
10.670	144117.000	12747.382	-534.000	144117.000
10.680	144231.000	12343.167	-500.000	144231.000
10.690	144343.000	12000.217	-459.000	144343.000
10.700	144455.000	11760.152	-430.000	144455.000
10.710	144567.000	11592.106	-387.000	144567.000
10.720	144681.000	11534.474	-353.000	144681.000
10.730	144797.000	11554.132	-308.000	144797.000
10.740	144915.000	11627.892	-246.000	144915.000
10.750	145036.000	11769.525	-188.000	145036.000
10.760	145159.000	11928.667	-111.000	145159.000
10.770	145283.000	12070.067	-12.000	145283.000
10.780	145410.000	12259.047	55.000	145410.000
10.790	145536.000	12361.333	169.000	145536.000
10.800	145661.000	12402.933	289.000	145661.000
10.810	145785.000	12402.053	398.000	145785.000
10.820	145907.000	12341.437	505.000	145907.000
10.830	146027.000	12239.006	599.000	146027.000
10.840	146145.000	12107.304	680.000	146145.000
10.850	146258.000	11865.113	800.000	146258.000
10.860	146368.000	11605.579	900.000	146368.000
10.870	146474.000	11303.905	1006.000	146474.000
10.880	146578.000	11032.734	1086.000	146578.000
10.890	146680.000	10782.914	1161.000	146680.000
10.900	146780.000	10548.040	1246.000	146780.000
10.910	146879.000	10353.628	1332.000	146879.000
10.920	146979.000	10247.539	1397.000	146979.000
10.930	147081.000	10233.278	1452.000	147081.000
10.940	147187.000	10343.294	1484.000	147187.000
10.950	147296.000	10510.306	1539.000	147296.000
10.960	147411.000	10807.214	1563.000	147411.000
10.970	147532.000	11195.050	1583.000	147532.000
10.980	147659.000	11646.535	1607.000	147659.000
10.990	147793.000	12172.574	1614.000	147793.000
11.000	147931.000	12660.802	1661.000	147931.000
11.010	148076.000	13212.561	1662.000	148076.000
11.020	148226.000	13748.793	1664.000	148226.000
11.030	148377.000	14154.155	1718.000	148377.000
11.040	148532.000	14557.909	1721.000	148532.000
11.050	148689.000	14900.536	1716.000	148689.000
11.060	148846.000	15140.375	1722.000	148846.000
11.070	149003.000	15308.263	1714.000	149003.000
11.080	149158.000	15365.784	1718.000	149158.000
11.090	149313.000	15406.049	1681.000	149313.000
11.100	149464.000	15314.234	1686.000	149464.000
11.110	149614.000	15219.964	1652.000	149614.000
11.120	149761.000	15063.975	1636.000	149761.000
11.130	149907.000	14924.782	1598.000	149907.000
11.140	150051.000	14767.348	1575.000	150051.000
11.150	150196.000	14687.143	1519.000	150196.000
11.160	150340.000	14601.000	1496.000	150340.000
11.170	150488.000	14660.700	1417.000	150488.000
11.180	150638.000	14762.490	1364.000	150638.000
11.190	150791.000	14923.743	1320.000	150791.000
11.200	150949.000	15186.620	1257.000	150949.000
11.210	151112.000	15520.634	1194.000	151112.000
11.220	151281.000	15934.444	1119.000	151281.000
11.230	151454.000	16344.111	1074.000	151454.000
11.240	151631.000	16750.878	1037.000	151631.000
11.250	151812.000	17155.614	993.000	151812.000
11.260	151998.000	17588.930	915.000	151998.000
11.270	152185.000	17922.251	877.000	152185.000
11.280	152374.000	18215.576	820.000	152374.000
11.290	152563.000	18420.903	770.000	152563.000
11.300	152752.000	18564.632	704.000	152752.000
11.310	152939.000	18605.242	648.000	152939.000
11.320	153124.000	18573.670	581.000	153124.000
11.330	153306.000	18461.569	513.000	153306.000
11.340	153484.000	18263.098	454.000	153484.000
11.350	153658.000	18004.169	393.000	153658.000
11.360	153828.000	17702.918	330.000	153828.000
11.370	153996.000	17432.043	234.000	153996.000
11.380	154161.000	17152.430	151.000	154161.000
11.390	154324.000	16896.701	68.000	154324.000
11.400	154487.000	16717.691	-36.000	154487.000
11.410	154649.000	16562.383	-117.000	154649.000
11.420	154812.000	16483.668	-207.000	154812.000
11.430	154977.000	16488.568	-303.000	154977.000
11.440	155143.000	16521.998	-374.000	155143.000
11.450	155310.000	16575.398	-425.000	155310.000
11.460	155481.000	16732.779	-514.000	155481.000
11.470	155653.000	16872.945	-567.000	155653.000
11.480	155827.000	17031.062	-622.000	155827.000
11.490	156003.000	17201.743	-685.000	156003.000
11.500	156178.000	17291.220	-707.000	156178.000
11.510	156352.000	17323.854	-723.000	156352.000
11.520	156525.000	17316.698	-751.000	156525.000
11.530	156694.000	17191.689	-746.000	156694.000
11.540	156860.000	17014.182	-758.000	156860.000
11.550	157019.000	16679.927	-719.000	157019.000
11.560	157174.000	16325.949	-721.000	157174.000
11.570	157323.000	15898.164	-711.000	157323.000
11.580	157466.000	15418.715	-696.000	157466.000
11.590	157603.000	14903.101	-675.000	157603.000
11.600	157736.000	14422.170	-677.000	157736.000
11.610	157864.000	13935.519	-660.000	157864.000
11.620	157988.000	13474.863	-636.000	157988.000
11.630	158109.000	13062.404	-609.000	158109.000
11.640	158229.000	12743.683	-597.000	158229.000
11.650	158349.000	12520.578	-588.000	158349.000
11.660	158469.000	12364.405	-561.000	158469.000
11.670	158590.000	12285.083	-527.000	158590.000
11.680	158713.000	12289.558	-494.000	158713.000
11.690	158839.000	12382.691	-468.000	158839.000
11.700	158968.000	12537.884	-439.000	158968.000
11.710	159099.000	12706.519	-390.000	159099.000
11.720	159232.000	12884.563	-334.000	159232.000
11.730	159368.000	13099.194	-299.000	159368.000
11.740	159506.000	13309.436	-266.000	159506.000
11.750	159642.000	13396.605	-176.000	159642.000
11.760	159780.000	13517.624	-145.000	159780.000
11.770	159912.000	13422.336	-17.000	159912.000
11.780	160042.000	13295.636	66.000	160042.000
11.790	160168.000	13086.945	151.000	160168.000
11.800	160290.000	12820.861	227.000	160290.000
11.810	160407.000	12484.603	311.000	160407.000
11.820	160519.000	12099.222	398.000	160519.000
11.830	160627.000	11709.455	473.000	160627.000
11.840	160730.000	11286.619	567.000	160730.000
11.850	160830.000	10900.633	649.000	160830.000
11.860	160928.000	10570.443	723.000	160928.000
11.870	161024.000	10279.310	812.000	161024.000
11.880	161120.000	10075.517	893.000	161120.000
11.890	161217.000	9962.862	974.000	161217.000
11.900	161318.000	10004.003	1022.000	161318.000
11.910	161420.000	10062.802	1127.000	161420.000
11.920	161528.000	10283.962	1183.000	161528.000
11.930	161639.000	10528.773	1280.000	161639.000
11.940	161757.000	10910.141	1331.000	161757.000
11.950	161879.000	11297.099	1414.000	161879.000
11.960	162007.000	11747.969	1473.000	162007.000
11.970	162139.000	12183.578	1548.000	162139.000
11.980	162275.000	12608.505	1615.000	162275.000
11.990	162414.000	12995.953	1681.000	162414.000
12.000	162556.000	13357.167	1727.000	162556.000
12.010	162698.000	13610.017	0.000	162698.000
12.020	162841.000	13817.012	0.000	162841.000
12.030	162983.000	13931.908	0.000	162983.000
12.040	163123.000	13952.336	0.000	163123.000
12.050	163262.000	13936.635	0.000	163262.000
12.060	163396.000	13775.645	0.000	163396.000
12.070	163529.000	13632.951	0.000	163529.000
12.080	163656.000	13353.066	0.000	163656.000
12.090	163779.000	13037.146	0.000	163779.000
12.100	163899.000	12726.002	0.000	163899.000
12.110	164014.000	12358.202	0.000	164014.000
12.120	164127.000	12040.741	0.000	164127.000
12.130	164237.000	11728.519	0.000	164237.000
12.140	164345.000	11449.963	0.000	164345.000
12.150	164453.000	11254.974	0.000	164453.000
12.160	164560.000	11088.482	0.000	164560.000
12.170	164667.000	10971.937	0.000	164667.000
12.180	164776.000	10950.356	0.000	164776.000
12.190	164887.000	10995.249	0.000	164887.000
12.200	165001.000	11116.675	0.000	165001.000
12.210	165117.000	11261.672	0.000	165117.000
12.220	165237.000	11483.171	0.000	165237.000
12.230	165358.000	11668.219	0.000	165358.000
12.240	165482.000	11887.754	0.000	165482.000
12.250	165608.000	12101.427	0.000	165608.000
12.260	165734.000	12250.999	0.000	165734.000
12.270	165859.000	12325.699	0.000	165859.000
12.280	165983.000	12347.990	0.000	165983.000
12.290	166105.000	12303.593	0.000	166105.000
12.300	166221.000	12092.515	0.000	166221.000
12.310	166334.000	11854.760	0.000	166334.000
12.320	166443.000	11568.332	0.000	166443.000
12.330	166548.000	11247.833	0.000	166548.000
12.340	166646.000	10813.483	0.000	166646.000
12.350	166741.000	10419.438	0.000	166741.000
12.360	166832.000	10023.607	0.000	166832.000
12.370	166920.000	9656.525	0.000	166920.000
12.380	167005.000	9309.567	0.000	167005.000
12.390	167089.000	9036.697	0.000	167089.000
12.400	167172.000	8815.688	0.000	167172.000
12.410	167256.000	8690.982	0.000	167256.000
12.420	167341.000	8633.687	0.000	167341.000
12.430	167429.000	8683.581	0.000	167429.000
12.440	167520.000	8808.507	0.000	167520.000
12.450	167613.000	8955.955	0.000	167613.000
12.460	167710.000	9179.168	0.000	167710.000
12.470	167809.000	9395.418	0.000	167809.000
12.480	167909.000	9576.792	0.000	167909.000
12.490	168012.000	9793.755	0.000	168012.000
12.500	168116.000	9975.628	0.000	168116.000
12.510	168219.000	10072.940	0.000	168219.000
12.520	168323.000	10171.058	0.000	168323.000
12.530	168425.000	10179.741	0.000	168425.000
12.540	168524.000	10095.818	0.000	168524.000
12.550	168621.000	9977.073	0.000	168621.000
12.560	168714.000	9773.951	0.000	168714.000
12.570	168803.000	9511.766	0.000	168803.000
12.580	168880.000	8968.236	0.000	168880.000
12.590	168962.000	8737.765	0.000	168962.000
12.600	169040.000	8456.436	0.000	169040.000
12.610	169116.000	8199.505	0.000	169116.000
12.620	169189.000	7929.653	0.000	169189.000
12.630	169262.000	7740.757	0.000	169262.000
12.640	169333.000	7548.530	0.000	169333.000
12.650	169405.000	7443.971	0.000	169405.000
12.660	169479.000	7430.780	0.000	169479.000
12.670	169553.000	7421.546	0.000	169553.000
12.680	169630.000	7505.082	0.000	169630.000
12.690	169710.000	7653.557	0.000	169710.000
12.700	169793.000	7847.490	0.000	169793.000
12.710	169878.000	8043.243	0.000	169878.000
12.720	169966.000	8270.270	0.000	169966.000
12.730	170056.000	8489.189	0.000	170056.000
12.740	170147.000	8672.432	0.000	170147.000
12.750	170239.000	8830.703	0.000	170239.000
12.760	170330.000	8911.492	0.000	170330.000
12.770	170420.000	8938.044	0.000	170420.000
12.780	170508.000	8896.631	0.000	170508.000
12.790	170592.000	8747.642	0.000	170592.000
12.800	170674.000	8583.349	0.000	170674.000
12.810	170751.000	8318.344	0.000	170751.000
12.820	170825.000	8042.841	0.000	170825.000
12.830	170894.000	7699.989	0.000	170894.000
12.840	170960.000	7369.992	0.000	170960.000
12.850	171022.000	7018.995	0.000	171022.000
12.860	171082.000	6713.296	0.000	171082.000
12.870	171140.000	6439.307	0.000	171140.000
12.880	171196.000	6187.515	0.000	171196.000
12.890	171252.000	6011.261	0.000	171252.000
12.900	171308.000	5887.882	0.000	171308.000
12.910	171366.000	5861.518	0.000	171366.000
12.920	171425.000	5873.062	0.000	171425.000
12.930	171487.000	5971.144	0.000	171487.000
12.940	171551.000	6099.801	0.000	171551.000
12.950	171617.000	6249.860	0.000	171617.000
12.960	171685.000	6414.902	0.000	171685.000
12.970	171755.000	6590.432	0.000	171755.000
12.980	171825.000	6713.302	0.000	171825.000
12.990	171896.000	6829.311	0.000	171896.000
13.000	171965.000	6850.518	0.000	171965.000
13.010	172034.000	6865.363	0.000	172034.000
13.020	172101.000	6815.754	0.000	172101.000
13.030	172165.000	6691.028	0.000	172165.000
13.040	172225.000	6483.719	0.000	172225.000
13.050	172282.000	6248.604	0.000	172282.000
13.060	172334.000	5934.022	0.000	172334.000
13.070	172383.000	5623.816	0.000	172383.000
13.080	172428.000	5286.671	0.000	172428.000
13.090	172471.000	4990.670	0.000	172471.000
13.100	172510.000	4663.469	0.000	172510.000
13.110	172548.000	4404.428	0.000	172548.000
13.120	172585.000	4193.100	0.000	172585.000
13.130	172622.000	4045.170	0.000	172622.000
13.140	172659.000	3941.619	0.000	172659.000
13.150	172698.000	3929.133	0.000	172698.000
13.160	172738.000	3950.393	0.000	172738.000
13.170	172780.000	4025.275	0.000	172780.000
13.180	172825.000	4167.693	0.000	172825.000
13.190	172872.000	4327.385	0.000	172872.000
13.200	172922.000	4529.169	0.000	172922.000
13.210	172975.000	4760.419	0.000	172975.000
13.220	173028.000	4922.293	0.000	173028.000
13.230	173082.000	5065.605	0.000	173082.000
13.240	173135.000	5135.924	0.000	173135.000
13.250	173187.000	5155.147	0.000	173187.000
13.260	173237.000	5108.603	0.000	173237.000
13.270	173285.000	5016.022	0.000	173285.000
13.280	173329.000	4831.215	0.000	173329.000
13.290	173369.000	4581.851	0.000	173369.000
13.300	173406.000	4317.295	0.000	173406.000
13.310	173439.000	4012.107	0.000	173439.000
13.320	173470.000	3738.475	0.000	173470.000
13.330	173498.000	3456.932	0.000	173498.000
13.340	173524.000	3199.853	0.000	173524.000
13.350	173549.000	2989.897	0.000	173549.000
13.360	173574.000	2842.928	0.000	173574.000
13.370	173598.000	2710.049	0.000	173598.000
13.380	173623.000	2647.035	0.000	173623.000
13.390	173650.000	2662.924	0.000	173650.000
13.400	173679.000	2734.047	0.000	173679.000
13.410	173709.000	2813.833	0.000	173709.000
13.420	173742.000	2959.683	0.000	173742.000
13.430	173778.000	3151.778	0.000	173778.000
13.440	173815.000	3316.245	0.000	173815.000
13.450	173853.000	3461.371	0.000	173853.000
13.460	173892.000	3592.960	0.000	173892.000
13.470	173932.000	3715.072	0.000	173932.000
13.480	173971.000	3770.550	0.000	173971.000
13.490	174009.000	3779.385	0.000	174009.000
13.500	174045.000	3725.570	0.000	174045.000
13.510	174078.000	3597.899	0.000	174078.000
13.520	174109.000	3448.529	0.000	174109.000
13.530	174137.000	3253.970	0.000	174137.000
13.540	174161.000	2997.779	0.000	174161.000
13.550	174183.000	2758.445	0.000	174183.000
13.560	174201.000	2470.912	0.000	174201.000
13.570	174216.000	2179.638	0.000	174216.000
13.580	174230.000	1945.747	0.000	174230.000
13.590	174242.000	1722.023	0.000	174242.000
13.600	174253.000	1535.416	0.000	174253.000
13.610	174264.000	1404.791	0.000	174264.000
13.620	174276.000	1343.354	0.000	174276.000
13.630	174289.000	1330.348	0.000	174289.000
13.640	174304.000	1381.243	0.000	174304.000
13.650	174320.000	1446.870	0.000	174320.000
13.660	174339.000	1582.809	0.000	174339.000
13.670	174360.000	1737.966	0.000	174360.000
13.680	174382.000	1876.577	0.000	174382.000
13.690	174406.000	2033.604	0.000	174406.000
13.700	174431.000	2173.523	0.000	174431.000
13.710	174457.000	2301.466	0.000	174457.000
13.720	174482.000	2361.026	0.000	174482.000
13.730	174506.000	2372.718	0.000	174506.000
13.740	174529.000	2350.903	0.000	174529.000
13.750	174550.000	2275.632	0.000	174550.000
13.760	174568.000	2132.942	0.000	174568.000
13.770	174584.000	1973.060	0.000	174584.000
13.780	174596.000	1741.142	0.000	174596.000
13.790	174605.000	1488.799	0.000	174605.000
13.800	174611.000	1222.159	0.000	174611.000
13.810	174615.000	975.512	0.000	174615.000
13.820	174617.000	742.858	0.000	174617.000
13.830	174617.000	520.001	0.000	174617.000
13.840	174617.000	364.000	0.000	174617.000
13.850	174616.000	224.800	0.000	174616.000
13.860	174615.000	127.360	0.000	174615.000
13.870	174615.000	89.152	0.000	174615.000
13.880	174615.000	62.407	0.000	174615.000
13.890	174617.000	103.685	0.000	174617.000
13.900	174622.000	222.579	0.000	174622.000
13.910	174629.000	365.805	0.000	174629.000
13.920	174638.000	526.064	0.000	174638.000
13.930	174649.000	698.245	0.000	174649.000
13.940	174661.000	848.771	0.000	174661.000
13.950	174674.000	984.140	0.000	174674.000
13.960	174687.000	1078.898	0.000	174687.000
13.970	174699.000	1115.229	0.000	174699.000
13.980	174711.000	1140.660	0.000	174711.000
13.990	174721.000	1098.462	0.000	174721.000
14.000	174728.000	978.923	0.000	174728.000
14.010	174733.000	835.246	0.000	174733.000
14.020	174735.000	644.672	0.000	174735.000
14.030	174735.000	451.271	0.000	174735.000
14.040	174733.000	255.890	0.000	174733.000
14.050	174728.000	29.123	0.000	174728.000
14.060	174720.000	-219.614	0.000	174720.000
14.070	174711.000	-423.730	0.000	174711.000
14.080	174702.000	-566.611	0.000	174702.000
14.090	174692.000	-696.628	0.000	174692.000
14.100	174683.000	-757.639	0.000	174683.000
14.110	174674.000	-800.348	0.000	174674.000
14.120	174667.000	-770.243	0.000	174667.000
14.130	174662.000	-689.170	0.000	174662.000
14.140	174659.000	-572.419	0.000	174659.000
14.150	174657.000	-460.693	0.000	174657.000
14.160	174657.000	-322.485	0.000	174657.000
14.170	174657.000	-225.740	0.000	174657.000
14.180	174660.000	-68.018	0.000	174660.000
14.190	174664.000	72.388	0.000	174664.000
14.200	174667.000	140.671	0.000	174667.000
14.210	174671.000	218.470	0.000	174671.000
14.220	174673.000	212.929	0.000	174673.000
14.230	174674.000	179.050	0.000	174674.000
14.240	174674.000	125.335	0.000	174674.000
14.250	174672.000	27.735	0.000	174672.000
14.260	174668.000	-100.586	0.000	174668.000
14.270	174661.000	-280.410	0.000	174661.000
14.280	174653.000	-436.287	0.000	174653.000
14.290	174643.000	-605.401	0.000	174643.000
14.300	174632.000	-753.781	0.000	174632.000
14.310	174621.000	-857.646	0.000	174621.000
14.320	174611.000	-900.353	0.000	174611.000
14.330	174600.000	-960.247	0.000	174600.000
14.340	174591.000	-942.173	0.000	174591.000
14.350	174583.000	-899.521	0.000	174583.000
14.360	174577.000	-809.665	0.000	174577.000
14.370	174573.000	-686.765	0.000	174573.000
14.380	174572.000	-510.736	0.000	174572.000
14.390	174572.000	-357.515	0.000	174572.000
14.400	174572.000	-250.260	0.000	174572.000
14.410	174576.000	-55.182	0.000	174576.000
14.420	174581.000	111.372	0.000	174581.000
14.430	174586.000	227.961	0.000	174586.000
14.440	174592.000	339.572	0.000	174592.000
14.450	174597.000	387.701	0.000	174597.000
14.460	174601.000	391.391	0.000	174601.000
14.470	174604.000	363.973	0.000	174604.000
14.480	174605.000	284.781	0.000	174605.000
14.490	174605.000	199.347	0.000	174605.000
14.500	174605.000	139.543	0.000	174605.000
14.510	174601.000	-22.320	0.000	174601.000
14.520	174595.000	-195.624	0.000	174595.000
14.530	174588.000	-346.937	0.000	174588.000
14.540	174581.000	-452.856	0.000	174581.000
14.550	174573.000	-556.999	0.000	174573.000
14.560	174566.000	-599.899	0.000	174566.000
14.570	174559.000	-629.930	0.000	174559.000
14.580	174553.000	-620.951	0.000	174553.000
14.590	174548.000	-584.665	0.000	174548.000
14.600	174546.000	-469.266	0.000	174546.000
14.610	174545.000	-358.486	0.000	174545.000
14.620	174545.000	-250.940	0.000	174545.000
14.630	174546.000	-145.658	0.000	174546.000
14.640	174550.000	18.039	0.000	174550.000
14.650	174554.000	132.627	0.000	174554.000
14.660	174560.000	272.839	0.000	174560.000
14.670	174566.000	370.987	0.000	174566.000
14.680	174571.000	409.691	0.000	174571.000
14.690	174576.000	436.784	0.000	174576.000
14.700	174580.000	425.749	0.000	174580.000
14.710	174583.000	388.024	0.000	174583.000
14.720	174584.000	301.617	0.000	174584.000
14.730	174584.000	211.132	0.000	174584.000
14.740	174583.000	117.792	0.000	174583.000
14.750	174580.000	-7.545	0.000	174580.000
14.760	174576.000	-125.282	0.000	174576.000
14.770	174570.000	-267.697	0.000	174570.000
14.780	174565.000	-337.388	0.000	174565.000
14.790	174559.000	-416.172	0.000	174559.000
14.800	174554.000	-441.320	0.000	174554.000
14.810	174549.000	-458.924	0.000	174549.000
14.820	174546.000	-411.247	0.000	174546.000
14.830	174544.000	-347.873	0.000	174544.000
14.840	174543.000	-273.511	0.000	174543.000
14.850	174543.000	-191.458	0.000	174543.000
14.860	174545.000	-74.020	0.000	174545.000
14.870	174548.000	38.186	0.000	174548.000
14.880	174552.000	146.730	0.000	174552.000
14.890	174557.000	252.711	0.000	174557.000
14.900	174562.000	326.898	0.000	174562.000
14.910	174567.000	378.828	0.000	174567.000
14.920	174571.000	385.180	0.000	174571.000
14.930	174575.000	389.626	0.000	174575.000
14.940	174577.000	332.738	0.000	174577.000
14.950	174578.000	262.917	0.000	174578.000
14.960	174578.000	184.042	0.000	174578.000
14.970	174577.000	98.829	0.000	174577.000
14.980	174575.000	9.180	0.000	174575.000
14.990	174571.000	-113.574	0.000	174571.000
15.000	174566.000	-229.502	0.000	174566.000
