0.000	0.000	0.000	0.000	0.000
0.010	6.000	180.000	-101.000	6.000
0.020	7.000	156.000	-54.000	7.000
0.030	7.000	109.200	-12.000	7.000
0.040	7.000	76.440	3.000	7.000
0.050	7.000	53.508	5.000	7.000
0.060	7.000	37.456	0.000	7.000
0.070	7.000	26.219	-7.000	7.000
0.080	5.000	-41.647	20.000	5.000
0.090	3.000	-89.153	26.000	3.000
0.100	1.000	-122.407	24.000	1.000
0.110	-1.000	-145.685	20.000	-1.000
0.120	-3.000	-161.979	18.000	-3.000
0.130	-6.000	-203.386	35.000	-6.000
0.140	-8.000	-202.370	28.000	-8.000
0.150	-10.000	-201.659	29.000	-10.000
0.160	-12.000	-201.161	35.000	-12.000
0.170	-14.000	-200.813	45.000	-14.000
0.180	-16.000	-200.569	55.000	-16.000
0.190	-17.000	-170.398	50.000	-17.000
0.200	-18.000	-149.279	55.000	-18.000
0.210	-19.000	-134.495	64.000	-19.000
0.220	-19.000	-94.147	57.000	-19.000
0.230	-20.000	-95.903	76.000	-20.000
0.240	-20.000	-67.132	71.000	-20.000
0.250	-20.000	-46.992	71.000	-20.000
0.260	-20.000	-32.895	73.000	-20.000
0.270	-20.000	-23.026	74.000	-20.000
0.280	-20.000	-16.118	73.000	-20.000
0.290	-20.000	-11.283	71.000	-20.000
0.300	-20.000	-7.898	67.000	-20.000
0.310	-20.000	-5.529	62.000	-20.000
0.320	-20.000	-3.870	56.000	-20.000
0.330	-20.000	-2.709	49.000	-20.000
0.340	-20.000	-1.896	43.000	-20.000
0.350	-20.000	-1.327	37.000	-20.000
0.360	-20.000	-0.929	31.000	-20.000
0.370	-20.000	-0.650	26.000	-20.000
0.380	-19.000	29.545	5.000	-19.000
0.390	-19.000	20.681	12.000	-19.000
0.400	-18.000	44.477	-4.000	-18.000
0.410	-16.000	91.134	-28.000	-16.000
0.420	-15.000	93.794	-21.000	-15.000
0.430	-14.000	95.656	-18.000	-14.000
0.440	-13.000	96.959	-18.000	-13.000
0.450	-12.000	97.871	-20.000	-12.000
0.460	-11.000	98.510	-24.000	-11.000
0.470	-10.000	98.957	-29.000	-10.000
0.480	-10.000	69.270	-17.000	-10.000
0.490	-9.000	78.489	-32.000	-9.000
0.500	-9.000	54.942	-25.000	-9.000
0.510	-9.000	38.460	147.000	-9.000
0.520	-9.000	26.922	258.000	-9.000
0.530	-10.000	-11.155	352.000	-10.000
0.540	-11.000	-37.808	422.000	-11.000
0.550	-12.000	-56.466	485.000	-12.000
0.560	-13.000	-69.526	554.000	-13.000
0.570	-14.000	-78.668	635.000	-14.000
0.580	-15.000	-85.068	730.000	-15.000
0.590	-15.000	-59.547	826.000	-15.000
0.600	-15.000	-41.683	948.000	-15.000
0.610	-14.000	0.822	1073.000	-14.000
0.620	-10.000	120.575	1174.000	-10.000
0.630	-6.000	204.403	1323.000	-6.000
0.640	0.000	323.082	1464.000	0.000
0.650	8.000	466.157	1606.000	8.000
0.660	18.000	626.310	1750.000	18.000
0.670	30.000	798.417	1896.000	30.000
0.680	45.000	1008.892	2026.000	45.000
0.690	62.000	1216.224	2166.000	62.000
0.700	82.000	1451.357	2291.000	82.000
0.710	105.000	1705.950	2407.000	105.000
0.720	131.000	1974.165	2516.000	131.000
0.730	160.000	2251.915	2619.000	160.000
0.740	193.000	2566.341	2699.000	193.000
0.750	229.000	2876.439	2782.000	229.000
0.760	270.000	3243.507	2828.000	270.000
0.770	314.000	3590.455	2889.000	314.000
0.780	363.000	3983.318	2919.000	363.000
0.790	416.000	4378.323	2947.000	416.000
0.800	474.000	4804.826	2955.000	474.000
0.810	536.000	5223.378	2965.000	536.000
0.820	601.000	5606.365	2990.000	601.000
0.830	671.000	6024.455	2979.000	671.000
0.840	745.000	6437.119	2965.000	745.000
0.850	822.000	6815.983	2962.000	822.000
0.860	903.000	7201.188	2941.000	903.000
0.870	987.000	7560.832	2925.000	987.000
0.880	1074.000	7902.582	2906.000	1074.000
0.890	1163.000	8201.808	2899.000	1163.000
0.900	1256.000	8531.265	2860.000	1256.000
0.910	1352.000	8851.886	2822.000	1352.000
0.920	1450.000	9136.320	2803.000	1450.000
0.930	1551.000	9425.424	2774.000	1551.000
0.940	1656.000	9747.797	2725.000	1656.000
0.950	1762.000	10003.458	2721.000	1762.000
0.960	1873.000	10332.420	2670.000	1873.000
0.970	1987.000	10652.694	2635.000	1987.000
0.980	2104.000	10966.886	2611.000	2104.000
0.990	2224.000	11276.820	2594.000	2224.000
1.000	2349.000	11643.774	2548.000	2349.000
1.010	2476.000	11960.642	2372.000	2476.000
1.020	2607.000	12302.449	2238.000	2607.000
1.030	2742.000	12661.715	2130.000	2742.000
1.040	2881.000	13033.200	2037.000	2881.000
1.050	3024.000	13413.240	1945.000	3024.000
1.060	3170.000	13769.268	1866.000	3170.000
1.070	3319.000	14108.488	1781.000	3319.000
1.080	3472.000	14465.941	1666.000	3472.000
1.090	3628.000	14806.159	1544.000	3628.000
1.100	3786.000	15104.311	1427.000	3786.000
1.110	3944.000	15313.018	1334.000	3944.000
1.120	4104.000	15519.113	1207.000	4104.000
1.130	4266.000	15723.379	1055.000	4266.000
1.140	4427.000	15836.365	939.000	4427.000
1.150	4591.000	16005.456	765.000	4591.000
1.160	4752.000	16033.819	667.000	4752.000
1.170	4915.000	16113.673	514.000	4915.000
1.180	5078.000	16169.571	373.000	5078.000
1.190	5240.000	16178.700	258.000	5240.000
1.200	5401.000	16155.090	157.000	5401.000
1.210	5560.000	16078.563	83.000	5560.000
1.220	5719.000	16024.994	-10.000	5719.000
1.230	5877.000	15957.496	-88.000	5877.000
1.240	6034.000	15880.247	-152.000	6034.000
1.250	6190.000	15796.173	-203.000	6190.000
1.260	6345.000	15707.321	-241.000	6345.000
1.270	6498.000	15585.125	-250.000	6498.000
1.280	6652.000	15529.587	-291.000	6652.000
1.290	6802.000	15370.711	-253.000	6802.000
1.300	6951.000	15229.498	-229.000	6951.000
1.310	7099.000	15100.648	-207.000	7099.000
1.320	7244.000	14920.454	-147.000	7244.000
1.330	7387.000	14734.318	-84.000	7387.000
1.340	7529.000	14574.022	-35.000	7529.000
1.350	7669.000	14401.816	30.000	7669.000
1.360	7793.000	13801.271	342.000	7793.000
1.370	7930.000	13770.890	259.000	7930.000
1.380	8066.000	13719.623	256.000	8066.000
1.390	8201.000	13653.736	303.000	8201.000
1.400	8335.000	13577.615	381.000	8335.000
1.410	8469.000	13524.331	458.000	8469.000
1.420	8603.000	13487.031	537.000	8603.000
1.430	8739.000	13520.922	584.000	8739.000
1.440	8872.000	13454.645	702.000	8872.000
1.450	9009.000	13528.252	727.000	9009.000
1.460	9146.000	13579.776	780.000	9146.000
1.470	9285.000	13675.843	809.000	9285.000
1.480	9425.000	13773.090	842.000	9425.000
1.490	9568.000	13931.163	839.000	9568.000
1.500	9712.000	14071.814	850.000	9712.000
1.510	9857.000	14200.270	864.000	9857.000
1.520	10003.000	14320.189	871.000	10003.000
1.530	10151.000	14464.132	851.000	10151.000
1.540	10299.000	14564.893	847.000	10299.000
1.550	10449.000	14695.425	810.000	10449.000
1.560	10598.000	14756.797	804.000	10598.000
1.570	10749.000	14859.758	754.000	10749.000
1.580	10900.000	14931.831	715.000	10900.000
1.590	11051.000	14982.282	678.000	11051.000
1.600	11201.000	14987.597	655.000	11201.000
1.610	11349.000	14931.318	651.000	11349.000
1.620	11498.000	14921.923	602.000	11498.000
1.630	11646.000	14885.346	567.000	11646.000
1.640	11793.000	14829.742	540.000	11793.000
1.650	11940.000	14790.819	501.000	11940.000
1.660	12086.000	14733.574	478.000	12086.000
1.670	12232.000	14693.502	448.000	12232.000
1.680	12378.000	14665.451	419.000	12378.000
1.690	12524.000	14645.816	396.000	12524.000
1.700	12670.000	14632.071	380.000	12670.000
1.710	12815.000	14592.450	387.000	12815.000
1.720	12961.000	14594.715	372.000	12961.000
1.730	13107.000	14596.300	368.000	13107.000
1.740	13253.000	14597.410	370.000	13253.000
1.750	13401.000	14658.187	343.000	13401.000
1.760	13546.000	14610.731	391.000	13546.000
1.770	13694.000	14667.512	366.000	13694.000
1.780	13841.000	14677.258	380.000	13841.000
1.790	13990.000	14744.081	358.000	13990.000
1.800	14137.000	14730.857	389.000	14137.000
1.810	14286.000	14781.600	373.000	14286.000
1.820	14435.000	14817.120	369.000	14435.000
1.830	14584.000	14841.984	370.000	14584.000
1.840	14733.000	14859.389	371.000	14733.000
1.850	14881.000	14841.572	387.000	14881.000
1.860	15028.000	14799.100	407.000	15028.000
1.870	15175.000	14769.370	409.000	15175.000
1.880	15321.000	14718.559	419.000	15321.000
1.890	15466.000	14652.991	432.000	15466.000
1.900	15612.000	14637.094	413.000	15612.000
1.910	15756.000	14565.966	433.000	15756.000
1.920	15901.000	14546.176	419.000	15901.000
1.930	16046.000	14532.323	412.000	16046.000
1.940	16191.000	14522.626	409.000	16191.000
1.950	16337.000	14545.838	395.000	16337.000
1.960	16483.000	14562.087	395.000	16483.000
1.970	16630.000	14603.461	386.000	16630.000
1.980	16777.000	14632.423	390.000	16777.000
1.990	16924.000	14652.696	401.000	16924.000
2.000	17071.000	14666.887	413.000	17071.000
2.010	17219.000	14706.821	849.000	17219.000
2.020	17367.000	14734.775	1101.000	17367.000
2.030	17514.000	14724.342	1219.000	17514.000
2.040	17660.000	14687.040	1226.000	17660.000
2.050	17808.000	14720.928	1101.000	17808.000
2.060	17954.000	14684.649	971.000	17954.000
2.070	18100.000	14659.255	802.000	18100.000
2.080	18247.000	14671.478	610.000	18247.000
2.090	18393.000	14650.035	463.000	18393.000
2.100	18539.000	14635.024	347.000	18539.000
2.110	18686.000	14654.517	256.000	18686.000
2.120	18834.000	14698.162	207.000	18834.000
2.130	18983.000	14758.713	206.000	18983.000
2.140	19134.000	14861.099	230.000	19134.000
2.150	19285.000	14932.770	315.000	19285.000
2.160	19437.000	15012.939	414.000	19437.000
2.170	19591.000	15129.057	495.000	19591.000
2.180	19744.000	15180.340	606.000	19744.000
2.190	19898.000	15246.238	674.000	19898.000
2.200	20049.000	15202.367	763.000	20049.000
2.210	20201.000	15201.657	761.000	20201.000
2.220	20353.000	15201.160	708.000	20353.000
2.230	20504.000	15170.812	628.000	20504.000
2.240	20653.000	15089.568	534.000	20653.000
2.250	20807.000	15182.698	306.000	20807.000
2.260	20957.000	15127.888	177.000	20957.000
2.270	21107.000	15089.522	31.000	21107.000
2.280	21257.000	15062.665	-108.000	21257.000
2.290	21407.000	15043.866	-220.000	21407.000
2.300	21556.000	15000.706	-276.000	21556.000
2.310	21704.000	14940.494	-280.000	21704.000
2.320	21852.000	14898.346	-251.000	21852.000
2.330	22001.000	14898.842	-201.000	22001.000
2.340	22148.000	14839.190	-69.000	22148.000
2.350	22295.000	14797.433	74.000	22295.000
2.360	22441.000	14738.203	242.000	22441.000
2.370	22586.000	14666.742	414.000	22586.000
2.380	22728.000	14526.719	606.000	22728.000
2.390	22870.000	14428.704	734.000	22870.000
2.400	23008.000	14240.093	877.000	23008.000
2.410	23145.000	14078.065	947.000	23145.000
2.420	23280.000	13904.645	977.000	23280.000
2.430	23413.000	13723.252	970.000	23413.000
2.440	23546.000	13596.276	898.000	23546.000
2.450	23679.000	13507.393	793.000	23679.000
2.460	23813.000	13475.175	663.000	23813.000
2.470	23947.000	13452.623	553.000	23947.000
2.480	24084.000	13526.836	421.000	24084.000
2.490	24222.000	13608.785	339.000	24222.000
2.500	24363.000	13756.150	273.000	24363.000
2.510	24507.000	13949.305	243.000	24507.000
2.520	24653.000	14144.513	272.000	24653.000
2.530	24801.000	14341.159	345.000	24801.000
2.540	24951.000	14538.812	448.000	24951.000
2.550	25102.000	14707.168	584.000	25102.000
2.560	25256.000	14915.018	692.000	25256.000
2.570	25407.000	14970.512	874.000	25407.000
2.580	25560.000	15069.359	977.000	25560.000
2.590	25711.000	15078.551	1083.000	25711.000
2.600	25860.000	15024.986	1155.000	25860.000
2.610	26005.000	14867.490	1211.000	26005.000
2.620	26150.000	14757.243	1159.000	26150.000
2.630	26292.000	14590.070	1086.000	26292.000
2.640	26431.000	14383.049	989.000	26431.000
2.650	26573.000	14328.134	772.000	26573.000
2.660	26713.000	14229.694	598.000	26713.000
2.670	26853.000	14160.786	425.000	26853.000
2.680	26995.000	14172.550	243.000	26995.000
2.690	27138.000	14210.785	105.000	27138.000
2.700	27284.000	14327.550	-14.000	27284.000
2.710	27432.000	14469.285	-72.000	27432.000
2.720	27583.000	14658.499	-89.000	27583.000
2.730	27736.000	14850.949	-46.000	27736.000
2.740	27891.000	15045.665	39.000	27891.000
2.750	28047.000	15211.965	165.000	28047.000
2.760	28205.000	15388.376	287.000	28205.000
2.770	28362.000	15481.863	444.000	28362.000
2.780	28516.000	15457.304	625.000	28516.000
2.790	28669.000	15410.113	748.000	28669.000
2.800	28820.000	15317.079	828.000	28820.000
2.810	28967.000	15131.955	889.000	28967.000
2.820	29110.000	14882.369	909.000	29110.000
2.830	29250.000	14617.658	869.000	29250.000
2.840	29386.000	14312.361	803.000	29386.000
2.850	29519.000	14008.652	704.000	29519.000
2.860	29650.000	13736.057	578.000	29650.000
2.870	29779.000	13485.240	460.000	29779.000
2.880	29909.000	13339.668	321.000	29909.000
2.890	30040.000	13267.767	209.000	30040.000
2.900	30174.000	13307.437	117.000	30174.000
2.910	30311.000	13425.206	75.000	30311.000
2.920	30451.000	13597.644	93.000	30451.000
2.930	30596.000	13868.351	133.000	30596.000
2.940	30745.000	14177.846	221.000	30745.000
2.950	30898.000	14514.492	338.000	30898.000
2.960	31054.000	14840.144	482.000	31054.000
2.970	31212.000	15128.101	636.000	31212.000
2.980	31373.000	15419.671	749.000	31373.000
2.990	31534.000	15623.770	860.000	31534.000
3.000	31694.000	15736.639	944.000	31694.000
3.010	31854.000	15815.647	954.000	31854.000
3.020	32011.000	15780.953	942.000	32011.000
3.030	32165.000	15666.667	884.000	32165.000
3.040	32316.000	15496.667	778.000	32316.000
3.050	32464.000	15287.667	635.000	32464.000
3.060	32608.000	15021.367	490.000	32608.000
3.070	32750.000	14774.957	320.000	32750.000
3.080	32889.000	14512.470	178.000	32889.000
3.090	33027.000	14298.729	45.000	33027.000
3.100	33164.000	14119.110	-45.000	33164.000
3.110	33301.000	13993.377	-92.000	33301.000
3.120	33439.000	13935.364	-96.000	33439.000
3.130	33578.000	13924.755	-43.000	33578.000
3.140	33720.000	14007.328	30.000	33720.000
3.150	33862.000	14065.130	182.000	33862.000
3.160	34007.000	14195.591	325.000	34007.000
3.170	34154.000	14346.914	477.000	34154.000
3.180	34302.000	14482.840	634.000	34302.000
3.190	34451.000	14607.988	769.000	34451.000
3.200	34601.000	14725.591	861.000	34601.000
3.210	34752.000	14837.914	900.000	34752.000
3.220	34902.000	14886.540	915.000	34902.000
3.230	35052.000	14920.578	871.000	35052.000
3.240	35201.000	14914.404	791.000	35201.000
3.250	35350.000	14910.083	662.000	35350.000
3.260	35498.000	14877.058	521.000	35498.000
3.270	35644.000	14793.941	397.000	35644.000
3.280	35789.000	14705.759	273.000	35789.000
3.290	35934.000	14644.031	153.000	35934.000
3.300	36077.000	14540.822	97.000	36077.000
3.310	36220.000	14468.575	63.000	36220.000
3.320	36362.000	14388.003	86.000	36362.000
3.330	36506.000	14391.602	110.000	36506.000
3.340	36649.000	14364.121	210.000	36649.000
3.350	36793.000	14374.885	324.000	36793.000
3.360	36938.000	14412.419	449.000	36938.000
3.370	37083.000	14438.694	594.000	37083.000
3.380	37229.000	14487.086	716.000	37229.000
3.390	37376.000	14550.960	809.000	37376.000
3.400	37523.000	14595.672	881.000	37523.000
3.410	37670.000	14626.970	915.000	37670.000
3.420	37817.000	14648.879	903.000	37817.000
3.430	37964.000	14664.215	845.000	37964.000
3.440	38112.000	14704.951	730.000	38112.000
3.450	38262.000	14793.466	562.000	38262.000
3.460	38409.000	14765.426	455.000	38409.000
3.470	38557.000	14775.798	310.000	38557.000
3.480	38706.000	14813.059	160.000	38706.000
3.490	38854.000	14809.141	63.000	38854.000
3.500	39002.000	14806.399	-4.000	39002.000
3.510	39149.000	14774.479	-15.000	39149.000
3.520	39296.000	14752.135	6.000	39296.000
3.530	39441.000	14676.495	98.000	39441.000
3.540	39585.000	14593.546	219.000	39585.000
3.550	39729.000	14535.482	346.000	39729.000
3.560	39871.000	14434.838	512.000	39871.000
3.570	40011.000	14304.386	689.000	40011.000
3.580	40151.000	14213.070	824.000	40151.000
3.590	40288.000	14059.149	973.000	40288.000
3.600	40425.000	13951.405	1053.000	40425.000
3.610	40560.000	13815.983	1114.000	40560.000
3.620	40696.000	13751.188	1093.000	40696.000
3.630	40832.000	13705.832	1036.000	40832.000
3.640	40969.000	13704.082	935.000	40969.000
3.650	41107.000	13732.858	810.000	41107.000
3.660	41247.000	13813.000	662.000	41247.000
3.670	41391.000	13989.100	479.000	41391.000
3.680	41537.000	14172.370	334.000	41537.000
3.690	41686.000	14390.659	211.000	41686.000
3.700	41838.000	14633.461	121.000	41838.000
3.710	41994.000	14923.423	52.000	41994.000
3.720	42150.000	15126.396	81.000	42150.000
3.730	42308.000	15328.477	131.000	42308.000
3.740	42466.000	15469.934	231.000	42466.000
3.750	42625.000	15598.954	333.000	42625.000
3.760	42783.000	15659.268	462.000	42783.000
3.770	42938.000	15611.487	619.000	42938.000
3.780	43092.000	15548.041	729.000	43092.000
3.790	43241.000	15353.629	859.000	43241.000
3.800	43387.000	15127.540	932.000	43387.000
3.810	43530.000	14879.278	950.000	43530.000
3.820	43669.000	14585.495	938.000	43669.000
3.830	43805.000	14289.846	878.000	43805.000
3.840	43939.000	14022.892	771.000	43939.000
3.850	44070.000	13746.025	663.000	44070.000
3.860	44202.000	13582.217	497.000	44202.000
3.870	44334.000	13467.552	347.000	44334.000
3.880	44468.000	13447.286	199.000	44468.000
3.890	44604.000	13493.101	88.000	44604.000
3.900	44744.000	13645.170	-2.000	44744.000
3.910	44888.000	13871.619	-47.000	44888.000
3.920	45036.000	14150.133	-38.000	45036.000
3.930	45188.000	14465.093	18.000	45188.000
3.940	45343.000	14775.565	125.000	45343.000
3.950	45499.000	15022.896	291.000	45499.000
3.960	45656.000	15226.027	469.000	45656.000
3.970	45815.000	15428.219	612.000	45815.000
3.980	45973.000	15539.753	762.000	45973.000
3.990	46129.000	15557.827	895.000	46129.000
4.000	46283.000	15510.479	980.000	46283.000
4.010	46434.000	15387.335	1020.000	46434.000
4.020	46581.000	15181.135	1022.000	46581.000
4.030	46725.000	14946.794	961.000	46725.000
4.040	46866.000	14692.756	854.000	46866.000
4.050	47003.000	14394.929	737.000	47003.000
4.060	47138.000	14126.450	587.000	47138.000
4.070	47272.000	13908.515	422.000	47272.000
4.080	47406.000	13755.961	262.000	47406.000
4.090	47541.000	13679.173	124.000	47541.000
4.100	47678.000	13685.421	21.000	47678.000
4.110	47818.000	13779.795	-42.000	47818.000
4.120	47961.000	13935.856	-48.000	47961.000
4.130	48109.000	14195.099	-31.000	48109.000
4.140	48260.000	14466.570	54.000	48260.000
4.150	48415.000	14776.599	162.000	48415.000
4.160	48575.000	15143.619	260.000	48575.000
4.170	48733.000	15340.533	461.000	48733.000
4.180	48894.000	15568.373	590.000	48894.000
4.190	49055.000	15727.861	703.000	49055.000
4.200	49216.000	15839.503	769.000	49216.000
4.210	49374.000	15827.652	823.000	49374.000
4.220	49528.000	15699.356	847.000	49528.000
4.230	49680.000	15549.550	788.000	49680.000
4.240	49828.000	15324.685	700.000	49828.000
4.250	49971.000	15017.279	604.000	49971.000
4.260	50110.000	14682.095	484.000	50110.000
4.270	50246.000	14357.467	348.000	50246.000
4.280	50379.000	14040.227	227.000	50379.000
4.290	50509.000	13728.159	147.000	50509.000
4.300	50639.000	13509.711	72.000	50639.000
4.310	50769.000	13356.798	44.000	50769.000
4.320	50900.000	13279.758	63.000	50900.000
4.330	51034.000	13315.831	108.000	51034.000
4.340	51171.000	13431.082	197.000	51171.000
4.350	51311.000	13601.757	327.000	51311.000
4.360	51455.000	13841.230	466.000	51455.000
4.370	51602.000	14098.861	622.000	51602.000
4.380	51751.000	14339.203	784.000	51751.000
4.390	51903.000	14597.442	903.000	51903.000
4.400	52058.000	14868.209	967.000	52058.000
4.410	52212.000	15027.747	1037.000	52212.000
4.420	52368.000	15199.423	1016.000	52368.000
4.430	52524.000	15319.596	953.000	52524.000
4.440	52680.000	15403.717	841.000	52680.000
4.450	52835.000	15432.602	703.000	52835.000
4.460	52987.000	15362.821	576.000	52987.000
4.470	53139.000	15313.975	400.000	53139.000
4.480	53288.000	15189.782	265.000	53288.000
4.490	53435.000	15042.848	149.000	53435.000
4.500	53580.000	14879.993	67.000	53580.000
4.510	53723.000	14705.995	30.000	53723.000
4.520	53865.000	14554.197	27.000	53865.000
4.530	54006.000	14417.938	71.000	54006.000
4.540	54146.000	14292.556	161.000	54146.000
4.550	54287.000	14234.789	256.000	54287.000
4.560	54427.000	14164.353	401.000	54427.000
4.570	54568.000	14145.047	533.000	54568.000
4.580	54708.000	14101.533	688.000	54708.000
4.590	54850.000	14131.073	784.000	54850.000
4.600	54992.000	14151.751	868.000	54992.000
4.610	55133.000	14136.226	938.000	55133.000
4.620	55276.000	14185.358	925.000	55276.000
4.630	55418.000	14189.751	902.000	55418.000
4.640	55562.000	14252.825	805.000	55562.000
4.650	55706.000	14296.978	698.000	55706.000
4.660	55850.000	14327.884	583.000	55850.000
4.670	55995.000	14379.519	451.000	55995.000
4.680	56143.000	14505.663	289.000	56143.000
4.690	56287.000	14473.964	254.000	56287.000
4.700	56433.000	14511.775	191.000	56433.000
4.710	56580.000	14568.243	156.000	56580.000
4.720	56725.000	14547.770	209.000	56725.000
4.730	56871.000	14563.439	268.000	56871.000
4.740	57017.000	14574.407	361.000	57017.000
4.750	57162.000	14552.085	496.000	57162.000
4.760	57307.000	14536.460	632.000	57307.000
4.770	57452.000	14525.522	760.000	57452.000
4.780	57596.000	14487.865	888.000	57596.000
4.790	57738.000	14401.506	1013.000	57738.000
4.800	57879.000	14311.054	1091.000	57879.000
4.810	58020.000	14247.738	1106.000	58020.000
4.820	58160.000	14173.416	1086.000	58160.000
4.830	58301.000	14151.391	997.000	58301.000
4.840	58443.000	14165.974	865.000	58443.000
4.850	58586.000	14206.182	711.000	58586.000
4.860	58730.000	14264.327	551.000	58730.000
4.870	58877.000	14395.029	364.000	58877.000
4.880	59026.000	14546.520	200.000	59026.000
4.890	59178.000	14742.564	53.000	59178.000
4.900	59331.000	14909.795	-26.000	59331.000
4.910	59488.000	15146.856	-104.000	59488.000
4.920	59644.000	15282.800	-72.000	59644.000
4.930	59802.000	15437.960	-29.000	59802.000
4.940	59959.000	15516.572	79.000	59959.000
4.950	60116.000	15571.600	200.000	60116.000
4.960	60272.000	15580.120	336.000	60272.000
4.970	60423.000	15436.084	532.000	60423.000
4.980	60572.000	15275.259	678.000	60572.000
4.990	60718.000	15072.681	794.000	60718.000
5.000	60859.000	14780.877	902.000	60859.000
5.010	60997.000	14486.614	946.000	60997.000
5.020	61131.000	14160.630	957.000	61131.000
5.030	61264.000	13902.441	887.000	61264.000
5.040	61394.000	13631.709	809.000	61394.000
5.050	61523.000	13412.196	698.000	61523.000
5.060	61653.000	13288.537	549.000	61653.000
5.070	61784.000	13231.976	407.000	61784.000
5.080	61918.000	13282.383	263.000	61918.000
5.090	62055.000	13407.668	152.000	62055.000
5.100	62197.000	13645.368	58.000	62197.000
5.110	62344.000	13961.757	5.000	62344.000
5.120	62495.000	14303.230	18.000	62495.000
5.130	62650.000	14662.261	79.000	62650.000
5.140	62809.000	15033.583	170.000	62809.000
5.150	62970.000	15353.508	307.000	62970.000
5.160	63132.000	15607.456	467.000	63132.000
5.170	63296.000	15845.219	594.000	63296.000
5.180	63457.000	15921.653	759.000	63457.000
5.190	63618.000	15975.157	849.000	63618.000
5.200	63774.000	15862.610	951.000	63774.000
5.210	63927.000	15693.827	980.000	63927.000
5.220	64075.000	15425.679	976.000	64075.000
5.230	64219.000	15117.975	911.000	64219.000
5.240	64359.000	14782.583	802.000	64359.000
5.250	64496.000	14457.808	653.000	64496.000
5.260	64629.000	14110.466	513.000	64629.000
5.270	64762.000	13867.326	329.000	64762.000
5.280	64893.000	13637.128	193.000	64893.000
5.290	65026.000	13535.990	48.000	65026.000
5.300	65161.000	13525.193	-55.000	65161.000
5.310	65297.000	13547.635	-78.000	65297.000
5.320	65439.000	13743.344	-110.000	65439.000
5.330	65584.000	13970.341	-60.000	65584.000
5.340	65733.000	14249.239	33.000	65733.000
5.350	65885.000	14534.467	173.000	65885.000
5.360	66039.000	14794.127	347.000	66039.000
5.370	66197.000	15095.889	485.000	66197.000
5.380	66355.000	15307.122	649.000	66355.000
5.390	66513.000	15454.986	788.000	66513.000
5.400	66669.000	15498.490	907.000	66669.000
5.410	66824.000	15498.943	956.000	66824.000
5.420	66976.000	15409.260	967.000	66976.000
5.430	67125.000	15256.482	926.000	67125.000
5.440	67271.000	15059.537	836.000	67271.000
5.450	67414.000	14831.676	712.000	67414.000
5.460	67554.000	14582.173	571.000	67554.000
5.470	67691.000	14317.521	434.000	67691.000
5.480	67826.000	14072.265	304.000	67826.000
5.490	67960.000	13870.585	191.000	67960.000
5.500	68094.000	13729.410	106.000	68094.000
5.510	68229.000	13660.587	58.000	68229.000
5.520	68365.000	13642.411	67.000	68365.000
5.530	68506.000	13779.688	69.000	68506.000
5.540	68650.000	13965.781	133.000	68650.000
5.550	68795.000	14126.047	277.000	68795.000
5.560	68946.000	14418.233	374.000	68946.000
5.570	69100.000	14712.763	495.000	69100.000
5.580	69255.000	14948.934	644.000	69255.000
5.590	69413.000	15204.254	739.000	69413.000
5.600	69572.000	15412.978	808.000	69572.000
5.610	69729.000	15499.084	877.000	69729.000
5.620	69886.000	15559.359	869.000	69886.000
5.630	70041.000	15541.551	823.000	70041.000
5.640	70194.000	15469.086	732.000	70194.000
5.650	70345.000	15358.360	602.000	70345.000
5.660	70493.000	15190.852	464.000	70493.000
5.670	70638.000	14983.596	327.000	70638.000
5.680	70780.000	14748.518	206.000	70780.000
5.690	70919.000	14493.962	115.000	70919.000
5.700	71056.000	14255.774	52.000	71056.000
5.710	71191.000	14029.042	37.000	71191.000
5.720	71326.000	13870.329	47.000	71326.000
5.730	71459.000	13699.230	136.000	71459.000
5.740	71593.000	13609.461	238.000	71593.000
5.750	71727.000	13546.623	385.000	71727.000
5.760	71863.000	13562.636	528.000	71863.000
5.770	72000.000	13603.845	689.000	72000.000
5.780	72138.000	13662.692	849.000	72138.000
5.790	72279.000	13793.884	956.000	72279.000
5.800	72421.000	13915.719	1050.000	72421.000
5.810	72566.000	14091.003	1076.000	72566.000
5.820	72711.000	14213.702	1093.000	72711.000
5.830	72859.000	14389.592	1026.000	72859.000
5.840	73007.000	14512.714	950.000	73007.000
5.850	73157.000	14658.900	816.000	73157.000
5.860	73308.000	14791.230	666.000	73308.000
5.870	73460.000	14913.861	507.000	73460.000
5.880	73613.000	15029.703	353.000	73613.000
5.890	73766.000	15110.792	232.000	73766.000
5.900	73918.000	15137.554	161.000	73918.000
5.910	74071.000	15186.288	99.000	74071.000
5.920	74222.000	15160.402	115.000	74222.000
5.930	74370.000	15052.281	199.000	74370.000
5.940	74518.000	14976.597	276.000	74518.000
5.950	74664.000	14863.618	392.000	74664.000
5.960	74809.000	14754.532	511.000	74809.000
5.970	74953.000	14648.173	629.000	74953.000
5.980	75096.000	14543.721	737.000	75096.000
5.990	75236.000	14380.605	859.000	75236.000
6.000	75376.000	14266.423	915.000	75376.000
6.010	75515.000	14156.496	938.000	75515.000
6.020	75655.000	14109.547	894.000	75655.000
6.030	75795.000	14076.683	822.000	75795.000
6.040	75934.000	14023.678	746.000	75934.000
6.050	76076.000	14076.575	594.000	76076.000
6.060	76218.000	14113.602	463.000	76218.000
6.070	76365.000	14289.522	268.000	76365.000
6.080	76513.000	14442.665	133.000	76513.000
6.090	76662.000	14579.866	45.000	76662.000
6.100	76814.000	14765.906	-34.000	76814.000
6.110	76967.000	14926.134	-52.000	76967.000
6.120	77122.000	15098.294	-40.000	77122.000
6.130	77277.000	15218.806	35.000	77277.000
6.140	77431.000	15273.164	163.000	77431.000
6.150	77583.000	15251.215	330.000	77583.000
6.160	77735.000	15235.850	470.000	77735.000
6.170	77883.000	15105.095	654.000	77883.000
6.180	78030.000	14983.567	783.000	78030.000
6.190	78172.000	14748.497	932.000	78172.000
6.200	78312.000	14523.948	1011.000	78312.000
6.210	78449.000	14276.763	1050.000	78449.000
6.220	78584.000	14043.734	1034.000	78584.000
6.230	78718.000	13850.614	962.000	78718.000
6.240	78850.000	13655.430	876.000	78850.000
6.250	78982.000	13518.801	750.000	78982.000
6.260	79116.000	13483.161	583.000	79116.000
6.270	79252.000	13518.212	418.000	79252.000
6.280	79392.000	13662.749	247.000	79392.000
6.290	79535.000	13853.924	122.000	79535.000
6.300	79683.000	14137.747	16.000	79683.000
6.310	79836.000	14486.423	-51.000	79836.000
6.320	79993.000	14850.496	-58.000	79993.000
6.330	80154.000	15225.347	-21.000	80154.000
6.340	80318.000	15577.743	59.000	80318.000
6.350	80483.000	15854.420	190.000	80483.000
6.360	80651.000	16138.094	293.000	80651.000
6.370	80813.000	16156.666	513.000	80813.000
6.380	80975.000	16169.666	645.000	80975.000
6.390	81133.000	16058.766	768.000	81133.000
6.400	81287.000	15861.136	847.000	81287.000
6.410	81437.000	15602.795	870.000	81437.000
6.420	81579.000	15181.957	905.000	81579.000
6.430	81718.000	14797.370	836.000	81718.000
6.440	81851.000	14348.159	760.000	81851.000
6.450	81979.000	13883.711	665.000	81979.000
6.460	82106.000	13528.598	504.000	82106.000
6.470	82230.000	13190.018	377.000	82230.000
6.480	82354.000	12953.013	249.000	82354.000
6.490	82479.000	12817.109	146.000	82479.000
6.500	82607.000	12811.976	67.000	82607.000
6.510	82739.000	12928.383	30.000	82739.000
6.520	82876.000	13159.868	36.000	82876.000
6.530	83018.000	13471.908	97.000	83018.000
6.540	83165.000	13840.336	203.000	83165.000
6.550	83319.000	14308.235	305.000	83319.000
6.560	83476.000	14725.764	469.000	83476.000
6.570	83638.000	15168.035	607.000	83638.000
6.580	83800.000	15477.625	785.000	83800.000
6.590	83964.000	15754.337	904.000	83964.000
6.600	84127.000	15918.036	998.000	84127.000
6.610	84289.000	16002.625	1032.000	84289.000
6.620	84448.000	15971.838	1026.000	84448.000
6.630	84604.000	15860.286	961.000	84604.000
6.640	84755.000	15632.200	874.000	84755.000
6.650	84903.000	15382.540	724.000	84903.000
6.660	85047.000	15087.778	560.000	85047.000
6.670	85187.000	14761.445	401.000	85187.000
6.680	85324.000	14443.011	249.000	85324.000
6.690	85458.000	14130.108	132.000	85458.000
6.700	85591.000	13881.076	38.000	85591.000
6.710	85725.000	13736.753	-36.000	85725.000
6.720	85859.000	13635.727	-38.000	85859.000
6.730	85995.000	13625.009	-1.000	85995.000
6.740	86135.000	13737.506	53.000	86135.000
6.750	86277.000	13876.254	173.000	86277.000
6.760	86423.000	14093.378	299.000	86423.000
6.770	86573.000	14365.365	425.000	86573.000
6.780	86725.000	14615.755	571.000	86725.000
6.790	86879.000	14851.029	699.000	86879.000
6.800	87035.000	15075.720	784.000	87035.000
6.810	87191.000	15233.004	845.000	87191.000
6.820	87346.000	15313.103	871.000	87346.000
6.830	87500.000	15339.172	843.000	87500.000
6.840	87653.000	15327.420	760.000	87653.000
6.850	87803.000	15229.194	665.000	87803.000
6.860	87950.000	15070.436	554.000	87950.000
6.870	88095.000	14899.305	418.000	88095.000
6.880	88236.000	14659.514	319.000	88236.000
6.890	88375.000	14431.660	223.000	88375.000
6.900	88511.000	14182.162	174.000	88511.000
6.910	88646.000	13977.513	146.000	88646.000
6.920	88779.000	13774.259	180.000	88779.000
6.930	88912.000	13631.981	242.000	88912.000
6.940	89045.000	13532.387	344.000	89045.000
6.950	89180.000	13522.671	452.000	89180.000
6.960	89315.000	13515.870	611.000	89315.000
6.970	89453.000	13601.109	742.000	89453.000
6.980	89594.000	13750.776	853.000	89594.000
6.990	89737.000	13915.543	958.000	89737.000
7.000	89882.000	14090.880	1035.000	89882.000
7.010	90029.000	14273.616	1070.000	90029.000
7.020	90180.000	14521.531	1021.000	90180.000
7.030	90331.000	14695.072	976.000	90331.000
7.040	90484.000	14876.550	871.000	90484.000
7.050	90639.000	15063.585	720.000	90639.000
7.060	90795.000	15224.510	556.000	90795.000
7.070	90951.000	15337.157	401.000	90951.000
7.080	91108.000	15446.010	238.000	91108.000
7.090	91264.000	15492.207	118.000	91264.000
7.100	91419.000	15494.545	36.000	91419.000
7.110	91573.000	15466.181	-11.000	91573.000
7.120	91725.000	15386.327	-2.000	91725.000
7.130	91874.000	15240.429	67.000	91874.000
7.140	92021.000	15078.300	160.000	92021.000
7.150	92165.000	14874.810	292.000	92165.000
7.160	92307.000	14672.367	428.000	92307.000
7.170	92445.000	14410.657	599.000	92445.000
7.180	92582.000	14197.460	725.000	92582.000
7.190	92717.000	13988.222	836.000	92717.000
7.200	92850.000	13781.755	926.000	92850.000
7.210	92982.000	13607.229	972.000	92982.000
7.220	93114.000	13485.060	966.000	93114.000
7.230	93247.000	13429.542	908.000	93247.000
7.240	93382.000	13450.679	804.000	93382.000
7.250	93519.000	13525.476	679.000	93519.000
7.260	93659.000	13667.833	536.000	93659.000
7.270	93804.000	13917.483	361.000	93804.000
7.280	93952.000	14182.238	226.000	93952.000
7.290	94103.000	14457.567	128.000	94103.000
7.300	94259.000	14800.297	32.000	94259.000
7.310	94417.000	15100.208	7.000	94417.000
7.320	94578.000	15400.145	13.000	94578.000
7.330	94741.000	15670.102	58.000	94741.000
7.340	94902.000	15799.071	192.000	94902.000
7.350	95063.000	15889.350	321.000	95063.000
7.360	95222.000	15892.545	469.000	95222.000
7.370	95379.000	15834.781	603.000	95379.000
7.380	95531.000	15644.347	757.000	95531.000
7.390	95679.000	15391.043	873.000	95679.000
7.400	95823.000	15093.730	941.000	95823.000
7.410	95963.000	14765.611	962.000	95963.000
7.420	96099.000	14415.928	942.000	96099.000
7.430	96232.000	14081.149	872.000	96232.000
7.440	96362.000	13756.805	778.000	96362.000
7.450	96493.000	13559.763	609.000	96493.000
7.460	96623.000	13391.834	461.000	96623.000
7.470	96756.000	13364.284	278.000	96756.000
7.480	96891.000	13404.999	131.000	96891.000
7.490	97031.000	13583.499	-14.000	97031.000
7.500	97174.000	13798.449	-86.000	97174.000
7.510	97323.000	14128.915	-142.000	97323.000
7.520	97477.000	14510.240	-145.000	97477.000
7.530	97635.000	14897.168	-87.000	97635.000
7.540	97796.000	15258.018	25.000	97796.000
7.550	97959.000	15570.612	173.000	97959.000
7.560	98122.000	15789.429	355.000	98122.000
7.570	98285.000	15942.600	523.000	98285.000
7.580	98445.000	15959.820	701.000	98445.000
7.590	98601.000	15851.874	859.000	98601.000
7.600	98753.000	15656.312	964.000	98753.000
7.610	98900.000	15369.418	1022.000	98900.000
7.620	99042.000	15018.593	1026.000	99042.000
7.630	99178.000	14593.015	998.000	99178.000
7.640	99310.000	14175.110	907.000	99310.000
7.650	99439.000	13792.577	771.000	99439.000
7.660	99565.000	13434.804	631.000	99565.000
7.670	99690.000	13154.363	479.000	99690.000
7.680	99816.000	12988.054	323.000	99816.000
7.690	99944.000	12931.638	193.000	99944.000
7.700	100075.000	12982.146	104.000	100075.000
7.710	100210.000	13137.503	60.000	100210.000
7.720	100351.000	13426.252	44.000	100351.000
7.730	100499.000	13838.376	56.000	100499.000
7.740	100652.000	14276.863	137.000	100652.000
7.750	100812.000	14793.804	223.000	100812.000
7.760	100975.000	15245.663	372.000	100975.000
7.770	101142.000	15681.964	509.000	101142.000
7.780	101311.000	16047.375	639.000	101311.000
7.790	101481.000	16333.162	741.000	101481.000
7.800	101648.000	16443.214	848.000	101648.000
7.810	101812.000	16430.250	903.000	101812.000
7.820	101972.000	16301.175	903.000	101972.000
7.830	102127.000	16060.822	855.000	102127.000
7.840	102277.000	15742.576	755.000	102277.000
7.850	102421.000	15339.803	635.000	102421.000
7.860	102560.000	14907.862	487.000	102560.000
7.870	102694.000	14455.503	342.000	102694.000
7.880	102823.000	13988.852	225.000	102823.000
7.890	102949.000	13572.197	124.000	102949.000
7.900	103074.000	13250.538	42.000	103074.000
7.910	103198.000	12995.376	19.000	103198.000
7.920	103323.000	12846.763	38.000	103323.000
7.930	103450.000	12802.734	104.000	103450.000
7.940	103582.000	12921.914	178.000	103582.000
7.950	103716.000	13065.340	334.000	103716.000
7.960	103856.000	13345.738	470.000	103856.000
7.970	104000.000	13662.017	630.000	104000.000
7.980	104150.000	14063.412	753.000	104150.000
7.990	104301.000	14374.388	918.000	104301.000
8.000	104457.000	14742.072	994.000	104457.000
8.010	104614.000	15029.450	1058.000	104614.000
8.020	104772.000	15260.615	1070.000	104772.000
8.030	104931.000	15452.431	1016.000	104931.000
8.040	105088.000	15526.701	948.000	105088.000
8.050	105244.000	15548.691	828.000	105244.000
8.060	105397.000	15474.084	701.000	105397.000
8.070	105548.000	15361.859	548.000	105548.000
8.080	105696.000	15193.301	407.000	105696.000
8.090	105840.000	14955.311	307.000	105840.000
8.100	105981.000	14698.717	231.000	105981.000
8.110	106120.000	14459.102	181.000	106120.000
8.120	106257.000	14231.372	176.000	106257.000
8.130	106391.000	13981.960	243.000	106391.000
8.140	106525.000	13807.372	319.000	106525.000
8.150	106659.000	13685.160	423.000	106659.000
8.160	106795.000	13659.612	522.000	106795.000
8.170	106931.000	13641.729	661.000	106931.000
8.180	107071.000	13749.210	746.000	107071.000
8.190	107212.000	13854.447	849.000	107212.000
8.200	107357.000	14048.113	889.000	107357.000
8.210	107504.000	14243.679	911.000	107504.000
8.220	107655.000	14500.575	866.000	107655.000
8.230	107808.000	14740.403	799.000	107808.000
8.240	107962.000	14938.282	716.000	107962.000
8.250	108118.000	15136.797	587.000	108118.000
8.260	108276.000	15335.758	427.000	108276.000
8.270	108433.000	15445.031	301.000	108433.000
8.280	108590.000	15521.521	173.000	108590.000
8.290	108746.000	15545.065	73.000	108746.000
8.300	108900.000	15501.546	15.000	108900.000
8.310	109051.000	15381.082	13.000	109051.000
8.320	109200.000	15236.757	35.000	109200.000
8.330	109345.000	15015.730	123.000	109345.000
8.340	109486.000	14741.011	255.000	109486.000
8.350	109625.000	14488.708	383.000	109625.000
8.360	109761.000	14222.095	534.000	109761.000
8.370	109894.000	13945.467	697.000	109894.000
8.380	110026.000	13721.827	827.000	110026.000
8.390	110155.000	13475.279	967.000	110155.000
8.400	110285.000	13332.695	1029.000	110285.000
8.410	110416.000	13262.887	1045.000	110416.000
8.420	110548.000	13244.021	1028.000	110548.000
8.430	110683.000	13320.814	952.000	110683.000
8.440	110822.000	13494.570	826.000	110822.000
8.450	110965.000	13736.199	677.000	110965.000
8.460	111113.000	14055.339	504.000	111113.000
8.470	111265.000	14398.738	346.000	111265.000
8.480	111421.000	14759.116	204.000	111421.000
8.490	111583.000	15191.381	48.000	111583.000
8.500	111747.000	15553.967	-31.000	111747.000
8.510	111915.000	15927.777	-96.000	111915.000
8.520	112084.000	16219.444	-95.000	112084.000
8.530	112253.000	16423.611	-44.000	112253.000
8.540	112421.000	16536.527	45.000	112421.000
8.550	112585.000	16495.569	193.000	112585.000
8.560	112746.000	16376.898	332.000	112746.000
8.570	112901.000	16113.829	498.000	112901.000
8.580	113050.000	15749.680	651.000	113050.000
8.590	113194.000	15344.776	755.000	113194.000
8.600	113331.000	14851.343	848.000	113331.000
8.610	113463.000	14355.940	883.000	113463.000
8.620	113591.000	13889.158	861.000	113591.000
8.630	113715.000	13442.411	811.000	113715.000
8.640	113838.000	13099.688	701.000	113838.000
8.650	113960.000	12829.781	580.000	113960.000
8.660	114084.000	12700.847	426.000	114084.000
8.670	114211.000	12700.593	273.000	114211.000
8.680	114343.000	12850.415	122.000	114343.000
8.690	114478.000	13045.290	46.000	114478.000
8.700	114621.000	13421.703	-47.000	114621.000
8.710	114770.000	13865.192	-79.000	114770.000
8.720	114925.000	14355.635	-57.000	114925.000
8.730	115086.000	14878.944	2.000	115086.000
8.740	115250.000	15335.261	134.000	115250.000
8.750	115420.000	15834.683	235.000	115420.000
8.760	115589.000	16154.278	422.000	115589.000
8.770	115757.000	16347.995	612.000	115757.000
8.780	115924.000	16453.596	759.000	115924.000
8.790	116084.000	16317.517	941.000	116084.000
8.800	116240.000	16102.262	1037.000	116240.000
8.810	116390.000	15771.583	1084.000	116390.000
8.820	116534.000	15360.108	1073.000	116534.000
8.830	116672.000	14892.076	1010.000	116672.000
8.840	116804.000	14384.453	913.000	116804.000
8.850	116932.000	13909.117	767.000	116932.000
8.860	117057.000	13486.382	601.000	117057.000
8.870	117181.000	13160.467	421.000	117181.000
8.880	117304.000	12902.327	276.000	117304.000
8.890	117431.000	12841.629	109.000	117431.000
8.900	117560.000	12859.140	19.000	117560.000
8.910	117693.000	12991.398	-22.000	117693.000
8.920	117834.000	13323.979	-65.000	117834.000
8.930	117979.000	13676.785	-3.000	117979.000
8.940	118133.000	14193.750	42.000	118133.000
8.950	118290.000	14645.625	192.000	118290.000
8.960	118454.000	15171.937	311.000	118454.000
8.970	118622.000	15660.356	447.000	118622.000
8.980	118789.000	15972.249	640.000	118789.000
8.990	118959.000	16280.574	742.000	118959.000
9.000	119125.000	16376.402	872.000	119125.000
9.010	119288.000	16353.482	941.000	119288.000
9.020	119447.000	16217.437	949.000	119447.000
9.030	119599.000	15912.206	938.000	119599.000
9.040	119744.000	15488.544	888.000	119744.000
9.050	119884.000	15041.981	766.000	119884.000
9.060	120016.000	14489.387	665.000	120016.000
9.070	120144.000	13982.571	518.000	120144.000
9.080	120266.000	13447.799	416.000	120266.000
9.090	120386.000	13013.460	305.000	120386.000
9.100	120505.000	12679.422	223.000	120505.000
9.110	120624.000	12445.595	192.000	120624.000
9.120	120747.000	12401.917	170.000	120747.000
9.130	120872.000	12431.342	235.000	120872.000
9.140	121004.000	12661.939	293.000	121004.000
9.150	121141.000	12973.357	410.000	121141.000
9.160	121285.000	13401.350	532.000	121285.000
9.170	121435.000	13880.945	669.000	121435.000
9.180	121593.000	14456.662	760.000	121593.000
9.190	121754.000	14949.663	887.000	121754.000
9.200	121919.000	15414.764	967.000	121919.000
9.210	122087.000	15830.335	994.000	122087.000
9.220	122256.000	16151.234	979.000	122256.000
9.230	122424.000	16345.864	930.000	122424.000
9.240	122591.000	16452.105	822.000	122591.000
9.250	122755.000	16436.473	689.000	122755.000
9.260	122914.000	16275.531	558.000	122914.000
9.270	123069.000	16042.872	401.000	123069.000
9.280	123219.000	15730.010	255.000	123219.000
9.290	123363.000	15331.007	149.000	123363.000
9.300	123502.000	14901.705	72.000	123502.000
9.310	123637.000	14481.194	26.000	123637.000
9.320	123769.000	14096.835	18.000	123769.000
9.330	123898.000	13737.785	69.000	123898.000
9.340	124025.000	13426.449	167.000	124025.000
9.350	124152.000	13208.515	284.000	124152.000
9.360	124280.000	13085.960	415.000	124280.000
9.370	124409.000	13030.172	567.000	124409.000
9.380	124541.000	13081.120	698.000	124541.000
9.390	124677.000	13236.784	795.000	124677.000
9.400	124817.000	13465.749	864.000	124817.000
9.410	124960.000	13716.024	917.000	124960.000
9.420	125107.000	14011.217	918.000	125107.000
9.430	125258.000	14337.852	868.000	125258.000
9.440	125413.000	14686.496	770.000	125413.000
9.450	125570.000	14990.547	664.000	125570.000
9.460	125731.000	15323.383	503.000	125731.000
9.470	125891.000	15526.368	395.000	125891.000
9.480	126053.000	15728.458	255.000	126053.000
9.490	126213.000	15809.920	172.000	126213.000
9.500	126372.000	15836.944	105.000	126372.000
9.510	126529.000	15795.861	75.000	126529.000
9.520	126683.000	15677.103	92.000	126683.000
9.530	126834.000	15503.972	146.000	126834.000
9.540	126981.000	15262.780	246.000	126981.000
9.550	127123.000	14943.946	391.000	127123.000
9.560	127261.000	14600.762	543.000	127261.000
9.570	127396.000	14270.534	680.000	127396.000
9.580	127529.000	13979.374	790.000	127529.000
9.590	127660.000	13715.561	882.000	127660.000
9.600	127789.000	13470.893	958.000	127789.000
9.610	127920.000	13359.625	947.000	127920.000
9.620	128052.000	13311.738	907.000	128052.000
9.630	128187.000	13368.216	815.000	128187.000
9.640	128326.000	13527.751	680.000	128326.000
9.650	128468.000	13729.426	547.000	128468.000
9.660	128616.000	14050.598	367.000	128616.000
9.670	128768.000	14395.419	211.000	128768.000
9.680	128924.000	14756.793	78.000	128924.000
9.690	129085.000	15159.755	-48.000	129085.000
9.700	129248.000	15501.829	-106.000	129248.000
9.710	129415.000	15861.280	-157.000	129415.000
9.720	129582.000	16112.896	-126.000	129582.000
9.730	129750.000	16319.027	-73.000	129750.000
9.740	129915.000	16373.319	55.000	129915.000
9.750	130075.000	16261.323	241.000	130075.000
9.760	130232.000	16092.926	398.000	130232.000
9.770	130383.000	15795.048	575.000	130383.000
9.780	130526.000	15346.534	769.000	130526.000
9.790	130663.000	14852.574	911.000	130663.000
9.800	130794.000	14326.802	1006.000	130794.000
9.810	130920.000	13808.761	1047.000	130920.000
9.820	131041.000	13296.133	1053.000	131041.000
9.830	131159.000	12847.293	1007.000	131159.000
9.840	131277.000	12533.105	893.000	131277.000
9.850	131396.000	12343.174	751.000	131396.000
9.860	131518.000	12300.221	588.000	131518.000
9.870	131644.000	12390.155	432.000	131644.000
9.880	131777.000	12663.109	264.000	131777.000
9.890	131917.000	13064.176	129.000	131917.000
9.900	132064.000	13554.923	44.000	132064.000
9.910	132219.000	14138.446	-6.000	132219.000
9.920	132381.000	14756.912	-3.000	132381.000
9.930	132550.000	15399.839	33.000	132550.000
9.940	132723.000	15969.887	132.000	132723.000
9.950	132899.000	16458.921	261.000	132899.000
9.960	133076.000	16831.245	407.000	133076.000
9.970	133252.000	17061.871	556.000	133252.000
9.980	133424.000	17103.310	711.000	133424.000
9.990	133590.000	16952.317	852.000	133590.000
10.000	133748.000	16606.622	968.000	133748.000
10.010	133900.000	16184.635	992.000	133900.000
10.020	134043.000	15619.245	991.000	134043.000
10.030	134178.000	14983.471	938.000	134178.000
10.040	134308.000	14388.430	803.000	134308.000
10.050	134431.000	13761.901	674.000	134431.000
10.060	134551.000	13233.331	503.000	134551.000
10.070	134667.000	12743.331	366.000	134667.000
10.080	134784.000	12430.332	205.000	134784.000
10.090	134901.000	12211.232	106.000	134901.000
10.100	135023.000	12207.863	5.000	135023.000
10.110	135149.000	12325.504	-23.000	135149.000
10.120	135282.000	12617.853	-20.000	135282.000
10.130	135421.000	13002.497	53.000	135421.000
10.140	135569.000	13541.748	132.000	135569.000
10.150	135724.000	14129.223	258.000	135724.000
10.160	135884.000	14690.456	432.000	135884.000
10.170	136050.000	15263.320	587.000	136050.000
10.180	136218.000	15724.324	763.000	136218.000
10.190	136388.000	16107.027	898.000	136388.000
10.200	136555.000	16284.919	1042.000	136555.000
10.210	136720.000	16349.443	1113.000	136720.000
10.220	136881.000	16274.610	1128.000	136881.000
10.230	137035.000	16012.227	1121.000	137035.000
10.240	137187.000	15768.559	983.000	137187.000
10.250	137330.000	15327.991	888.000	137330.000
10.260	137467.000	14839.594	755.000	137467.000
10.270	137599.000	14347.716	599.000	137599.000
10.280	137725.000	13823.401	476.000	137725.000
10.290	137850.000	13426.381	320.000	137850.000
10.300	137972.000	13058.466	234.000	137972.000
10.310	138095.000	12830.927	165.000	138095.000
10.320	138220.000	12731.649	140.000	138220.000
10.330	138349.000	12782.154	151.000	138349.000
10.340	138482.000	12937.508	219.000	138482.000
10.350	138621.000	13226.255	308.000	138621.000
10.360	138767.000	13638.379	403.000	138767.000
10.370	138919.000	14106.865	519.000	138919.000
10.380	139077.000	14614.806	629.000	139077.000
10.390	139241.000	15150.364	706.000	139241.000
10.400	139407.000	15585.255	797.000	139407.000
10.410	139576.000	15979.678	829.000	139576.000
10.420	139746.000	16285.775	817.000	139746.000
10.430	139916.000	16500.042	754.000	139916.000
10.440	140082.000	16530.030	695.000	140082.000
10.450	140245.000	16461.021	584.000	140245.000
10.460	140405.000	16322.715	429.000	140405.000
10.470	140558.000	16015.900	316.000	140558.000
10.480	140711.000	15801.130	107.000	140711.000
10.490	140847.000	15140.791	167.000	140847.000
10.500	140984.000	14708.554	59.000	140984.000
10.510	141115.000	14225.988	33.000	141115.000
10.520	141243.000	13798.191	36.000	141243.000
10.530	141368.000	13408.734	97.000	141368.000
10.540	141490.000	13046.114	223.000	141490.000
10.550	141613.000	12822.280	342.000	141613.000
10.560	141737.000	12695.596	485.000	141737.000
10.570	141864.000	12696.917	620.000	141864.000
10.580	141995.000	12817.842	741.000	141995.000
10.590	142130.000	13022.489	851.000	142130.000
10.600	142270.000	13315.743	924.000	142270.000
10.610	142416.000	13701.020	942.000	142416.000
10.620	142567.000	14120.714	925.000	142567.000
10.630	142724.000	14594.500	847.000	142724.000
10.640	142884.000	15016.150	765.000	142884.000
10.650	143048.000	15431.305	636.000	143048.000
10.660	143214.000	15781.913	499.000	143214.000
10.670	143382.000	16087.339	343.000	143382.000
10.680	143551.000	16331.138	189.000	143551.000
10.690	143716.000	16381.796	120.000	143716.000
10.700	143881.000	16417.257	23.000	143881.000
10.710	144042.000	16322.080	-8.000	144042.000
10.720	144199.000	16135.456	3.000	144199.000
10.730	144352.000	15884.819	47.000	144352.000
10.740	144498.000	15499.374	169.000	144498.000
10.750	144640.000	15109.561	284.000	144640.000
10.760	144777.000	14686.693	421.000	144777.000
10.770	144908.000	14210.685	589.000	144908.000
10.780	145036.000	13787.480	717.000	145036.000
10.790	145162.000	13431.236	810.000	145162.000
10.800	145287.000	13151.865	867.000	145287.000
10.810	145413.000	12986.305	870.000	145413.000
10.820	145538.000	12840.414	881.000	145538.000
10.830	145668.000	12888.290	790.000	145668.000
10.840	145802.000	13041.803	672.000	145802.000
10.850	145939.000	13239.262	566.000	145939.000
10.860	146083.000	13587.483	402.000	146083.000
10.870	146232.000	13981.238	259.000	146232.000
10.880	146387.000	14436.867	121.000	146387.000
10.890	146546.000	14875.807	32.000	146546.000
10.900	146711.000	15363.065	-57.000	146711.000
10.910	146877.000	15734.145	-50.000	146877.000
10.920	147046.000	16083.902	-32.000	147046.000
10.930	147213.000	16268.731	76.000	147213.000
10.940	147380.000	16398.112	181.000	147380.000
10.950	147544.000	16398.678	322.000	147544.000
10.960	147702.000	16219.075	512.000	147702.000
10.970	147855.000	15943.352	680.000	147855.000
10.980	148001.000	15540.347	846.000	148001.000
10.990	148142.000	15108.243	949.000	148142.000
11.000	148275.000	14565.770	1052.000	148275.000
11.010	148404.000	14066.039	1068.000	148404.000
11.020	148529.000	13596.227	1034.000	148529.000
11.030	148650.000	13147.359	977.000	148650.000
11.040	148771.000	12833.151	847.000	148771.000
11.050	148894.000	12673.206	669.000	148894.000
11.060	149019.000	12621.244	497.000	149019.000
11.070	149148.000	12704.871	328.000	149148.000
11.080	149283.000	12943.410	161.000	149283.000
11.090	149425.000	13320.387	16.000	149425.000
11.100	149574.000	13794.271	-81.000	149574.000
11.110	149730.000	14335.990	-128.000	149730.000
11.120	149893.000	14925.193	-131.000	149893.000
11.130	150063.000	15547.635	-103.000	150063.000
11.140	150235.000	16043.344	24.000	150235.000
11.150	150410.000	16480.341	160.000	150410.000
11.160	150585.000	16786.239	324.000	150585.000
11.170	150758.000	16940.367	496.000	150758.000
11.180	150927.000	16928.257	661.000	150927.000
11.190	151089.000	16709.780	824.000	151089.000
11.200	151243.000	16316.846	953.000	151243.000
11.210	151388.000	15771.792	1039.000	151388.000
11.220	151525.000	15150.255	1053.000	151525.000
11.230	151654.000	14475.178	1013.000	151654.000
11.240	151775.000	13762.625	944.000	151775.000
11.250	151890.000	13083.837	837.000	151890.000
11.260	152001.000	12488.686	702.000	152001.000
11.270	152111.000	12042.080	544.000	152111.000
11.280	152221.000	11729.456	408.000	152221.000
11.290	152335.000	11630.619	272.000	152335.000
11.300	152454.000	11711.434	179.000	152454.000
11.310	152580.000	11978.003	128.000	152580.000
11.320	152714.000	12404.602	129.000	152714.000
11.330	152857.000	12973.222	172.000	152857.000
11.340	153008.000	13611.255	274.000	153008.000
11.350	153169.000	14357.879	372.000	153169.000
11.360	153336.000	15060.515	524.000	153336.000
11.370	153511.000	15792.361	637.000	153511.000
11.380	153689.000	16394.652	774.000	153689.000
11.390	153868.000	16846.257	901.000	153868.000
11.400	154046.000	17132.380	992.000	154046.000
11.410	154220.000	17212.666	1053.000	154220.000
11.420	154389.000	17118.866	1055.000	154389.000
11.430	154551.000	16843.206	1010.000	154551.000
11.440	154706.000	16440.244	906.000	154706.000
11.450	154852.000	15888.171	788.000	154852.000
11.460	154990.000	15261.720	640.000	154990.000
11.470	155122.000	14643.204	459.000	155122.000
11.480	155247.000	14000.243	312.000	155247.000
11.490	155368.000	13430.170	174.000	155368.000
11.500	155486.000	12941.119	78.000	155486.000
11.510	155604.000	12598.783	10.000	155604.000
11.520	155724.000	12419.148	-18.000	155724.000
11.530	155847.000	12383.404	14.000	155847.000
11.540	155975.000	12508.383	86.000	155975.000
11.550	156110.000	12805.868	176.000	156110.000
11.560	156250.000	13164.107	329.000	156250.000
11.570	156398.000	13654.875	460.000	156398.000
11.580	156552.000	14178.413	601.000	156552.000
11.590	156712.000	14724.889	718.000	156712.000
11.600	156877.000	15257.422	801.000	156877.000
11.610	157045.000	15720.196	855.000	157045.000
11.620	157214.000	16074.137	876.000	157214.000
11.630	157383.000	16321.896	848.000	157383.000
11.640	157550.000	16435.327	784.000	157550.000
11.650	157713.000	16394.729	700.000	157713.000
11.660	157873.000	16276.310	563.000	157873.000
11.670	158026.000	15983.417	460.000	158026.000
11.680	158174.000	15628.392	338.000	158174.000
11.690	158316.000	15199.874	241.000	158316.000
11.700	158452.000	14719.912	181.000	158452.000
11.710	158583.000	14233.938	155.000	158583.000
11.720	158711.000	13803.757	151.000	158711.000
11.730	158836.000	13412.630	201.000	158836.000
11.740	158959.000	13078.841	297.000	158959.000
11.750	159082.000	12845.189	414.000	159082.000
11.760	159207.000	12741.632	532.000	159207.000
11.770	159335.000	12759.142	651.000	159335.000
11.780	159467.000	12891.400	761.000	159467.000
11.790	159604.000	13133.980	845.000	159604.000
11.800	159747.000	13483.786	887.000	159747.000
11.810	159896.000	13908.650	890.000	159896.000
11.820	160050.000	14356.055	866.000	160050.000
11.830	160210.000	14849.239	783.000	160210.000
11.840	160375.000	15344.467	661.000	160375.000
11.850	160543.000	15781.127	529.000	160543.000
11.860	160713.000	16146.789	387.000	160713.000
11.870	160883.000	16402.752	258.000	160883.000
11.880	161053.000	16581.927	122.000	161053.000
11.890	161220.000	16617.349	33.000	161220.000
11.900	161384.000	16552.144	-33.000	161384.000
11.910	161543.000	16356.501	-46.000	161543.000
11.920	161698.000	16099.551	-39.000	161698.000
11.930	161845.000	15679.685	60.000	161845.000
11.940	161986.000	15205.780	180.000	161986.000
11.950	162121.000	14694.046	322.000	162121.000
11.960	162250.000	14155.832	486.000	162250.000
11.970	162374.000	13629.082	649.000	162374.000
11.980	162493.000	13110.358	818.000	162493.000
11.990	162610.000	12687.250	939.000	162610.000
12.000	162726.000	12361.075	1022.000	162726.000
12.010	162844.000	12192.753	0.000	162844.000
12.020	162965.000	12164.927	0.000	162965.000
12.030	163089.000	12235.449	0.000	163089.000
12.040	163220.000	12494.814	0.000	163220.000
12.050	163358.000	12886.370	0.000	163358.000
12.060	163501.000	13310.459	0.000	163501.000
12.070	163652.000	13847.321	0.000	163652.000
12.080	163809.000	14403.125	0.000	163809.000
12.090	163971.000	14942.187	0.000	163971.000
12.100	164135.000	15379.531	0.000	164135.000
12.110	164302.000	15775.672	0.000	164302.000
12.120	164468.000	16022.970	0.000	164468.000
12.130	164634.000	16196.079	0.000	164634.000
12.140	164795.000	16167.255	0.000	164795.000
12.150	164951.000	15997.079	0.000	164951.000
12.160	165101.000	15697.955	0.000	165101.000
12.170	165243.000	15248.569	0.000	165243.000
12.180	165376.000	14663.998	0.000	165376.000
12.190	165502.000	14044.799	0.000	165502.000
12.200	165620.000	13371.359	0.000	165620.000
12.210	165731.000	12689.951	0.000	165731.000
12.220	165838.000	12092.966	0.000	165838.000
12.230	165941.000	11555.076	0.000	165941.000
12.240	166043.000	11148.553	0.000	166043.000
12.250	166146.000	10893.987	0.000	166146.000
12.260	166251.000	10775.791	0.000	166251.000
12.270	166360.000	10813.054	0.000	166360.000
12.280	166474.000	10989.138	0.000	166474.000
12.290	166594.000	11292.396	0.000	166594.000
12.300	166720.000	11684.677	0.000	166720.000
12.310	166851.000	12109.274	0.000	166851.000
12.320	166987.000	12556.492	0.000	166987.000
12.330	167129.000	13049.544	0.000	167129.000
12.340	167271.000	13394.681	0.000	167271.000
12.350	167415.000	13696.277	0.000	167415.000
12.360	167559.000	13907.394	0.000	167559.000
12.370	167701.000	13995.176	0.000	167701.000
12.380	167840.000	13966.623	0.000	167840.000
12.390	167972.000	13736.636	0.000	167972.000
12.400	168099.000	13425.645	0.000	168099.000
12.410	168218.000	12967.952	0.000	168218.000
12.420	168329.000	12407.566	0.000	168329.000
12.430	168434.000	11835.296	0.000	168434.000
12.440	168531.000	11194.707	0.000	168531.000
12.450	168622.000	10566.295	0.000	168622.000
12.460	168709.000	10006.407	0.000	168709.000
12.470	168793.000	9524.485	0.000	168793.000
12.480	168876.000	9157.139	0.000	168876.000
12.490	168959.000	8899.997	0.000	168959.000
12.500	169045.000	8809.998	0.000	169045.000
12.510	169134.000	8836.999	0.000	169134.000
12.520	169229.000	9035.899	0.000	169229.000
12.530	169329.000	9325.129	0.000	169329.000
12.540	169435.000	9707.591	0.000	169435.000
12.550	169548.000	10185.313	0.000	169548.000
12.560	169666.000	10669.719	0.000	169666.000
12.570	169788.000	11128.804	0.000	169788.000
12.580	169913.000	11540.162	0.000	169913.000
12.590	170040.000	11888.114	0.000	170040.000
12.600	170167.000	12131.680	0.000	170167.000
12.610	170292.000	12242.176	0.000	170292.000
12.620	170414.000	12229.523	0.000	170414.000
12.630	170531.000	12070.666	0.000	170531.000
12.640	170642.000	11779.466	0.000	170642.000
12.650	170746.000	11365.626	0.000	170746.000
12.660	170843.000	10865.938	0.000	170843.000
12.670	170933.000	10306.157	0.000	170933.000
12.680	171016.000	9704.310	0.000	171016.000
12.690	171093.000	9103.017	0.000	171093.000
12.700	171165.000	8532.112	0.000	171165.000
12.710	171234.000	8042.478	0.000	171234.000
12.720	171302.000	7669.735	0.000	171302.000
12.730	171369.000	7378.814	0.000	171369.000
12.740	171437.000	7205.170	0.000	171437.000
12.750	171509.000	7203.619	0.000	171509.000
12.760	171585.000	7322.533	0.000	171585.000
12.770	171665.000	7525.773	0.000	171665.000
12.780	171751.000	7848.041	0.000	171751.000
12.790	171842.000	8223.629	0.000	171842.000
12.800	171939.000	8666.540	0.000	171939.000
12.810	172039.000	9066.578	0.000	172039.000
12.820	172143.000	9466.605	0.000	172143.000
12.830	172249.000	9806.623	0.000	172249.000
12.840	172354.000	10014.636	0.000	172354.000
12.850	172458.000	10130.245	0.000	172458.000
12.860	172558.000	10091.172	0.000	172558.000
12.870	172654.000	9943.820	0.000	172654.000
12.880	172742.000	9600.674	0.000	172742.000
12.890	172824.000	9180.472	0.000	172824.000
12.900	172899.000	8676.330	0.000	172899.000
12.910	172967.000	8113.431	0.000	172967.000
12.920	173028.000	7509.402	0.000	173028.000
12.930	173084.000	6936.581	0.000	173084.000
12.940	173135.000	6385.607	0.000	173135.000
12.950	173184.000	5939.925	0.000	173184.000
12.960	173231.000	5567.947	0.000	173231.000
12.970	173278.000	5307.563	0.000	173278.000
12.980	173327.000	5185.294	0.000	173327.000
12.990	173379.000	5189.706	0.000	173379.000
13.000	173435.000	5312.794	0.000	173435.000
13.010	173497.000	5578.956	0.000	173497.000
13.020	173564.000	5915.269	0.000	173564.000
13.030	173638.000	6360.688	0.000	173638.000
13.040	173718.000	6852.482	0.000	173718.000
13.050	173802.000	7316.737	0.000	173802.000
13.060	173890.000	7761.716	0.000	173890.000
13.070	173980.000	8133.201	0.000	173980.000
13.080	174070.000	8393.241	0.000	174070.000
13.090	174160.000	8575.269	0.000	174160.000
13.100	174247.000	8612.688	0.000	174247.000
13.110	174328.000	8458.882	0.000	174328.000
13.120	174405.000	8231.217	0.000	174405.000
13.130	174475.000	7861.852	0.000	174475.000
13.140	174538.000	7393.296	0.000	174538.000
13.150	174594.000	6855.307	0.000	174594.000
13.160	174643.000	6268.715	0.000	174643.000
13.170	174687.000	5708.101	0.000	174687.000
13.180	174726.000	5165.670	0.000	174726.000
13.190	174762.000	4695.969	0.000	174762.000
13.200	174797.000	4337.179	0.000	174797.000
13.210	174831.000	4056.025	0.000	174831.000
13.220	174867.000	3919.217	0.000	174867.000
13.230	174907.000	3943.452	0.000	174907.000
13.240	174950.000	4050.417	0.000	174950.000
13.250	174999.000	4305.292	0.000	174999.000
13.260	175053.000	4633.704	0.000	175053.000
13.270	175114.000	5073.593	0.000	175114.000
13.280	175180.000	5531.515	0.000	175180.000
13.290	175250.000	5972.061	0.000	175250.000
13.300	175324.000	6400.442	0.000	175324.000
13.310	175400.000	6760.310	0.000	175400.000
13.320	175477.000	7042.217	0.000	175477.000
13.330	175552.000	7179.552	0.000	175552.000
13.340	175625.000	7215.686	0.000	175625.000
13.350	175694.000	7120.980	0.000	175694.000
13.360	175757.000	6874.686	0.000	175757.000
13.370	175814.000	6522.280	0.000	175814.000
13.380	175865.000	6095.596	0.000	175865.000
13.390	175909.000	5586.917	0.000	175909.000
13.400	175946.000	5020.842	0.000	175946.000
13.410	175977.000	4444.590	0.000	175977.000
13.420	176003.000	3891.213	0.000	176003.000
13.430	176026.000	3413.849	0.000	176026.000
13.440	176047.000	3019.694	0.000	176047.000
13.450	176067.000	2713.786	0.000	176067.000
13.460	176089.000	2559.650	0.000	176089.000
13.470	176113.000	2511.755	0.000	176113.000
13.480	176141.000	2598.229	0.000	176141.000
13.490	176174.000	2808.760	0.000	176174.000
13.500	176212.000	3106.132	0.000	176212.000
13.510	176256.000	3494.292	0.000	176256.000
13.520	176304.000	3886.005	0.000	176304.000
13.530	176357.000	4310.203	0.000	176357.000
13.540	176413.000	4697.142	0.000	176413.000
13.550	176472.000	5058.000	0.000	176472.000
13.560	176531.000	5310.600	0.000	176531.000
13.570	176589.000	5457.420	0.000	176589.000
13.580	176645.000	5500.194	0.000	176645.000
13.590	176696.000	5380.136	0.000	176696.000
13.600	176742.000	5146.095	0.000	176742.000
13.610	176782.000	4802.266	0.000	176782.000
13.620	176815.000	4351.587	0.000	176815.000
13.630	176841.000	3826.111	0.000	176841.000
13.640	176860.000	3248.277	0.000	176860.000
13.650	176873.000	2663.794	0.000	176873.000
13.660	176880.000	2074.656	0.000	176880.000
13.670	176883.000	1542.259	0.000	176883.000
13.680	176884.000	1109.581	0.000	176884.000
13.690	176884.000	776.707	0.000	176884.000
13.700	176884.000	543.695	0.000	176884.000
13.710	176886.000	440.586	0.000	176886.000
13.720	176892.000	488.410	0.000	176892.000
13.730	176902.000	641.887	0.000	176902.000
13.740	176918.000	929.321	0.000	176918.000
13.750	176938.000	1250.525	0.000	176938.000
13.760	176964.000	1655.367	0.000	176964.000
13.770	176994.000	2058.757	0.000	176994.000
13.780	177028.000	2461.130	0.000	177028.000
13.790	177065.000	2832.791	0.000	177065.000
13.800	177102.000	3092.954	0.000	177102.000
13.810	177138.000	3245.068	0.000	177138.000
13.820	177172.000	3291.547	0.000	177172.000
13.830	177203.000	3234.083	0.000	177203.000
13.840	177228.000	3013.858	0.000	177228.000
13.850	177247.000	2679.701	0.000	177247.000
13.860	177259.000	2235.791	0.000	177259.000
13.870	177265.000	1745.053	0.000	177265.000
13.880	177265.000	1221.537	0.000	177265.000
13.890	177257.000	615.076	0.000	177257.000
13.900	177243.000	10.553	0.000	177243.000
13.910	177225.000	-532.613	0.000	177225.000
13.920	177205.000	-972.829	0.000	177205.000
13.930	177183.000	-1340.980	0.000	177183.000
13.940	177161.000	-1598.686	0.000	177161.000
13.950	177141.000	-1719.080	0.000	177141.000
13.960	177124.000	-1713.356	0.000	177124.000
13.970	177111.000	-1589.349	0.000	177111.000
13.980	177102.000	-1382.545	0.000	177102.000
13.990	177099.000	-1057.781	0.000	177099.000
14.000	177099.000	-740.447	0.000	177099.000
14.010	177104.000	-368.313	0.000	177104.000
14.020	177114.000	42.181	0.000	177114.000
14.030	177125.000	359.527	0.000	177125.000
14.040	177138.000	641.669	0.000	177138.000
14.050	177150.000	809.168	0.000	177150.000
14.060	177161.000	896.418	0.000	177161.000
14.070	177168.000	837.492	0.000	177168.000
14.080	177171.000	676.245	0.000	177171.000
14.090	177171.000	473.371	0.000	177171.000
14.100	177164.000	121.360	0.000	177164.000
14.110	177150.000	-335.048	0.000	177150.000
14.120	177132.000	-774.534	0.000	177132.000
14.130	177108.000	-1262.174	0.000	177108.000
14.140	177080.000	-1723.521	0.000	177080.000
14.150	177050.000	-2106.465	0.000	177050.000
14.160	177018.000	-2434.526	0.000	177018.000
14.170	176986.000	-2664.168	0.000	176986.000
14.180	176955.000	-2794.918	0.000	176955.000
14.190	176927.000	-2796.442	0.000	176927.000
14.200	176903.000	-2677.510	0.000	176903.000
14.210	176883.000	-2474.257	0.000	176883.000
14.220	176869.000	-2151.980	0.000	176869.000
14.230	176860.000	-1776.386	0.000	176860.000
14.240	176857.000	-1333.470	0.000	176857.000
14.250	176857.000	-933.429	0.000	176857.000
14.260	176861.000	-533.400	0.000	176861.000
14.270	176869.000	-133.380	0.000	176869.000
14.280	176878.000	176.634	0.000	176878.000
14.290	176887.000	393.644	0.000	176887.000
14.300	176894.000	485.551	0.000	176894.000
14.310	176898.000	459.885	0.000	176898.000
14.320	176899.000	351.920	0.000	176899.000
14.330	176896.000	156.344	0.000	176896.000
14.340	176886.000	-190.559	0.000	176886.000
14.350	176871.000	-583.392	0.000	176871.000
14.360	176850.000	-1038.374	0.000	176850.000
14.370	176824.000	-1506.862	0.000	176824.000
14.380	176794.000	-1954.803	0.000	176794.000
14.390	176762.000	-2328.362	0.000	176762.000
14.400	176730.000	-2589.854	0.000	176730.000
14.410	176697.000	-2802.898	0.000	176697.000
14.420	176666.000	-2892.028	0.000	176666.000
14.430	176639.000	-2834.420	0.000	176639.000
14.440	176615.000	-2704.094	0.000	176615.000
14.450	176596.000	-2462.866	0.000	176596.000
14.460	176582.000	-2144.006	0.000	176582.000
14.470	176574.000	-1740.804	0.000	176574.000
14.480	176571.000	-1308.563	0.000	176571.000
14.490	176571.000	-915.994	0.000	176571.000
14.500	176575.000	-521.196	0.000	176575.000
14.510	176583.000	-124.837	0.000	176583.000
14.520	176592.000	182.614	0.000	176592.000
14.530	176600.000	367.830	0.000	176600.000
14.540	176607.000	467.481	0.000	176607.000
14.550	176611.000	447.237	0.000	176611.000
14.560	176612.000	343.066	0.000	176612.000
14.570	176610.000	180.146	0.000	176610.000
14.580	176601.000	-143.898	0.000	176601.000
14.590	176586.000	-550.728	0.000	176586.000
14.600	176567.000	-955.510	0.000	176567.000
14.610	176544.000	-1358.857	0.000	176544.000
14.620	176517.000	-1761.200	0.000	176517.000
14.630	176488.000	-2102.840	0.000	176488.000
14.640	176458.000	-2371.988	0.000	176458.000
14.650	176429.000	-2530.392	0.000	176429.000
14.660	176401.000	-2611.274	0.000	176401.000
14.670	176376.000	-2577.892	0.000	176376.000
14.680	176355.000	-2434.524	0.000	176355.000
14.690	176339.000	-2184.167	0.000	176339.000
14.700	176328.000	-1858.917	0.000	176328.000
14.710	176322.000	-1481.242	0.000	176322.000
14.720	176321.000	-1066.869	0.000	176321.000
14.730	176323.000	-686.808	0.000	176323.000
14.740	176331.000	-240.766	0.000	176331.000
14.750	176341.000	131.464	0.000	176341.000
14.760	176352.000	422.025	0.000	176352.000
14.770	176363.000	625.417	0.000	176363.000
14.780	176372.000	707.792	0.000	176372.000
14.790	176379.000	705.454	0.000	176379.000
14.800	176382.000	583.818	0.000	176382.000
14.810	176382.000	408.673	0.000	176382.000
14.820	176377.000	136.071	0.000	176377.000
14.830	176366.000	-234.750	0.000	176366.000
14.840	176350.000	-644.325	0.000	176350.000
14.850	176331.000	-1021.028	0.000	176331.000
14.860	176308.000	-1404.719	0.000	176308.000
14.870	176283.000	-1733.304	0.000	176283.000
14.880	176256.000	-2023.312	0.000	176256.000
14.890	176231.000	-2166.319	0.000	176231.000
14.900	176206.000	-2266.423	0.000	176206.000
14.910	176185.000	-2216.496	0.000	176185.000
14.920	176168.000	-2061.547	0.000	176168.000
14.930	176155.000	-1833.083	0.000	176155.000
14.940	176147.000	-1523.158	0.000	176147.000
14.950	176144.000	-1156.211	0.000	176144.000
14.960	176144.000	-809.348	0.000	176144.000
14.970	176150.000	-386.543	0.000	176150.000
14.980	176159.000	-0.580	0.000	176159.000
14.990	176171.000	359.594	0.000	176171.000
15.000	176184.000	641.716	0.000	176184.000
