0.000	0.000	0.000	0.000	0.000
0.010	6.000	180.000	-101.000	6.000
0.020	6.000	126.000	-37.000	6.000
0.030	7.000	118.200	-23.000	7.000
0.040	7.000	82.740	-2.000	7.000
0.050	7.000	57.918	3.000	7.000
0.060	7.000	40.543	0.000	7.000
0.070	5.000	-31.620	28.000	5.000
0.080	4.000	-52.134	16.000	4.000
0.090	2.000	-96.494	23.000	2.000
0.100	0.000	-127.546	23.000	0.000
0.110	-3.000	-179.282	37.000	-3.000
0.120	-5.000	-185.497	25.000	-5.000
0.130	-8.000	-219.848	38.000	-8.000
0.140	-11.000	-243.894	47.000	-11.000
0.150	-13.000	-230.726	38.000	-13.000
0.160	-15.000	-221.508	40.000	-15.000
0.170	-17.000	-215.056	49.000	-17.000
0.180	-19.000	-210.539	60.000	-19.000
0.190	-20.000	-177.377	56.000	-20.000
0.200	-22.000	-184.164	79.000	-22.000
0.210	-23.000	-158.915	79.000	-23.000
0.220	-23.000	-111.240	67.000	-23.000
0.230	-24.000	-107.868	85.000	-24.000
0.240	-24.000	-75.508	80.000	-24.000
0.250	-24.000	-52.855	80.000	-24.000
0.260	-24.000	-36.999	82.000	-24.000
0.270	-24.000	-25.899	83.000	-24.000
0.280	-24.000	-18.129	83.000	-24.000
0.290	-24.000	-12.691	80.000	-24.000
0.300	-24.000	-8.883	75.000	-24.000
0.310	-24.000	-6.218	70.000	-24.000
0.320	-24.000	-4.353	63.000	-24.000
0.330	-24.000	-3.047	56.000	-24.000
0.340	-23.000	27.867	32.000	-23.000
0.350	-22.000	49.507	19.000	-22.000
0.360	-22.000	34.655	28.000	-22.000
0.370	-21.000	54.258	13.000	-21.000
0.380	-20.000	67.981	3.000	-20.000
0.390	-19.000	77.587	-3.000	-19.000
0.400	-17.000	114.311	-25.000	-17.000
0.410	-16.000	110.017	-19.000	-16.000
0.420	-15.000	107.012	-19.000	-15.000
0.430	-14.000	104.909	-22.000	-14.000
0.440	-13.000	103.436	-27.000	-13.000
0.450	-12.000	102.405	-32.000	-12.000
0.460	-11.000	101.684	-38.000	-11.000
0.470	-11.000	71.179	-27.000	-11.000
0.480	-11.000	49.825	-26.000	-11.000
0.490	-11.000	34.877	-29.000	-11.000
0.500	-11.000	24.414	-33.000	-11.000
0.510	-11.000	17.090	135.000	-11.000
0.520	-11.000	11.963	246.000	-11.000
0.530	-13.000	-51.626	360.000	-13.000
0.540	-14.000	-66.138	422.000	-14.000
0.550	-16.000	-106.297	500.000	-16.000
0.560	-17.000	-104.408	559.000	-17.000
0.570	-18.000	-103.085	637.000	-18.000
0.580	-18.000	-72.160	716.000	-18.000
0.590	-19.000	-80.512	842.000	-19.000
0.600	-19.000	-56.358	960.000	-19.000
0.610	-17.000	20.549	1068.000	-17.000
0.620	-14.000	104.384	1195.000	-14.000
0.630	-9.000	223.069	1322.000	-9.000
0.640	-3.000	336.148	1471.000	-3.000
0.650	5.000	475.304	1616.000	5.000
0.660	15.000	632.713	1760.000	15.000
0.670	27.000	802.899	1906.000	27.000
0.680	41.000	982.029	2051.000	41.000
0.690	57.000	1167.420	2195.000	57.000
0.700	75.000	1357.194	2336.000	75.000
0.710	96.000	1580.036	2456.000	96.000
0.720	118.000	1766.025	2598.000	118.000
0.730	144.000	2016.218	2695.000	144.000
0.740	172.000	2251.352	2804.000	172.000
0.750	204.000	2535.947	2881.000	204.000
0.760	239.000	2825.163	2960.000	239.000
0.770	280.000	3207.614	2987.000	280.000
0.780	324.000	3565.330	3042.000	324.000
0.790	374.000	3995.731	3056.000	374.000
0.800	429.000	4447.012	3067.000	429.000
0.810	489.000	4912.908	3075.000	489.000
0.820	556.000	5449.036	3042.000	556.000
0.830	627.000	5944.325	3041.000	627.000
0.840	705.000	6501.027	2994.000	705.000
0.850	788.000	7040.719	2957.000	788.000
0.860	875.000	7538.503	2933.000	875.000
0.870	967.000	8036.952	2889.000	967.000
0.880	1063.000	8505.867	2844.000	1063.000
0.890	1162.000	8924.107	2806.000	1162.000
0.900	1263.000	9276.875	2781.000	1263.000
0.910	1368.000	9643.812	2717.000	1368.000
0.920	1473.000	9900.669	2701.000	1473.000
0.930	1583.000	10230.468	2614.000	1583.000
0.940	1692.000	10431.328	2598.000	1692.000
0.950	1803.000	10631.929	2561.000	1803.000
0.960	1916.000	10832.351	2516.000	1916.000
0.970	2030.000	11002.645	2488.000	2030.000
0.980	2146.000	11181.852	2456.000	2146.000
0.990	2264.000	11367.296	2428.000	2264.000
1.000	2385.000	11587.107	2393.000	2385.000
1.010	2508.000	11800.975	2208.000	2508.000
1.020	2635.000	12070.683	2066.000	2635.000
1.030	2764.000	12319.478	1991.000	2764.000
1.040	2897.000	12613.634	1919.000	2897.000
1.050	3036.000	12999.544	1816.000	3036.000
1.060	3178.000	13359.681	1750.000	3178.000
1.070	3324.000	13731.777	1678.000	3324.000
1.080	3474.000	14112.244	1595.000	3474.000
1.090	3629.000	14528.571	1481.000	3629.000
1.100	3786.000	14879.999	1394.000	3786.000
1.110	3947.000	15246.000	1272.000	3947.000
1.120	4109.000	15532.200	1174.000	4109.000
1.130	4270.000	15702.540	1107.000	4270.000
1.140	4437.000	16001.778	920.000	4437.000
1.150	4601.000	16121.244	828.000	4601.000
1.160	4766.000	16234.871	700.000	4766.000
1.170	4929.000	16254.410	601.000	4929.000
1.180	5091.000	16238.087	492.000	5091.000
1.190	5251.000	16166.661	395.000	5251.000
1.200	5411.000	16116.663	268.000	5411.000
1.210	5569.000	16021.664	169.000	5569.000
1.220	5725.000	15895.165	88.000	5725.000
1.230	5877.000	15686.615	55.000	5877.000
1.240	6030.000	15570.631	-35.000	6030.000
1.250	6180.000	15399.441	-70.000	6180.000
1.260	6330.000	15279.609	-123.000	6330.000
1.270	6479.000	15165.726	-154.000	6479.000
1.280	6627.000	15056.008	-165.000	6627.000
1.290	6775.000	14979.206	-174.000	6775.000
1.300	6923.000	14925.444	-174.000	6923.000
1.310	7071.000	14887.811	-162.000	7071.000
1.320	7219.000	14861.468	-138.000	7219.000
1.330	7367.000	14843.027	-106.000	7367.000
1.340	7514.000	14800.119	-51.000	7514.000
1.350	7660.000	14740.083	14.000	7660.000
1.360	7806.000	14698.058	64.000	7806.000
1.370	7949.000	14578.641	157.000	7949.000
1.380	8091.000	14465.049	231.000	8091.000
1.390	8232.000	14355.534	293.000	8232.000
1.400	8371.000	14218.874	366.000	8371.000
1.410	8509.000	14093.212	425.000	8509.000
1.420	8644.000	13915.248	513.000	8644.000
1.430	8779.000	13790.674	562.000	8779.000
1.440	8913.000	13673.472	612.000	8913.000
1.450	9045.000	13531.430	684.000	9045.000
1.460	9178.000	13462.001	716.000	9178.000
1.470	9309.000	13353.401	786.000	9309.000
1.480	9443.000	13367.381	789.000	9443.000
1.490	9576.000	13347.166	837.000	9576.000
1.500	9713.000	13453.016	822.000	9713.000
1.510	9850.000	13527.112	851.000	9850.000
1.520	9991.000	13698.978	833.000	9991.000
1.530	10134.000	13879.285	829.000	10134.000
1.540	10280.000	14095.499	813.000	10280.000
1.550	10427.000	14276.849	822.000	10427.000
1.560	10577.000	14493.795	801.000	10577.000
1.570	10728.000	14675.656	793.000	10728.000
1.580	10882.000	14892.959	749.000	10882.000
1.590	11036.000	15045.072	732.000	11036.000
1.600	11191.000	15181.550	701.000	11191.000
1.610	11346.000	15277.085	671.000	11346.000
1.620	11501.000	15343.960	634.000	11501.000
1.630	11655.000	15360.772	604.000	11655.000
1.640	11807.000	15312.540	587.000	11807.000
1.650	11959.000	15278.778	538.000	11959.000
1.660	12108.000	15165.145	523.000	12108.000
1.670	12255.000	15025.601	505.000	12255.000
1.680	12400.000	14867.921	488.000	12400.000
1.690	12545.000	14757.545	439.000	12545.000
1.700	12687.000	14590.281	435.000	12687.000
1.710	12828.000	14443.197	424.000	12828.000
1.720	12968.000	14310.238	416.000	12968.000
1.730	13108.000	14217.166	401.000	13108.000
1.740	13249.000	14182.017	375.000	13249.000
1.750	13390.000	14157.412	372.000	13390.000
1.760	13532.000	14170.188	368.000	13532.000
1.770	13675.000	14209.132	371.000	13675.000
1.780	13820.000	14296.392	365.000	13820.000
1.790	13966.000	14387.475	374.000	13966.000
1.800	14113.000	14481.232	390.000	14113.000
1.810	14262.000	14606.863	390.000	14262.000
1.820	14412.000	14724.804	398.000	14412.000
1.830	14563.000	14837.363	406.000	14563.000
1.840	14714.000	14916.154	424.000	14714.000
1.850	14866.000	15001.308	424.000	14866.000
1.860	15017.000	15030.915	443.000	15017.000
1.870	15168.000	15051.641	446.000	15168.000
1.880	15317.000	15006.149	471.000	15317.000
1.890	15466.000	14974.304	465.000	15466.000
1.900	15611.000	14832.013	510.000	15611.000
1.910	15756.000	14732.409	505.000	15756.000
1.920	15899.000	14602.686	513.000	15899.000
1.930	16041.000	14481.880	510.000	16041.000
1.940	16182.000	14367.316	507.000	16182.000
1.950	16323.000	14287.121	491.000	16323.000
1.960	16464.000	14230.985	477.000	16464.000
1.970	16605.000	14191.689	471.000	16605.000
1.980	16747.000	14194.183	457.000	16747.000
1.990	16889.000	14195.928	463.000	16889.000
2.000	17033.000	14257.149	448.000	17033.000
2.010	17179.000	14360.005	783.000	17179.000
2.020	17326.000	14462.003	994.000	17326.000
2.030	17474.000	14563.402	1109.000	17474.000
2.040	17624.000	14694.382	1135.000	17624.000
2.050	17775.000	14816.067	1118.000	17775.000
2.060	17927.000	14931.247	1069.000	17927.000
2.070	18081.000	15071.873	979.000	18081.000
2.080	18234.000	15140.311	918.000	18234.000
2.090	18388.000	15218.218	829.000	18388.000
2.100	18541.000	15242.752	760.000	18541.000
2.110	18696.000	15319.927	647.000	18696.000
2.120	18849.000	15313.949	585.000	18849.000
2.130	19000.000	15249.764	546.000	19000.000
2.140	19152.000	15234.835	466.000	19152.000
2.150	19303.000	15194.384	407.000	19303.000
2.160	19455.000	15196.069	327.000	19455.000
2.170	19606.000	15167.248	280.000	19606.000
2.180	19758.000	15177.074	219.000	19758.000
2.190	19909.000	15153.952	191.000	19909.000
2.200	20061.000	15167.766	148.000	20061.000
2.210	20213.000	15177.436	121.000	20213.000
2.220	20368.000	15274.205	53.000	20368.000
2.230	20515.000	15101.944	159.000	20515.000
2.240	20666.000	15101.361	131.000	20666.000
2.250	20819.000	15160.952	79.000	20819.000
2.260	20971.000	15172.667	72.000	20971.000
2.270	21122.000	15150.867	87.000	21122.000
2.280	21273.000	15135.607	93.000	21273.000
2.290	21424.000	15124.925	93.000	21424.000
2.300	21575.000	15117.447	91.000	21575.000
2.310	21725.000	15082.213	105.000	21725.000
2.320	21874.000	15027.549	126.000	21874.000
2.330	22021.000	14929.284	164.000	22021.000
2.340	22167.000	14830.499	192.000	22167.000
2.350	22312.000	14731.349	214.000	22312.000
2.360	22456.000	14631.945	236.000	22456.000
2.370	22599.000	14532.361	260.000	22599.000
2.380	22741.000	14432.653	288.000	22741.000
2.390	22882.000	14332.857	321.000	22882.000
2.400	23023.000	14263.000	342.000	23023.000
2.410	23162.000	14154.100	396.000	23162.000
2.420	23301.000	14077.870	433.000	23301.000
2.430	23439.000	13994.509	482.000	23439.000
2.440	23577.000	13936.156	522.000	23577.000
2.450	23714.000	13865.309	576.000	23714.000
2.460	23851.000	13815.717	621.000	23851.000
2.470	23989.000	13811.002	646.000	23989.000
2.480	24127.000	13807.701	681.000	24127.000
2.490	24266.000	13835.391	704.000	24266.000
2.500	24405.000	13854.774	738.000	24405.000
2.510	24546.000	13928.341	743.000	24546.000
2.520	24687.000	13979.839	768.000	24687.000
2.530	24828.000	14015.887	798.000	24828.000
2.540	24971.000	14101.121	793.000	24971.000
2.550	25115.000	14190.785	787.000	25115.000
2.560	25259.000	14253.549	794.000	25259.000
2.570	25404.000	14327.485	787.000	25404.000
2.580	25550.000	14409.239	769.000	25550.000
2.590	25697.000	14496.467	744.000	25697.000
2.600	25845.000	14587.527	714.000	25845.000
2.610	25993.000	14651.269	696.000	25993.000
2.620	26141.000	14695.888	681.000	26141.000
2.630	26289.000	14727.122	663.000	26289.000
2.640	26438.000	14778.985	626.000	26438.000
2.650	26586.000	14785.290	613.000	26586.000
2.660	26735.000	14819.703	575.000	26735.000
2.670	26883.000	14813.792	561.000	26883.000
2.680	27030.000	14779.654	557.000	27030.000
2.690	27179.000	14815.758	505.000	27179.000
2.700	27328.000	14841.031	469.000	27328.000
2.710	27478.000	14888.721	427.000	27478.000
2.720	27627.000	14892.105	417.000	27627.000
2.730	27776.000	14894.474	405.000	27776.000
2.740	27926.000	14926.131	375.000	27926.000
2.750	28075.000	14918.292	371.000	28075.000
2.760	28224.000	14912.804	362.000	28224.000
2.770	28372.000	14878.963	366.000	28372.000
2.780	28519.000	14825.274	375.000	28519.000
2.790	28666.000	14787.692	368.000	28666.000
2.800	28813.000	14761.384	354.000	28813.000
2.810	28960.000	14742.969	339.000	28960.000
2.820	29105.000	14670.078	361.000	29105.000
2.830	29249.000	14589.055	380.000	29249.000
2.840	29393.000	14532.338	382.000	29393.000
2.850	29536.000	14462.637	396.000	29536.000
2.860	29678.000	14383.846	418.000	29678.000
2.870	29821.000	14358.692	410.000	29821.000
2.880	29961.000	14251.084	463.000	29961.000
2.890	30103.000	14235.759	457.000	30103.000
2.900	30243.000	14165.031	497.000	30243.000
2.910	30385.000	14175.522	492.000	30385.000
2.920	30527.000	14182.865	505.000	30527.000
2.930	30670.000	14218.006	511.000	30670.000
2.940	30814.000	14272.604	516.000	30814.000
2.950	30959.000	14340.823	523.000	30959.000
2.960	31105.000	14418.576	529.000	31105.000
2.970	31253.000	14533.003	517.000	31253.000
2.980	31400.000	14583.102	546.000	31400.000
2.990	31548.000	14648.172	554.000	31548.000
3.000	31697.000	14723.720	548.000	31697.000
3.010	31848.000	14836.604	515.000	31848.000
3.020	31997.000	14855.623	536.000	31997.000
3.030	32146.000	14868.936	539.000	32146.000
3.040	32296.000	14908.255	513.000	32296.000
3.050	32447.000	14965.779	472.000	32447.000
3.060	32597.000	14976.045	457.000	32597.000
3.070	32746.000	14953.232	452.000	32746.000
3.080	32895.000	14937.262	432.000	32895.000
3.090	33044.000	14926.083	404.000	33044.000
3.100	33192.000	14888.258	392.000	33192.000
3.110	33338.000	14801.781	404.000	33338.000
3.120	33485.000	14771.247	375.000	33485.000
3.130	33630.000	14689.873	383.000	33630.000
3.140	33774.000	14602.911	392.000	33774.000
3.150	33919.000	14572.038	371.000	33919.000
3.160	34063.000	14520.426	375.000	34063.000
3.170	34207.000	14484.298	377.000	34207.000
3.180	34350.000	14429.009	399.000	34350.000
3.190	34492.000	14360.306	431.000	34492.000
3.200	34635.000	14342.214	435.000	34635.000
3.210	34778.000	14329.550	447.000	34778.000
3.220	34920.000	14290.685	481.000	34920.000
3.230	35063.000	14293.480	491.000	35063.000
3.240	35207.000	14325.436	492.000	35207.000
3.250	35350.000	14317.805	524.000	35350.000
3.260	35494.000	14342.463	533.000	35494.000
3.270	35639.000	14389.724	532.000	35639.000
3.280	35784.000	14422.807	543.000	35784.000
3.290	35931.000	14505.965	523.000	35931.000
3.300	36078.000	14564.175	524.000	36078.000
3.310	36224.000	14574.923	548.000	36224.000
3.320	36371.000	14612.446	543.000	36371.000
3.330	36518.000	14638.712	541.000	36518.000
3.340	36666.000	14687.099	520.000	36666.000
3.350	36814.000	14720.969	508.000	36814.000
3.360	36962.000	14744.678	497.000	36962.000
3.370	37110.000	14761.275	487.000	37110.000
3.380	37259.000	14802.892	459.000	37259.000
3.390	37407.000	14802.025	458.000	37407.000
3.400	37556.000	14831.417	434.000	37556.000
3.410	37705.000	14851.992	417.000	37705.000
3.420	37853.000	14836.394	421.000	37853.000
3.430	38001.000	14825.476	416.000	38001.000
3.440	38148.000	14787.833	424.000	38148.000
3.450	38295.000	14761.483	420.000	38295.000
3.460	38442.000	14743.038	411.000	38442.000
3.470	38588.000	14700.127	419.000	38588.000
3.480	38734.000	14670.089	416.000	38734.000
3.490	38880.000	14649.062	411.000	38880.000
3.500	39025.000	14604.343	423.000	39025.000
3.510	39171.000	14603.040	408.000	39171.000
3.520	39316.000	14572.128	418.000	39316.000
3.530	39460.000	14520.490	440.000	39460.000
3.540	39607.000	14574.343	397.000	39607.000
3.550	39746.000	14372.040	517.000	39746.000
3.560	39887.000	14290.428	531.000	39887.000
3.570	40028.000	14233.300	533.000	40028.000
3.580	40168.000	14163.310	549.000	40168.000
3.590	40309.000	14144.317	540.000	40309.000
3.600	40450.000	14131.022	541.000	40450.000
3.610	40591.000	14121.715	551.000	40591.000
3.620	40731.000	14085.201	585.000	40731.000
3.630	40873.000	14119.640	577.000	40873.000
3.640	41013.000	14083.748	623.000	41013.000
3.650	41156.000	14148.624	606.000	41156.000
3.660	41297.000	14134.037	649.000	41297.000
3.670	41441.000	14213.826	632.000	41441.000
3.680	41585.000	14269.678	640.000	41585.000
3.690	41729.000	14308.775	659.000	41729.000
3.700	41874.000	14366.142	662.000	41874.000
3.710	42022.000	14496.300	623.000	42022.000
3.720	42168.000	14527.410	651.000	42168.000
3.730	42315.000	14579.187	651.000	42315.000
3.740	42461.000	14585.431	670.000	42461.000
3.750	42607.000	14589.802	674.000	42607.000
3.760	42755.000	14652.861	633.000	42755.000
3.770	42902.000	14667.003	624.000	42902.000
3.780	43050.000	14706.902	593.000	43050.000
3.790	43197.000	14704.831	586.000	43197.000
3.800	43344.000	14703.382	570.000	43344.000
3.810	43491.000	14702.367	549.000	43491.000
3.820	43639.000	14731.657	509.000	43639.000
3.830	43786.000	14722.160	496.000	43786.000
3.840	43932.000	14685.512	496.000	43932.000
3.850	44081.000	14749.858	433.000	44081.000
3.860	44228.000	14734.901	432.000	44228.000
3.870	44375.000	14724.431	425.000	44375.000
3.880	44521.000	14687.101	433.000	44521.000
3.890	44667.000	14660.971	430.000	44667.000
3.900	44812.000	14612.680	440.000	44812.000
3.910	44957.000	14578.876	440.000	44957.000
3.920	45102.000	14555.213	437.000	45102.000
3.930	45246.000	14508.649	453.000	45246.000
3.940	45390.000	14476.054	460.000	45390.000
3.950	45534.000	14453.238	465.000	45534.000
3.960	45676.000	14377.267	505.000	45676.000
3.970	45818.000	14324.087	526.000	45818.000
3.980	45960.000	14286.861	538.000	45960.000
3.990	46102.000	14260.802	548.000	46102.000
4.000	46243.000	14212.562	575.000	46243.000
4.010	46386.000	14238.793	559.000	46386.000
4.020	46528.000	14227.155	578.000	46528.000
4.030	46671.000	14249.009	578.000	46671.000
4.040	46815.000	14294.306	571.000	46815.000
4.050	46960.000	14356.014	561.000	46960.000
4.060	47106.000	14429.210	551.000	47106.000
4.070	47253.000	14510.447	539.000	47253.000
4.080	47401.000	14597.313	526.000	47401.000
4.090	47550.000	14688.119	511.000	47550.000
4.100	47700.000	14781.683	493.000	47700.000
4.110	47850.000	14847.178	488.000	47850.000
4.120	48001.000	14923.025	468.000	48001.000
4.130	48152.000	14976.117	456.000	48152.000
4.140	48304.000	15043.282	427.000	48304.000
4.150	48456.000	15090.298	407.000	48456.000
4.160	48608.000	15123.208	388.000	48608.000
4.170	48759.000	15116.246	384.000	48759.000
4.180	48910.000	15111.372	369.000	48910.000
4.190	49059.000	15047.960	380.000	49059.000
4.200	49208.000	15003.572	367.000	49208.000
4.210	49355.000	14912.501	377.000	49355.000
4.220	49502.000	14848.750	363.000	49502.000
4.230	49648.000	14774.125	359.000	49648.000
4.240	49792.000	14661.888	377.000	49792.000
4.250	49937.000	14613.321	357.000	49937.000
4.260	50081.000	14549.325	357.000	50081.000
4.270	50224.000	14474.527	371.000	50224.000
4.280	50366.000	14392.169	393.000	50366.000
4.290	50508.000	14334.518	404.000	50508.000
4.300	50650.000	14294.163	412.000	50650.000
4.310	50793.000	14295.914	406.000	50793.000
4.320	50935.000	14267.140	431.000	50935.000
4.330	51077.000	14246.998	455.000	51077.000
4.340	51220.000	14262.899	461.000	51220.000
4.350	51364.000	14304.029	461.000	51364.000
4.360	51509.000	14362.820	461.000	51509.000
4.370	51655.000	14433.974	461.000	51655.000
4.380	51802.000	14513.782	461.000	51802.000
4.390	51950.000	14599.647	461.000	51950.000
4.400	52097.000	14629.753	493.000	52097.000
4.410	52245.000	14680.827	500.000	52245.000
4.420	52392.000	14686.579	526.000	52392.000
4.430	52539.000	14690.605	539.000	52539.000
4.440	52686.000	14693.424	543.000	52686.000
4.450	52832.000	14665.397	557.000	52832.000
4.460	52979.000	14675.778	539.000	52979.000
4.470	53125.000	14653.044	541.000	53125.000
4.480	53271.000	14637.131	535.000	53271.000
4.490	53418.000	14655.992	507.000	53418.000
4.500	53564.000	14639.194	506.000	53564.000
4.510	53710.000	14627.436	499.000	53710.000
4.520	53856.000	14619.205	490.000	53856.000
4.530	54002.000	14613.444	481.000	54002.000
4.540	54149.000	14639.411	455.000	54149.000
4.550	54295.000	14627.587	457.000	54295.000
4.560	54441.000	14619.311	455.000	54441.000
4.570	54589.000	14673.518	417.000	54589.000
4.580	54736.000	14681.462	416.000	54736.000
4.590	54883.000	14687.024	415.000	54883.000
4.600	55031.000	14720.917	397.000	55031.000
4.610	55178.000	14714.642	405.000	55178.000
4.620	55325.000	14710.249	408.000	55325.000
4.630	55471.000	14677.174	424.000	55471.000
4.640	55617.000	14654.022	429.000	55617.000
4.650	55759.000	14517.815	495.000	55759.000
4.660	55902.000	14452.471	501.000	55902.000
4.670	56044.000	14376.730	514.000	56044.000
4.680	56186.000	14323.711	517.000	56186.000
4.690	56326.000	14226.597	552.000	56326.000
4.700	56466.000	14158.618	568.000	56466.000
4.710	56606.000	14111.033	579.000	56606.000
4.720	56744.000	14017.723	625.000	56744.000
4.730	56884.000	14012.406	618.000	56884.000
4.740	57023.000	13978.684	644.000	57023.000
4.750	57163.000	13985.079	651.000	57163.000
4.760	57303.000	13989.555	669.000	57303.000
4.770	57446.000	14082.689	642.000	57446.000
4.780	57589.000	14147.882	649.000	57589.000
4.790	57733.000	14223.517	653.000	57733.000
4.800	57879.000	14336.462	637.000	57879.000
4.810	58027.000	14475.524	611.000	58027.000
4.820	58175.000	14572.866	613.000	58175.000
4.830	58326.000	14731.007	572.000	58326.000
4.840	58476.000	14811.705	577.000	58476.000
4.850	58627.000	14898.193	563.000	58627.000
4.860	58778.000	14958.735	551.000	58778.000
4.870	58929.000	15001.115	537.000	58929.000
4.880	59080.000	15030.780	516.000	59080.000
4.890	59232.000	15081.546	473.000	59232.000
4.900	59381.000	15027.082	487.000	59381.000
4.910	59531.000	15018.958	455.000	59531.000
4.920	59679.000	14953.270	453.000	59679.000
4.930	59825.000	14847.289	464.000	59825.000
4.940	59971.000	14773.102	447.000	59971.000
4.950	60115.000	14661.172	453.000	60115.000
4.960	60258.000	14552.820	455.000	60258.000
4.970	60401.000	14476.974	442.000	60401.000
4.980	60542.000	14363.882	461.000	60542.000
4.990	60684.000	14314.717	447.000	60684.000
5.000	60825.000	14250.302	458.000	60825.000
5.010	60967.000	14235.211	451.000	60967.000
5.020	61108.000	14194.648	474.000	61108.000
5.030	61250.000	14196.254	478.000	61250.000
5.040	61393.000	14227.378	477.000	61393.000
5.050	61537.000	14279.164	476.000	61537.000
5.060	61682.000	14345.415	476.000	61682.000
5.070	61828.000	14421.790	478.000	61828.000
5.080	61973.000	14445.253	512.000	61973.000
5.090	62119.000	14491.677	523.000	62119.000
5.100	62267.000	14584.174	504.000	62267.000
5.110	62415.000	14648.922	504.000	62415.000
5.120	62564.000	14724.245	494.000	62564.000
5.130	62713.000	14776.972	493.000	62713.000
5.140	62861.000	14783.880	511.000	62861.000
5.150	63010.000	14818.716	498.000	63010.000
5.160	63158.000	14813.101	504.000	63158.000
5.170	63306.000	14809.171	498.000	63306.000
5.180	63453.000	14776.420	503.000	63453.000
5.190	63600.000	14753.494	494.000	63600.000
5.200	63746.000	14707.446	496.000	63746.000
5.210	63893.000	14705.212	469.000	63893.000
5.220	64038.000	14643.648	482.000	64038.000
5.230	64184.000	14630.554	463.000	64184.000
5.240	64330.000	14621.388	448.000	64330.000
5.250	64475.000	14584.971	455.000	64475.000
5.260	64622.000	14619.480	420.000	64622.000
5.270	64769.000	14643.636	406.000	64769.000
5.280	64916.000	14660.545	401.000	64916.000
5.290	65064.000	14702.382	385.000	65064.000
5.300	65212.000	14731.667	381.000	65212.000
5.310	65360.000	14752.167	381.000	65360.000
5.320	65510.000	14826.517	349.000	65510.000
5.330	65660.000	14878.562	337.000	65660.000
5.340	65809.000	14884.993	350.000	65809.000
5.350	65958.000	14889.495	354.000	65958.000
5.360	66107.000	14892.647	352.000	66107.000
5.370	66256.000	14894.853	345.000	66256.000
5.380	66403.000	14836.397	371.000	66403.000
5.390	66549.000	14765.478	391.000	66549.000
5.400	66693.000	14655.834	423.000	66693.000
5.410	66837.000	14579.084	427.000	66837.000
5.420	66978.000	14435.359	471.000	66978.000
5.430	67119.000	14334.751	482.000	67119.000
5.440	67258.000	14204.326	515.000	67258.000
5.450	67397.000	14113.028	528.000	67397.000
5.460	67536.000	14049.120	536.000	67536.000
5.470	67674.000	13974.384	565.000	67674.000
5.480	67814.000	13982.069	555.000	67814.000
5.490	67954.000	13987.448	568.000	67954.000
5.500	68095.000	14021.214	577.000	68095.000
5.510	68237.000	14074.850	587.000	68237.000
5.520	68381.000	14172.395	580.000	68381.000
5.530	68526.000	14270.676	584.000	68526.000
5.540	68672.000	14369.473	591.000	68672.000
5.550	68821.000	14528.631	562.000	68821.000
5.560	68970.000	14640.042	567.000	68970.000
5.570	69120.000	14748.029	563.000	69120.000
5.580	69272.000	14883.621	534.000	69272.000
5.590	69425.000	15008.534	505.000	69425.000
5.600	69578.000	15095.974	491.000	69578.000
5.610	69730.000	15127.182	493.000	69730.000
5.620	69882.000	15149.027	479.000	69882.000
5.630	70032.000	15104.319	487.000	70032.000
5.640	70182.000	15073.023	466.000	70182.000
5.650	70329.000	14961.116	481.000	70329.000
5.660	70475.000	14852.781	476.000	70475.000
5.670	70620.000	14746.947	463.000	70620.000
5.680	70763.000	14612.863	467.000	70763.000
5.690	70905.000	14489.004	465.000	70905.000
5.700	71047.000	14402.303	448.000	71047.000
5.710	71188.000	14311.612	448.000	71188.000
5.720	71327.000	14188.128	480.000	71327.000
5.730	71468.000	14161.690	460.000	71468.000
5.740	71608.000	14113.183	477.000	71608.000
5.750	71747.000	14049.228	513.000	71747.000
5.760	71887.000	14034.460	527.000	71887.000
5.770	72028.000	14054.122	532.000	72028.000
5.780	72170.000	14097.885	538.000	72170.000
5.790	72312.000	14128.520	562.000	72312.000
5.800	72455.000	14179.964	576.000	72455.000
5.810	72600.000	14275.975	568.000	72600.000
5.820	72745.000	14343.182	583.000	72745.000
5.830	72890.000	14390.228	606.000	72890.000
5.840	73036.000	14453.159	610.000	73036.000
5.850	73182.000	14497.212	620.000	73182.000
5.860	73327.000	14498.048	645.000	73327.000
5.870	73473.000	14528.634	638.000	73473.000
5.880	73619.000	14550.044	632.000	73619.000
5.890	73765.000	14565.030	624.000	73765.000
5.900	73911.000	14575.521	616.000	73911.000
5.910	74056.000	14552.865	622.000	74056.000
5.920	74202.000	14567.005	600.000	74202.000
5.930	74347.000	14546.904	601.000	74347.000
5.940	74492.000	14532.833	594.000	74492.000
5.950	74637.000	14522.983	585.000	74637.000
5.960	74782.000	14516.088	575.000	74782.000
5.970	74927.000	14511.262	567.000	74927.000
5.980	75073.000	14537.883	543.000	75073.000
5.990	75220.000	14586.518	514.000	75220.000
6.000	75367.000	14620.563	502.000	75367.000
6.010	75515.000	14674.394	481.000	75515.000
6.020	75664.000	14742.076	457.000	75664.000
6.030	75814.000	14819.453	430.000	75814.000
6.040	75964.000	14873.617	419.000	75964.000
6.050	76115.000	14941.532	396.000	76115.000
6.060	76266.000	14989.072	383.000	76266.000
6.070	76416.000	14992.351	389.000	76416.000
6.080	76566.000	14994.645	381.000	76566.000
6.090	76715.000	14966.252	383.000	76715.000
6.100	76863.000	14916.376	386.000	76863.000
6.110	77009.000	14821.463	405.000	77009.000
6.120	77156.000	14785.024	379.000	77156.000
6.130	77301.000	14699.517	387.000	77301.000
6.140	77444.000	14579.662	412.000	77444.000
6.150	77586.000	14465.763	429.000	77586.000
6.160	77726.000	14326.034	461.000	77726.000
6.170	77866.000	14228.224	469.000	77866.000
6.180	78006.000	14159.757	472.000	78006.000
6.190	78145.000	14081.830	496.000	78145.000
6.200	78284.000	14027.281	516.000	78284.000
6.210	78423.000	13989.097	539.000	78423.000
6.220	78564.000	14022.368	532.000	78564.000
6.230	78706.000	14075.657	535.000	78706.000
6.240	78849.000	14142.960	544.000	78849.000
6.250	78994.000	14250.072	541.000	78994.000
6.260	79140.000	14355.050	548.000	79140.000
6.270	79288.000	14488.535	541.000	79288.000
6.280	79437.000	14611.975	542.000	79437.000
6.290	79587.000	14728.382	541.000	79587.000
6.300	79738.000	14839.868	534.000	79738.000
6.310	79890.000	14947.907	518.000	79890.000
6.320	80043.000	15053.535	493.000	80043.000
6.330	80195.000	15097.475	492.000	80195.000
6.340	80347.000	15128.232	479.000	80347.000
6.350	80499.000	15149.763	455.000	80499.000
6.360	80650.000	15134.834	441.000	80650.000
6.370	80801.000	15124.384	410.000	80801.000
6.380	80950.000	15057.069	406.000	80950.000
6.390	81098.000	14979.948	396.000	81098.000
6.400	81244.000	14865.964	401.000	81244.000
6.410	81388.000	14726.175	413.000	81388.000
6.420	81532.000	14628.322	397.000	81532.000
6.430	81675.000	14529.826	390.000	81675.000
6.440	81818.000	14460.878	377.000	81818.000
6.450	81960.000	14382.615	385.000	81960.000
6.460	82102.000	14327.830	390.000	82102.000
6.470	82244.000	14289.481	398.000	82244.000
6.480	82385.000	14232.637	430.000	82385.000
6.490	82527.000	14222.846	440.000	82527.000
6.500	82670.000	14245.992	443.000	82670.000
6.510	82813.000	14262.194	462.000	82813.000
6.520	82956.000	14273.536	490.000	82956.000
6.530	83100.000	14311.475	502.000	83100.000
6.540	83245.000	14368.033	507.000	83245.000
6.550	83391.000	14437.623	508.000	83391.000
6.560	83537.000	14486.336	523.000	83537.000
6.570	83684.000	14550.435	523.000	83684.000
6.580	83832.000	14625.305	514.000	83832.000
6.590	83980.000	14677.713	516.000	83980.000
6.600	84129.000	14744.399	503.000	84129.000
6.610	84278.000	14791.079	497.000	84278.000
6.620	84426.000	14793.756	509.000	84426.000
6.630	84574.000	14795.629	507.000	84574.000
6.640	84722.000	14796.940	498.000	84722.000
6.650	84868.000	14737.858	517.000	84868.000
6.660	85015.000	14726.501	496.000	85015.000
6.670	85162.000	14718.551	475.000	85162.000
6.680	85308.000	14682.985	474.000	85308.000
6.690	85454.000	14658.090	465.000	85454.000
6.700	85600.000	14640.663	455.000	85600.000
6.710	85746.000	14628.464	446.000	85746.000
6.720	85891.000	14589.925	456.000	85891.000
6.730	86037.000	14592.947	442.000	86037.000
6.740	86183.000	14595.063	436.000	86183.000
6.750	86328.000	14566.544	451.000	86328.000
6.760	86474.000	14576.581	442.000	86474.000
6.770	86622.000	14643.607	406.000	86622.000
6.780	86768.000	14630.525	428.000	86768.000
6.790	86915.000	14651.367	424.000	86915.000
6.800	87063.000	14695.957	407.000	87063.000
6.810	87210.000	14697.170	419.000	87210.000
6.820	87357.000	14698.019	424.000	87357.000
6.830	87503.000	14668.613	442.000	87503.000
6.840	87647.000	14588.029	479.000	87647.000
6.850	87791.000	14531.621	488.000	87791.000
6.860	87933.000	14432.134	519.000	87933.000
6.870	88076.000	14392.494	507.000	88076.000
6.880	88218.000	14334.746	514.000	88218.000
6.890	88359.000	14264.322	532.000	88359.000
6.900	88499.000	14185.025	557.000	88499.000
6.910	88638.000	14099.518	588.000	88638.000
6.920	88777.000	14039.662	605.000	88777.000
6.930	88916.000	13997.764	620.000	88916.000
6.940	89055.000	13968.435	637.000	89055.000
6.950	89195.000	13977.904	641.000	89195.000
6.960	89335.000	13984.533	660.000	89335.000
6.970	89477.000	14049.173	652.000	89477.000
6.980	89620.000	14124.421	652.000	89620.000
6.990	89764.000	14207.095	656.000	89764.000
7.000	89910.000	14324.966	643.000	89910.000
7.010	90058.000	14467.476	622.000	90058.000
7.020	90207.000	14597.234	612.000	90207.000
7.030	90357.000	14718.063	603.000	90357.000
7.040	90507.000	14802.644	605.000	90507.000
7.050	90659.000	14921.851	572.000	90659.000
7.060	90809.000	14945.296	587.000	90809.000
7.070	90961.000	15021.707	546.000	90961.000
7.080	91112.000	15045.195	530.000	91112.000
7.090	91263.000	15061.636	503.000	91263.000
7.100	91413.000	15043.146	485.000	91413.000
7.110	91563.000	15030.202	453.000	91563.000
7.120	91710.000	14931.141	466.000	91710.000
7.130	91858.000	14891.799	428.000	91858.000
7.140	92005.000	14834.259	405.000	92005.000
7.150	92150.000	14733.981	410.000	92150.000
7.160	92294.000	14633.787	411.000	92294.000
7.170	92436.000	14503.651	432.000	92436.000
7.180	92578.000	14412.556	429.000	92578.000
7.190	92720.000	14348.789	422.000	92720.000
7.200	92862.000	14304.152	419.000	92862.000
7.210	93004.000	14272.907	424.000	93004.000
7.220	93145.000	14221.035	454.000	93145.000
7.230	93287.000	14214.724	463.000	93287.000
7.240	93430.000	14240.307	465.000	93430.000
7.250	93572.000	14228.215	501.000	93572.000
7.260	93716.000	14279.750	500.000	93716.000
7.270	93860.000	14315.825	517.000	93860.000
7.280	94005.000	14371.078	525.000	94005.000
7.290	94150.000	14409.754	543.000	94150.000
7.300	94296.000	14466.828	546.000	94296.000
7.310	94442.000	14506.780	557.000	94442.000
7.320	94589.000	14564.746	551.000	94589.000
7.330	94737.000	14635.322	535.000	94737.000
7.340	94884.000	14654.725	547.000	94884.000
7.350	95031.000	14668.308	551.000	95031.000
7.360	95178.000	14677.815	548.000	95178.000
7.370	95325.000	14684.471	540.000	95325.000
7.380	95472.000	14689.130	528.000	95472.000
7.390	95617.000	14632.391	548.000	95617.000
7.400	95763.000	14622.673	530.000	95763.000
7.410	95908.000	14585.871	530.000	95908.000
7.420	96054.000	14590.110	505.000	96054.000
7.430	96199.000	14563.077	506.000	96199.000
7.440	96345.000	14574.154	486.000	96345.000
7.450	96491.000	14581.908	476.000	96491.000
7.460	96637.000	14587.335	472.000	96637.000
7.470	96784.000	14621.135	456.000	96784.000
7.480	96931.000	14644.794	452.000	96931.000
7.490	97079.000	14691.356	436.000	97079.000
7.500	97227.000	14723.949	433.000	97227.000
7.510	97375.000	14746.764	434.000	97375.000
7.520	97525.000	14822.735	402.000	97525.000
7.530	97674.000	14845.915	405.000	97674.000
7.540	97823.000	14862.140	405.000	97823.000
7.550	97972.000	14873.498	401.000	97972.000
7.560	98121.000	14881.449	392.000	98121.000
7.570	98268.000	14827.014	414.000	98268.000
7.580	98415.000	14788.910	413.000	98415.000
7.590	98561.000	14732.237	416.000	98561.000
7.600	98705.000	14632.566	440.000	98705.000
7.610	98849.000	14562.796	437.000	98849.000
7.620	98990.000	14423.957	476.000	98990.000
7.630	99131.000	14326.770	483.000	99131.000
7.640	99271.000	14228.739	496.000	99271.000
7.650	99411.000	14160.117	500.000	99411.000
7.660	99550.000	14082.082	522.000	99550.000
7.670	99689.000	14027.457	539.000	99689.000
7.680	99829.000	14019.220	541.000	99829.000
7.690	99970.000	14043.454	542.000	99970.000
7.700	100112.000	14090.418	547.000	100112.000
7.710	100256.000	14183.293	539.000	100256.000
7.720	100399.000	14218.305	579.000	100399.000
7.730	100546.000	14362.813	552.000	100546.000
7.740	100693.000	14463.969	564.000	100693.000
7.750	100842.000	14594.779	555.000	100842.000
7.760	100991.000	14686.345	568.000	100991.000
7.770	101146.000	14930.441	482.000	101146.000
7.780	101299.000	15041.309	488.000	101299.000
7.790	101453.000	15148.916	476.000	101453.000
7.800	101607.000	15224.241	466.000	101607.000
7.810	101759.000	15216.969	483.000	101759.000
7.820	101914.000	15301.878	419.000	101914.000
7.830	102066.000	15271.315	418.000	102066.000
7.840	102216.000	15189.920	424.000	102216.000
7.850	102365.000	15102.944	411.000	102365.000
7.860	102511.000	14952.061	422.000	102511.000
7.870	102657.000	14846.443	394.000	102657.000
7.880	102802.000	14742.510	368.000	102802.000
7.890	102945.000	14609.757	368.000	102945.000
7.900	103087.000	14486.830	367.000	103087.000
7.910	103227.000	14340.781	389.000	103227.000
7.920	103368.000	14268.547	376.000	103368.000
7.930	103507.000	14157.983	406.000	103507.000
7.940	103646.000	14080.588	427.000	103646.000
7.950	103785.000	14026.411	449.000	103785.000
7.960	103924.000	13988.488	476.000	103924.000
7.970	104065.000	14021.942	476.000	104065.000
7.980	104206.000	14045.359	503.000	104206.000
7.990	104349.000	14121.751	508.000	104349.000
8.000	104493.000	14205.226	523.000	104493.000
8.010	104638.000	14293.658	541.000	104638.000
8.020	104783.000	14355.561	575.000	104783.000
8.030	104929.000	14428.893	593.000	104929.000
8.040	105076.000	14510.225	598.000	105076.000
8.050	105223.000	14567.157	611.000	105223.000
8.060	105371.000	14637.010	604.000	105371.000
8.070	105517.000	14625.907	636.000	105517.000
8.080	105664.000	14648.135	626.000	105664.000
8.090	105810.000	14633.694	629.000	105810.000
8.100	105957.000	14653.586	601.000	105957.000
8.110	106103.000	14637.510	593.000	106103.000
8.120	106246.000	14536.257	627.000	106246.000
8.130	106390.000	14495.380	609.000	106390.000
8.140	106533.000	14436.766	603.000	106533.000
8.150	106677.000	14425.736	571.000	106677.000
8.160	106820.000	14388.015	567.000	106820.000
8.170	106962.000	14331.611	578.000	106962.000
8.180	107105.000	14322.128	563.000	107105.000
8.190	107249.000	14345.489	541.000	107249.000
8.200	107394.000	14391.842	521.000	107394.000
8.210	107540.000	14454.290	504.000	107540.000
8.220	107687.000	14528.003	492.000	107687.000
8.230	107835.000	14609.602	482.000	107835.000
8.240	107983.000	14666.721	489.000	107983.000
8.250	108133.000	14766.705	466.000	108133.000
8.260	108283.000	14836.693	463.000	108283.000
8.270	108433.000	14885.685	465.000	108433.000
8.280	108583.000	14919.980	464.000	108583.000
8.290	108733.000	14943.986	457.000	108733.000
8.300	108882.000	14930.790	461.000	108882.000
8.310	109029.000	14861.553	483.000	109029.000
8.320	109176.000	14813.087	474.000	109176.000
8.330	109322.000	14749.161	467.000	109322.000
8.340	109466.000	14644.413	479.000	109466.000
8.350	109608.000	14511.089	499.000	109608.000
8.360	109749.000	14387.762	507.000	109749.000
8.370	109888.000	14241.434	529.000	109888.000
8.380	110028.000	14169.003	511.000	110028.000
8.390	110166.000	14058.302	533.000	110166.000
8.400	110306.000	14040.812	511.000	110306.000
8.410	110445.000	13998.568	528.000	110445.000
8.420	110585.000	13998.998	533.000	110585.000
8.430	110726.000	14029.298	539.000	110726.000
8.440	110870.000	14140.509	514.000	110870.000
8.450	111014.000	14218.356	532.000	111014.000
8.460	111160.000	14332.849	535.000	111160.000
8.470	111309.000	14502.995	512.000	111309.000
8.480	111459.000	14652.096	511.000	111459.000
8.490	111610.000	14786.467	516.000	111610.000
8.500	111762.000	14910.527	517.000	111762.000
8.510	111916.000	15057.369	491.000	111916.000
8.520	112070.000	15160.158	482.000	112070.000
8.530	112224.000	15232.111	473.000	112224.000
8.540	112377.000	15252.478	472.000	112377.000
8.550	112531.000	15296.734	435.000	112531.000
8.560	112683.000	15267.714	428.000	112683.000
8.570	112834.000	15217.400	412.000	112834.000
8.580	112982.000	15092.180	424.000	112982.000
8.590	113129.000	14974.526	411.000	113129.000
8.600	113274.000	14832.168	405.000	113274.000
8.610	113418.000	14702.518	387.000	113418.000
8.620	113560.000	14551.762	388.000	113560.000
8.630	113701.000	14416.234	384.000	113701.000
8.640	113842.000	14321.364	370.000	113842.000
8.650	113982.000	14224.954	376.000	113982.000
8.660	114123.000	14187.468	365.000	114123.000
8.670	114263.000	14131.228	388.000	114263.000
8.680	114404.000	14121.859	399.000	114404.000
8.690	114545.000	14115.302	425.000	114545.000
8.700	114688.000	14170.711	428.000	114688.000
8.710	114832.000	14239.498	441.000	114832.000
8.720	114975.000	14257.648	493.000	114975.000
8.730	115120.000	14330.354	508.000	115120.000
8.740	115267.000	14441.248	504.000	115267.000
8.750	115414.000	14518.873	525.000	115414.000
8.760	115562.000	14603.211	534.000	115562.000
8.770	115711.000	14692.248	534.000	115711.000
8.780	115860.000	14754.574	542.000	115860.000
8.790	116009.000	14798.202	548.000	116009.000
8.800	116158.000	14828.741	547.000	116158.000
8.810	116308.000	14880.119	521.000	116308.000
8.820	116455.000	14826.083	549.000	116455.000
8.830	116602.000	14788.258	545.000	116602.000
8.840	116748.000	14731.781	541.000	116748.000
8.850	116893.000	14662.247	535.000	116893.000
8.860	117039.000	14643.573	496.000	117039.000
8.870	117183.000	14570.501	498.000	117183.000
8.880	117328.000	14549.351	468.000	117328.000
8.890	117474.000	14564.545	430.000	117474.000
8.900	117619.000	14545.182	428.000	117619.000
8.910	117765.000	14561.627	410.000	117765.000
8.920	117910.000	14543.139	424.000	117910.000
8.930	118056.000	14560.197	418.000	118056.000
8.940	118203.000	14602.138	405.000	118203.000
8.950	118350.000	14631.497	409.000	118350.000
8.960	118499.000	14712.048	385.000	118499.000
8.970	118648.000	14768.433	385.000	118648.000
8.980	118798.000	14837.903	377.000	118798.000
8.990	118947.000	14856.532	398.000	118947.000
9.000	119097.000	14899.573	393.000	119097.000
9.010	119246.000	14899.701	408.000	119246.000
9.020	119394.000	14869.791	426.000	119394.000
9.030	119540.000	14788.853	460.000	119540.000
9.040	119684.000	14672.197	494.000	119684.000
9.050	119828.000	14590.538	492.000	119828.000
9.060	119969.000	14443.377	525.000	119969.000
9.070	120110.000	14340.364	523.000	120110.000
9.080	120249.000	14208.255	543.000	120249.000
9.090	120387.000	14085.778	558.000	120387.000
9.100	120525.000	14000.045	559.000	120525.000
9.110	120662.000	13910.031	577.000	120662.000
9.120	120799.000	13847.022	591.000	120799.000
9.130	120937.000	13832.915	592.000	120937.000
9.140	121075.000	13823.041	610.000	121075.000
9.150	121214.000	13846.129	623.000	121214.000
9.160	121355.000	13922.290	621.000	121355.000
9.170	121497.000	14005.603	631.000	121497.000
9.180	121641.000	14123.922	632.000	121641.000
9.190	121786.000	14236.745	645.000	121786.000
9.200	121933.000	14375.722	644.000	121933.000
9.210	122082.000	14533.005	633.000	122082.000
9.220	122231.000	14643.104	647.000	122231.000
9.230	122382.000	14780.173	632.000	122382.000
9.240	122533.000	14876.121	632.000	122533.000
9.250	122684.000	14943.285	630.000	122684.000
9.260	122834.000	14960.299	638.000	122834.000
9.270	122984.000	14972.209	624.000	122984.000
9.280	123133.000	14950.547	613.000	123133.000
9.290	123282.000	14935.383	581.000	123282.000
9.300	123430.000	14894.768	557.000	123430.000
9.310	123576.000	14806.337	551.000	123576.000
9.320	123721.000	14714.436	537.000	123721.000
9.330	123865.000	14620.105	520.000	123865.000
9.340	124008.000	14524.074	505.000	124008.000
9.350	124151.000	14456.852	478.000	124151.000
9.360	124293.000	14379.796	469.000	124293.000
9.370	124435.000	14325.857	457.000	124435.000
9.380	124578.000	14318.100	433.000	124578.000
9.390	124722.000	14342.670	410.000	124722.000
9.400	124866.000	14359.869	411.000	124866.000
9.410	125010.000	14371.908	426.000	125010.000
9.420	125155.000	14410.336	432.000	125155.000
9.430	125300.000	14437.235	452.000	125300.000
9.440	125445.000	14456.065	477.000	125445.000
9.450	125591.000	14499.245	486.000	125591.000
9.460	125738.000	14559.472	486.000	125738.000
9.470	125883.000	14541.630	531.000	125883.000
9.480	126029.000	14559.141	541.000	126029.000
9.490	126175.000	14571.399	549.000	126175.000
9.500	126320.000	14549.979	571.000	126320.000
9.510	126466.000	14564.985	561.000	126466.000
9.520	126610.000	14515.490	588.000	126610.000
9.530	126755.000	14510.843	576.000	126755.000
9.540	126900.000	14507.590	564.000	126900.000
9.550	127045.000	14505.313	553.000	127045.000
9.560	127190.000	14503.719	543.000	127190.000
9.570	127334.000	14472.603	551.000	127334.000
9.580	127480.000	14510.822	516.000	127480.000
9.590	127625.000	14507.576	515.000	127625.000
9.600	127771.000	14535.303	497.000	127771.000
9.610	127918.000	14584.712	472.000	127918.000
9.620	128066.000	14649.298	446.000	128066.000
9.630	128215.000	14724.509	422.000	128215.000
9.640	128365.000	14807.156	400.000	128365.000
9.650	128517.000	14925.009	362.000	128517.000
9.660	128668.000	14977.507	369.000	128668.000
9.670	128820.000	15044.255	358.000	128820.000
9.680	128973.000	15120.978	336.000	128973.000
9.690	129126.000	15174.685	325.000	129126.000
9.700	129277.000	15152.279	349.000	129277.000
9.710	129428.000	15136.596	349.000	129428.000
9.720	129579.000	15125.617	335.000	129579.000
9.730	129728.000	15057.932	348.000	129728.000
9.740	129877.000	15010.552	336.000	129877.000
9.750	130023.000	14887.387	364.000	130023.000
9.760	130168.000	14771.171	374.000	130168.000
9.770	130313.000	14689.819	359.000	130313.000
9.780	130455.000	14542.874	389.000	130455.000
9.790	130596.000	14410.012	405.000	130596.000
9.800	130736.000	14287.008	419.000	130736.000
9.810	130876.000	14200.906	419.000	130876.000
9.820	131015.000	14110.634	436.000	131015.000
9.830	131154.000	14047.444	449.000	131154.000
9.840	131293.000	14003.211	466.000	131293.000
9.850	131433.000	14002.247	471.000	131433.000
9.860	131574.000	14031.573	477.000	131574.000
9.870	131716.000	14082.101	487.000	131716.000
9.880	131860.000	14177.471	484.000	131860.000
9.890	132006.000	14304.230	479.000	132006.000
9.900	132153.000	14422.961	489.000	132153.000
9.910	132301.000	14536.073	504.000	132301.000
9.920	132451.000	14675.251	501.000	132451.000
9.930	132600.000	14742.676	535.000	132600.000
9.940	132751.000	14849.873	528.000	132751.000
9.950	132902.000	14924.911	532.000	132902.000
9.960	133053.000	14977.438	533.000	133053.000
9.970	133204.000	15014.206	528.000	133204.000
9.980	133354.000	15009.944	531.000	133354.000
9.990	133503.000	14976.961	533.000	133503.000
10.000	133651.000	14923.873	530.000	133651.000
10.010	133798.000	14856.711	522.000	133798.000
10.020	133944.000	14779.698	510.000	133944.000
10.030	134088.000	14665.788	515.000	134088.000
10.040	134232.000	14586.052	493.000	134232.000
10.050	134375.000	14500.236	480.000	134375.000
10.060	134518.000	14440.165	459.000	134518.000
10.070	134660.000	14368.116	456.000	134660.000
10.080	134802.000	14317.681	449.000	134802.000
10.090	134945.000	14312.377	429.000	134945.000
10.100	135088.000	14308.664	425.000	135088.000
10.110	135232.000	14336.065	415.000	135232.000
10.120	135377.000	14385.245	408.000	135377.000
10.130	135522.000	14419.672	421.000	135522.000
10.140	135668.000	14473.770	427.000	135668.000
10.150	135814.000	14511.639	446.000	135814.000
10.160	135960.000	14538.147	470.000	135960.000
10.170	136106.000	14556.703	492.000	136106.000
10.180	136251.000	14539.692	528.000	136251.000
10.190	136396.000	14527.785	549.000	136396.000
10.200	136542.000	14549.449	544.000	136542.000
10.210	136686.000	14504.614	577.000	136686.000
10.220	136830.000	14473.230	590.000	136830.000
10.230	136972.000	14391.261	626.000	136972.000
10.240	137114.000	14333.883	636.000	137114.000
10.250	137254.000	14233.718	668.000	137254.000
10.260	137394.000	14163.603	675.000	137394.000
10.270	137534.000	14114.522	672.000	137534.000
10.280	137676.000	14140.165	634.000	137676.000
10.290	137815.000	14068.116	671.000	137815.000
10.300	137957.000	14107.681	640.000	137957.000
10.310	138100.000	14165.377	616.000	138100.000
10.320	138245.000	14265.764	582.000	138245.000
10.330	138390.000	14336.035	581.000	138390.000
10.340	138536.000	14415.224	577.000	138536.000
10.350	138684.000	14530.657	554.000	138684.000
10.360	138833.000	14641.460	538.000	138833.000
10.370	138983.000	14749.022	523.000	138983.000
10.380	139135.000	14884.315	489.000	139135.000
10.390	139287.000	14979.021	478.000	139287.000
10.400	139440.000	15075.315	457.000	139440.000
10.410	139593.000	15142.720	443.000	139593.000
10.420	139745.000	15159.904	446.000	139745.000
10.430	139896.000	15141.933	450.000	139896.000
10.440	140047.000	15129.353	433.000	140047.000
10.450	140195.000	15030.547	456.000	140195.000
10.460	140343.000	14961.383	441.000	140343.000
10.470	140488.000	14822.968	460.000	140488.000
10.480	140632.000	14696.078	460.000	140632.000
10.490	140773.000	14517.254	488.000	140773.000
10.500	140914.000	14392.078	478.000	140914.000
10.510	141053.000	14244.455	491.000	141053.000
10.520	141193.000	14171.118	469.000	141193.000
10.530	141331.000	14059.783	491.000	141331.000
10.540	141469.000	13981.848	503.000	141469.000
10.550	141608.000	13957.294	499.000	141608.000
10.560	141748.000	13970.105	495.000	141748.000
10.570	141888.000	13979.074	513.000	141888.000
10.580	142030.000	14045.352	510.000	142030.000
10.590	142173.000	14121.746	518.000	142173.000
10.600	142319.000	14265.222	498.000	142319.000
10.610	142466.000	14395.656	501.000	142466.000
10.620	142614.000	14516.959	512.000	142614.000
10.630	142766.000	14721.871	472.000	142766.000
10.640	142917.000	14835.310	493.000	142917.000
10.650	143069.000	14944.717	499.000	143069.000
10.660	143222.000	15051.302	492.000	143222.000
10.670	143374.000	15095.911	505.000	143374.000
10.680	143526.000	15127.138	504.000	143526.000
10.690	143677.000	15118.997	506.000	143677.000
10.700	143826.000	15053.298	521.000	143826.000
10.710	143975.000	15007.308	503.000	143975.000
10.720	144123.000	14945.116	486.000	144123.000
10.730	144268.000	14811.581	503.000	144268.000
10.740	144415.000	14778.107	450.000	144415.000
10.750	144558.000	14634.675	473.000	144558.000
10.760	144702.000	14564.272	445.000	144702.000
10.770	144845.000	14484.991	435.000	144845.000
10.780	144988.000	14429.493	420.000	144988.000
10.790	145131.000	14390.645	408.000	145131.000
10.800	145274.000	14363.452	403.000	145274.000
10.810	145418.000	14374.416	389.000	145418.000
10.820	145563.000	14412.091	374.000	145563.000
10.830	145710.000	14498.464	347.000	145710.000
10.840	145857.000	14558.925	352.000	145857.000
10.850	146005.000	14631.247	354.000	146005.000
10.860	146155.000	14741.873	337.000	146155.000
10.870	146305.000	14819.311	346.000	146305.000
10.880	146454.000	14843.518	379.000	146454.000
10.890	146604.000	14890.462	383.000	146604.000
10.900	146753.000	14893.324	405.000	146753.000
10.910	146901.000	14865.327	430.000	146901.000
10.920	147047.000	14785.729	469.000	147047.000
10.930	147192.000	14700.010	492.000	147192.000
10.940	147336.000	14610.007	506.000	147336.000
10.950	147479.000	14517.005	516.000	147479.000
10.960	147620.000	14391.903	543.000	147620.000
10.970	147760.000	14274.332	561.000	147760.000
10.980	147900.000	14192.033	560.000	147900.000
10.990	148040.000	14134.423	557.000	148040.000
11.000	148179.000	14064.096	574.000	148179.000
11.010	148319.000	14044.867	570.000	148319.000
11.020	148459.000	14031.407	578.000	148459.000
11.030	148600.000	14051.985	578.000	148600.000
11.040	148745.000	14186.389	526.000	148745.000
11.050	148887.000	14190.473	576.000	148887.000
11.060	149034.000	14343.331	532.000	149034.000
11.070	149182.000	14480.332	516.000	149182.000
11.080	149331.000	14606.232	512.000	149331.000
11.090	149484.000	14814.362	459.000	149484.000
11.100	149637.000	14960.054	451.000	149637.000
11.110	149791.000	15092.038	440.000	149791.000
11.120	149944.000	15154.426	456.000	149944.000
11.130	150098.000	15228.098	440.000	150098.000
11.140	150252.000	15279.669	421.000	150252.000
11.150	150404.000	15255.768	431.000	150404.000
11.160	150555.000	15209.038	429.000	150555.000
11.170	150705.000	15146.326	418.000	150705.000
11.180	150852.000	15012.429	436.000	150852.000
11.190	150998.000	14888.700	431.000	150998.000
11.200	151140.000	14682.090	467.000	151140.000
11.210	151282.000	14537.463	455.000	151282.000
11.220	151421.000	14346.224	477.000	151421.000
11.230	151559.000	14182.357	486.000	151559.000
11.240	151693.000	13947.650	546.000	151693.000
11.250	151828.000	13813.355	548.000	151828.000
11.260	151963.000	13719.348	551.000	151963.000
11.270	152097.000	13623.544	579.000	152097.000
11.280	152233.000	13616.481	576.000	152233.000
11.290	152370.000	13641.537	584.000	152370.000
11.300	152509.000	13719.076	585.000	152509.000
11.310	152649.000	13803.353	606.000	152649.000
11.320	152791.000	13922.347	618.000	152791.000
11.330	152935.000	14065.643	627.000	152935.000
11.340	153082.000	14255.950	615.000	153082.000
11.350	153230.000	14419.165	625.000	153230.000
11.360	153379.000	14563.416	639.000	153379.000
11.370	153531.000	14754.391	614.000	153531.000
11.380	153682.000	14858.074	633.000	153682.000
11.390	153834.000	14960.652	628.000	153834.000
11.400	153986.000	15032.456	621.000	153986.000
11.410	154138.000	15082.719	607.000	154138.000
11.420	154288.000	15057.903	616.000	154288.000
11.430	154439.000	15070.532	579.000	154439.000
11.440	154586.000	14959.373	604.000	154586.000
11.450	154732.000	14851.561	600.000	154732.000
11.460	154876.000	14716.093	600.000	154876.000
11.470	155019.000	14591.265	584.000	155019.000
11.480	155162.000	14503.885	548.000	155162.000
11.490	155305.000	14442.720	511.000	155305.000
11.500	155446.000	14339.904	514.000	155446.000
11.510	155589.000	14327.933	471.000	155589.000
11.520	155731.000	14289.553	468.000	155731.000
11.530	155875.000	14322.687	436.000	155875.000
11.540	156020.000	14375.881	414.000	156020.000
11.550	156166.000	14443.117	401.000	156166.000
11.560	156314.000	14550.182	378.000	156314.000
11.570	156463.000	14655.127	369.000	156463.000
11.580	156613.000	14758.589	365.000	156613.000
11.590	156765.000	14891.012	344.000	156765.000
11.600	156918.000	15013.709	330.000	156918.000
11.610	157069.000	15039.596	367.000	157069.000
11.620	157221.000	15087.717	367.000	157221.000
11.630	157372.000	15091.402	380.000	157372.000
11.640	157522.000	15063.981	392.000	157522.000
11.650	157670.000	14984.787	418.000	157670.000
11.660	157816.000	14869.351	444.000	157816.000
11.670	157960.000	14728.546	468.000	157960.000
11.680	158102.000	14569.982	490.000	158102.000
11.690	158242.000	14398.987	513.000	158242.000
11.700	158381.000	14249.291	522.000	158381.000
11.710	158518.000	14084.504	547.000	158518.000
11.720	158655.000	13969.153	551.000	158655.000
11.730	158793.000	13918.407	537.000	158793.000
11.740	158930.000	13852.885	556.000	158930.000
11.750	159068.000	13837.019	564.000	159068.000
11.760	159208.000	13885.914	554.000	159208.000
11.770	159351.000	14010.139	525.000	159351.000
11.780	159496.000	14157.098	511.000	159496.000
11.790	159642.000	14289.968	522.000	159642.000
11.800	159791.000	14472.978	507.000	159791.000
11.810	159943.000	14691.084	479.000	159943.000
11.820	160096.000	14873.759	475.000	160096.000
11.830	160253.000	15121.631	424.000	160253.000
11.840	160409.000	15265.142	432.000	160409.000
11.850	160566.000	15395.599	422.000	160566.000
11.860	160723.000	15486.920	410.000	160723.000
11.870	160880.000	15550.844	389.000	160880.000
11.880	161036.000	15565.591	373.000	161036.000
11.890	161188.000	15455.913	404.000	161188.000
11.900	161339.000	15349.139	396.000	161339.000
11.910	161487.000	15184.398	401.000	161487.000
11.920	161633.000	15009.078	395.000	161633.000
11.930	161774.000	14736.355	436.000	161774.000
11.940	161916.000	14575.448	398.000	161916.000
11.950	162054.000	14342.814	420.000	162054.000
11.960	162191.000	14149.970	424.000	162191.000
11.970	162327.000	13984.979	431.000	162327.000
11.980	162461.000	13809.485	466.000	162461.000
11.990	162597.000	13746.640	454.000	162597.000
12.000	162733.000	13702.648	466.000	162733.000
12.010	162870.000	13701.853	0.000	162870.000
12.020	163009.000	13761.297	0.000	163009.000
12.030	163148.000	13802.908	0.000	163148.000
12.040	163292.000	13982.036	0.000	163292.000
12.050	163438.000	14167.425	0.000	163438.000
12.060	163586.000	14357.198	0.000	163586.000
12.070	163735.000	14520.038	0.000	163735.000
12.080	163886.000	14694.027	0.000	163886.000
12.090	164038.000	14845.819	0.000	164038.000
12.100	164187.000	14862.073	0.000	164187.000
12.110	164336.000	14873.451	0.000	164336.000
12.120	164483.000	14821.416	0.000	164483.000
12.130	164628.000	14724.991	0.000	164628.000
12.140	164770.000	14567.494	0.000	164770.000
12.150	164908.000	14337.246	0.000	164908.000
12.160	165043.000	14086.072	0.000	165043.000
12.170	165176.000	13850.250	0.000	165176.000
12.180	165305.000	13565.175	0.000	165305.000
12.190	165431.000	13275.623	0.000	165431.000
12.200	165554.000	12982.936	0.000	165554.000
12.210	165676.000	12748.055	0.000	165676.000
12.220	165796.000	12523.639	0.000	165796.000
12.230	165918.000	12426.547	0.000	165918.000
12.240	166038.000	12298.583	0.000	166038.000
12.250	166159.000	12239.008	0.000	166159.000
12.260	166282.000	12257.306	0.000	166282.000
12.270	166407.000	12330.114	0.000	166407.000
12.280	166535.000	12471.080	0.000	166535.000
12.290	166662.000	12539.756	0.000	166662.000
12.300	166792.000	12677.829	0.000	166792.000
12.310	166924.000	12834.480	0.000	166924.000
12.320	167056.000	12944.136	0.000	167056.000
12.330	167188.000	13020.895	0.000	167188.000
12.340	167318.000	13014.627	0.000	167318.000
12.350	167448.000	13010.239	0.000	167448.000
12.360	167574.000	12887.167	0.000	167574.000
12.370	167697.000	12711.017	0.000	167697.000
12.380	167817.000	12497.712	0.000	167817.000
12.390	167932.000	12198.398	0.000	167932.000
12.400	168045.000	11928.879	0.000	168045.000
12.410	168153.000	11590.215	0.000	168153.000
12.420	168258.000	11263.151	0.000	168258.000
12.430	168361.000	10974.205	0.000	168361.000
12.440	168461.000	10681.944	0.000	168461.000
12.450	168560.000	10447.361	0.000	168560.000
12.460	168658.000	10253.152	0.000	168658.000
12.470	168756.000	10117.207	0.000	168756.000
12.480	168855.000	10052.045	0.000	168855.000
12.490	168955.000	10036.431	0.000	168955.000
12.500	169057.000	10085.502	0.000	169057.000
12.510	169162.000	10209.851	0.000	169162.000
12.520	169269.000	10356.896	0.000	169269.000
12.530	169377.000	10489.827	0.000	169377.000
12.540	169488.000	10672.879	0.000	169488.000
12.550	169601.000	10861.015	0.000	169601.000
12.560	169715.000	11022.711	0.000	169715.000
12.570	169828.000	11105.897	0.000	169828.000
12.580	169942.000	11194.128	0.000	169942.000
12.590	170054.000	11195.890	0.000	170054.000
12.600	170164.000	11137.123	0.000	170164.000
12.610	170271.000	11005.986	0.000	170271.000
12.620	170375.000	10824.190	0.000	170375.000
12.630	170475.000	10576.933	0.000	170475.000
12.640	170571.000	10283.853	0.000	170571.000
12.650	170664.000	9988.697	0.000	170664.000
12.660	170753.000	9662.088	0.000	170753.000
12.670	170839.000	9343.462	0.000	170839.000
12.680	170924.000	9090.423	0.000	170924.000
12.690	171007.000	8853.296	0.000	171007.000
12.700	171089.000	8657.307	0.000	171089.000
12.710	171171.000	8520.115	0.000	171171.000
12.720	171254.000	8454.081	0.000	171254.000
12.730	171338.000	8437.856	0.000	171338.000
12.740	171424.000	8486.499	0.000	171424.000
12.750	171512.000	8580.550	0.000	171512.000
12.760	171602.000	8706.385	0.000	171602.000
12.770	171695.000	8884.469	0.000	171695.000
12.780	171789.000	9039.129	0.000	171789.000
12.790	171884.000	9177.390	0.000	171884.000
12.800	171980.000	9304.173	0.000	171980.000
12.810	172075.000	9362.921	0.000	172075.000
12.820	172170.000	9404.045	0.000	172170.000
12.830	172263.000	9372.831	0.000	172263.000
12.840	172353.000	9260.982	0.000	172353.000
12.850	172440.000	9092.687	0.000	172440.000
12.860	172524.000	8884.881	0.000	172524.000
12.870	172604.000	8619.417	0.000	172604.000
12.880	172680.000	8313.592	0.000	172680.000
12.890	172751.000	7949.514	0.000	172751.000
12.900	172819.000	7604.660	0.000	172819.000
12.910	172883.000	7243.262	0.000	172883.000
12.920	172944.000	6900.283	0.000	172944.000
12.930	173004.000	6630.198	0.000	173004.000
12.940	173063.000	6411.139	0.000	173063.000
12.950	173122.000	6257.797	0.000	173122.000
12.960	173182.000	6180.458	0.000	173182.000
12.970	173243.000	6156.321	0.000	173243.000
12.980	173306.000	6199.424	0.000	173306.000
12.990	173371.000	6289.597	0.000	173371.000
13.000	173439.000	6442.718	0.000	173439.000
13.010	173509.000	6609.903	0.000	173509.000
13.020	173582.000	6816.932	0.000	173582.000
13.030	173655.000	6961.852	0.000	173655.000
13.040	173731.000	7153.297	0.000	173731.000
13.050	173807.000	7287.308	0.000	173807.000
13.060	173882.000	7351.115	0.000	173882.000
13.070	173956.000	7365.781	0.000	173956.000
13.080	174028.000	7316.047	0.000	174028.000
13.090	174097.000	7191.233	0.000	174097.000
13.100	174162.000	6983.863	0.000	174162.000
13.110	174224.000	6748.704	0.000	174224.000
13.120	174282.000	6464.093	0.000	174282.000
13.130	174337.000	6174.865	0.000	174337.000
13.140	174388.000	5852.405	0.000	174388.000
13.150	174437.000	5566.684	0.000	174437.000
13.160	174482.000	5246.679	0.000	174482.000
13.170	174526.000	4992.675	0.000	174526.000
13.180	174570.000	4814.873	0.000	174570.000
13.190	174614.000	4690.411	0.000	174614.000
13.200	174658.000	4603.288	0.000	174658.000
13.210	174704.000	4602.301	0.000	174704.000
13.220	174753.000	4691.611	0.000	174753.000
13.230	174804.000	4814.128	0.000	174804.000
13.240	174858.000	4989.889	0.000	174858.000
13.250	174913.000	5142.923	0.000	174913.000
13.260	174971.000	5340.046	0.000	174971.000
13.270	175030.000	5508.032	0.000	175030.000
13.280	175090.000	5655.622	0.000	175090.000
13.290	175151.000	5788.936	0.000	175151.000
13.300	175211.000	5852.255	0.000	175211.000
13.310	175270.000	5866.578	0.000	175270.000
13.320	175327.000	5816.605	0.000	175327.000
13.330	175381.000	5691.623	0.000	175381.000
13.340	175432.000	5514.136	0.000	175432.000
13.350	175480.000	5299.895	0.000	175480.000
13.360	175524.000	5029.927	0.000	175524.000
13.370	175564.000	4720.949	0.000	175564.000
13.380	175601.000	4414.664	0.000	175601.000
13.390	175636.000	4140.265	0.000	175636.000
13.400	175668.000	3858.185	0.000	175668.000
13.410	175698.000	3600.730	0.000	175698.000
13.420	175728.000	3420.511	0.000	175728.000
13.430	175758.000	3294.358	0.000	175758.000
13.440	175789.000	3236.050	0.000	175789.000
13.450	175822.000	3255.235	0.000	175822.000
13.460	175856.000	3298.665	0.000	175856.000
13.470	175893.000	3419.065	0.000	175893.000
13.480	175932.000	3563.346	0.000	175932.000
13.490	175974.000	3754.342	0.000	175974.000
13.500	176018.000	3948.039	0.000	176018.000
13.510	176064.000	4143.628	0.000	176064.000
13.520	176111.000	4310.539	0.000	176111.000
13.530	176158.000	4427.378	0.000	176158.000
13.540	176205.000	4509.164	0.000	176205.000
13.550	176250.000	4506.415	0.000	176250.000
13.560	176293.000	4444.490	0.000	176293.000
13.570	176334.000	4341.143	0.000	176334.000
13.580	176372.000	4178.800	0.000	176372.000
13.590	176406.000	3945.160	0.000	176406.000
13.600	176437.000	3691.612	0.000	176437.000
13.610	176464.000	3394.129	0.000	176464.000
13.620	176488.000	3095.890	0.000	176488.000
13.630	176509.000	2797.123	0.000	176509.000
13.640	176527.000	2497.986	0.000	176527.000
13.650	176544.000	2258.590	0.000	176544.000
13.660	176561.000	2091.013	0.000	176561.000
13.670	176577.000	1943.709	0.000	176577.000
13.680	176595.000	1900.596	0.000	176595.000
13.690	176613.000	1870.418	0.000	176613.000
13.700	176633.000	1909.292	0.000	176633.000
13.710	176655.000	1996.505	0.000	176655.000
13.720	176680.000	2147.553	0.000	176680.000
13.730	176707.000	2313.287	0.000	176707.000
13.740	176735.000	2459.301	0.000	176735.000
13.750	176765.000	2621.511	0.000	176765.000
13.760	176795.000	2735.058	0.000	176795.000
13.770	176825.000	2814.540	0.000	176825.000
13.780	176855.000	2870.178	0.000	176855.000
13.790	176883.000	2849.125	0.000	176883.000
13.800	176909.000	2774.387	0.000	176909.000
13.810	176932.000	2632.071	0.000	176932.000
13.820	176952.000	2442.450	0.000	176952.000
13.830	176968.000	2189.715	0.000	176968.000
13.840	176980.000	1892.800	0.000	176980.000
13.850	176989.000	1594.960	0.000	176989.000
13.860	176994.000	1266.472	0.000	176994.000
13.870	176996.000	946.531	0.000	176996.000
13.880	176996.000	662.571	0.000	176996.000
13.890	176995.000	433.800	0.000	176995.000
13.900	176992.000	213.660	0.000	176992.000
13.910	176989.000	59.562	0.000	176989.000
13.920	176986.000	-48.307	0.000	176986.000
13.930	176985.000	-63.815	0.000	176985.000
13.940	176985.000	-44.670	0.000	176985.000
13.950	176985.000	-31.269	0.000	176985.000
13.960	176990.000	128.112	0.000	176990.000
13.970	176997.000	299.678	0.000	176997.000
13.980	177005.000	449.775	0.000	177005.000
13.990	177015.000	614.842	0.000	177015.000
14.000	177026.000	760.390	0.000	177026.000
14.010	177037.000	862.273	0.000	177037.000
14.020	177048.000	933.591	0.000	177048.000
14.030	177057.000	923.514	0.000	177057.000
14.040	177064.000	856.460	0.000	177064.000
14.050	177069.000	749.522	0.000	177069.000
14.060	177070.000	554.665	0.000	177070.000
14.070	177070.000	388.266	0.000	177070.000
14.080	177066.000	151.786	0.000	177066.000
14.090	177057.000	-163.750	0.000	177057.000
14.100	177047.000	-414.625	0.000	177047.000
14.110	177033.000	-710.237	0.000	177033.000
14.120	177018.000	-947.166	0.000	177018.000
14.130	177003.000	-1113.016	0.000	177003.000
14.140	176987.000	-1259.111	0.000	176987.000
14.150	176971.000	-1361.378	0.000	176971.000
14.160	176957.000	-1372.965	0.000	176957.000
14.170	176945.000	-1321.075	0.000	176945.000
14.180	176935.000	-1224.753	0.000	176935.000
14.190	176928.000	-1067.327	0.000	176928.000
14.200	176923.000	-897.129	0.000	176923.000
14.210	176921.000	-687.990	0.000	176921.000
14.220	176921.000	-481.593	0.000	176921.000
14.230	176921.000	-337.115	0.000	176921.000
14.240	176924.000	-145.981	0.000	176924.000
14.250	176928.000	17.814	0.000	176928.000
14.260	176931.000	102.469	0.000	176931.000
14.270	176933.000	131.729	0.000	176933.000
14.280	176934.000	122.210	0.000	176934.000
14.290	176934.000	85.547	0.000	176934.000
14.300	176931.000	-30.117	0.000	176931.000
14.310	176924.000	-231.082	0.000	176924.000
14.320	176914.000	-461.757	0.000	176914.000
14.330	176902.000	-683.230	0.000	176902.000
14.340	176888.000	-898.261	0.000	176888.000
14.350	176873.000	-1078.783	0.000	176873.000
14.360	176855.000	-1295.148	0.000	176855.000
14.370	176837.000	-1446.604	0.000	176837.000
14.380	176818.000	-1582.622	0.000	176818.000
14.390	176800.000	-1647.836	0.000	176800.000
14.400	176784.000	-1633.485	0.000	176784.000
14.410	176769.000	-1593.440	0.000	176769.000
14.420	176756.000	-1505.408	0.000	176756.000
14.430	176746.000	-1353.785	0.000	176746.000
14.440	176738.000	-1187.650	0.000	176738.000
14.450	176734.000	-951.355	0.000	176734.000
14.460	176731.000	-755.948	0.000	176731.000
14.470	176730.000	-559.164	0.000	176730.000
14.480	176730.000	-391.415	0.000	176730.000
14.490	176730.000	-273.990	0.000	176730.000
14.500	176731.000	-161.793	0.000	176731.000
14.510	176732.000	-83.255	0.000	176732.000
14.520	176732.000	-58.279	0.000	176732.000
14.530	176731.000	-70.795	0.000	176731.000
14.540	176727.000	-169.557	0.000	176727.000
14.550	176720.000	-328.690	0.000	176720.000
14.560	176711.000	-500.083	0.000	176711.000
14.570	176700.000	-680.058	0.000	176700.000
14.580	176688.000	-836.041	0.000	176688.000
14.590	176673.000	-1035.228	0.000	176673.000
14.600	176658.000	-1174.660	0.000	176658.000
14.610	176642.000	-1302.262	0.000	176642.000
14.620	176626.000	-1391.583	0.000	176626.000
14.630	176611.000	-1424.108	0.000	176611.000
14.640	176598.000	-1386.876	0.000	176598.000
14.650	176586.000	-1330.813	0.000	176586.000
14.660	176577.000	-1201.569	0.000	176577.000
14.670	176570.000	-1051.098	0.000	176570.000
14.680	176566.000	-855.769	0.000	176566.000
14.690	176565.000	-629.038	0.000	176565.000
14.700	176565.000	-440.327	0.000	176565.000
14.710	176566.000	-278.229	0.000	176566.000
14.720	176569.000	-104.760	0.000	176569.000
14.730	176574.000	76.668	0.000	176574.000
14.740	176578.000	173.668	0.000	176578.000
14.750	176582.000	241.567	0.000	176582.000
14.760	176584.000	229.097	0.000	176584.000
14.770	176585.000	190.368	0.000	176585.000
14.780	176585.000	133.258	0.000	176585.000
14.790	176582.000	3.280	0.000	176582.000
14.800	176577.000	-147.704	0.000	176577.000
14.810	176569.000	-343.393	0.000	176569.000
14.820	176559.000	-540.375	0.000	176559.000
14.830	176548.000	-708.262	0.000	176548.000
14.840	176536.000	-855.784	0.000	176536.000
14.850	176524.000	-959.049	0.000	176524.000
14.860	176512.000	-1031.334	0.000	176512.000
14.870	176500.000	-1081.934	0.000	176500.000
14.880	176490.000	-1057.354	0.000	176490.000
14.890	176482.000	-980.148	0.000	176482.000
14.900	176476.000	-866.103	0.000	176476.000
14.910	176472.000	-726.272	0.000	176472.000
14.920	176471.000	-538.391	0.000	176471.000
14.930	176471.000	-376.873	0.000	176471.000
14.940	176473.000	-203.811	0.000	176473.000
14.950	176478.000	7.332	0.000	176478.000
14.960	176484.000	185.132	0.000	176484.000
14.970	176490.000	309.593	0.000	176490.000
14.980	176496.000	396.715	0.000	176496.000
14.990	176502.000	457.700	0.000	176502.000
15.000	176507.000	470.390	0.000	176507.000
