0.000	0.000	0.000	0.000	0.000
0.010	10.000	300.000	-169.000	10.000
0.020	11.000	240.000	-78.000	11.000
0.030	13.000	228.000	-50.000	13.000
0.040	13.000	159.600	-6.000	13.000
0.050	14.000	141.720	-11.000	14.000
0.060	14.000	99.204	-4.000	14.000
0.070	14.000	69.443	-11.000	14.000
0.080	14.000	48.610	-22.000	14.000
0.090	14.000	34.027	-33.000	14.000
0.100	12.000	-36.181	-8.000	12.000
0.110	11.000	-55.327	-19.000	11.000
0.120	8.000	-128.729	7.000	8.000
0.130	6.000	-150.110	-1.000	6.000
0.140	4.000	-165.077	-5.000	4.000
0.150	2.000	-175.554	-4.000	2.000
0.160	0.000	-182.888	2.000	0.000
0.170	-2.000	-188.021	10.000	-2.000
0.180	-4.000	-191.615	21.000	-4.000
0.190	-6.000	-194.131	33.000	-6.000
0.200	-8.000	-195.891	45.000	-8.000
0.210	-9.000	-167.124	41.000	-9.000
0.220	-10.000	-146.987	46.000	-10.000
0.230	-11.000	-132.891	56.000	-11.000
0.240	-12.000	-123.024	66.000	-12.000
0.250	-12.000	-86.116	59.000	-12.000
0.260	-12.000	-60.282	60.000	-12.000
0.270	-13.000	-72.197	81.000	-13.000
0.280	-13.000	-50.538	75.000	-13.000
0.290	-13.000	-35.377	72.000	-13.000
0.300	-13.000	-24.764	70.000	-13.000
0.310	-13.000	-17.335	68.000	-13.000
0.320	-13.000	-12.134	65.000	-13.000
0.330	-13.000	-8.494	61.000	-13.000
0.340	-13.000	-5.946	57.000	-13.000
0.350	-13.000	-4.162	51.000	-13.000
0.360	-13.000	-2.913	46.000	-13.000
0.370	-12.000	27.961	23.000	-12.000
0.380	-11.000	49.572	12.000	-11.000
0.390	-10.000	64.701	5.000	-10.000
0.400	-9.000	75.290	1.000	-9.000
0.410	-8.000	82.703	-2.000	-8.000
0.420	-6.000	117.892	-23.000	-6.000
0.430	-5.000	112.525	-16.000	-5.000
0.440	-3.000	138.767	-33.000	-3.000
0.450	-2.000	127.137	-26.000	-2.000
0.460	-1.000	118.996	-26.000	-1.000
0.470	1.000	143.297	-47.000	1.000
0.480	1.000	100.308	-26.000	1.000
0.490	2.000	100.216	-38.000	2.000
0.500	2.000	70.151	-31.000	2.000
0.510	2.000	49.106	140.000	2.000
0.520	2.000	34.374	249.000	2.000
0.530	2.000	24.062	325.000	2.000
0.540	2.000	16.843	388.000	2.000
0.550	0.000	-48.210	484.000	0.000
0.560	-1.000	-63.747	548.000	-1.000
0.570	-2.000	-74.623	626.000	-2.000
0.580	-2.000	-52.236	703.000	-2.000
0.590	-3.000	-66.565	825.000	-3.000
0.600	-3.000	-46.596	941.000	-3.000
0.610	-2.000	-2.617	1064.000	-2.000
0.620	2.000	118.168	1163.000	2.000
0.630	7.000	232.718	1295.000	7.000
0.640	13.000	342.902	1448.000	13.000
0.650	22.000	510.032	1579.000	22.000
0.660	33.000	687.022	1720.000	33.000
0.670	47.000	900.916	1850.000	47.000
0.680	63.000	1110.641	1992.000	63.000
0.690	82.000	1347.449	2120.000	82.000
0.700	104.000	1603.214	2241.000	104.000
0.710	129.000	1872.250	2355.000	129.000
0.720	158.000	2180.575	2445.000	158.000
0.730	190.000	2486.402	2539.000	190.000
0.740	226.000	2820.482	2613.000	226.000
0.750	266.000	3174.337	2674.000	266.000
0.760	309.000	3512.036	2743.000	309.000
0.770	357.000	3898.425	2775.000	357.000
0.780	408.000	4258.898	2821.000	408.000
0.790	464.000	4661.228	2833.000	464.000
0.800	522.000	5002.860	2878.000	522.000
0.810	586.000	5422.002	2862.000	586.000
0.820	652.000	5775.401	2884.000	652.000
0.830	721.000	6112.781	2900.000	721.000
0.840	795.000	6498.947	2874.000	795.000
0.850	873.000	6889.263	2844.000	873.000
0.860	953.000	7222.484	2845.000	953.000
0.870	1038.000	7605.739	2805.000	1038.000
0.880	1125.000	7934.017	2795.000	1125.000
0.890	1215.000	8253.812	2780.000	1215.000
0.900	1309.000	8597.668	2743.000	1309.000
0.910	1407.000	8958.368	2696.000	1407.000
0.920	1508.000	9300.858	2664.000	1508.000
0.930	1612.000	9630.600	2637.000	1612.000
0.940	1720.000	9981.420	2596.000	1720.000
0.950	1831.000	10316.994	2567.000	1831.000
0.960	1943.000	10581.896	2577.000	1943.000
0.970	2061.000	10947.327	2517.000	2061.000
0.980	2182.000	11293.129	2480.000	2182.000
0.990	2305.000	11595.190	2472.000	2305.000
1.000	2429.000	11836.633	2493.000	2429.000
1.010	2558.000	12155.643	2284.000	2558.000
1.020	2688.000	12408.950	2178.000	2688.000
1.030	2821.000	12676.265	2090.000	2821.000
1.040	2957.000	12953.386	2012.000	2957.000
1.050	3094.000	13177.370	1970.000	3094.000
1.060	3236.000	13484.159	1869.000	3236.000
1.070	3380.000	13758.911	1788.000	3380.000
1.080	3528.000	14071.238	1677.000	3528.000
1.090	3676.000	14289.867	1614.000	3676.000
1.100	3830.000	14622.907	1461.000	3830.000
1.110	3984.000	14856.035	1367.000	3984.000
1.120	4139.000	15049.224	1273.000	4139.000
1.130	4296.000	15244.457	1154.000	4296.000
1.140	4456.000	15471.120	1002.000	4456.000
1.150	4615.000	15599.784	901.000	4615.000
1.160	4776.000	15749.849	766.000	4776.000
1.170	4937.000	15854.894	648.000	4937.000
1.180	5098.000	15928.426	537.000	5098.000
1.190	5260.000	16009.898	410.000	5260.000
1.200	5422.000	16066.929	295.000	5422.000
1.210	5582.000	16046.850	221.000	5582.000
1.220	5742.000	16032.795	132.000	5742.000
1.230	5902.000	16022.957	39.000	5902.000
1.240	6060.000	15956.070	-17.000	6060.000
1.250	6216.000	15849.249	-54.000	6216.000
1.260	6372.000	15774.474	-113.000	6372.000
1.270	6527.000	15692.132	-158.000	6527.000
1.280	6679.000	15544.492	-157.000	6679.000
1.290	6830.000	15411.145	-166.000	6830.000
1.300	6979.000	15257.801	-156.000	6979.000
1.310	7127.000	15120.461	-150.000	7127.000
1.320	7272.000	14934.323	-106.000	7272.000
1.330	7416.000	14774.026	-74.000	7416.000
1.340	7559.000	14631.818	-42.000	7559.000
1.350	7699.000	14442.273	30.000	7699.000
1.360	7837.000	14249.591	106.000	7837.000
1.370	7974.000	14084.714	171.000	7974.000
1.380	8110.000	13939.300	234.000	8110.000
1.390	8245.000	13807.510	303.000	8245.000
1.400	8379.000	13685.257	378.000	8379.000
1.410	8513.000	13599.680	442.000	8513.000
1.420	8648.000	13569.776	489.000	8648.000
1.430	8781.000	13488.843	582.000	8781.000
1.440	8917.000	13522.190	612.000	8917.000
1.450	9053.000	13545.533	666.000	9053.000
1.460	9188.000	13531.873	749.000	9188.000
1.470	9327.000	13642.311	755.000	9327.000
1.480	9467.000	13749.618	780.000	9467.000
1.490	9608.000	13854.732	811.000	9608.000
1.500	9751.000	13988.313	823.000	9751.000
1.510	9896.000	14141.819	823.000	9896.000
1.520	10042.000	14279.273	829.000	10042.000
1.530	10188.000	14375.491	849.000	10188.000
1.540	10336.000	14502.844	833.000	10336.000
1.550	10484.000	14591.991	829.000	10484.000
1.560	10633.000	14684.394	806.000	10633.000
1.570	10782.000	14749.075	786.000	10782.000
1.580	10932.000	14824.353	746.000	10932.000
1.590	11082.000	14877.047	711.000	11082.000
1.600	11232.000	14913.933	674.000	11232.000
1.610	11382.000	14939.753	636.000	11382.000
1.620	11531.000	14927.827	611.000	11531.000
1.630	11680.000	14919.479	574.000	11680.000
1.640	11829.000	14913.635	532.000	11829.000
1.650	11978.000	14909.545	490.000	11978.000
1.660	12126.000	14876.681	467.000	12126.000
1.670	12274.000	14853.677	436.000	12274.000
1.680	12422.000	14837.574	405.000	12422.000
1.690	12570.000	14826.302	377.000	12570.000
1.700	12717.000	14788.411	370.000	12717.000
1.710	12865.000	14791.888	341.000	12865.000
1.720	13012.000	14764.321	339.000	13012.000
1.730	13160.000	14775.025	317.000	13160.000
1.740	13308.000	14782.518	306.000	13308.000
1.750	13455.000	14757.762	319.000	13455.000
1.760	13602.000	14740.434	325.000	13602.000
1.770	13749.000	14728.304	328.000	13749.000
1.780	13895.000	14689.812	347.000	13895.000
1.790	14041.000	14662.869	356.000	14041.000
1.800	14187.000	14644.008	361.000	14187.000
1.810	14333.000	14630.806	365.000	14333.000
1.820	14479.000	14621.564	369.000	14479.000
1.830	14624.000	14585.095	391.000	14624.000
1.840	14770.000	14589.566	387.000	14770.000
1.850	14915.000	14562.696	406.000	14915.000
1.860	15060.000	14543.888	418.000	15060.000
1.870	15204.000	14500.721	444.000	15204.000
1.880	15349.000	14500.505	441.000	15349.000
1.890	15493.000	14470.353	461.000	15493.000
1.900	15638.000	14479.247	457.000	15638.000
1.910	15784.000	14515.473	443.000	15784.000
1.920	15930.000	14540.831	444.000	15930.000
1.930	16076.000	14558.582	453.000	16076.000
1.940	16223.000	14601.007	446.000	16223.000
1.950	16370.000	14630.705	450.000	16370.000
1.960	16518.000	14681.494	440.000	16518.000
1.970	16667.000	14747.046	424.000	16667.000
1.980	16816.000	14792.932	422.000	16816.000
1.990	16964.000	14795.052	440.000	16964.000
2.000	17114.000	14856.537	413.000	17114.000
2.010	17262.000	14839.576	433.000	17262.000
2.020	17410.000	14827.703	437.000	17410.000
2.030	17559.000	14849.392	414.000	17559.000
2.040	17706.000	14804.574	431.000	17706.000
2.050	17852.000	14743.202	445.000	17852.000
2.060	17998.000	14700.241	440.000	17998.000
2.070	18142.000	14610.169	462.000	18142.000
2.080	18285.000	14517.118	477.000	18285.000
2.090	18427.000	14421.983	490.000	18427.000
2.100	18568.000	14325.388	505.000	18568.000
2.110	18708.000	14227.772	523.000	18708.000
2.120	18847.000	14129.440	545.000	18847.000
2.130	18986.000	14060.608	555.000	18986.000
2.140	19124.000	13982.426	581.000	19124.000
2.150	19264.000	13987.698	566.000	19264.000
2.160	19404.000	13991.389	574.000	19404.000
2.170	19546.000	14053.972	561.000	19546.000
2.180	19689.000	14127.780	561.000	19689.000
2.190	19834.000	14239.446	551.000	19834.000
2.200	19981.000	14377.612	538.000	19981.000
2.210	20129.000	14504.329	539.000	20129.000
2.220	20279.000	14653.030	528.000	20279.000
2.230	20430.000	14787.121	523.000	20430.000
2.240	20581.000	14880.985	533.000	20581.000
2.250	20734.000	15006.689	509.000	20734.000
2.260	20886.000	15064.683	514.000	20886.000
2.270	21039.000	15135.278	492.000	21039.000
2.280	21191.000	15154.694	487.000	21191.000
2.290	21343.000	15168.286	466.000	21343.000
2.300	21494.000	15147.800	452.000	21494.000
2.310	21644.000	15103.460	438.000	21644.000
2.320	21793.000	15042.422	422.000	21793.000
2.330	21941.000	14969.695	405.000	21941.000
2.340	22087.000	14858.787	406.000	22087.000
2.350	22231.000	14721.151	416.000	22231.000
2.360	22373.000	14564.806	431.000	22373.000
2.370	22517.000	14515.364	384.000	22517.000
2.380	22660.000	14450.755	369.000	22660.000
2.390	22802.000	14375.528	375.000	22802.000
2.400	22945.000	14352.870	362.000	22945.000
2.410	23086.000	14277.009	397.000	23086.000
2.420	23228.000	14253.906	405.000	23228.000
2.430	23370.000	14237.734	421.000	23370.000
2.440	23515.000	14316.414	394.000	23515.000
2.450	23656.000	14251.490	470.000	23656.000
2.460	23799.000	14266.043	486.000	23799.000
2.470	23944.000	14336.230	476.000	23944.000
2.480	24088.000	14355.361	507.000	24088.000
2.490	24234.000	14428.753	503.000	24234.000
2.500	24378.000	14420.127	550.000	24378.000
2.510	24523.000	14444.089	565.000	24523.000
2.520	24668.000	14460.862	579.000	24668.000
2.530	24813.000	14472.604	589.000	24813.000
2.540	24958.000	14480.822	597.000	24958.000
2.550	25101.000	14426.576	634.000	25101.000
2.560	25245.000	14418.603	630.000	25245.000
2.570	25388.000	14383.022	640.000	25388.000
2.580	25531.000	14358.115	640.000	25531.000
2.590	25674.000	14340.681	635.000	25674.000
2.600	25818.000	14358.477	612.000	25818.000
2.610	25962.000	14370.934	602.000	25962.000
2.620	26106.000	14379.654	598.000	26106.000
2.630	26251.000	14415.757	581.000	26251.000
2.640	26397.000	14471.030	560.000	26397.000
2.650	26543.000	14509.721	555.000	26543.000
2.660	26690.000	14566.805	540.000	26690.000
2.670	26838.000	14636.763	520.000	26838.000
2.680	26987.000	14715.734	498.000	26987.000
2.690	27137.000	14801.014	475.000	27137.000
2.700	27287.000	14860.710	466.000	27287.000
2.710	27439.000	14962.497	428.000	27439.000
2.720	27590.000	15003.748	426.000	27590.000
2.730	27741.000	15032.623	420.000	27741.000
2.740	27892.000	15052.836	408.000	27892.000
2.750	28042.000	15036.986	408.000	28042.000
2.760	28192.000	15025.890	393.000	28192.000
2.770	28339.000	14928.123	421.000	28339.000
2.780	28486.000	14859.686	413.000	28486.000
2.790	28631.000	14751.780	424.000	28631.000
2.800	28775.000	14646.246	427.000	28775.000
2.810	28917.000	14512.372	445.000	28917.000
2.820	29058.000	14388.661	455.000	29058.000
2.830	29198.000	14272.062	466.000	29198.000
2.840	29337.000	14160.444	481.000	29337.000
2.850	29476.000	14082.311	487.000	29476.000
2.860	29614.000	13997.617	511.000	29614.000
2.870	29752.000	13938.332	531.000	29752.000
2.880	29891.000	13926.833	537.000	29891.000
2.890	30031.000	13948.783	542.000	30031.000
2.900	30172.000	13994.148	551.000	30172.000
2.910	30314.000	14055.904	564.000	30314.000
2.920	30458.000	14159.132	563.000	30458.000
2.930	30605.000	14321.393	539.000	30605.000
2.940	30753.000	14464.975	540.000	30753.000
2.950	30902.000	14595.482	549.000	30902.000
2.960	31052.000	14716.838	556.000	31052.000
2.970	31203.000	14831.786	555.000	31203.000
2.980	31355.000	14942.250	544.000	31355.000
2.990	31507.000	15019.575	540.000	31507.000
3.000	31658.000	15043.703	549.000	31658.000
3.010	31809.000	15060.592	539.000	31809.000
3.020	31960.000	15072.414	516.000	31960.000
3.030	32110.000	15050.690	500.000	32110.000
3.040	32259.000	15005.483	486.000	32259.000
3.050	32407.000	14943.838	471.000	32407.000
3.060	32553.000	14840.687	472.000	32553.000
3.070	32699.000	14768.481	447.000	32699.000
3.080	32844.000	14687.936	431.000	32844.000
3.090	32989.000	14631.556	405.000	32989.000
3.100	33132.000	14532.089	415.000	33132.000
3.110	33276.000	14492.462	392.000	33276.000
3.120	33420.000	14464.724	378.000	33420.000
3.130	33564.000	14445.306	374.000	33564.000
3.140	33708.000	14431.715	378.000	33708.000
3.150	33853.000	14452.200	371.000	33853.000
3.160	33999.000	14496.540	364.000	33999.000
3.170	34145.000	14527.578	375.000	34145.000
3.180	34292.000	14579.305	377.000	34292.000
3.190	34439.000	14615.513	393.000	34439.000
3.200	34586.000	14640.859	412.000	34586.000
3.210	34733.000	14658.601	431.000	34733.000
3.220	34879.000	14641.021	462.000	34879.000
3.230	35025.000	14628.715	478.000	35025.000
3.240	35170.000	14590.100	502.000	35170.000
3.250	35314.000	14533.070	526.000	35314.000
3.260	35458.000	14493.149	531.000	35458.000
3.270	35601.000	14435.204	545.000	35601.000
3.280	35745.000	14424.643	530.000	35745.000
3.290	35887.000	14357.250	554.000	35887.000
3.300	36029.000	14310.075	563.000	36029.000
3.310	36171.000	14277.053	565.000	36171.000
3.320	36313.000	14253.937	568.000	36313.000
3.330	36455.000	14237.756	572.000	36455.000
3.340	36598.000	14256.429	563.000	36598.000
3.350	36743.000	14329.500	533.000	36743.000
3.360	36888.000	14380.650	532.000	36888.000
3.370	37035.000	14476.455	510.000	37035.000
3.380	37183.000	14573.519	497.000	37183.000
3.390	37333.000	14701.463	471.000	37333.000
3.400	37483.000	14791.024	471.000	37483.000
3.410	37636.000	14943.717	429.000	37636.000
3.420	37789.000	15050.602	417.000	37789.000
3.430	37942.000	15125.421	414.000	37942.000
3.440	38095.000	15177.795	409.000	38095.000
3.450	38248.000	15214.456	398.000	38248.000
3.460	38401.000	15240.119	378.000	38401.000
3.470	38552.000	15198.084	386.000	38552.000
3.480	38703.000	15168.659	367.000	38703.000
3.490	38837.000	14638.061	622.000	38837.000
3.500	38984.000	14656.643	470.000	38984.000
3.510	39129.000	14609.650	406.000	39129.000
3.520	39272.000	14516.755	392.000	39272.000
3.530	39413.000	14391.728	408.000	39413.000
3.540	39552.000	14244.210	442.000	39552.000
3.550	39690.000	14110.947	469.000	39690.000
3.560	39827.000	13987.663	498.000	39827.000
3.570	39964.000	13901.364	516.000	39964.000
3.580	40101.000	13840.955	534.000	40101.000
3.590	40239.000	13828.668	542.000	40239.000
3.600	40377.000	13820.068	568.000	40377.000
3.610	40518.000	13904.047	555.000	40518.000
3.620	40659.000	13962.833	580.000	40659.000
3.630	40803.000	14093.983	572.000	40803.000
3.640	40948.000	14215.788	584.000	40948.000
3.650	41095.000	14361.052	586.000	41095.000
3.660	41242.000	14462.736	614.000	41242.000
3.670	41392.000	14623.915	596.000	41392.000
3.680	41542.000	14736.741	603.000	41542.000
3.690	41693.000	14845.719	599.000	41693.000
3.700	41845.000	14952.003	582.000	41845.000
3.710	41997.000	15026.402	571.000	41997.000
3.720	42147.000	15018.481	590.000	42147.000
3.730	42297.000	15012.937	580.000	42297.000
3.740	42446.000	14979.056	569.000	42446.000
3.750	42593.000	14895.339	572.000	42593.000
3.760	42739.000	14806.737	561.000	42739.000
3.770	42884.000	14714.716	543.000	42884.000
3.780	43028.000	14620.301	526.000	43028.000
3.790	43171.000	14524.211	511.000	43171.000
3.800	43314.000	14456.948	486.000	43314.000
3.810	43457.000	14409.863	462.000	43457.000
3.820	43599.000	14346.904	463.000	43599.000
3.830	43743.000	14362.833	427.000	43743.000
3.840	43886.000	14343.983	434.000	43886.000
3.850	44032.000	14420.788	395.000	44032.000
3.860	44177.000	14444.552	410.000	44177.000
3.870	44324.000	14521.186	397.000	44324.000
3.880	44471.000	14574.830	408.000	44471.000
3.890	44619.000	14642.381	412.000	44619.000
3.900	44768.000	14719.667	409.000	44768.000
3.910	44916.000	14743.767	436.000	44916.000
3.920	45065.000	14790.637	438.000	45065.000
3.930	45213.000	14793.446	458.000	45213.000
3.940	45361.000	14795.412	465.000	45361.000
3.950	45510.000	14826.788	447.000	45510.000
3.960	45654.000	14698.752	517.000	45654.000
3.970	45799.000	14639.126	519.000	45799.000
3.980	45942.000	14537.388	539.000	45942.000
3.990	46085.000	14466.172	534.000	46085.000
4.000	46228.000	14416.320	520.000	46228.000
4.010	46368.000	14291.424	556.000	46368.000
4.020	46508.000	14203.997	565.000	46508.000
4.030	46649.000	14172.798	548.000	46649.000
4.040	46790.000	14150.959	542.000	46790.000
4.050	46930.000	14105.671	564.000	46930.000
4.060	47073.000	14163.970	531.000	47073.000
4.070	47217.000	14234.779	515.000	47217.000
4.080	47361.000	14284.345	526.000	47361.000
4.090	47507.000	14379.042	516.000	47507.000
4.100	47655.000	14505.329	497.000	47655.000
4.110	47805.000	14653.730	474.000	47805.000
4.120	47957.000	14817.611	447.000	47957.000
4.130	48110.000	14962.328	434.000	48110.000
4.140	48265.000	15123.630	405.000	48265.000
4.150	48419.000	15206.541	415.000	48419.000
4.160	48576.000	15354.578	367.000	48576.000
4.170	48730.000	15368.205	389.000	48730.000
4.180	48883.000	15347.743	400.000	48883.000
4.190	49036.000	15333.420	381.000	49036.000
4.200	49186.000	15233.394	396.000	49186.000
4.210	49335.000	15133.376	387.000	49335.000
4.220	49482.000	15003.363	384.000	49482.000
4.230	49627.000	14852.354	384.000	49627.000
4.240	49771.000	14716.648	370.000	49771.000
4.250	49912.000	14531.654	390.000	49912.000
4.260	50053.000	14402.158	378.000	50053.000
4.270	50192.000	14251.510	394.000	50192.000
4.280	50329.000	14086.057	428.000	50329.000
4.290	50467.000	14000.240	425.000	50467.000
4.300	50606.000	13970.168	415.000	50606.000
4.310	50744.000	13919.118	445.000	50744.000
4.320	50883.000	13913.382	463.000	50883.000
4.330	51023.000	13939.368	481.000	51023.000
4.340	51164.000	13987.557	503.000	51164.000
4.350	51308.000	14111.290	493.000	51308.000
4.360	51453.000	14227.903	507.000	51453.000
4.370	51601.000	14399.532	495.000	51601.000
4.380	51751.000	14579.673	488.000	51751.000
4.390	51901.000	14705.771	514.000	51901.000
4.400	52053.000	14854.040	512.000	52053.000
4.410	52205.000	14957.828	524.000	52205.000
4.420	52358.000	15060.479	517.000	52358.000
4.430	52511.000	15132.336	511.000	52511.000
4.440	52662.000	15122.635	532.000	52662.000
4.450	52813.000	15115.844	523.000	52813.000
4.460	52963.000	15081.091	512.000	52963.000
4.470	53112.000	15026.764	496.000	53112.000
4.480	53258.000	14898.735	512.000	53258.000
4.490	53405.000	14839.114	470.000	53405.000
4.500	53550.000	14737.380	459.000	53550.000
4.510	53694.000	14636.166	446.000	53694.000
4.520	53837.000	14535.316	438.000	53837.000
4.530	53979.000	14434.721	436.000	53979.000
4.540	54121.000	14364.305	425.000	54121.000
4.550	54264.000	14345.013	400.000	54264.000
4.560	54406.000	14301.509	409.000	54406.000
4.570	54550.000	14331.057	387.000	54550.000
4.580	54695.000	14381.740	374.000	54695.000
4.590	54839.000	14387.218	403.000	54839.000
4.600	54986.000	14481.052	383.000	54986.000
4.610	55133.000	14546.737	394.000	55133.000
4.620	55281.000	14622.716	401.000	55281.000
4.630	55427.000	14615.901	454.000	55427.000
4.640	55574.000	14641.131	471.000	55574.000
4.650	55719.000	14598.791	518.000	55719.000
4.660	55864.000	14569.154	539.000	55864.000
4.670	56007.000	14488.408	579.000	56007.000
4.680	56150.000	14431.885	589.000	56150.000
4.690	56292.000	14362.320	603.000	56292.000
4.700	56433.000	14283.624	618.000	56433.000
4.710	56573.000	14198.537	635.000	56573.000
4.720	56712.000	14108.976	654.000	56712.000
4.730	56851.000	14046.283	658.000	56851.000
4.740	56989.000	13972.398	677.000	56989.000
4.750	57127.000	13920.679	688.000	57127.000
4.760	57264.000	13854.475	716.000	57264.000
4.770	57403.000	13868.133	702.000	57403.000
4.780	57543.000	13907.693	692.000	57543.000
4.790	57683.000	13935.385	704.000	57683.000
4.800	57826.000	14044.769	678.000	57826.000
4.810	57970.000	14151.339	670.000	57970.000
4.820	58116.000	14285.937	655.000	58116.000
4.830	58264.000	14440.156	635.000	58264.000
4.840	58413.000	14578.109	628.000	58413.000
4.850	58564.000	14734.676	605.000	58564.000
4.860	58715.000	14844.273	605.000	58715.000
4.870	58867.000	14950.991	591.000	58867.000
4.880	59020.000	15055.694	565.000	59020.000
4.890	59173.000	15128.986	544.000	59173.000
4.900	59326.000	15180.290	521.000	59326.000
4.910	59479.000	15216.203	491.000	59479.000
4.920	59630.000	15181.342	489.000	59630.000
4.930	59780.000	15126.939	477.000	59780.000
4.940	59929.000	15058.858	458.000	59929.000
4.950	60075.000	14921.200	470.000	60075.000
4.960	60221.000	14824.840	442.000	60221.000
4.970	60364.000	14667.388	453.000	60364.000
4.980	60505.000	14497.172	465.000	60505.000
4.990	60646.000	14378.020	448.000	60646.000
5.000	60786.000	14264.614	442.000	60786.000
5.010	60926.000	14185.230	432.000	60926.000
5.020	61065.000	14099.661	445.000	61065.000
5.030	61204.000	14039.763	458.000	61204.000
5.040	61344.000	14027.834	459.000	61344.000
5.050	61486.000	14079.484	444.000	61486.000
5.060	61628.000	14115.639	462.000	61628.000
5.070	61772.000	14200.947	463.000	61772.000
5.080	61916.000	14260.663	492.000	61916.000
5.090	62062.000	14362.464	498.000	62062.000
5.100	62209.000	14463.725	508.000	62209.000
5.110	62358.000	14594.607	501.000	62358.000
5.120	62508.000	14716.225	500.000	62508.000
5.130	62659.000	14831.358	497.000	62659.000
5.140	62810.000	14911.950	504.000	62810.000
5.150	62960.000	14938.365	527.000	62960.000
5.160	63111.000	14986.856	514.000	63111.000
5.170	63261.000	14990.799	515.000	63261.000
5.180	63411.000	14993.559	500.000	63411.000
5.190	63559.000	14935.491	509.000	63559.000
5.200	63707.000	14894.844	492.000	63707.000
5.210	63854.000	14836.391	479.000	63854.000
5.220	64001.000	14795.474	451.000	64001.000
5.230	64146.000	14706.832	455.000	64146.000
5.240	64292.000	14674.782	422.000	64292.000
5.250	64437.000	14622.347	411.000	64437.000
5.260	64583.000	14615.643	381.000	64583.000
5.270	64729.000	14610.950	364.000	64729.000
5.280	64876.000	14637.665	340.000	64876.000
5.290	65023.000	14656.366	334.000	65023.000
5.300	65170.000	14669.456	337.000	65170.000
5.310	65319.000	14738.619	312.000	65319.000
5.320	65467.000	14757.033	328.000	65467.000
5.330	65617.000	14829.923	308.000	65617.000
5.340	65767.000	14880.946	308.000	65767.000
5.350	65917.000	14916.662	315.000	65917.000
5.360	66067.000	14941.664	322.000	66067.000
5.370	66217.000	14959.165	326.000	66217.000
5.380	66365.000	14911.415	360.000	66365.000
5.390	66513.000	14877.991	368.000	66513.000
5.400	66659.000	14794.593	397.000	66659.000
5.410	66804.000	14706.215	416.000	66804.000
5.420	66946.000	14554.351	462.000	66946.000
5.430	67089.000	14478.046	452.000	67089.000
5.440	67229.000	14334.632	488.000	67229.000
5.450	67368.000	14204.242	512.000	67368.000
5.460	67507.000	14112.970	517.000	67507.000
5.470	67646.000	14049.079	519.000	67646.000
5.480	67785.000	14004.355	526.000	67785.000
5.490	67925.000	14003.049	524.000	67925.000
5.500	68064.000	13972.134	557.000	68064.000
5.510	68205.000	14010.494	557.000	68205.000
5.520	68348.000	14097.346	545.000	68348.000
5.530	68491.000	14158.142	566.000	68491.000
5.540	68637.000	14290.699	549.000	68637.000
5.550	68784.000	14413.490	550.000	68784.000
5.560	68933.000	14559.443	539.000	68933.000
5.570	69083.000	14691.610	538.000	69083.000
5.580	69236.000	14874.127	502.000	69236.000
5.590	69388.000	14971.889	514.000	69388.000
5.600	69541.000	15070.322	507.000	69541.000
5.610	69693.000	15109.226	517.000	69693.000
5.620	69845.000	15136.458	510.000	69845.000
5.630	69996.000	15125.521	505.000	69996.000
5.640	70146.000	15087.864	498.000	70146.000
5.650	70294.000	15001.505	501.000	70294.000
5.660	70441.000	14911.054	490.000	70441.000
5.670	70586.000	14787.737	489.000	70586.000
5.680	70729.000	14641.416	494.000	70729.000
5.690	70871.000	14508.991	487.000	70871.000
5.700	71013.000	14416.294	462.000	71013.000
5.710	71152.000	14261.406	487.000	71152.000
5.720	71292.000	14182.984	471.000	71292.000
5.730	71430.000	14068.089	496.000	71430.000
5.740	71568.000	13987.662	509.000	71568.000
5.750	71706.000	13931.364	523.000	71706.000
5.760	71844.000	13891.954	544.000	71844.000
5.770	71984.000	13924.368	537.000	71984.000
5.780	72124.000	13947.058	558.000	72124.000
5.790	72266.000	14022.940	559.000	72266.000
5.800	72409.000	14106.058	572.000	72409.000
5.810	72554.000	14224.241	572.000	72554.000
5.820	72699.000	14306.969	599.000	72699.000
5.830	72846.000	14424.878	600.000	72846.000
5.840	72994.000	14537.415	604.000	72994.000
5.850	73142.000	14616.190	620.000	73142.000
5.860	73291.000	14701.333	618.000	73291.000
5.870	73440.000	14760.933	620.000	73440.000
5.880	73589.000	14802.653	618.000	73589.000
5.890	73736.000	14771.857	643.000	73736.000
5.900	73884.000	14780.300	622.000	73884.000
5.910	74031.000	14756.210	612.000	74031.000
5.920	74176.000	14679.347	623.000	74176.000
5.930	74323.000	14685.543	572.000	74323.000
5.940	74465.000	14539.880	616.000	74465.000
5.950	74610.000	14527.916	564.000	74610.000
5.960	74754.000	14489.541	543.000	74754.000
5.970	74899.000	14492.679	506.000	74899.000
5.980	75043.000	14464.875	500.000	75043.000
5.990	75187.000	14445.413	495.000	75187.000
6.000	75332.000	14461.789	476.000	75332.000
6.010	75479.000	14533.252	436.000	75479.000
6.020	75625.000	14553.277	443.000	75625.000
6.030	75772.000	14597.294	437.000	75772.000
6.040	75921.000	14688.106	408.000	75921.000
6.050	76072.000	14811.674	371.000	76072.000
6.060	76222.000	14868.172	381.000	76222.000
6.070	76372.000	14907.720	393.000	76372.000
6.080	76523.000	14965.404	383.000	76523.000
6.090	76673.000	14975.783	395.000	76673.000
6.100	76822.000	14953.048	411.000	76822.000
6.110	76970.000	14907.134	426.000	76970.000
6.120	77117.000	14844.994	436.000	77117.000
6.130	77263.000	14771.495	441.000	77263.000
6.140	77407.000	14660.047	462.000	77407.000
6.150	77549.000	14522.033	488.000	77549.000
6.160	77690.000	14395.423	501.000	77690.000
6.170	77830.000	14276.796	510.000	77830.000
6.180	77969.000	14163.757	521.000	77969.000
6.190	78108.000	14084.630	522.000	78108.000
6.200	78247.000	14029.241	524.000	78247.000
6.210	78386.000	13990.469	533.000	78386.000
6.220	78526.000	13993.328	534.000	78526.000
6.230	78668.000	14055.330	518.000	78668.000
6.240	78811.000	14128.731	518.000	78811.000
6.250	78956.000	14240.112	510.000	78956.000
6.260	79103.000	14378.078	500.000	79103.000
6.270	79252.000	14534.655	489.000	79252.000
6.280	79403.000	14704.258	475.000	79403.000
6.290	79554.000	14822.981	491.000	79554.000
6.300	79708.000	14996.087	461.000	79708.000
6.310	79862.000	15117.261	458.000	79862.000
6.320	80016.000	15202.082	458.000	80016.000
6.330	80171.000	15291.458	435.000	80171.000
6.340	80327.000	15384.020	396.000	80327.000
6.350	80479.000	15328.814	430.000	80479.000
6.360	80632.000	15320.170	402.000	80632.000
6.370	80782.000	15224.119	411.000	80782.000
6.380	80932.000	15156.883	382.000	80932.000
6.390	81079.000	15019.818	388.000	81079.000
6.400	81223.000	14833.873	408.000	81223.000
6.410	81366.000	14673.711	402.000	81366.000
6.420	81509.000	14561.598	371.000	81509.000
6.430	81648.000	14363.118	406.000	81648.000
6.440	81788.000	14254.183	390.000	81788.000
6.450	81926.000	14117.928	411.000	81926.000
6.460	82065.000	14052.550	404.000	82065.000
6.470	82204.000	14006.785	411.000	82204.000
6.480	82343.000	13974.749	431.000	82343.000
6.490	82484.000	14012.325	428.000	82484.000
6.500	82625.000	14038.627	455.000	82625.000
6.510	82768.000	14117.039	463.000	82768.000
6.520	82911.000	14171.927	498.000	82911.000
6.530	83056.000	14270.349	510.000	83056.000
6.540	83202.000	14369.244	526.000	83202.000
6.550	83349.000	14468.471	542.000	83349.000
6.560	83497.000	14567.930	552.000	83497.000
6.570	83645.000	14637.551	572.000	83645.000
6.580	83796.000	14776.286	540.000	83796.000
6.590	83945.000	14813.400	566.000	83945.000
6.600	84094.000	14839.380	577.000	84094.000
6.610	84242.000	14827.566	591.000	84242.000
6.620	84389.000	14789.296	601.000	84389.000
6.630	84536.000	14762.507	587.000	84536.000
6.640	84681.000	14683.755	596.000	84681.000
6.650	84825.000	14598.629	596.000	84825.000
6.660	84968.000	14509.040	591.000	84968.000
6.670	85111.000	14446.328	570.000	85111.000
6.680	85253.000	14372.430	563.000	85253.000
6.690	85396.000	14350.701	532.000	85396.000
6.700	85540.000	14365.491	496.000	85540.000
6.710	85683.000	14345.843	499.000	85683.000
6.720	85827.000	14362.090	488.000	85827.000
6.730	85972.000	14403.463	474.000	85972.000
6.740	86119.000	14492.424	444.000	86119.000
6.750	86266.000	14554.697	445.000	86266.000
6.760	86415.000	14658.288	424.000	86415.000
6.770	86565.000	14760.802	412.000	86565.000
6.780	86716.000	14862.561	401.000	86716.000
6.790	86868.000	14963.793	388.000	86868.000
6.800	87020.000	15034.655	388.000	87020.000
6.810	87170.000	15024.258	423.000	87170.000
6.820	87319.000	14986.981	448.000	87319.000
6.830	87467.000	14930.887	462.000	87467.000
6.840	87613.000	14831.621	484.000	87613.000
6.850	87755.000	14642.134	541.000	87755.000
6.860	87897.000	14509.494	540.000	87897.000
6.870	88036.000	14326.646	567.000	88036.000
6.880	88175.000	14198.652	559.000	88175.000
6.890	88311.000	14019.056	591.000	88311.000
6.900	88447.000	13893.340	596.000	88447.000
6.910	88582.000	13775.338	613.000	88582.000
6.920	88717.000	13692.736	625.000	88717.000
6.930	88852.000	13634.915	643.000	88852.000
6.940	88988.000	13624.441	652.000	88988.000
6.950	89126.000	13677.109	647.000	89126.000
6.960	89266.000	13773.976	641.000	89266.000
6.970	89407.000	13871.783	657.000	89407.000
6.980	89551.000	14030.248	649.000	89551.000
6.990	89697.000	14201.174	647.000	89697.000
7.000	89846.000	14410.822	628.000	89846.000
7.010	89998.000	14647.575	599.000	89998.000
7.020	90150.000	14813.303	611.000	90150.000
7.030	90306.000	15049.312	565.000	90306.000
7.040	90461.000	15184.518	571.000	90461.000
7.050	90617.000	15309.163	555.000	90617.000
7.060	90772.000	15366.414	553.000	90772.000
7.070	90926.000	15376.490	547.000	90926.000
7.080	91081.000	15413.543	497.000	91081.000
7.090	91234.000	15379.480	475.000	91234.000
7.100	91384.000	15265.636	478.000	91384.000
7.110	91532.000	15125.945	470.000	91532.000
7.120	91678.000	14968.162	457.000	91678.000
7.130	91823.000	14827.713	427.000	91823.000
7.140	91965.000	14639.399	428.000	91965.000
7.150	92106.000	14477.579	415.000	92106.000
7.160	92245.000	14304.306	419.000	92245.000
7.170	92385.000	14213.014	389.000	92385.000
7.180	92522.000	14059.110	422.000	92522.000
7.190	92662.000	14041.377	387.000	92662.000
7.200	92802.000	14028.964	386.000	92802.000
7.210	92944.000	14080.275	372.000	92944.000
7.220	93087.000	14146.192	378.000	93087.000
7.230	93233.000	14282.335	363.000	93233.000
7.240	93379.000	14377.634	392.000	93379.000
7.250	93527.000	14504.344	404.000	93527.000
7.260	93676.000	14623.041	423.000	93676.000
7.270	93826.000	14736.129	440.000	93826.000
7.280	93977.000	14845.290	450.000	93977.000
7.290	94128.000	14921.703	467.000	94128.000
7.300	94278.000	14945.192	496.000	94278.000
7.310	94429.000	14991.634	489.000	94429.000
7.320	94578.000	14964.144	511.000	94578.000
7.330	94727.000	14944.901	505.000	94727.000
7.340	94873.000	14841.431	535.000	94873.000
7.350	95019.000	14769.001	525.000	95019.000
7.360	95163.000	14658.301	532.000	95163.000
7.370	95305.000	14520.811	545.000	95305.000
7.380	95447.000	14424.567	530.000	95447.000
7.390	95587.000	14297.197	540.000	95587.000
7.400	95727.000	14208.038	532.000	95727.000
7.410	95868.000	14175.627	505.000	95868.000
7.420	96008.000	14122.939	512.000	96008.000
7.430	96150.000	14146.057	488.000	96150.000
7.440	96293.000	14192.240	474.000	96293.000
7.450	96438.000	14284.568	453.000	96438.000
7.460	96586.000	14439.198	415.000	96586.000
7.470	96735.000	14577.438	408.000	96735.000
7.480	96886.000	14734.207	397.000	96886.000
7.490	97038.000	14873.945	398.000	97038.000
7.500	97192.000	15031.761	382.000	97192.000
7.510	97347.000	15172.233	370.000	97347.000
7.520	97502.000	15270.563	372.000	97502.000
7.530	97656.000	15309.394	387.000	97656.000
7.540	97810.000	15336.576	383.000	97810.000
7.550	97962.000	15295.603	397.000	97962.000
7.560	98112.000	15206.922	413.000	98112.000
7.570	98259.000	15054.846	440.000	98259.000
7.580	98404.000	14888.392	452.000	98404.000
7.590	98546.000	14681.874	472.000	98546.000
7.600	98686.000	14477.312	482.000	98686.000
7.610	98823.000	14244.118	507.000	98823.000
7.620	98958.000	14020.883	529.000	98958.000
7.630	99093.000	13864.618	522.000	99093.000
7.640	99228.000	13755.233	514.000	99228.000
7.650	99362.000	13648.663	534.000	99362.000
7.660	99498.000	13634.064	525.000	99498.000
7.670	99634.000	13623.845	547.000	99634.000
7.680	99773.000	13706.691	539.000	99773.000
7.690	99915.000	13854.684	525.000	99915.000
7.700	100059.000	14018.279	529.000	100059.000
7.710	100206.000	14222.795	526.000	100206.000
7.720	100356.000	14455.957	517.000	100356.000
7.730	100507.000	14649.170	537.000	100507.000
7.740	100662.000	14904.419	509.000	100662.000
7.750	100818.000	15113.093	504.000	100818.000
7.760	100976.000	15319.165	482.000	100976.000
7.770	101132.000	15403.416	511.000	101132.000
7.780	101292.000	15582.391	446.000	101292.000
7.790	101450.000	15647.674	434.000	101450.000
7.800	101606.000	15633.372	437.000	101606.000
7.810	101759.000	15533.360	452.000	101759.000
7.820	101909.000	15373.352	464.000	101909.000
7.830	102056.000	15171.346	469.000	102056.000
7.840	102200.000	14939.943	468.000	102200.000
7.850	102341.000	14687.960	468.000	102341.000
7.860	102480.000	14451.572	456.000	102480.000
7.870	102617.000	14226.100	448.000	102617.000
7.880	102753.000	14038.270	435.000	102753.000
7.890	102888.000	13876.789	433.000	102888.000
7.900	103024.000	13793.752	415.000	103024.000
7.910	103161.000	13765.627	403.000	103161.000
7.920	103298.000	13745.939	422.000	103298.000
7.930	103437.000	13792.157	430.000	103437.000
7.940	103577.000	13854.510	455.000	103577.000
7.950	103719.000	13958.157	475.000	103719.000
7.960	103864.000	14120.710	476.000	103864.000
7.970	104011.000	14294.497	487.000	104011.000
7.980	104159.000	14446.148	516.000	104159.000
7.990	104309.000	14612.303	529.000	104309.000
8.000	104461.000	14788.612	528.000	104461.000
8.010	104613.000	14912.029	547.000	104613.000
8.020	104763.000	14938.420	599.000	104763.000
8.030	104915.000	15016.894	585.000	104915.000
8.040	105065.000	15011.826	603.000	105065.000
8.050	105213.000	14948.278	625.000	105213.000
8.060	105359.000	14843.795	643.000	105359.000
8.070	105504.000	14740.656	636.000	105504.000
8.080	105645.000	14548.459	669.000	105645.000
8.090	105786.000	14413.922	649.000	105786.000
8.100	105926.000	14289.745	627.000	105926.000
8.110	106065.000	14172.822	612.000	106065.000
8.120	106203.000	14060.975	606.000	106203.000
8.130	106340.000	13952.683	613.000	106340.000
8.140	106479.000	13936.878	580.000	106479.000
8.150	106619.000	13955.814	556.000	106619.000
8.160	106760.000	13999.070	545.000	106760.000
8.170	106905.000	14149.349	494.000	106905.000
8.180	107050.000	14254.544	500.000	107050.000
8.190	107199.000	14448.181	465.000	107199.000
8.200	107350.000	14643.727	446.000	107350.000
8.210	107503.000	14840.609	432.000	107503.000
8.220	107658.000	15038.426	416.000	107658.000
8.230	107814.000	15206.898	409.000	107814.000
8.240	107970.000	15324.829	415.000	107970.000
8.250	108127.000	15437.380	399.000	108127.000
8.260	108282.000	15456.166	415.000	108282.000
8.270	108435.000	15409.316	436.000	108435.000
8.280	108587.000	15346.521	431.000	108587.000
8.290	108736.000	15212.565	444.000	108736.000
8.300	108881.000	14998.795	478.000	108881.000
8.310	109024.000	14789.157	483.000	109024.000
8.320	109163.000	14522.410	511.000	109163.000
8.330	109300.000	14275.687	518.000	109300.000
8.340	109435.000	14042.981	524.000	109435.000
8.350	109567.000	13790.087	555.000	109567.000
8.360	109700.000	13643.061	540.000	109700.000
8.370	109831.000	13480.142	569.000	109831.000
8.380	109964.000	13426.100	560.000	109964.000
8.390	110098.000	13418.270	564.000	110098.000
8.400	110235.000	13502.789	551.000	110235.000
8.410	110374.000	13621.952	556.000	110374.000
8.420	110517.000	13825.367	542.000	110517.000
8.430	110663.000	14057.757	539.000	110663.000
8.440	110812.000	14310.430	541.000	110812.000
8.450	110964.000	14577.301	540.000	110964.000
8.460	111119.000	14854.111	531.000	111119.000
8.470	111274.000	15047.877	559.000	111274.000
8.480	111431.000	15243.514	556.000	111431.000
8.490	111590.000	15440.460	526.000	111590.000
8.500	111746.000	15488.322	558.000	111746.000
8.510	111903.000	15551.825	535.000	111903.000
8.520	112057.000	15506.278	544.000	112057.000
8.530	112209.000	15414.394	541.000	112209.000
8.540	112359.000	15290.076	525.000	112359.000
8.550	112507.000	15143.053	500.000	112507.000
8.560	112653.000	14980.137	473.000	112653.000
8.570	112795.000	14746.096	482.000	112795.000
8.580	112935.000	14522.267	476.000	112935.000
8.590	113074.000	14335.587	453.000	113074.000
8.600	113211.000	14144.911	451.000	113211.000
8.610	113348.000	14011.438	434.000	113348.000
8.620	113486.000	13948.006	405.000	113486.000
8.630	113624.000	13903.604	402.000	113624.000
8.640	113764.000	13932.523	386.000	113764.000
8.650	113906.000	14012.766	374.000	113906.000
8.660	114051.000	14158.936	354.000	114051.000
8.670	114198.000	14321.255	353.000	114198.000
8.680	114345.000	14434.879	394.000	114345.000
8.690	114495.000	14604.415	400.000	114495.000
8.700	114646.000	14753.091	418.000	114646.000
8.710	114798.000	14887.163	435.000	114798.000
8.720	114949.000	14951.014	477.000	114949.000
8.730	115100.000	14995.710	502.000	115100.000
8.740	115251.000	15026.997	510.000	115251.000
8.750	115402.000	15048.898	504.000	115402.000
8.760	115550.000	14974.229	536.000	115550.000
8.770	115697.000	14891.960	545.000	115697.000
8.780	115843.000	14804.372	540.000	115843.000
8.790	115986.000	14653.060	561.000	115986.000
8.800	116127.000	14487.142	577.000	116127.000
8.810	116266.000	14311.000	591.000	116266.000
8.820	116404.000	14157.700	591.000	116404.000
8.830	116542.000	14050.390	575.000	116542.000
8.840	116679.000	13945.273	576.000	116679.000
8.850	116818.000	13931.691	543.000	116818.000
8.860	116958.000	13952.184	521.000	116958.000
8.870	117100.000	14026.529	497.000	117100.000
8.880	117245.000	14168.570	461.000	117245.000
8.890	117392.000	14327.999	443.000	117392.000
8.900	117543.000	14559.599	401.000	117543.000
8.910	117696.000	14781.720	384.000	117696.000
8.920	117851.000	14997.204	374.000	117851.000
8.930	118007.000	15178.043	378.000	118007.000
8.940	118164.000	15334.630	378.000	118164.000
8.950	118322.000	15474.241	367.000	118322.000
8.960	118479.000	15541.969	374.000	118479.000
8.970	118636.000	15589.378	362.000	118636.000
8.980	118792.000	15592.565	350.000	118792.000
8.990	118945.000	15504.795	365.000	118945.000
9.000	119095.000	15353.357	384.000	119095.000
9.010	119242.000	15157.350	400.000	119242.000
9.020	119386.000	14930.145	411.000	119386.000
9.030	119525.000	14621.101	456.000	119525.000
9.040	119661.000	14314.771	484.000	119661.000
9.050	119795.000	14040.340	493.000	119795.000
9.060	119927.000	13788.238	505.000	119927.000
9.070	120057.000	13551.766	530.000	120057.000
9.080	120188.000	13416.237	523.000	120188.000
9.090	120318.000	13291.366	550.000	120318.000
9.100	120451.000	13293.956	538.000	120451.000
9.110	120585.000	13325.769	555.000	120585.000
9.120	120722.000	13438.038	560.000	120722.000
9.130	120861.000	13576.627	585.000	120861.000
9.140	121004.000	13793.639	586.000	121004.000
9.150	121150.000	14035.547	594.000	121150.000
9.160	121299.000	14294.883	603.000	121299.000
9.170	121451.000	14566.418	605.000	121451.000
9.180	121605.000	14816.493	612.000	121605.000
9.190	121760.000	15021.545	627.000	121760.000
9.200	121917.000	15225.081	615.000	121917.000
9.210	122074.000	15367.557	612.000	122074.000
9.220	122229.000	15407.290	633.000	122229.000
9.230	122384.000	15435.103	617.000	122384.000
9.240	122536.000	15364.572	626.000	122536.000
9.250	122685.000	15225.200	635.000	122685.000
9.260	122832.000	15067.640	621.000	122832.000
9.270	122975.000	14837.348	629.000	122975.000
9.280	123118.000	14676.144	579.000	123118.000
9.290	123258.000	14473.301	562.000	123258.000
9.300	123396.000	14271.310	549.000	123396.000
9.310	123533.000	14099.917	531.000	123533.000
9.320	123669.000	13949.942	522.000	123669.000
9.330	123806.000	13874.959	493.000	123806.000
9.340	123944.000	13852.472	469.000	123944.000
9.350	124083.000	13866.730	458.000	124083.000
9.360	124224.000	13936.711	446.000	124224.000
9.370	124368.000	14075.698	423.000	124368.000
9.380	124514.000	14232.988	418.000	124514.000
9.390	124663.000	14433.092	406.000	124663.000
9.400	124815.000	14663.164	390.000	124815.000
9.410	124968.000	14854.215	403.000	124968.000
9.420	125124.000	15077.951	387.000	125124.000
9.430	125278.000	15174.565	435.000	125278.000
9.440	125433.000	15272.196	448.000	125433.000
9.450	125587.000	15310.537	467.000	125587.000
9.460	125740.000	15307.376	478.000	125740.000
9.470	125890.000	15215.163	509.000	125890.000
9.480	126038.000	15090.614	525.000	126038.000
9.490	126183.000	14913.430	545.000	126183.000
9.500	126326.000	14729.401	546.000	126326.000
9.510	126466.000	14510.581	559.000	126466.000
9.520	126605.000	14327.406	545.000	126605.000
9.530	126741.000	14109.185	561.000	126741.000
9.540	126878.000	13986.429	531.000	126878.000
9.550	127013.000	13840.500	542.000	127013.000
9.560	127150.000	13798.350	513.000	127150.000
9.570	127288.000	13798.845	496.000	127288.000
9.580	127427.000	13829.192	495.000	127427.000
9.590	127569.000	13940.434	473.000	127569.000
9.600	127714.000	14108.304	450.000	127714.000
9.610	127862.000	14315.813	430.000	127862.000
9.620	128014.000	14581.069	396.000	128014.000
9.630	128167.000	14796.748	406.000	128167.000
9.640	128324.000	15067.724	378.000	128324.000
9.650	128482.000	15287.407	376.000	128482.000
9.660	128643.000	15531.185	342.000	128643.000
9.670	128802.000	15641.829	368.000	128802.000
9.680	128962.000	15749.280	356.000	128962.000
9.690	129119.000	15734.496	382.000	129119.000
9.700	129275.000	15694.147	378.000	129275.000
9.710	129428.000	15575.903	386.000	129428.000
9.720	129578.000	15403.132	392.000	129578.000
9.730	129725.000	15192.193	393.000	129725.000
9.740	129867.000	14894.535	426.000	129867.000
9.750	130007.000	14626.174	423.000	130007.000
9.760	130144.000	14348.322	428.000	130144.000
9.770	130278.000	14063.825	445.000	130278.000
9.780	130410.000	13804.678	462.000	130410.000
9.790	130541.000	13593.274	474.000	130541.000
9.800	130672.000	13445.292	481.000	130672.000
9.810	130804.000	13371.704	483.000	130804.000
9.820	130937.000	13350.193	497.000	130937.000
9.830	131073.000	13425.135	493.000	131073.000
9.840	131212.000	13567.595	493.000	131212.000
9.850	131355.000	13787.316	483.000	131355.000
9.860	131499.000	13971.121	524.000	131499.000
9.870	131649.000	14279.785	499.000	131649.000
9.880	131802.000	14585.849	494.000	131802.000
9.890	131958.000	14890.095	490.000	131958.000
9.900	132114.000	15103.066	527.000	132114.000
9.910	132273.000	15342.146	516.000	132273.000
9.920	132431.000	15479.502	538.000	132431.000
9.930	132589.000	15575.652	541.000	132589.000
9.940	132745.000	15582.956	555.000	132745.000
9.950	132900.000	15558.069	543.000	132900.000
9.960	133053.000	15480.649	528.000	133053.000
9.970	133202.000	15306.454	539.000	133202.000
9.980	133349.000	15124.518	522.000	133349.000
9.990	133494.000	14937.162	493.000	133494.000
10.000	133635.000	14686.014	498.000	133635.000
10.010	133774.000	14450.210	487.000	133774.000
10.020	133911.000	14225.147	479.000	133911.000
10.030	134046.000	14007.603	481.000	134046.000
10.040	134181.000	13855.322	466.000	134181.000
10.050	134318.000	13808.725	423.000	134318.000
10.060	134455.000	13776.108	417.000	134455.000
10.070	134594.000	13813.275	404.000	134594.000
10.080	134736.000	13929.293	382.000	134736.000
10.090	134880.000	14070.505	381.000	134880.000
10.100	135027.000	14259.353	376.000	135027.000
10.110	135176.000	14451.547	388.000	135176.000
10.120	135328.000	14676.083	386.000	135328.000
10.130	135482.000	14893.258	390.000	135482.000
10.140	135634.000	14985.281	456.000	135634.000
10.150	135788.000	15109.697	468.000	135788.000
10.160	135941.000	15166.788	496.000	135941.000
10.170	136093.000	15176.751	519.000	136093.000
10.180	136242.000	15093.726	564.000	136242.000
10.190	136389.000	14975.608	591.000	136389.000
10.200	136533.000	14802.926	619.000	136533.000
10.210	136674.000	14592.048	645.000	136674.000
10.220	136811.000	14324.434	684.000	136811.000
10.230	136947.000	14107.104	681.000	136947.000
10.240	137080.000	13864.972	698.000	137080.000
10.250	137211.000	13635.481	717.000	137211.000
10.260	137342.000	13474.837	711.000	137342.000
10.270	137474.000	13392.386	690.000	137474.000
10.280	137606.000	13334.670	693.000	137606.000
10.290	137740.000	13354.269	684.000	137740.000
10.300	137876.000	13427.988	679.000	137876.000
10.310	138017.000	13629.592	635.000	138017.000
10.320	138160.000	13830.714	631.000	138160.000
10.330	138307.000	14091.500	613.000	138307.000
10.340	138457.000	14364.050	605.000	138457.000
10.350	138611.000	14674.835	579.000	138611.000
10.360	138767.000	14952.384	572.000	138767.000
10.370	138925.000	15206.669	563.000	138925.000
10.380	139085.000	15444.668	540.000	139085.000
10.390	139245.000	15611.268	532.000	139245.000
10.400	139406.000	15757.888	499.000	139406.000
10.410	139565.000	15800.521	495.000	139565.000
10.420	139722.000	15770.365	489.000	139722.000
10.430	139876.000	15659.255	490.000	139876.000
10.440	140027.000	15491.479	484.000	140027.000
10.450	140174.000	15254.035	487.000	140174.000
10.460	140318.000	14997.825	476.000	140318.000
10.470	140458.000	14698.477	479.000	140458.000
10.480	140594.000	14368.934	494.000	140594.000
10.490	140728.000	14078.254	489.000	140728.000
10.500	140860.000	13814.778	487.000	140860.000
10.510	140992.000	13630.344	468.000	140992.000
10.520	141124.000	13501.241	458.000	141124.000
10.530	141256.000	13410.869	468.000	141256.000
10.540	141389.000	13377.608	484.000	141389.000
10.550	141525.000	13444.326	480.000	141525.000
10.560	141664.000	13581.028	477.000	141664.000
10.570	141806.000	13766.720	482.000	141806.000
10.580	141951.000	13986.704	494.000	141951.000
10.590	142099.000	14230.693	508.000	142099.000
10.600	142251.000	14521.485	502.000	142251.000
10.610	142406.000	14815.039	496.000	142406.000
10.620	142561.000	15020.528	533.000	142561.000
10.630	142720.000	15284.369	506.000	142720.000
10.640	142878.000	15439.059	524.000	142878.000
10.650	143037.000	15577.341	513.000	143037.000
10.660	143194.000	15614.139	526.000	143194.000
10.670	143350.000	15609.897	519.000	143350.000
10.680	143502.000	15486.928	544.000	143502.000
10.690	143652.000	15340.850	538.000	143652.000
10.700	143799.000	15148.595	531.000	143799.000
10.710	143944.000	14954.016	506.000	143944.000
10.720	144085.000	14697.811	509.000	144085.000
10.730	144225.000	14488.468	480.000	144225.000
10.740	144362.000	14251.928	480.000	144362.000
10.750	144500.000	14116.349	434.000	144500.000
10.760	144637.000	13991.445	417.000	144637.000
10.770	144776.000	13964.011	374.000	144776.000
10.780	144915.000	13944.808	369.000	144915.000
10.790	145056.000	13991.365	356.000	145056.000
10.800	145200.000	14113.956	332.000	145200.000
10.810	145346.000	14259.769	326.000	145346.000
10.820	145496.000	14481.838	299.000	145496.000
10.830	145648.000	14697.287	297.000	145648.000
10.840	145802.000	14908.101	303.000	145802.000
10.850	145959.000	15145.671	290.000	145959.000
10.860	146116.000	15311.969	311.000	146116.000
10.870	146273.000	15428.379	336.000	146273.000
10.880	146429.000	15479.865	366.000	146429.000
10.890	146584.000	15485.906	386.000	146584.000
10.900	146736.000	15400.134	423.000	146736.000
10.910	146885.000	15250.094	458.000	146885.000
10.920	147032.000	15085.066	467.000	147032.000
10.930	147175.000	14849.546	496.000	147175.000
10.940	147314.000	14564.682	532.000	147314.000
10.950	147452.000	14335.277	523.000	147452.000
10.960	147586.000	14054.694	552.000	147586.000
10.970	147719.000	13828.286	555.000	147719.000
10.980	147851.000	13639.800	558.000	147851.000
10.990	147983.000	13507.860	557.000	147983.000
11.000	148115.000	13415.502	567.000	148115.000
11.010	148250.000	13440.851	544.000	148250.000
11.020	148386.000	13488.596	552.000	148386.000
11.030	148525.000	13612.017	549.000	148525.000
11.040	148667.000	13788.412	548.000	148667.000
11.050	148814.000	14061.888	516.000	148814.000
11.060	148965.000	14373.322	490.000	148965.000
11.070	149119.000	14681.325	481.000	149119.000
11.080	149276.000	14986.928	473.000	149276.000
11.090	149436.000	15290.849	455.000	149436.000
11.100	149598.000	15563.595	437.000	149598.000
11.110	149759.000	15724.516	456.000	149759.000
11.120	149921.000	15867.161	440.000	149921.000
11.130	150080.000	15877.013	461.000	150080.000
11.140	150236.000	15793.909	483.000	150236.000
11.150	150391.000	15705.736	458.000	150391.000
11.160	150541.000	15494.015	473.000	150541.000
11.170	150688.000	15255.811	467.000	150688.000
11.180	150831.000	14969.068	467.000	150831.000
11.190	150971.000	14678.347	457.000	150971.000
11.200	151106.000	14324.843	483.000	151106.000
11.210	151239.000	14017.390	483.000	151239.000
11.220	151370.000	13742.173	485.000	151370.000
11.230	151499.000	13489.521	502.000	151499.000
11.240	151627.000	13282.665	525.000	151627.000
11.250	151757.000	13197.865	513.000	151757.000
11.260	151888.000	13168.506	521.000	151888.000
11.270	152022.000	13237.954	517.000	152022.000
11.280	152159.000	13376.568	521.000	152159.000
11.290	152298.000	13533.597	552.000	152298.000
11.300	152443.000	13823.518	530.000	152443.000
11.310	152591.000	14116.463	538.000	152591.000
11.320	152743.000	14441.524	538.000	152743.000
11.330	152896.000	14699.067	577.000	152896.000
11.340	153052.000	14969.347	586.000	153052.000
11.350	153210.000	15218.543	585.000	153210.000
11.360	153368.000	15392.980	599.000	153368.000
11.370	153526.000	15515.086	602.000	153526.000
11.380	153682.000	15540.560	620.000	153682.000
11.390	153836.000	15498.392	630.000	153836.000
11.400	153988.000	15408.874	623.000	153988.000
11.410	154136.000	15226.212	635.000	154136.000
11.420	154281.000	15008.348	632.000	154281.000
11.430	154423.000	14765.844	621.000	154423.000
11.440	154563.000	14536.091	594.000	154563.000
11.450	154699.000	14255.264	601.000	154699.000
11.460	154833.000	13998.684	597.000	154833.000
11.470	154967.000	13819.079	565.000	154967.000
11.480	155101.000	13693.355	537.000	155101.000
11.490	155236.000	13635.349	508.000	155236.000
11.500	155374.000	13684.744	460.000	155374.000
11.510	155514.000	13779.321	436.000	155514.000
11.520	155656.000	13905.525	432.000	155656.000
11.530	155802.000	14113.867	409.000	155802.000
11.540	155951.000	14349.707	398.000	155951.000
11.550	156104.000	14634.795	376.000	156104.000
11.560	156259.000	14894.356	378.000	156259.000
11.570	156417.000	15166.050	367.000	156417.000
11.580	156575.000	15356.235	391.000	156575.000
11.590	156734.000	15519.364	399.000	156734.000
11.600	156893.000	15633.555	403.000	156893.000
11.610	157051.000	15683.488	409.000	157051.000
11.620	157206.000	15628.442	437.000	157206.000
11.630	157357.000	15469.909	480.000	157357.000
11.640	157505.000	15268.937	500.000	157505.000
11.650	157650.000	15038.256	505.000	157650.000
11.660	157790.000	14726.779	537.000	157790.000
11.670	157927.000	14418.745	548.000	157927.000
11.680	158061.000	14113.122	556.000	158061.000
11.690	158193.000	13839.185	555.000	158193.000
11.700	158323.000	13587.430	565.000	158323.000
11.710	158454.000	13441.201	542.000	158454.000
11.720	158584.000	13308.841	556.000	158584.000
11.730	158717.000	13306.188	532.000	158717.000
11.740	158852.000	13364.332	524.000	158852.000
11.750	158991.000	13525.032	501.000	158991.000
11.760	159134.000	13757.523	481.000	159134.000
11.770	159281.000	14040.266	468.000	159281.000
11.780	159432.000	14358.186	459.000	159432.000
11.790	159588.000	14730.730	431.000	159588.000
11.800	159747.000	15081.511	422.000	159747.000
11.810	159909.000	15417.058	410.000	159909.000
11.820	160073.000	15711.940	399.000	160073.000
11.830	160237.000	15918.358	406.000	160237.000
11.840	160403.000	16122.851	369.000	160403.000
11.850	160565.000	16145.996	399.000	160565.000
11.860	160726.000	16132.197	389.000	160726.000
11.870	160883.000	16002.538	398.000	160883.000
11.880	161037.000	15821.776	387.000	161037.000
11.890	161185.000	15515.244	413.000	161185.000
11.900	161329.000	15180.670	416.000	161329.000
11.910	161469.000	14826.469	412.000	161469.000
11.920	161604.000	14428.529	429.000	161604.000
11.930	161737.000	14089.970	415.000	161737.000
11.940	161866.000	13732.979	436.000	161866.000
11.950	161995.000	13483.085	422.000	161995.000
11.960	162123.000	13278.160	428.000	162123.000
11.970	162253.000	13194.712	412.000	162253.000
11.980	162383.000	13136.298	439.000	162383.000
11.990	162516.000	13185.409	448.000	162516.000
12.000	162654.000	13369.786	428.000	162654.000
12.010	162794.000	13558.850	0.000	162794.000
12.020	162939.000	13841.195	0.000	162939.000
12.030	163086.000	14098.837	0.000	163086.000
12.040	163240.000	14489.186	0.000	163240.000
12.050	163394.000	14762.430	0.000	163394.000
12.060	163552.000	15073.701	0.000	163552.000
12.070	163710.000	15291.591	0.000	163710.000
12.080	163868.000	15444.113	0.000	163868.000
12.090	164024.000	15490.879	0.000	164024.000
12.100	164177.000	15433.616	0.000	164177.000
12.110	164327.000	15303.531	0.000	164327.000
12.120	164471.000	15032.472	0.000	164471.000
12.130	164611.000	14722.730	0.000	164611.000
12.140	164746.000	14355.911	0.000	164746.000
12.150	164874.000	13889.138	0.000	164874.000
12.160	164998.000	13442.396	0.000	164998.000
12.170	165118.000	13009.678	0.000	165118.000
12.180	165236.000	12646.774	0.000	165236.000
12.190	165351.000	12302.742	0.000	165351.000
12.200	165465.000	12031.919	0.000	165465.000
12.210	165578.000	11812.344	0.000	165578.000
12.220	165693.000	11718.640	0.000	165693.000
12.230	165810.000	11713.048	0.000	165810.000
12.240	165931.000	11829.134	0.000	165931.000
12.250	166053.000	11940.394	0.000	166053.000
12.260	166181.000	12198.276	0.000	166181.000
12.270	166313.000	12498.793	0.000	166313.000
12.280	166447.000	12769.155	0.000	166447.000
12.290	166585.000	13078.409	0.000	166585.000
12.300	166724.000	13324.886	0.000	166724.000
12.310	166864.000	13527.420	0.000	166864.000
12.320	167003.000	13639.194	0.000	167003.000
12.330	167140.000	13657.436	0.000	167140.000
12.340	167275.000	13610.205	0.000	167275.000
12.350	167404.000	13397.144	0.000	167404.000
12.360	167528.000	13098.001	0.000	167528.000
12.370	167646.000	12708.600	0.000	167646.000
12.380	167758.000	12256.020	0.000	167758.000
12.390	167864.000	11759.214	0.000	167864.000
12.400	167964.000	11231.450	0.000	167964.000
12.410	168059.000	10712.015	0.000	168059.000
12.420	168151.000	10258.410	0.000	168151.000
12.430	168240.000	9850.887	0.000	168240.000
12.440	168328.000	9535.621	0.000	168328.000
12.450	168417.000	9344.935	0.000	168417.000
12.460	168507.000	9241.454	0.000	168507.000
12.470	168599.000	9229.018	0.000	168599.000
12.480	168695.000	9340.313	0.000	168695.000
12.490	168796.000	9568.219	0.000	168796.000
12.500	168900.000	9817.753	0.000	168900.000
12.510	169010.000	10172.427	0.000	169010.000
12.520	169123.000	10510.699	0.000	169123.000
12.530	169240.000	10867.489	0.000	169240.000
12.540	169359.000	11177.243	0.000	169359.000
12.550	169480.000	11454.070	0.000	169480.000
12.560	169600.000	11617.849	0.000	169600.000
12.570	169719.000	11702.494	0.000	169719.000
12.580	169836.000	11701.746	0.000	169836.000
12.590	169949.000	11581.222	0.000	169949.000
12.600	170058.000	11376.856	0.000	170058.000
12.610	170161.000	11053.799	0.000	170161.000
12.620	170258.000	10647.659	0.000	170258.000
12.630	170348.000	10153.361	0.000	170348.000
12.640	170435.000	9717.353	0.000	170435.000
12.650	170515.000	9202.147	0.000	170515.000
12.660	170593.000	8781.503	0.000	170593.000
12.670	170668.000	8397.052	0.000	170668.000
12.680	170742.000	8097.936	0.000	170742.000
12.690	170815.000	7858.556	0.000	170815.000
12.700	170890.000	7750.989	0.000	170890.000
12.710	170968.000	7765.692	0.000	170968.000
12.720	171049.000	7865.985	0.000	171049.000
12.730	171134.000	8056.189	0.000	171134.000
12.740	171223.000	8309.332	0.000	171223.000
12.750	171317.000	8636.533	0.000	171317.000
12.760	171414.000	8955.573	0.000	171414.000
12.770	171515.000	9298.901	0.000	171515.000
12.780	171618.000	9599.231	0.000	171618.000
12.790	171723.000	9869.462	0.000	171723.000
12.800	171827.000	10028.623	0.000	171827.000
12.810	171929.000	10080.036	0.000	171929.000
12.820	172028.000	10026.025	0.000	172028.000
12.830	172123.000	9868.218	0.000	172123.000
12.840	172213.000	9607.752	0.000	172213.000
12.850	172297.000	9245.427	0.000	172297.000
12.860	172374.000	8781.799	0.000	172374.000
12.870	172446.000	8307.259	0.000	172446.000
12.880	172513.000	7825.081	0.000	172513.000
12.890	172574.000	7307.557	0.000	172574.000
12.900	172632.000	6855.290	0.000	172632.000
12.910	172686.000	6418.703	0.000	172686.000
12.920	172738.000	6053.092	0.000	172738.000
12.930	172790.000	5797.164	0.000	172790.000
12.940	172843.000	5648.015	0.000	172843.000
12.950	172898.000	5603.611	0.000	172898.000
12.960	172955.000	5632.527	0.000	172955.000
12.970	173017.000	5802.769	0.000	173017.000
12.980	173083.000	6041.938	0.000	173083.000
12.990	173153.000	6329.357	0.000	173153.000
13.000	173227.000	6650.550	0.000	173227.000
13.010	173305.000	6995.385	0.000	173305.000
13.020	173387.000	7356.769	0.000	173387.000
13.030	173469.000	7609.739	0.000	173469.000
13.040	173552.000	7816.817	0.000	173552.000
13.050	173634.000	7931.772	0.000	173634.000
13.060	173714.000	7952.240	0.000	173714.000
13.070	173789.000	7816.568	0.000	173789.000
13.080	173861.000	7631.598	0.000	173861.000
13.090	173927.000	7322.118	0.000	173927.000
13.100	173987.000	6925.483	0.000	173987.000
13.110	174042.000	6497.838	0.000	174042.000
13.120	174091.000	6018.487	0.000	174091.000
13.130	174136.000	5562.941	0.000	174136.000
13.140	174177.000	5124.058	0.000	174177.000
13.150	174215.000	4726.841	0.000	174215.000
13.160	174252.000	4418.789	0.000	174252.000
13.170	174289.000	4203.152	0.000	174289.000
13.180	174326.000	4052.206	0.000	174326.000
13.190	174366.000	4036.545	0.000	174366.000
13.200	174409.000	4115.581	0.000	174409.000
13.210	174455.000	4260.907	0.000	174455.000
13.220	174507.000	4542.635	0.000	174507.000
13.230	174562.000	4829.844	0.000	174562.000
13.240	174622.000	5180.891	0.000	174622.000
13.250	174686.000	5546.624	0.000	174686.000
13.260	174754.000	5922.637	0.000	174754.000
13.270	174822.000	6185.846	0.000	174822.000
13.280	174890.000	6370.092	0.000	174890.000
13.290	174958.000	6499.064	0.000	174958.000
13.300	175024.000	6529.345	0.000	175024.000
13.310	175086.000	6430.542	0.000	175086.000
13.320	175144.000	6241.379	0.000	175144.000
13.330	175196.000	5928.965	0.000	175196.000
13.340	175243.000	5560.276	0.000	175243.000
13.350	175285.000	5152.193	0.000	175285.000
13.360	175321.000	4686.535	0.000	175321.000
13.370	175352.000	4210.575	0.000	175352.000
13.380	175379.000	3757.402	0.000	175379.000
13.390	175404.000	3380.182	0.000	175404.000
13.400	175427.000	3056.127	0.000	175427.000
13.410	175450.000	2829.289	0.000	175450.000
13.420	175474.000	2700.502	0.000	175474.000
13.430	175500.000	2670.352	0.000	175500.000
13.440	175529.000	2739.246	0.000	175529.000
13.450	175562.000	2907.472	0.000	175562.000
13.460	175599.000	3145.231	0.000	175599.000
13.470	175641.000	3461.661	0.000	175641.000
13.480	175687.000	3803.163	0.000	175687.000
13.490	175737.000	4162.214	0.000	175737.000
13.500	175789.000	4473.550	0.000	175789.000
13.510	175843.000	4751.485	0.000	175843.000
13.520	175898.000	4976.039	0.000	175898.000
13.530	175952.000	5103.228	0.000	175952.000
13.540	176004.000	5132.259	0.000	176004.000
13.550	176053.000	5062.582	0.000	176053.000
13.560	176098.000	4893.807	0.000	176098.000
13.570	176138.000	4625.665	0.000	176138.000
13.580	176174.000	4317.965	0.000	176174.000
13.590	176203.000	3892.576	0.000	176203.000
13.600	176227.000	3444.803	0.000	176227.000
13.610	176247.000	3011.362	0.000	176247.000
13.620	176262.000	2557.954	0.000	176262.000
13.630	176274.000	2150.567	0.000	176274.000
13.640	176285.000	1835.397	0.000	176285.000
13.650	176294.000	1554.778	0.000	176294.000
13.660	176304.000	1388.345	0.000	176304.000
13.670	176316.000	1331.841	0.000	176316.000
13.680	176330.000	1352.289	0.000	176330.000
13.690	176348.000	1486.602	0.000	176348.000
13.700	176370.000	1700.622	0.000	176370.000
13.710	176395.000	1940.435	0.000	176395.000
13.720	176425.000	2258.305	0.000	176425.000
13.730	176458.000	2570.813	0.000	176458.000
13.740	176494.000	2879.569	0.000	176494.000
13.750	176532.000	3155.698	0.000	176532.000
13.760	176570.000	3348.989	0.000	176570.000
13.770	176608.000	3484.292	0.000	176608.000
13.780	176643.000	3489.005	0.000	176643.000
13.790	176675.000	3402.303	0.000	176675.000
13.800	176703.000	3221.612	0.000	176703.000
13.810	176726.000	2945.129	0.000	176726.000
13.820	176743.000	2571.590	0.000	176743.000
13.830	176755.000	2160.113	0.000	176755.000
13.840	176762.000	1722.079	0.000	176762.000
13.850	176764.000	1265.455	0.000	176764.000
13.860	176763.000	855.819	0.000	176763.000
13.870	176758.000	449.073	0.000	176758.000
13.880	176751.000	104.351	0.000	176751.000
13.890	176742.000	-196.954	0.000	176742.000
13.900	176734.000	-377.868	0.000	176734.000
13.910	176728.000	-444.508	0.000	176728.000
13.920	176724.000	-431.155	0.000	176724.000
13.930	176723.000	-331.809	0.000	176723.000
13.940	176724.000	-202.266	0.000	176724.000
13.950	176731.000	68.414	0.000	176731.000
13.960	176741.000	347.890	0.000	176741.000
13.970	176754.000	633.523	0.000	176754.000
13.980	176769.000	893.466	0.000	176769.000
13.990	176785.000	1105.426	0.000	176785.000
14.000	176802.000	1283.798	0.000	176802.000
14.010	176818.000	1378.659	0.000	176818.000
14.020	176832.000	1385.061	0.000	176832.000
14.030	176843.000	1299.543	0.000	176843.000
14.040	176850.000	1119.680	0.000	176850.000
14.050	176853.000	873.776	0.000	176853.000
14.060	176853.000	611.643	0.000	176853.000
14.070	176847.000	248.150	0.000	176847.000
14.080	176835.000	-186.295	0.000	176835.000
14.090	176820.000	-580.406	0.000	176820.000
14.100	176802.000	-946.284	0.000	176802.000
14.110	176781.000	-1292.399	0.000	176781.000
14.120	176759.000	-1564.679	0.000	176759.000
14.130	176737.000	-1755.276	0.000	176737.000
14.140	176715.000	-1888.693	0.000	176715.000
14.150	176696.000	-1892.085	0.000	176696.000
14.160	176679.000	-1834.460	0.000	176679.000
14.170	176666.000	-1674.122	0.000	176666.000
14.180	176656.000	-1471.885	0.000	176656.000
14.190	176649.000	-1240.320	0.000	176649.000
14.200	176647.000	-928.224	0.000	176647.000
14.210	176646.000	-679.757	0.000	176646.000
14.220	176647.000	-445.830	0.000	176647.000
14.230	176651.000	-192.081	0.000	176651.000
14.240	176655.000	-14.457	0.000	176655.000
14.250	176659.000	109.880	0.000	176659.000
14.260	176661.000	136.916	0.000	176661.000
14.270	176662.000	125.841	0.000	176662.000
14.280	176660.000	28.089	0.000	176660.000
14.290	176653.000	-190.338	0.000	176653.000
14.300	176642.000	-463.236	0.000	176642.000
14.310	176628.000	-744.265	0.000	176628.000
14.320	176609.000	-1090.986	0.000	176609.000
14.330	176588.000	-1393.690	0.000	176588.000
14.340	176565.000	-1665.583	0.000	176565.000
14.350	176540.000	-1915.908	0.000	176540.000
14.360	176515.000	-2091.136	0.000	176515.000
14.370	176491.000	-2183.795	0.000	176491.000
14.380	176468.000	-2218.656	0.000	176468.000
14.390	176447.000	-2183.060	0.000	176447.000
14.400	176429.000	-2068.142	0.000	176429.000
14.410	176414.000	-1897.699	0.000	176414.000
14.420	176404.000	-1628.389	0.000	176404.000
14.430	176396.000	-1379.873	0.000	176396.000
14.440	176392.000	-1085.911	0.000	176392.000
14.450	176391.000	-790.138	0.000	176391.000
14.460	176391.000	-553.096	0.000	176391.000
14.470	176393.000	-327.167	0.000	176393.000
14.480	176396.000	-139.017	0.000	176396.000
14.490	176399.000	-7.312	0.000	176399.000
14.500	176400.000	24.882	0.000	176400.000
14.510	176400.000	17.417	0.000	176400.000
14.520	176397.000	-77.808	0.000	176397.000
14.530	176391.000	-234.466	0.000	176391.000
14.540	176381.000	-464.126	0.000	176381.000
14.550	176367.000	-744.888	0.000	176367.000
14.560	176351.000	-1001.422	0.000	176351.000
14.570	176332.000	-1270.995	0.000	176332.000
14.580	176311.000	-1519.697	0.000	176311.000
14.590	176289.000	-1723.788	0.000	176289.000
14.600	176267.000	-1866.651	0.000	176267.000
14.610	176246.000	-1936.656	0.000	176246.000
14.620	176227.000	-1925.659	0.000	176227.000
14.630	176210.000	-1857.961	0.000	176210.000
14.640	176196.000	-1720.573	0.000	176196.000
14.650	176186.000	-1504.401	0.000	176186.000
14.660	176180.000	-1233.081	0.000	176180.000
14.670	176178.000	-923.157	0.000	176178.000
14.680	176178.000	-646.210	0.000	176178.000
14.690	176180.000	-392.347	0.000	176180.000
14.700	176186.000	-94.643	0.000	176186.000
14.710	176194.000	173.750	0.000	176194.000
14.720	176201.000	331.625	0.000	176201.000
14.730	176208.000	442.138	0.000	176208.000
14.740	176214.000	489.496	0.000	176214.000
14.750	176217.000	432.647	0.000	176217.000
14.760	176218.000	332.853	0.000	176218.000
14.770	176217.000	202.997	0.000	176217.000
14.780	176212.000	-7.902	0.000	176212.000
14.790	176203.000	-275.531	0.000	176203.000
14.800	176191.000	-552.872	0.000	176191.000
14.810	176177.000	-807.010	0.000	176177.000
14.820	176162.000	-1014.907	0.000	176162.000
14.830	176146.000	-1190.435	0.000	176146.000
14.840	176131.000	-1283.305	0.000	176131.000
14.850	176116.000	-1348.313	0.000	176116.000
14.860	176104.000	-1303.819	0.000	176104.000
14.870	176094.000	-1212.673	0.000	176094.000
14.880	176087.000	-1058.871	0.000	176087.000
14.890	176084.000	-831.210	0.000	176084.000
14.900	176084.000	-581.847	0.000	176084.000
14.910	176086.000	-347.293	0.000	176086.000
14.920	176093.000	-33.105	0.000	176093.000
14.930	176102.000	246.826	0.000	176102.000
14.940	176113.000	502.779	0.000	176113.000
14.950	176124.000	681.945	0.000	176124.000
14.960	176136.000	837.361	0.000	176136.000
14.970	176147.000	916.153	0.000	176147.000
14.980	176156.000	911.307	0.000	176156.000
14.990	176164.000	877.915	0.000	176164.000
15.000	176168.000	734.540	0.000	176168.000
