0.000	0.000	0.000	0.000	0.000
0.010	6.000	180.000	-101.000	6.000
0.020	7.000	156.000	-54.000	7.000
0.030	7.000	109.200	-12.000	7.000
0.040	7.000	76.440	3.000	7.000
0.050	7.000	53.508	5.000	7.000
0.060	7.000	37.456	0.000	7.000
0.070	5.000	-33.781	27.000	5.000
0.080	3.000	-83.647	32.000	3.000
0.090	0.000	-148.553	45.000	0.000
0.100	-2.000	-163.987	29.000	-2.000
0.110	-5.000	-204.791	37.000	-5.000
0.120	-8.000	-233.354	40.000	-8.000
0.130	-11.000	-253.348	44.000	-11.000
0.140	-13.000	-237.343	32.000	-13.000
0.150	-16.000	-256.140	51.000	-16.000
0.160	-18.000	-239.298	50.000	-18.000
0.170	-20.000	-227.509	57.000	-20.000
0.180	-22.000	-219.256	69.000	-22.000
0.190	-23.000	-183.479	66.000	-23.000
0.200	-24.000	-158.435	72.000	-24.000
0.210	-25.000	-140.905	83.000	-25.000
0.220	-25.000	-98.633	76.000	-25.000
0.230	-25.000	-69.043	79.000	-25.000
0.240	-25.000	-48.330	84.000	-25.000
0.250	-25.000	-33.831	88.000	-25.000
0.260	-25.000	-23.682	90.000	-25.000
0.270	-25.000	-16.577	89.000	-25.000
0.280	-25.000	-11.604	86.000	-25.000
0.290	-25.000	-8.123	80.000	-25.000
0.300	-25.000	-5.686	74.000	-25.000
0.310	-25.000	-3.980	66.000	-25.000
0.320	-24.000	27.214	42.000	-24.000
0.330	-23.000	49.050	28.000	-23.000
0.340	-23.000	34.335	36.000	-23.000
0.350	-22.000	54.034	19.000	-22.000
0.360	-21.000	67.824	9.000	-21.000
0.370	-20.000	77.477	2.000	-20.000
0.380	-19.000	84.234	-4.000	-19.000
0.390	-18.000	88.964	-10.000	-18.000
0.400	-16.000	122.275	-32.000	-16.000
0.410	-15.000	115.592	-27.000	-15.000
0.420	-14.000	110.915	-27.000	-14.000
0.430	-13.000	107.640	-30.000	-13.000
0.440	-12.000	105.348	-35.000	-12.000
0.450	-11.000	103.744	-41.000	-11.000
0.460	-11.000	72.621	-29.000	-11.000
0.470	-10.000	80.834	-45.000	-10.000
0.480	-10.000	56.584	-37.000	-10.000
0.490	-10.000	39.609	-37.000	-10.000
0.500	-10.000	27.726	-39.000	-10.000
0.510	-12.000	-40.592	165.000	-12.000
0.520	-13.000	-58.414	273.000	-13.000
0.530	-15.000	-100.890	366.000	-15.000
0.540	-17.000	-130.623	437.000	-17.000
0.550	-19.000	-151.436	503.000	-19.000
0.560	-21.000	-166.005	575.000	-21.000
0.570	-22.000	-146.204	643.000	-22.000
0.580	-23.000	-132.343	738.000	-23.000
0.590	-23.000	-92.640	837.000	-23.000
0.600	-23.000	-64.848	965.000	-23.000
0.610	-20.000	44.606	1061.000	-20.000
0.620	-16.000	151.225	1187.000	-16.000
0.630	-10.000	285.857	1316.000	-10.000
0.640	-3.000	410.100	1466.000	-3.000
0.650	6.000	557.070	1611.000	6.000
0.660	18.000	749.949	1738.000	18.000
0.670	31.000	914.964	1892.000	31.000
0.680	46.000	1090.475	2039.000	46.000
0.690	64.000	1303.333	2163.000	64.000
0.700	84.000	1512.333	2293.000	84.000
0.710	106.000	1718.633	2422.000	106.000
0.720	131.000	1953.043	2531.000	131.000
0.730	159.000	2207.130	2628.000	159.000
0.740	191.000	2504.991	2701.000	191.000
0.750	226.000	2803.494	2779.000	226.000
0.760	265.000	3132.446	2839.000	265.000
0.770	308.000	3482.712	2890.000	308.000
0.780	355.000	3847.898	2933.000	355.000
0.790	408.000	4283.529	2937.000	408.000
0.800	465.000	4708.470	2955.000	465.000
0.810	526.000	5125.929	2976.000	526.000
0.820	593.000	5598.150	2959.000	593.000
0.830	664.000	6048.705	2955.000	664.000
0.840	740.000	6514.094	2935.000	740.000
0.850	821.000	6989.866	2901.000	821.000
0.860	907.000	7472.906	2857.000	907.000
0.870	997.000	7931.034	2820.000	997.000
0.880	1090.000	8341.724	2797.000	1090.000
0.890	1188.000	8779.207	2738.000	1188.000
0.900	1289.000	9175.445	2694.000	1289.000
0.910	1392.000	9512.811	2667.000	1392.000
0.920	1498.000	9838.968	2626.000	1498.000
0.930	1605.000	10097.278	2608.000	1605.000
0.940	1715.000	10368.094	2563.000	1715.000
0.950	1827.000	10617.666	2522.000	1827.000
0.960	1942.000	10882.366	2469.000	1942.000
0.970	2059.000	11127.656	2430.000	2059.000
0.980	2177.000	11329.359	2418.000	2177.000
0.990	2297.000	11530.552	2405.000	2297.000
1.000	2419.000	11731.386	2394.000	2419.000
1.010	2544.000	11961.970	2200.000	2544.000
1.020	2672.000	12213.379	2066.000	2672.000
1.030	2801.000	12419.365	2006.000	2801.000
1.040	2933.000	12653.556	1948.000	2933.000
1.050	3072.000	13027.489	1825.000	3072.000
1.060	3212.000	13319.242	1776.000	3212.000
1.070	3357.000	13673.470	1687.000	3357.000
1.080	3502.000	13921.429	1659.000	3502.000
1.090	3652.000	14245.000	1562.000	3652.000
1.100	3804.000	14531.500	1475.000	3804.000
1.110	3960.000	14852.050	1351.000	3960.000
1.120	4116.000	15076.435	1271.000	4116.000
1.130	4275.000	15323.505	1148.000	4275.000
1.140	4437.000	15586.453	1000.000	4437.000
1.150	4599.000	15770.517	886.000	4599.000
1.160	4761.000	15899.362	781.000	4761.000
1.170	4923.000	15989.553	674.000	4923.000
1.180	5084.000	16022.687	577.000	5084.000
1.190	5244.000	16015.881	481.000	5244.000
1.200	5403.000	15981.117	385.000	5403.000
1.210	5561.000	15926.782	290.000	5561.000
1.220	5718.000	15858.747	198.000	5718.000
1.230	5873.000	15751.123	131.000	5873.000
1.240	6028.000	15675.786	46.000	6028.000
1.250	6182.000	15593.050	-21.000	6182.000
1.260	6335.000	15505.135	-72.000	6335.000
1.270	6487.000	15413.595	-106.000	6487.000
1.280	6638.000	15319.516	-127.000	6638.000
1.290	6787.000	15193.661	-117.000	6787.000
1.300	6937.000	15135.563	-140.000	6937.000
1.310	7086.000	15064.894	-136.000	7086.000
1.320	7235.000	15015.426	-131.000	7235.000
1.330	7384.000	14980.798	-120.000	7384.000
1.340	7532.000	14926.559	-85.000	7532.000
1.350	7679.000	14858.591	-38.000	7679.000
1.360	7828.000	14871.014	-37.000	7828.000
1.370	7969.000	14639.710	118.000	7969.000
1.380	8111.000	14507.797	178.000	8111.000
1.390	8251.000	14355.458	247.000	8251.000
1.400	8389.000	14188.820	319.000	8389.000
1.410	8525.000	14012.174	394.000	8525.000
1.420	8660.000	13858.522	453.000	8660.000
1.430	8795.000	13750.965	493.000	8795.000
1.440	8928.000	13615.676	562.000	8928.000
1.450	9060.000	13490.973	630.000	9060.000
1.460	9192.000	13403.681	684.000	9192.000
1.470	9323.000	13312.577	752.000	9323.000
1.480	9455.000	13278.804	793.000	9455.000
1.490	9588.000	13285.163	827.000	9588.000
1.500	9723.000	13349.614	844.000	9723.000
1.510	9859.000	13424.730	873.000	9859.000
1.520	9997.000	13537.311	891.000	9997.000
1.530	10140.000	13766.118	852.000	10140.000
1.540	10282.000	13896.282	892.000	10282.000
1.550	10428.000	14107.398	875.000	10428.000
1.560	10576.000	14315.178	862.000	10576.000
1.570	10726.000	14520.625	844.000	10726.000
1.580	10878.000	14724.437	817.000	10878.000
1.590	11032.000	14927.106	778.000	11032.000
1.600	11185.000	15038.974	776.000	11185.000
1.610	11339.000	15147.282	746.000	11339.000
1.620	11494.000	15253.097	695.000	11494.000
1.630	11649.000	15327.168	645.000	11649.000
1.640	11802.000	15319.018	624.000	11802.000
1.650	11954.000	15283.312	593.000	11954.000
1.660	12105.000	15228.319	554.000	12105.000
1.670	12255.000	15159.823	509.000	12255.000
1.680	12404.000	15081.876	464.000	12404.000
1.690	12551.000	14967.313	439.000	12551.000
1.700	12697.000	14857.119	409.000	12697.000
1.710	12841.000	14719.984	398.000	12841.000
1.720	12985.000	14623.988	367.000	12985.000
1.730	13129.000	14556.792	335.000	13129.000
1.740	13273.000	14509.754	311.000	13273.000
1.750	13417.000	14476.828	299.000	13417.000
1.760	13561.000	14453.780	298.000	13561.000
1.770	13707.000	14497.646	273.000	13707.000
1.780	13852.000	14498.352	295.000	13852.000
1.790	13999.000	14558.846	287.000	13999.000
1.800	14146.000	14601.192	303.000	14146.000
1.810	14294.000	14660.835	312.000	14294.000
1.820	14442.000	14702.584	333.000	14442.000
1.830	14589.000	14701.809	374.000	14589.000
1.840	14739.000	14791.266	351.000	14739.000
1.850	14889.000	14853.886	350.000	14889.000
1.860	15037.000	14837.720	391.000	15037.000
1.870	15186.000	14856.404	393.000	15186.000
1.880	15333.000	14809.483	426.000	15333.000
1.890	15480.000	14776.638	435.000	15480.000
1.900	15626.000	14723.647	447.000	15626.000
1.910	15770.000	14626.553	476.000	15770.000
1.920	15915.000	14588.587	461.000	15915.000
1.930	16058.000	14502.011	479.000	16058.000
1.940	16200.000	14411.408	495.000	16200.000
1.950	16343.000	14377.985	479.000	16343.000
1.960	16484.000	14294.590	504.000	16484.000
1.970	16627.000	14296.213	480.000	16627.000
1.980	16770.000	14297.349	475.000	16770.000
1.990	16913.000	14298.144	482.000	16913.000
2.000	17058.000	14358.701	463.000	17058.000
2.010	17204.000	14431.091	721.000	17204.000
2.020	17352.000	14541.763	867.000	17352.000
2.030	17500.000	14619.234	976.000	17500.000
2.040	17650.000	14733.464	1020.000	17650.000
2.050	17802.000	14873.425	1028.000	17802.000
2.060	17953.000	14941.397	1066.000	17953.000
2.070	18106.000	15048.978	1060.000	18106.000
2.080	18258.000	15094.285	1082.000	18258.000
2.090	18411.000	15155.999	1076.000	18411.000
2.100	18564.000	15199.200	1070.000	18564.000
2.110	18718.000	15259.440	1041.000	18718.000
2.120	18872.000	15301.608	1013.000	18872.000
2.130	19026.000	15331.125	978.000	19026.000
2.140	19179.000	15321.788	950.000	19179.000
2.150	19333.000	15345.251	882.000	19333.000
2.160	19487.000	15361.676	806.000	19487.000
2.170	19641.000	15373.173	720.000	19641.000
2.180	19796.000	15411.221	606.000	19796.000
2.190	19952.000	15467.855	477.000	19952.000
2.200	20109.000	15537.498	339.000	20109.000
2.210	20269.000	15676.249	161.000	20269.000
2.220	20428.000	15743.374	37.000	20428.000
2.230	20588.000	15820.362	-100.000	20588.000
2.240	20751.000	15964.253	-275.000	20751.000
2.250	20912.000	16004.977	-378.000	20912.000
2.260	21073.000	16033.484	-482.000	21073.000
2.270	21235.000	16083.439	-601.000	21235.000
2.280	21396.000	16088.407	-685.000	21396.000
2.290	21555.000	16031.885	-730.000	21555.000
2.300	21713.000	15962.320	-768.000	21713.000
2.310	21869.000	15853.624	-778.000	21869.000
2.320	22022.000	15687.537	-748.000	22022.000
2.330	22171.000	15451.276	-674.000	22171.000
2.340	22316.000	15165.893	-573.000	22316.000
2.350	22457.000	14846.125	-449.000	22457.000
2.360	22593.000	14472.288	-288.000	22593.000
2.370	22724.000	14060.601	-101.000	22724.000
2.380	22852.000	13682.421	73.000	22852.000
2.390	22977.000	13327.695	255.000	22977.000
2.400	23099.000	12989.386	452.000	23099.000
2.410	23218.000	12662.570	666.000	23218.000
2.420	23338.000	12463.799	828.000	23338.000
2.430	23457.000	12294.659	1011.000	23457.000
2.440	23577.000	12206.262	1172.000	23577.000
2.450	23699.000	12204.383	1310.000	23699.000
2.460	23823.000	12263.068	1437.000	23823.000
2.470	23951.000	12424.148	1519.000	23951.000
2.480	24082.000	12626.903	1590.000	24082.000
2.490	24217.000	12888.832	1629.000	24217.000
2.500	24357.000	13222.183	1621.000	24357.000
2.510	24501.000	13575.528	1593.000	24501.000
2.520	24650.000	13972.870	1521.000	24650.000
2.530	24802.000	14341.009	1444.000	24802.000
2.540	24959.000	14748.706	1311.000	24959.000
2.550	25119.000	15124.094	1168.000	25119.000
2.560	25281.000	15446.866	1020.000	25281.000
2.570	25444.000	15702.806	870.000	25444.000
2.580	25608.000	15911.964	702.000	25608.000
2.590	25771.000	16028.375	551.000	25771.000
2.600	25937.000	16199.863	330.000	25937.000
2.610	26096.000	16109.904	248.000	26096.000
2.620	26255.000	16046.933	106.000	26255.000
2.630	26412.000	15942.853	-24.000	26412.000
2.640	26564.000	15719.997	-87.000	26564.000
2.650	26715.000	15533.998	-178.000	26715.000
2.660	26863.000	15313.799	-229.000	26863.000
2.670	27007.000	15039.659	-225.000	27007.000
2.680	27148.000	14757.761	-196.000	27148.000
2.690	27288.000	14530.433	-170.000	27288.000
2.700	27426.000	14311.303	-106.000	27426.000
2.710	27565.000	14187.912	-57.000	27565.000
2.720	27700.000	13981.538	90.000	27700.000
2.730	27838.000	13927.077	173.000	27838.000
2.740	27975.000	13858.954	308.000	27975.000
2.750	28114.000	13871.268	421.000	28114.000
2.760	28254.000	13909.887	545.000	28254.000
2.770	28394.000	13936.921	689.000	28394.000
2.780	28536.000	14015.845	800.000	28536.000
2.790	28679.000	14101.091	904.000	28679.000
2.800	28823.000	14190.764	991.000	28823.000
2.810	28968.000	14283.535	1055.000	28968.000
2.820	29113.000	14348.474	1109.000	29113.000
2.830	29259.000	14423.932	1124.000	29259.000
2.840	29405.000	14476.752	1121.000	29405.000
2.850	29552.000	14543.727	1077.000	29552.000
2.860	29699.000	14590.609	1018.000	29699.000
2.870	29846.000	14623.426	942.000	29846.000
2.880	29994.000	14676.398	832.000	29994.000
2.890	30141.000	14683.479	736.000	30141.000
2.900	30289.000	14718.435	608.000	30289.000
2.910	30437.000	14742.905	483.000	30437.000
2.920	30585.000	14760.033	363.000	30585.000
2.930	30734.000	14802.023	233.000	30734.000
2.940	30883.000	14831.416	123.000	30883.000
2.950	31033.000	14881.991	16.000	31033.000
2.960	31184.000	14947.394	-80.000	31184.000
2.970	31334.000	14963.176	-124.000	31334.000
2.980	31485.000	15004.223	-170.000	31485.000
2.990	31636.000	15032.956	-188.000	31636.000
3.000	31786.000	15023.069	-167.000	31786.000
3.010	31936.000	15016.149	-137.000	31936.000
3.020	32084.000	14951.304	-62.000	32084.000
3.030	32230.000	14845.913	39.000	32230.000
3.040	32375.000	14742.139	137.000	32375.000
3.050	32518.000	14609.497	254.000	32518.000
3.060	32659.000	14456.648	384.000	32659.000
3.070	32798.000	14289.654	519.000	32798.000
3.080	32934.000	14082.758	674.000	32934.000
3.090	33069.000	13907.930	802.000	33069.000
3.100	33203.000	13755.551	917.000	33203.000
3.110	33337.000	13648.886	1008.000	33337.000
3.120	33470.000	13544.220	1105.000	33470.000
3.130	33603.000	13470.954	1183.000	33603.000
3.140	33738.000	13479.668	1215.000	33738.000
3.150	33874.000	13515.767	1239.000	33874.000
3.160	34013.000	13631.037	1219.000	34013.000
3.170	34155.000	13801.726	1175.000	34155.000
3.180	34300.000	14011.208	1114.000	34300.000
3.190	34449.000	14277.846	1020.000	34449.000
3.200	34601.000	14554.492	919.000	34601.000
3.210	34757.000	14868.144	789.000	34757.000
3.220	34914.000	15117.701	687.000	34914.000
3.230	35074.000	15382.391	551.000	35074.000
3.240	35237.000	15657.674	389.000	35237.000
3.250	35399.000	15820.371	278.000	35399.000
3.260	35560.000	15904.260	179.000	35560.000
3.270	35723.000	16022.982	27.000	35723.000
3.280	35883.000	16016.087	-63.000	35883.000
3.290	36041.000	15951.261	-143.000	36041.000
3.300	36197.000	15845.883	-216.000	36197.000
3.310	36350.000	15682.118	-261.000	36350.000
3.320	36499.000	15447.483	-267.000	36499.000
3.330	36645.000	15193.238	-261.000	36645.000
3.340	36787.000	14895.266	-218.000	36787.000
3.350	36926.000	14596.687	-160.000	36926.000
3.360	37062.000	14297.681	-78.000	37062.000
3.370	37195.000	13998.376	32.000	37195.000
3.380	37326.000	13728.863	154.000	37326.000
3.390	37456.000	13510.204	280.000	37456.000
3.400	37586.000	13357.143	406.000	37586.000
3.410	37716.000	13250.000	544.000	37716.000
3.420	37849.000	13265.000	645.000	37849.000
3.430	37983.000	13305.500	772.000	37983.000
3.440	38119.000	13393.850	893.000	38119.000
3.450	38259.000	13575.695	973.000	38259.000
3.460	38401.000	13762.987	1062.000	38401.000
3.470	38547.000	14014.091	1108.000	38547.000
3.480	38694.000	14219.863	1172.000	38694.000
3.490	38844.000	14453.904	1188.000	38844.000
3.500	38998.000	14737.733	1145.000	38998.000
3.510	39154.000	14996.413	1092.000	39154.000
3.520	39311.000	15207.489	1031.000	39311.000
3.530	39469.000	15385.242	946.000	39469.000
3.540	39628.000	15539.670	832.000	39628.000
3.550	39786.000	15617.769	723.000	39786.000
3.560	39943.000	15642.438	603.000	39943.000
3.570	40099.000	15629.707	469.000	40099.000
3.580	40251.000	15500.795	375.000	40251.000
3.590	40403.000	15410.556	227.000	40403.000
3.600	40552.000	15257.389	113.000	40552.000
3.610	40700.000	15120.173	-10.000	40700.000
3.620	40845.000	14934.121	-90.000	40845.000
3.630	40988.000	14743.885	-152.000	40988.000
3.640	41130.000	14580.719	-204.000	41130.000
3.650	41270.000	14406.503	-215.000	41270.000
3.660	41410.000	14284.552	-222.000	41410.000
3.670	41548.000	14139.187	-172.000	41548.000
3.680	41685.000	14007.431	-96.000	41685.000
3.690	41823.000	13945.201	-27.000	41823.000
3.700	41961.000	13901.641	72.000	41961.000
3.710	42099.000	13871.149	195.000	42099.000
3.720	42238.000	13879.804	320.000	42238.000
3.730	42377.000	13885.863	467.000	42377.000
3.740	42516.000	13890.104	623.000	42516.000
3.750	42656.000	13923.073	763.000	42656.000
3.760	42796.000	13946.151	905.000	42796.000
3.770	42937.000	13992.306	1022.000	42937.000
3.780	43077.000	13994.614	1150.000	43077.000
3.790	43217.000	13996.230	1252.000	43217.000
3.800	43358.000	14027.361	1310.000	43358.000
3.810	43499.000	14049.153	1352.000	43499.000
3.820	43641.000	14094.407	1356.000	43641.000
3.830	43785.000	14186.085	1314.000	43785.000
3.840	43929.000	14250.259	1275.000	43929.000
3.850	44075.000	14355.182	1193.000	44075.000
3.860	44222.000	14458.627	1100.000	44222.000
3.870	44373.000	14651.039	944.000	44373.000
3.880	44524.000	14785.727	825.000	44524.000
3.890	44677.000	14940.009	682.000	44677.000
3.900	44833.000	15138.006	509.000	44833.000
3.910	44989.000	15276.604	372.000	44989.000
3.920	45147.000	15433.623	217.000	45147.000
3.930	45306.000	15573.536	72.000	45306.000
3.940	45466.000	15701.475	-66.000	45466.000
3.950	45626.000	15791.033	-180.000	45626.000
3.960	45784.000	15793.723	-244.000	45784.000
3.970	45942.000	15795.606	-316.000	45942.000
3.980	46097.000	15706.924	-334.000	46097.000
3.990	46250.000	15584.847	-338.000	46250.000
4.000	46400.000	15409.393	-311.000	46400.000
4.010	46545.000	15136.575	-227.000	46545.000
4.020	46688.000	14885.603	-161.000	46688.000
4.030	46827.000	14589.922	-57.000	46827.000
4.040	46962.000	14262.945	76.000	46962.000
4.050	47096.000	14004.062	182.000	47096.000
4.060	47225.000	13672.843	357.000	47225.000
4.070	47354.000	13440.990	488.000	47354.000
4.080	47481.000	13218.693	643.000	47481.000
4.090	47608.000	13063.085	783.000	47608.000
4.100	47735.000	12954.160	922.000	47735.000
4.110	47865.000	12967.912	1014.000	47865.000
4.120	47996.000	13007.538	1120.000	47996.000
4.130	48130.000	13125.277	1197.000	48130.000
4.140	48269.000	13357.694	1220.000	48269.000
4.150	48412.000	13640.386	1229.000	48412.000
4.160	48558.000	13928.270	1238.000	48558.000
4.170	48710.000	14309.789	1179.000	48710.000
4.180	48866.000	14696.852	1109.000	48866.000
4.190	49026.000	15087.797	1016.000	49026.000
4.200	49189.000	15451.458	909.000	49189.000
4.210	49355.000	15796.020	775.000	49355.000
4.220	49521.000	16037.214	661.000	49521.000
4.230	49689.000	16266.050	502.000	49689.000
4.240	49855.000	16366.235	376.000	49855.000
4.250	50022.000	16466.364	200.000	50022.000
4.260	50185.000	16416.455	81.000	50185.000
4.270	50346.000	16321.519	-51.000	50346.000
4.280	50503.000	16135.063	-155.000	50503.000
4.290	50656.000	15884.544	-239.000	50656.000
4.300	50806.000	15619.181	-322.000	50806.000
4.310	50950.000	15253.427	-336.000	50950.000
4.320	51091.000	14907.399	-354.000	51091.000
4.330	51228.000	14545.179	-335.000	51228.000
4.340	51362.000	14201.625	-292.000	51362.000
4.350	51493.000	13871.138	-214.000	51493.000
4.360	51622.000	13579.796	-114.000	51622.000
4.370	51750.000	13345.857	3.000	51750.000
4.380	51878.000	13182.100	130.000	51878.000
4.390	52008.000	13127.470	247.000	52008.000
4.400	52138.000	13089.229	410.000	52138.000
4.410	52269.000	13092.460	583.000	52269.000
4.420	52404.000	13214.722	713.000	52404.000
4.430	52541.000	13360.306	857.000	52541.000
4.440	52681.000	13552.214	984.000	52681.000
4.450	52823.000	13746.550	1109.000	52823.000
4.460	52969.000	14002.585	1183.000	52969.000
4.470	53116.000	14211.809	1267.000	53116.000
4.480	53266.000	14448.267	1299.000	53266.000
4.490	53417.000	14643.787	1320.000	53417.000
4.500	53571.000	14870.651	1277.000	53571.000
4.510	53726.000	15059.455	1220.000	53726.000
4.520	53881.000	15191.619	1153.000	53881.000
4.530	54038.000	15344.133	1028.000	54038.000
4.540	54194.000	15420.893	915.000	54194.000
4.550	54350.000	15474.625	776.000	54350.000
4.560	54505.000	15482.238	636.000	54505.000
4.570	54659.000	15457.566	489.000	54659.000
4.580	54812.000	15410.296	339.000	54812.000
4.590	54966.000	15407.208	157.000	54966.000
4.600	55118.000	15345.045	22.000	55118.000
4.610	55269.000	15271.532	-98.000	55269.000
4.620	55421.000	15250.072	-233.000	55421.000
4.630	55572.000	15205.051	-324.000	55572.000
4.640	55722.000	15143.535	-378.000	55722.000
4.650	55870.000	15040.475	-384.000	55870.000
4.660	56018.000	14968.332	-389.000	56018.000
4.670	56163.000	14827.833	-328.000	56163.000
4.680	56306.000	14669.483	-243.000	56306.000
4.690	56448.000	14528.638	-154.000	56448.000
4.700	56588.000	14370.047	-36.000	56588.000
4.710	56726.000	14199.033	104.000	56726.000
4.720	56862.000	14019.323	259.000	56862.000
4.730	56996.000	13833.526	426.000	56996.000
4.740	57128.000	13643.468	601.000	57128.000
4.750	57259.000	13480.428	764.000	57259.000
4.760	57388.000	13306.299	937.000	57388.000
4.770	57516.000	13154.410	1095.000	57516.000
4.780	57644.000	13048.087	1225.000	57644.000
4.790	57772.000	12973.661	1339.000	57772.000
4.800	57902.000	12981.562	1407.000	57902.000
4.810	58034.000	13047.094	1448.000	58034.000
4.820	58168.000	13152.966	1472.000	58168.000
4.830	58304.000	13287.076	1481.000	58304.000
4.840	58445.000	13530.953	1420.000	58445.000
4.850	58590.000	13821.667	1338.000	58590.000
4.860	58739.000	14145.167	1237.000	58739.000
4.870	58891.000	14461.617	1133.000	58891.000
4.880	59048.000	14833.132	981.000	59048.000
4.890	59208.000	15183.192	831.000	59208.000
4.900	59371.000	15518.235	669.000	59371.000
4.910	59536.000	15812.764	509.000	59536.000
4.920	59702.000	16048.935	355.000	59702.000
4.930	59868.000	16214.254	213.000	59868.000
4.940	60036.000	16389.978	35.000	60036.000
4.950	60202.000	16452.985	-92.000	60202.000
4.960	60365.000	16407.089	-180.000	60365.000
4.970	60526.000	16314.962	-267.000	60526.000
4.980	60683.000	16130.474	-313.000	60683.000
4.990	60835.000	15851.332	-317.000	60835.000
5.000	60983.000	15535.932	-310.000	60983.000
5.010	61126.000	15165.152	-267.000	61126.000
5.020	61263.000	14725.607	-175.000	61263.000
5.030	61396.000	14297.925	-80.000	61396.000
5.040	61526.000	13908.547	20.000	61526.000
5.050	61653.000	13545.983	142.000	61653.000
5.060	61778.000	13232.188	278.000	61778.000
5.070	61901.000	12952.532	439.000	61901.000
5.080	62023.000	12726.772	608.000	62023.000
5.090	62146.000	12598.741	759.000	62146.000
5.100	62270.000	12539.118	911.000	62270.000
5.110	62397.000	12587.383	1033.000	62397.000
5.120	62527.000	12711.168	1144.000	62527.000
5.130	62661.000	12917.818	1230.000	62661.000
5.140	62800.000	13212.472	1279.000	62800.000
5.150	62944.000	13568.731	1302.000	62944.000
5.160	63091.000	13908.111	1330.000	63091.000
5.170	63244.000	14325.678	1289.000	63244.000
5.180	63400.000	14707.975	1247.000	63400.000
5.190	63560.000	15095.582	1163.000	63560.000
5.200	63722.000	15426.908	1071.000	63722.000
5.210	63887.000	15748.835	935.000	63887.000
5.220	64052.000	15974.185	809.000	64052.000
5.230	64217.000	16131.929	668.000	64217.000
5.240	64382.000	16242.351	504.000	64382.000
5.250	64546.000	16289.645	337.000	64546.000
5.260	64708.000	16262.752	180.000	64708.000
5.270	64868.000	16183.926	27.000	64868.000
5.280	65025.000	16038.748	-103.000	65025.000
5.290	65180.000	15877.124	-231.000	65180.000
5.300	65332.000	15673.987	-327.000	65332.000
5.310	65480.000	15411.791	-375.000	65480.000
5.320	65626.000	15168.253	-418.000	65626.000
5.330	65770.000	14937.777	-437.000	65770.000
5.340	65910.000	14656.444	-389.000	65910.000
5.350	66050.000	14459.511	-358.000	66050.000
5.360	66188.000	14261.658	-279.000	66188.000
5.370	66326.000	14123.160	-193.000	66326.000
5.380	66462.000	13966.212	-53.000	66462.000
5.390	66599.000	13886.349	73.000	66599.000
5.400	66736.000	13830.444	219.000	66736.000
5.410	66872.000	13761.311	397.000	66872.000
5.420	67008.000	13712.918	570.000	67008.000
5.430	67144.000	13679.042	738.000	67144.000
5.440	67281.000	13685.330	880.000	67281.000
5.450	67418.000	13689.731	1017.000	67418.000
5.460	67555.000	13692.812	1141.000	67555.000
5.470	67692.000	13694.968	1245.000	67692.000
5.480	67831.000	13756.478	1291.000	67831.000
5.490	67971.000	13829.534	1316.000	67971.000
5.500	68112.000	13910.674	1317.000	68112.000
5.510	68255.000	14027.472	1279.000	68255.000
5.520	68400.000	14169.230	1211.000	68400.000
5.530	68546.000	14298.461	1137.000	68546.000
5.540	68694.000	14448.923	1032.000	68694.000
5.550	68846.000	14674.246	873.000	68846.000
5.560	68998.000	14831.972	753.000	68998.000
5.570	69153.000	15032.381	594.000	69153.000
5.580	69307.000	15142.666	483.000	69307.000
5.590	69466.000	15369.866	288.000	69466.000
5.600	69625.000	15528.907	144.000	69625.000
5.610	69786.000	15700.235	-8.000	69786.000
5.620	69947.000	15820.164	-125.000	69947.000
5.630	70108.000	15904.115	-223.000	70108.000
5.640	70269.000	15962.880	-306.000	70269.000
5.650	70428.000	15944.016	-343.000	70428.000
5.660	70584.000	15840.811	-336.000	70584.000
5.670	70738.000	15708.568	-322.000	70738.000
5.680	70888.000	15495.998	-264.000	70888.000
5.690	71035.000	15257.198	-196.000	71035.000
5.700	71178.000	14970.039	-97.000	71178.000
5.710	71317.000	14649.027	24.000	71317.000
5.720	71452.000	14304.319	165.000	71452.000
5.730	71584.000	13973.023	307.000	71584.000
5.740	71712.000	13621.116	476.000	71712.000
5.750	71839.000	13344.781	614.000	71839.000
5.760	71963.000	13061.347	781.000	71963.000
5.770	72086.000	12832.943	934.000	72086.000
5.780	72209.000	12673.060	1067.000	72209.000
5.790	72333.000	12591.142	1178.000	72333.000
5.800	72460.000	12623.799	1247.000	72460.000
5.810	72589.000	12706.660	1314.000	72589.000
5.820	72723.000	12914.662	1326.000	72723.000
5.830	72859.000	13120.263	1359.000	72859.000
5.840	73002.000	13474.184	1305.000	73002.000
5.850	73149.000	13841.929	1253.000	73149.000
5.860	73301.000	14249.350	1171.000	73301.000
5.870	73456.000	14624.545	1094.000	73456.000
5.880	73614.000	14977.182	999.000	73614.000
5.890	73777.000	15374.027	843.000	73777.000
5.900	73942.000	15711.819	695.000	73942.000
5.910	74108.000	15978.273	553.000	74108.000
5.920	74274.000	16164.791	416.000	74274.000
5.930	74440.000	16295.354	268.000	74440.000
5.940	74604.000	16326.748	143.000	74604.000
5.950	74765.000	16258.723	39.000	74765.000
5.960	74924.000	16151.106	-72.000	74924.000
5.970	75079.000	15955.774	-147.000	75079.000
5.980	75228.000	15639.042	-163.000	75228.000
5.990	75373.000	15297.329	-177.000	75373.000
6.000	75515.000	14968.131	-192.000	75515.000
6.010	75653.000	14617.691	-168.000	75653.000
6.020	75789.000	14312.384	-139.000	75789.000
6.030	75921.000	13978.669	-49.000	75921.000
6.040	76053.000	13745.068	21.000	76053.000
6.050	76183.000	13521.548	140.000	76183.000
6.060	76313.000	13365.083	264.000	76313.000
6.070	76443.000	13255.558	405.000	76443.000
6.080	76575.000	13238.891	532.000	76575.000
6.090	76708.000	13257.224	676.000	76708.000
6.100	76844.000	13360.057	795.000	76844.000
6.110	76982.000	13492.040	918.000	76982.000
6.120	77122.000	13644.428	1035.000	77122.000
6.130	77265.000	13841.099	1119.000	77265.000
6.140	77411.000	14068.770	1173.000	77411.000
6.150	77559.000	14288.139	1214.000	77559.000
6.160	77708.000	14471.697	1244.000	77708.000
6.170	77859.000	14660.188	1230.000	77859.000
6.180	78010.000	14792.132	1209.000	78010.000
6.190	78163.000	14944.492	1130.000	78163.000
6.200	78315.000	15021.144	1059.000	78315.000
6.210	78468.000	15104.801	942.000	78468.000
6.220	78620.000	15133.361	827.000	78620.000
6.230	78772.000	15153.353	689.000	78772.000
6.240	78923.000	15137.347	553.000	78923.000
6.250	79074.000	15126.143	402.000	79074.000
6.260	79227.000	15178.300	215.000	79227.000
6.270	79377.000	15124.810	109.000	79377.000
6.280	79528.000	15117.367	-21.000	79528.000
6.290	79680.000	15142.157	-149.000	79680.000
6.300	79832.000	15159.510	-242.000	79832.000
6.310	79982.000	15111.657	-272.000	79982.000
6.320	80133.000	15108.160	-313.000	80133.000
6.330	80286.000	15165.712	-360.000	80286.000
6.340	80436.000	15115.998	-311.000	80436.000
6.350	80587.000	15111.199	-278.000	80587.000
6.360	80737.000	15077.839	-208.000	80737.000
6.370	80885.000	14994.487	-99.000	80885.000
6.380	81032.000	14906.141	14.000	81032.000
6.390	81177.000	14784.299	148.000	81177.000
6.400	81320.000	14639.009	291.000	81320.000
6.410	81462.000	14507.306	420.000	81462.000
6.420	81600.000	14295.115	592.000	81600.000
6.430	81736.000	14086.580	744.000	81736.000
6.440	81871.000	13910.606	864.000	81871.000
6.450	82005.000	13757.424	968.000	82005.000
6.460	82137.000	13590.197	1077.000	82137.000
6.470	82269.000	13473.138	1150.000	82269.000
6.480	82402.000	13421.197	1185.000	82402.000
6.490	82536.000	13414.838	1200.000	82536.000
6.500	82673.000	13500.386	1169.000	82673.000
6.510	82810.000	13560.270	1165.000	82810.000
6.520	82951.000	13722.189	1099.000	82951.000
6.530	83095.000	13925.533	1016.000	83095.000
6.540	83244.000	14217.873	887.000	83244.000
6.550	83394.000	14452.511	802.000	83394.000
6.560	83549.000	14766.758	659.000	83549.000
6.570	83706.000	15046.730	535.000	83706.000
6.580	83865.000	15302.711	412.000	83865.000
6.590	84028.000	15601.898	248.000	84028.000
6.600	84191.000	15811.329	131.000	84191.000
6.610	84355.000	15987.930	12.000	84355.000
6.620	84518.000	16081.551	-76.000	84518.000
6.630	84680.000	16117.086	-154.000	84680.000
6.640	84839.000	16051.960	-194.000	84839.000
6.650	84994.000	15886.372	-197.000	84994.000
6.660	85146.000	15680.460	-200.000	85146.000
6.670	85294.000	15416.322	-176.000	85294.000
6.680	85438.000	15111.426	-131.000	85438.000
6.690	85576.000	14717.998	-30.000	85576.000
6.700	85712.000	14382.599	41.000	85712.000
6.710	85845.000	14057.819	133.000	85845.000
6.720	85974.000	13710.473	269.000	85974.000
6.730	86100.000	13377.331	422.000	86100.000
6.740	86228.000	13204.132	512.000	86228.000
6.750	86354.000	13022.892	658.000	86354.000
6.760	86481.000	12926.025	789.000	86481.000
6.770	86609.000	12888.217	919.000	86609.000
6.780	86740.000	12951.752	1018.000	86740.000
6.790	86874.000	13086.226	1103.000	86874.000
6.800	87012.000	13300.359	1161.000	87012.000
6.810	87154.000	13570.251	1199.000	87154.000
6.820	87301.000	13909.176	1199.000	87301.000
6.830	87453.000	14296.423	1168.000	87453.000
6.840	87607.000	14627.496	1156.000	87607.000
6.850	87764.000	14949.247	1112.000	87764.000
6.860	87923.000	15234.473	1047.000	87923.000
6.870	88084.000	15494.131	949.000	88084.000
6.880	88246.000	15705.892	832.000	88246.000
6.890	88405.000	15764.124	756.000	88405.000
6.900	88564.000	15804.887	628.000	88564.000
6.910	88721.000	15773.421	500.000	88721.000
6.920	88876.000	15691.395	364.000	88876.000
6.930	89029.000	15573.976	226.000	89029.000
6.940	89177.000	15341.783	143.000	89177.000
6.950	89323.000	15119.248	40.000	89323.000
6.960	89465.000	14843.474	-24.000	89465.000
6.970	89605.000	14590.432	-87.000	89605.000
6.980	89743.000	14353.302	-128.000	89743.000
6.990	89880.000	14157.312	-153.000	89880.000
7.000	90014.000	13930.118	-112.000	90014.000
7.010	90149.000	13801.083	-87.000	90149.000
7.020	90284.000	13710.758	-30.000	90284.000
7.030	90420.000	13677.530	46.000	90420.000
7.040	90557.000	13684.271	146.000	90557.000
7.050	90698.000	13808.990	219.000	90698.000
7.060	90839.000	13896.293	358.000	90839.000
7.070	90981.000	13987.405	510.000	90981.000
7.080	91125.000	14111.184	646.000	91125.000
7.090	91270.000	14227.828	784.000	91270.000
7.100	91417.000	14369.480	894.000	91417.000
7.110	91564.000	14468.636	1011.000	91564.000
7.120	91711.000	14538.045	1113.000	91711.000
7.130	91858.000	14586.632	1190.000	91858.000
7.140	92006.000	14650.642	1218.000	92006.000
7.150	92154.000	14695.449	1226.000	92154.000
7.160	92300.000	14666.815	1241.000	92300.000
7.170	92447.000	14676.770	1192.000	92447.000
7.180	92592.000	14623.739	1154.000	92592.000
7.190	92738.000	14616.617	1058.000	92738.000
7.200	92883.000	14581.632	964.000	92883.000
7.210	93028.000	14557.143	850.000	93028.000
7.220	93175.000	14600.000	692.000	93175.000
7.230	93322.000	14630.000	554.000	93322.000
7.240	93471.000	14711.000	394.000	93471.000
7.250	93621.000	14797.700	250.000	93621.000
7.260	93773.000	14918.390	103.000	93773.000
7.270	93927.000	15062.873	-35.000	93927.000
7.280	94082.000	15194.011	-144.000	94082.000
7.290	94238.000	15315.808	-230.000	94238.000
7.300	94394.000	15401.065	-283.000	94394.000
7.310	94550.000	15460.746	-315.000	94550.000
7.320	94705.000	15472.522	-315.000	94705.000
7.330	94861.000	15510.765	-329.000	94861.000
7.340	95013.000	15417.536	-258.000	95013.000
7.350	95164.000	15322.275	-198.000	95164.000
7.360	95311.000	15135.593	-86.000	95311.000
7.370	95455.000	14914.915	33.000	95455.000
7.380	95595.000	14640.440	176.000	95595.000
7.390	95733.000	14388.308	300.000	95733.000
7.400	95867.000	14091.816	454.000	95867.000
7.410	95997.000	13764.271	626.000	95997.000
7.420	96125.000	13474.990	775.000	96125.000
7.430	96252.000	13242.493	901.000	96252.000
7.440	96377.000	13019.745	1039.000	96377.000
7.450	96504.000	12923.821	1117.000	96504.000
7.460	96631.000	12856.675	1207.000	96631.000
7.470	96762.000	12929.673	1236.000	96762.000
7.480	96896.000	13070.771	1255.000	96896.000
7.490	97035.000	13319.540	1233.000	97035.000
7.500	97178.000	13613.678	1206.000	97178.000
7.510	97326.000	13969.574	1149.000	97326.000
7.520	97479.000	14368.702	1068.000	97479.000
7.530	97638.000	14828.091	944.000	97638.000
7.540	97801.000	15269.664	821.000	97801.000
7.550	97967.000	15668.765	697.000	97967.000
7.560	98136.000	16038.135	553.000	98136.000
7.570	98307.000	16356.695	400.000	98307.000
7.580	98478.000	16579.686	259.000	98478.000
7.590	98648.000	16705.780	126.000	98648.000
7.600	98816.000	16734.046	1.000	98816.000
7.610	98980.000	16633.832	-94.000	98980.000
7.620	99140.000	16443.683	-180.000	99140.000
7.630	99295.000	16160.578	-244.000	99295.000
7.640	99443.000	15752.405	-257.000	99443.000
7.650	99586.000	15316.683	-271.000	99586.000
7.660	99724.000	14861.678	-268.000	99724.000
7.670	99858.000	14423.175	-252.000	99858.000
7.680	99987.000	13966.222	-185.000	99987.000
7.690	100113.000	13556.356	-103.000	100113.000
7.700	100236.000	13179.449	13.000	100236.000
7.710	100360.000	12945.614	103.000	100360.000
7.720	100484.000	12781.930	226.000	100484.000
7.730	100610.000	12727.351	352.000	100610.000
7.740	100737.000	12719.146	513.000	100737.000
7.750	100869.000	12863.402	632.000	100869.000
7.760	101003.000	13024.381	790.000	101003.000
7.770	101142.000	13287.067	910.000	101142.000
7.780	101284.000	13560.947	1040.000	101284.000
7.790	101432.000	13932.663	1108.000	101432.000
7.800	101583.000	14282.864	1182.000	101583.000
7.810	101739.000	14678.005	1201.000	101739.000
7.820	101897.000	15014.603	1221.000	101897.000
7.830	102057.000	15310.222	1214.000	102057.000
7.840	102218.000	15547.156	1182.000	102218.000
7.850	102380.000	15743.009	1109.000	102380.000
7.860	102540.000	15820.106	1045.000	102540.000
7.870	102699.000	15844.074	942.000	102699.000
7.880	102856.000	15800.852	822.000	102856.000
7.890	103011.000	15710.596	681.000	103011.000
7.900	103164.000	15587.418	525.000	103164.000
7.910	103314.000	15411.192	381.000	103314.000
7.920	103462.000	15227.835	230.000	103462.000
7.930	103608.000	15039.484	87.000	103608.000
7.940	103751.000	14817.639	-20.000	103751.000
7.950	103894.000	14662.347	-143.000	103894.000
7.960	104035.000	14493.643	-217.000	104035.000
7.970	104175.000	14345.550	-264.000	104175.000
7.980	104315.000	14241.885	-294.000	104315.000
7.990	104455.000	14169.320	-293.000	104455.000
8.000	104596.000	14148.524	-275.000	104596.000
8.010	104738.000	14163.967	-230.000	104738.000
8.020	104881.000	14204.777	-158.000	104881.000
8.030	105025.000	14263.344	-61.000	105025.000
8.040	105168.000	14274.341	87.000	105168.000
8.050	105312.000	14312.038	225.000	105312.000
8.060	105455.000	14308.427	391.000	105455.000
8.070	105597.000	14275.899	563.000	105597.000
8.080	105738.000	14223.129	729.000	105738.000
8.090	105877.000	14126.190	899.000	105877.000
8.100	106015.000	14028.333	1042.000	106015.000
8.110	106152.000	13929.833	1162.000	106152.000
8.120	106286.000	13770.883	1295.000	106286.000
8.130	106421.000	13689.618	1353.000	106421.000
8.140	106555.000	13602.733	1405.000	106555.000
8.150	106689.000	13541.913	1428.000	106689.000
8.160	106824.000	13529.339	1416.000	106824.000
8.170	106961.000	13580.537	1366.000	106961.000
8.180	107100.000	13676.376	1295.000	107100.000
8.190	107242.000	13833.463	1194.000	107242.000
8.200	107386.000	14003.424	1095.000	107386.000
8.210	107535.000	14272.397	941.000	107535.000
8.220	107688.000	14580.678	779.000	107688.000
8.230	107846.000	14946.475	593.000	107846.000
8.240	108008.000	15322.532	413.000	108008.000
8.250	108173.000	15675.773	249.000	108173.000
8.260	108341.000	16013.041	87.000	108341.000
8.270	108510.000	16279.129	-46.000	108510.000
8.280	108679.000	16465.390	-154.000	108679.000
8.290	108848.000	16595.773	-259.000	108848.000
8.300	109015.000	16627.041	-331.000	109015.000
8.310	109178.000	16528.929	-357.000	109178.000
8.320	109339.000	16400.250	-398.000	109339.000
8.330	109493.000	16100.175	-355.000	109493.000
8.340	109642.000	15740.123	-307.000	109642.000
8.350	109784.000	15278.086	-213.000	109784.000
8.360	109920.000	14774.660	-106.000	109920.000
8.370	110050.000	14242.262	22.000	110050.000
8.380	110175.000	13719.583	159.000	110175.000
8.390	110296.000	13233.708	303.000	110296.000
8.400	110414.000	12803.596	455.000	110414.000
8.410	110529.000	12412.517	630.000	110529.000
8.420	110645.000	12168.762	767.000	110645.000
8.430	110761.000	11998.133	921.000	110761.000
8.440	110880.000	11968.693	1046.000	110880.000
8.450	111003.000	12068.085	1151.000	111003.000
8.460	111132.000	12317.660	1218.000	111132.000
8.470	111266.000	12642.362	1285.000	111266.000
8.480	111407.000	13079.653	1312.000	111407.000
8.490	111554.000	13565.757	1326.000	111554.000
8.500	111709.000	14146.030	1280.000	111709.000
8.510	111868.000	14672.221	1254.000	111868.000
8.520	112033.000	15220.555	1175.000	112033.000
8.530	112201.000	15694.388	1094.000	112201.000
8.540	112356.000	15636.072	1249.000	112356.000
8.550	112528.000	16105.250	952.000	112528.000
8.560	112702.000	16493.675	696.000	112702.000
8.570	112874.000	16705.573	517.000	112874.000
8.580	113045.000	16823.901	341.000	113045.000
8.590	113212.000	16786.731	205.000	113212.000
8.600	113374.000	16610.711	95.000	113374.000
8.610	113532.000	16367.498	-25.000	113532.000
8.620	113685.000	16047.249	-130.000	113685.000
8.630	113831.000	15613.074	-182.000	113831.000
8.640	113973.000	15189.152	-248.000	113973.000
8.650	114112.000	14802.406	-313.000	114112.000
8.660	114247.000	14411.684	-332.000	114247.000
8.670	114379.000	14048.179	-317.000	114379.000
8.680	114509.000	13733.725	-273.000	114509.000
8.690	114639.000	13513.608	-220.000	114639.000
8.700	114769.000	13359.525	-134.000	114769.000
8.710	114900.000	13281.668	-25.000	114900.000
8.720	115034.000	13317.167	80.000	115034.000
8.730	115169.000	13372.017	234.000	115169.000
8.740	115306.000	13470.412	399.000	115306.000
8.750	115445.000	13599.288	569.000	115445.000
8.760	115587.000	13779.502	717.000	115587.000
8.770	115731.000	13965.651	863.000	115731.000
8.780	115877.000	14155.956	992.000	115877.000
8.790	116024.000	14319.169	1112.000	116024.000
8.800	116172.000	14463.418	1204.000	116172.000
8.810	116322.000	14624.393	1244.000	116322.000
8.820	116471.000	14707.075	1289.000	116471.000
8.830	116619.000	14734.953	1313.000	116619.000
8.840	116767.000	14754.467	1287.000	116767.000
8.850	116914.000	14738.127	1239.000	116914.000
8.860	117061.000	14726.689	1149.000	117061.000
8.870	117207.000	14688.682	1048.000	117207.000
8.880	117353.000	14662.077	919.000	117353.000
8.890	117500.000	14673.454	759.000	117500.000
8.900	117648.000	14711.418	590.000	117648.000
8.910	117798.000	14797.993	406.000	117798.000
8.920	117949.000	14888.595	243.000	117949.000
8.930	118103.000	15042.016	65.000	118103.000
8.940	118257.000	15149.411	-56.000	118257.000
8.950	118414.000	15314.588	-194.000	118414.000
8.960	118572.000	15460.212	-294.000	118572.000
8.970	118731.000	15592.148	-369.000	118731.000
8.980	118891.000	15714.504	-424.000	118891.000
8.990	119051.000	15800.153	-447.000	119051.000
9.000	119210.000	15830.107	-433.000	119210.000
9.010	119368.000	15821.075	-398.000	119368.000
9.020	119523.000	15724.752	-318.000	119523.000
9.030	119674.000	15537.327	-200.000	119674.000
9.040	119821.000	15286.129	-65.000	119821.000
9.050	119964.000	14990.290	76.000	119964.000
9.060	120102.000	14633.203	240.000	120102.000
9.070	120234.000	14203.242	432.000	120234.000
9.080	120362.000	13782.269	604.000	120362.000
9.090	120485.000	13337.589	789.000	120485.000
9.100	120606.000	12966.312	932.000	120606.000
9.110	120724.000	12616.418	1083.000	120724.000
9.120	120842.000	12371.493	1192.000	120842.000
9.130	120961.000	12230.045	1275.000	120961.000
9.140	121081.000	12161.032	1353.000	121081.000
9.150	121205.000	12232.722	1382.000	121205.000
9.160	121333.000	12402.905	1393.000	121333.000
9.170	121466.000	12672.034	1377.000	121466.000
9.180	121605.000	13040.424	1330.000	121605.000
9.190	121751.000	13508.297	1243.000	121751.000
9.200	121903.000	14015.808	1146.000	121903.000
9.210	122062.000	14581.065	1014.000	122062.000
9.220	122227.000	15156.746	867.000	122227.000
9.230	122395.000	15649.722	746.000	122395.000
9.240	122570.000	16204.805	546.000	122570.000
9.250	122745.000	16593.364	412.000	122745.000
9.260	122920.000	16865.355	287.000	122920.000
9.270	123094.000	17025.748	161.000	123094.000
9.280	123266.000	17078.024	36.000	123266.000
9.290	123434.000	16994.617	-65.000	123434.000
9.300	123597.000	16786.232	-143.000	123597.000
9.310	123754.000	16460.362	-195.000	123754.000
9.320	123905.000	16052.254	-229.000	123905.000
9.330	124050.000	15586.577	-243.000	124050.000
9.340	124188.000	15050.604	-213.000	124188.000
9.350	124321.000	14525.423	-175.000	124321.000
9.360	124448.000	13977.796	-91.000	124448.000
9.370	124572.000	13504.457	-9.000	124572.000
9.380	124693.000	13083.120	102.000	124693.000
9.390	124813.000	12758.184	220.000	124813.000
9.400	124934.000	12560.729	335.000	124934.000
9.410	125056.000	12452.510	473.000	125056.000
9.420	125180.000	12436.757	622.000	125180.000
9.430	125308.000	12545.730	754.000	125308.000
9.440	125440.000	12742.011	884.000	125440.000
9.450	125576.000	12999.408	1011.000	125576.000
9.460	125719.000	13389.585	1077.000	125719.000
9.470	125866.000	13782.710	1154.000	125866.000
9.480	126017.000	14177.897	1217.000	126017.000
9.490	126172.000	14574.528	1246.000	126172.000
9.500	126330.000	14942.169	1250.000	126330.000
9.510	126490.000	15259.519	1228.000	126490.000
9.520	126650.000	15481.663	1198.000	126650.000
9.530	126813.000	15727.164	1084.000	126813.000
9.540	126973.000	15809.015	1010.000	126973.000
9.550	127132.000	15836.310	897.000	127132.000
9.560	127291.000	15855.417	733.000	127291.000
9.570	127446.000	15748.792	606.000	127446.000
9.580	127598.000	15584.154	472.000	127598.000
9.590	127748.000	15408.908	319.000	127748.000
9.600	127895.000	15196.236	182.000	127895.000
9.610	128041.000	15017.365	33.000	128041.000
9.620	128184.000	14802.155	-69.000	128184.000
9.630	128327.000	14651.509	-181.000	128327.000
9.640	128469.000	14516.056	-254.000	128469.000
9.650	128612.000	14451.239	-320.000	128612.000
9.660	128756.000	14435.868	-357.000	128756.000
9.670	128901.000	14455.107	-358.000	128901.000
9.680	129048.000	14528.575	-339.000	129048.000
9.690	129195.000	14580.003	-262.000	129195.000
9.700	129344.000	14676.002	-183.000	129344.000
9.710	129494.000	14773.201	-80.000	129494.000
9.720	129643.000	14811.241	70.000	129643.000
9.730	129793.000	14867.869	201.000	129793.000
9.740	129942.000	14877.508	352.000	129942.000
9.750	130089.000	14824.256	519.000	130089.000
9.760	130233.000	14696.979	696.000	130233.000
9.770	130376.000	14577.885	829.000	130376.000
9.780	130517.000	14434.520	946.000	130517.000
9.790	130654.000	14214.164	1079.000	130654.000
9.800	130790.000	14029.915	1154.000	130790.000
9.810	130922.000	13780.940	1247.000	130922.000
9.820	131052.000	13546.658	1303.000	131052.000
9.830	131182.000	13382.661	1304.000	131182.000
9.840	131312.000	13267.863	1278.000	131312.000
9.850	131443.000	13217.504	1226.000	131443.000
9.860	131574.000	13182.253	1181.000	131574.000
9.870	131710.000	13307.577	1055.000	131710.000
9.880	131849.000	13485.304	935.000	131849.000
9.890	131994.000	13789.713	771.000	131994.000
9.900	132144.000	14152.799	611.000	132144.000
9.910	132299.000	14556.959	456.000	132299.000
9.920	132459.000	14989.871	303.000	132459.000
9.930	132626.000	15502.910	115.000	132626.000
9.940	132795.000	15922.037	-4.000	132795.000
9.950	132966.000	16275.426	-101.000	132966.000
9.960	133138.000	16552.798	-182.000	133138.000
9.970	133310.000	16746.959	-248.000	133310.000
9.980	133481.000	16852.871	-300.000	133481.000
9.990	133649.000	16837.010	-318.000	133649.000
10.000	133812.000	16675.907	-293.000	133812.000
10.010	133970.000	16413.135	-253.000	133970.000
10.020	134122.000	16049.194	-189.000	134122.000
10.030	134267.000	15584.436	-93.000	134267.000
10.040	134406.000	15079.105	6.000	134406.000
10.050	134538.000	14515.374	137.000	134538.000
10.060	134664.000	13940.762	279.000	134664.000
10.070	134785.000	13388.533	425.000	134785.000
10.080	134903.000	12911.973	559.000	134903.000
10.090	135019.000	12518.381	691.000	135019.000
10.100	135135.000	12242.867	809.000	135135.000
10.110	135252.000	12080.007	922.000	135252.000
10.120	135371.000	12026.005	1032.000	135371.000
10.130	135496.000	12168.203	1083.000	135496.000
10.140	135626.000	12417.742	1132.000	135626.000
10.150	135762.000	12772.420	1165.000	135762.000
10.160	135904.000	13200.694	1184.000	135904.000
10.170	136052.000	13680.486	1184.000	136052.000
10.180	136208.000	14256.340	1122.000	136208.000
10.190	136367.000	14749.438	1097.000	136367.000
10.200	136531.000	15244.607	1026.000	136531.000
10.210	136700.000	15741.225	905.000	136700.000
10.220	136870.000	16118.857	804.000	136870.000
10.230	137041.000	16413.200	682.000	137041.000
10.240	137210.000	16559.240	578.000	137210.000
10.250	137377.000	16601.468	457.000	137377.000
10.260	137540.000	16511.028	346.000	137540.000
10.270	137699.000	16327.719	229.000	137699.000
10.280	137852.000	16019.404	141.000	137852.000
10.290	137999.000	15623.582	68.000	137999.000
10.300	138141.000	15196.508	-4.000	138141.000
10.310	138278.000	14747.555	-57.000	138278.000
10.320	138410.000	14283.289	-77.000	138410.000
10.330	138540.000	13898.302	-105.000	138540.000
10.340	138666.000	13508.812	-69.000	138666.000
10.350	138791.000	13206.168	-24.000	138791.000
10.360	138916.000	12994.318	39.000	138916.000
10.370	139042.000	12876.022	123.000	139042.000
10.380	139171.000	12883.216	209.000	139171.000
10.390	139302.000	12948.251	334.000	139302.000
10.400	139436.000	13083.776	473.000	139436.000
10.410	139576.000	13358.643	573.000	139576.000
10.420	139719.000	13641.050	709.000	139719.000
10.430	139866.000	13958.735	836.000	139866.000
10.440	140018.000	14331.115	927.000	140018.000
10.450	140171.000	14621.780	1052.000	140171.000
10.460	140327.000	14915.246	1131.000	140327.000
10.470	140483.000	15120.672	1213.000	140483.000
10.480	140640.000	15294.471	1248.000	140640.000
10.490	140796.000	15386.129	1266.000	140796.000
10.500	140950.000	15390.291	1266.000	140950.000
10.510	141103.000	15363.203	1215.000	141103.000
10.520	141252.000	15224.242	1174.000	141252.000
10.530	141400.000	15096.970	1068.000	141400.000
10.540	141544.000	14887.879	977.000	141544.000
10.550	141686.000	14681.515	855.000	141686.000
10.560	141826.000	14477.061	721.000	141826.000
10.570	141965.000	14303.942	574.000	141965.000
10.580	142104.000	14182.760	417.000	142104.000
10.590	142242.000	14067.932	291.000	142242.000
10.600	142382.000	14047.552	146.000	142382.000
10.610	142524.000	14093.287	14.000	142524.000
10.620	142668.000	14185.301	-90.000	142668.000
10.630	142815.000	14339.710	-179.000	142815.000
10.640	142965.000	14537.797	-244.000	142965.000
10.650	143118.000	14766.458	-283.000	143118.000
10.660	143275.000	15046.521	-317.000	143275.000
10.670	143434.000	15302.564	-306.000	143434.000
10.680	143594.000	15511.795	-255.000	143594.000
10.690	143754.000	15658.257	-172.000	143754.000
10.700	143913.000	15730.780	-65.000	143913.000
10.710	144070.000	15721.546	60.000	144070.000
10.720	144224.000	15625.082	200.000	144224.000
10.730	144374.000	15437.557	352.000	144374.000
10.740	144520.000	15186.290	499.000	144520.000
10.750	144661.000	14860.403	652.000	144661.000
10.760	144800.000	14572.282	749.000	144800.000
10.770	144931.000	14130.598	922.000	144931.000
10.780	145060.000	13761.418	1022.000	145060.000
10.790	145187.000	13442.993	1092.000	145187.000
10.800	145312.000	13160.095	1153.000	145312.000
10.810	145437.000	12962.066	1182.000	145437.000
10.820	145563.000	12853.447	1187.000	145563.000
10.830	145692.000	12867.413	1155.000	145692.000
10.840	145824.000	12967.189	1113.000	145824.000
10.850	145962.000	13217.032	1020.000	145962.000
10.860	146105.000	13541.923	925.000	146105.000
10.870	146255.000	13979.346	795.000	146255.000
10.880	146411.000	14465.542	663.000	146411.000
10.890	146573.000	14985.879	523.000	146573.000
10.900	146741.000	15530.116	369.000	146741.000
10.910	146911.000	15971.081	263.000	146911.000
10.920	147086.000	16429.757	109.000	147086.000
10.930	147262.000	16780.830	-13.000	147262.000
10.940	147436.000	16966.581	-88.000	147436.000
10.950	147609.000	17066.607	-177.000	147609.000
10.960	147778.000	17016.625	-234.000	147778.000
10.970	147943.000	16861.637	-286.000	147943.000
10.980	148100.000	16513.146	-271.000	148100.000
10.990	148251.000	16089.202	-262.000	148251.000
11.000	148396.000	15612.442	-247.000	148396.000
11.010	148533.000	15038.709	-182.000	148533.000
11.020	148662.000	14397.096	-75.000	148662.000
11.030	148785.000	13767.967	36.000	148785.000
11.040	148904.000	13207.577	140.000	148904.000
11.050	149020.000	12725.304	256.000	149020.000
11.060	149134.000	12327.713	390.000	149134.000
11.070	149248.000	12049.399	527.000	149248.000
11.080	149364.000	11914.579	658.000	149364.000
11.090	149484.000	11940.206	774.000	149484.000
11.100	149608.000	12078.144	900.000	149608.000
11.110	149739.000	12384.701	989.000	149739.000
11.120	149876.000	12779.290	1080.000	149876.000
11.130	150019.000	13235.503	1165.000	150019.000
11.140	150170.000	13794.852	1198.000	150170.000
11.150	150327.000	14366.397	1221.000	150327.000
11.160	150490.000	14946.478	1211.000	150490.000
11.170	150656.000	15442.534	1207.000	150656.000
11.180	150825.000	15879.774	1167.000	150825.000
11.190	150996.000	16245.842	1091.000	150996.000
11.200	151167.000	16502.089	999.000	151167.000
11.210	151337.000	16651.462	883.000	151337.000
11.220	151504.000	16666.024	763.000	151504.000
11.230	151667.000	16556.217	636.000	151667.000
11.240	151825.000	16329.352	508.000	151825.000
11.250	151978.000	16020.546	371.000	151978.000
11.260	152126.000	15654.382	233.000	152126.000
11.270	152267.000	15188.068	138.000	152267.000
11.280	152404.000	14741.647	26.000	152404.000
11.290	152536.000	14279.153	-51.000	152536.000
11.300	152666.000	13895.407	-136.000	152666.000
11.310	152794.000	13566.785	-188.000	152794.000
11.320	152921.000	13306.750	-208.000	152921.000
11.330	153050.000	13184.725	-228.000	153050.000
11.340	153180.000	13129.307	-196.000	153180.000
11.350	153312.000	13150.515	-129.000	153312.000
11.360	153448.000	13285.361	-57.000	153448.000
11.370	153589.000	13529.752	19.000	153589.000
11.380	153730.000	13700.827	194.000	153730.000
11.390	153875.000	13940.579	342.000	153875.000
11.400	154024.000	14228.405	474.000	154024.000
11.410	154174.000	14459.884	640.000	154174.000
11.420	154326.000	14681.918	786.000	154326.000
11.430	154480.000	14897.343	903.000	154480.000
11.440	154634.000	15048.140	1019.000	154634.000
11.450	154785.000	15063.698	1161.000	154785.000
11.460	154933.000	14984.589	1286.000	154933.000
11.470	155080.000	14899.212	1341.000	155080.000
11.480	155224.000	14749.448	1378.000	155224.000
11.490	155365.000	14554.614	1390.000	155365.000
11.500	155504.000	14358.230	1360.000	155504.000
11.510	155641.000	14160.761	1304.000	155641.000
11.520	155778.000	14022.533	1200.000	155778.000
11.530	155913.000	13865.773	1111.000	155913.000
11.540	156050.000	13816.041	966.000	156050.000
11.550	156189.000	13841.229	805.000	156189.000
11.560	156330.000	13918.860	649.000	156330.000
11.570	156475.000	14093.202	474.000	156475.000
11.580	156624.000	14335.241	302.000	156624.000
11.590	156778.000	14654.669	127.000	156778.000
11.600	156936.000	14998.268	-23.000	156936.000
11.610	157098.000	15358.788	-155.000	157098.000
11.620	157262.000	15671.151	-242.000	157262.000
11.630	157429.000	15979.806	-327.000	157429.000
11.640	157598.000	16255.864	-395.000	157598.000
11.650	157765.000	16389.105	-391.000	157765.000
11.660	157931.000	16452.373	-380.000	157931.000
11.670	158093.000	16376.661	-320.000	158093.000
11.680	158251.000	16203.663	-245.000	158251.000
11.690	158403.000	15902.564	-135.000	158403.000
11.700	158548.000	15481.795	6.000	158548.000
11.710	158687.000	15007.256	143.000	158687.000
11.720	158819.000	14465.079	300.000	158819.000
11.730	158945.000	13905.556	458.000	158945.000
11.740	159065.000	13333.889	627.000	159065.000
11.750	159181.000	12813.722	781.000	159181.000
11.760	159295.000	12389.606	911.000	159295.000
11.770	159410.000	12122.724	999.000	159410.000
11.780	159522.000	11845.907	1156.000	159522.000
11.790	159638.000	11772.135	1236.000	159638.000
11.800	159760.000	11900.494	1261.000	159760.000
11.810	159887.000	12140.346	1289.000	159887.000
11.820	160021.000	12518.242	1290.000	160021.000
11.830	160162.000	12992.770	1275.000	160162.000
11.840	160313.000	13624.939	1193.000	160313.000
11.850	160472.000	14307.457	1103.000	160472.000
11.860	160639.000	15025.220	990.000	160639.000
11.870	160811.000	15677.654	893.000	160811.000
11.880	160991.000	16374.358	722.000	160991.000
11.890	161172.000	16892.050	606.000	161172.000
11.900	161356.000	17344.435	448.000	161356.000
11.910	161539.000	17631.105	308.000	161539.000
11.920	161720.000	17771.773	164.000	161720.000
11.930	161896.000	17720.241	45.000	161896.000
11.940	162067.000	17534.169	-79.000	162067.000
11.950	162230.000	17163.918	-165.000	162230.000
11.960	162386.000	16694.743	-252.000	162386.000
11.970	162532.000	16066.320	-281.000	162532.000
11.980	162672.000	15446.424	-337.000	162672.000
11.990	162805.000	14802.497	-362.000	162805.000
12.000	162930.000	14111.748	-323.000	162930.000
12.010	163050.000	13478.223	0.000	163050.000
12.020	163165.000	12884.756	0.000	163165.000
12.030	163280.000	12469.329	0.000	163280.000
12.040	163394.000	12148.531	0.000	163394.000
12.050	163509.000	11953.971	0.000	163509.000
12.060	163627.000	11907.780	0.000	163627.000
12.070	163751.000	12055.446	0.000	163751.000
12.080	163880.000	12308.812	0.000	163880.000
12.090	164016.000	12696.169	0.000	164016.000
12.100	164157.000	13117.318	0.000	164157.000
12.110	164306.000	13652.123	0.000	164306.000
12.120	164460.000	14176.486	0.000	164460.000
12.130	164617.000	14633.540	0.000	164617.000
12.140	164777.000	15043.478	0.000	164777.000
12.150	164938.000	15360.435	0.000	164938.000
12.160	165097.000	15522.304	0.000	165097.000
12.170	165252.000	15515.613	0.000	165252.000
12.180	165405.000	15450.929	0.000	165405.000
12.190	165552.000	15225.650	0.000	165552.000
12.200	165691.000	14827.955	0.000	165691.000
12.210	165822.000	14309.569	0.000	165822.000
12.220	165947.000	13766.698	0.000	165947.000
12.230	166064.000	13146.689	0.000	166064.000
12.240	166175.000	12532.682	0.000	166175.000
12.250	166280.000	11922.877	0.000	166280.000
12.260	166381.000	11376.014	0.000	166381.000
12.270	166481.000	10963.210	0.000	166481.000
12.280	166578.000	10584.247	0.000	166578.000
12.290	166678.000	10408.973	0.000	166678.000
12.300	166780.000	10346.281	0.000	166780.000
12.310	166886.000	10422.397	0.000	166886.000
12.320	166998.000	10655.678	0.000	166998.000
12.330	167117.000	11028.974	0.000	167117.000
12.340	167241.000	11440.282	0.000	167241.000
12.350	167370.000	11878.197	0.000	167370.000
12.360	167505.000	12364.738	0.000	167505.000
12.370	167643.000	12795.317	0.000	167643.000
12.380	167783.000	13156.722	0.000	167783.000
12.390	167923.000	13409.705	0.000	167923.000
12.400	168060.000	13496.794	0.000	168060.000
12.410	168194.000	13467.756	0.000	168194.000
12.420	168324.000	13327.429	0.000	168324.000
12.430	168447.000	13019.200	0.000	168447.000
12.440	168563.000	12593.440	0.000	168563.000
12.450	168670.000	12025.408	0.000	168670.000
12.460	168770.000	11417.786	0.000	168770.000
12.470	168863.000	10782.450	0.000	168863.000
12.480	168949.000	10127.715	0.000	168949.000
12.490	169030.000	9519.400	0.000	169030.000
12.500	169107.000	8973.580	0.000	169107.000
12.510	169182.000	8531.506	0.000	169182.000
12.520	169256.000	8192.054	0.000	169256.000
12.530	169333.000	8044.438	0.000	169333.000
12.540	169413.000	8031.107	0.000	169413.000
12.550	169498.000	8171.775	0.000	169498.000
12.560	169588.000	8420.242	0.000	169588.000
12.570	169685.000	8804.170	0.000	169685.000
12.580	169788.000	9252.919	0.000	169788.000
12.590	169898.000	9777.043	0.000	169898.000
12.600	170012.000	10263.930	0.000	170012.000
12.610	170131.000	10754.751	0.000	170131.000
12.620	170252.000	11158.326	0.000	170252.000
12.630	170375.000	11500.828	0.000	170375.000
12.640	170497.000	11710.580	0.000	170497.000
12.650	170615.000	11737.406	0.000	170615.000
12.660	170729.000	11636.184	0.000	170729.000
12.670	170837.000	11385.329	0.000	170837.000
12.680	170939.000	11029.730	0.000	170939.000
12.690	171033.000	10540.811	0.000	171033.000
12.700	171119.000	9958.568	0.000	171119.000
12.710	171197.000	9310.997	0.000	171197.000
12.720	171269.000	8677.698	0.000	171269.000
12.730	171335.000	8054.389	0.000	171335.000
12.740	171398.000	7528.072	0.000	171398.000
12.750	171459.000	7099.650	0.000	171459.000
12.760	171519.000	6769.755	0.000	171519.000
12.770	171581.000	6598.829	0.000	171581.000
12.780	171646.000	6569.180	0.000	171646.000
12.790	171715.000	6668.426	0.000	171715.000
12.800	171790.000	6917.898	0.000	171790.000
12.810	171871.000	7272.529	0.000	171871.000
12.820	171957.000	7670.770	0.000	171957.000
12.830	172050.000	8159.539	0.000	172050.000
12.840	172148.000	8651.677	0.000	172148.000
12.850	172250.000	9116.174	0.000	172250.000
12.860	172354.000	9501.322	0.000	172354.000
12.870	172458.000	9770.925	0.000	172458.000
12.880	172562.000	9959.648	0.000	172562.000
12.890	172662.000	9971.753	0.000	172662.000
12.900	172758.000	9860.227	0.000	172758.000
12.910	172848.000	9602.159	0.000	172848.000
12.920	172931.000	9211.511	0.000	172931.000
12.930	173005.000	8668.058	0.000	173005.000
12.940	173071.000	8047.641	0.000	173071.000
12.950	173130.000	7403.348	0.000	173130.000
12.960	173182.000	6742.344	0.000	173182.000
12.970	173228.000	6099.641	0.000	173228.000
12.980	173269.000	5499.749	0.000	173269.000
12.990	173308.000	5019.824	0.000	173308.000
13.000	173346.000	4653.877	0.000	173346.000
13.010	173385.000	4427.714	0.000	173385.000
13.020	173427.000	4359.400	0.000	173427.000
13.030	173473.000	4431.580	0.000	173473.000
13.040	173525.000	4662.106	0.000	173525.000
13.050	173583.000	5003.474	0.000	173583.000
13.060	173647.000	5422.432	0.000	173647.000
13.070	173718.000	5925.702	0.000	173718.000
13.080	173794.000	6427.992	0.000	173794.000
13.090	173874.000	6899.594	0.000	173874.000
13.100	173956.000	7289.716	0.000	173956.000
13.110	174041.000	7652.801	0.000	174041.000
13.120	174124.000	7846.961	0.000	174124.000
13.130	174205.000	7922.873	0.000	174205.000
13.140	174282.000	7856.011	0.000	174282.000
13.150	174353.000	7629.208	0.000	174353.000
13.160	174417.000	7260.445	0.000	174417.000
13.170	174474.000	6792.312	0.000	174474.000
13.180	174524.000	6254.618	0.000	174524.000
13.190	174567.000	5668.233	0.000	174567.000
13.200	174603.000	5047.763	0.000	174603.000
13.210	174633.000	4433.434	0.000	174633.000
13.220	174659.000	3883.404	0.000	174659.000
13.230	174682.000	3408.383	0.000	174682.000
13.240	174706.000	3105.868	0.000	174706.000
13.250	174730.000	2894.108	0.000	174730.000
13.260	174757.000	2835.875	0.000	174757.000
13.270	174789.000	2945.113	0.000	174789.000
13.280	174826.000	3171.579	0.000	174826.000
13.290	174870.000	3540.105	0.000	174870.000
13.300	174920.000	3978.074	0.000	174920.000
13.310	174977.000	4494.652	0.000	174977.000
13.320	175038.000	4976.256	0.000	175038.000
13.330	175104.000	5463.379	0.000	175104.000
13.340	175173.000	5894.365	0.000	175173.000
13.350	175244.000	6256.056	0.000	175244.000
13.360	175315.000	6509.239	0.000	175315.000
13.370	175382.000	6566.467	0.000	175382.000
13.380	175445.000	6486.527	0.000	175445.000
13.390	175504.000	6310.569	0.000	175504.000
13.400	175556.000	5977.398	0.000	175556.000
13.410	175600.000	5504.179	0.000	175600.000
13.420	175637.000	4962.925	0.000	175637.000
13.430	175667.000	4374.048	0.000	175667.000
13.440	175689.000	3721.833	0.000	175689.000
13.450	175706.000	3115.283	0.000	175706.000
13.460	175719.000	2570.698	0.000	175719.000
13.470	175730.000	2129.489	0.000	175730.000
13.480	175739.000	1760.642	0.000	175739.000
13.490	175750.000	1562.450	0.000	175750.000
13.500	175764.000	1513.715	0.000	175764.000
13.510	175781.000	1569.600	0.000	175781.000
13.520	175804.000	1788.720	0.000	175804.000
13.530	175834.000	2152.104	0.000	175834.000
13.540	175869.000	2556.473	0.000	175869.000
13.550	175911.000	3049.531	0.000	175911.000
13.560	175958.000	3544.672	0.000	175958.000
13.570	176010.000	4041.270	0.000	176010.000
13.580	176065.000	4478.889	0.000	176065.000
13.590	176121.000	4815.222	0.000	176121.000
13.600	176176.000	5020.656	0.000	176176.000
13.610	176230.000	5134.459	0.000	176230.000
13.620	176281.000	5124.121	0.000	176281.000
13.630	176326.000	4936.885	0.000	176326.000
13.640	176366.000	4655.819	0.000	176366.000
13.650	176398.000	4219.074	0.000	176398.000
13.660	176424.000	3733.352	0.000	176424.000
13.670	176442.000	3153.346	0.000	176442.000
13.680	176453.000	2537.342	0.000	176453.000
13.690	176459.000	1956.140	0.000	176459.000
13.700	176461.000	1429.298	0.000	176461.000
13.710	176461.000	1000.508	0.000	176461.000
13.720	176459.000	640.356	0.000	176459.000
13.730	176457.000	388.249	0.000	176457.000
13.740	176457.000	271.774	0.000	176457.000
13.750	176460.000	280.242	0.000	176460.000
13.760	176470.000	496.169	0.000	176470.000
13.770	176486.000	827.319	0.000	176486.000
13.780	176508.000	1239.123	0.000	176508.000
13.790	176535.000	1677.386	0.000	176535.000
13.800	176569.000	2194.170	0.000	176569.000
13.810	176606.000	2645.919	0.000	176606.000
13.820	176646.000	3052.143	0.000	176646.000
13.830	176689.000	3426.500	0.000	176689.000
13.840	176731.000	3658.550	0.000	176731.000
13.850	176771.000	3760.985	0.000	176771.000
13.860	176808.000	3742.690	0.000	176808.000
13.870	176840.000	3579.883	0.000	176840.000
13.880	176866.000	3285.918	0.000	176866.000
13.890	176886.000	2900.143	0.000	176886.000
13.900	176899.000	2420.100	0.000	176899.000
13.910	176905.000	1874.070	0.000	176905.000
13.920	176905.000	1311.849	0.000	176905.000
13.930	176899.000	738.294	0.000	176899.000
13.940	176889.000	216.806	0.000	176889.000
13.950	176875.000	-268.236	0.000	176875.000
13.960	176860.000	-637.765	0.000	176860.000
13.970	176845.000	-896.436	0.000	176845.000
13.980	176833.000	-987.505	0.000	176833.000
13.990	176823.000	-991.253	0.000	176823.000
14.000	176818.000	-843.877	0.000	176818.000
14.010	176817.000	-620.714	0.000	176817.000
14.020	176822.000	-284.500	0.000	176822.000
14.030	176833.000	130.850	0.000	176833.000
14.040	176849.000	571.595	0.000	176849.000
14.050	176869.000	1000.117	0.000	176869.000
14.060	176893.000	1420.082	0.000	176893.000
14.070	176918.000	1744.057	0.000	176918.000
14.080	176943.000	1970.840	0.000	176943.000
14.090	176968.000	2129.588	0.000	176968.000
14.100	176989.000	2120.712	0.000	176989.000
14.110	177006.000	1994.498	0.000	177006.000
14.120	177018.000	1756.149	0.000	177018.000
14.130	177025.000	1439.304	0.000	177025.000
14.140	177026.000	1037.513	0.000	177026.000
14.150	177021.000	576.259	0.000	177021.000
14.160	177009.000	43.381	0.000	177009.000
14.170	176993.000	-449.633	0.000	176993.000
14.180	176973.000	-914.743	0.000	176973.000
14.190	176951.000	-1300.320	0.000	176951.000
14.200	176928.000	-1600.224	0.000	176928.000
14.210	176905.000	-1810.157	0.000	176905.000
14.220	176885.000	-1867.110	0.000	176885.000
14.230	176868.000	-1816.977	0.000	176868.000
14.240	176855.000	-1661.884	0.000	176855.000
14.250	176846.000	-1433.319	0.000	176846.000
14.260	176843.000	-1093.323	0.000	176843.000
14.270	176843.000	-765.326	0.000	176843.000
14.280	176850.000	-325.728	0.000	176850.000
14.290	176860.000	71.990	0.000	176860.000
14.300	176872.000	410.393	0.000	176872.000
14.310	176886.000	707.275	0.000	176886.000
14.320	176900.000	915.093	0.000	176900.000
14.330	176913.000	1030.565	0.000	176913.000
14.340	176923.000	1021.395	0.000	176923.000
14.350	176929.000	894.977	0.000	176929.000
14.360	176931.000	686.484	0.000	176931.000
14.370	176929.000	420.539	0.000	176929.000
14.380	176920.000	24.377	0.000	176920.000
14.390	176907.000	-372.936	0.000	176907.000
14.400	176888.000	-831.055	0.000	176888.000
14.410	176866.000	-1241.739	0.000	176866.000
14.420	176840.000	-1649.217	0.000	176840.000
14.430	176814.000	-1934.452	0.000	176814.000
14.440	176787.000	-2164.116	0.000	176787.000
14.450	176761.000	-2294.881	0.000	176761.000
14.460	176737.000	-2326.417	0.000	176737.000
14.470	176717.000	-2228.492	0.000	176717.000
14.480	176701.000	-2039.944	0.000	176701.000
14.490	176690.000	-1757.961	0.000	176690.000
14.500	176683.000	-1440.573	0.000	176683.000
14.510	176682.000	-1038.401	0.000	176682.000
14.520	176683.000	-696.881	0.000	176683.000
14.530	176689.000	-307.816	0.000	176689.000
14.540	176698.000	54.528	0.000	176698.000
14.550	176708.000	338.170	0.000	176708.000
14.560	176718.000	536.719	0.000	176718.000
14.570	176727.000	645.703	0.000	176727.000
14.580	176733.000	631.992	0.000	176733.000
14.590	176737.000	562.395	0.000	176737.000
14.600	176737.000	393.676	0.000	176737.000
14.610	176733.000	155.573	0.000	176733.000
14.620	176723.000	-191.099	0.000	176723.000
14.630	176708.000	-583.769	0.000	176708.000
14.640	176690.000	-948.638	0.000	176690.000
14.650	176668.000	-1324.047	0.000	176668.000
14.660	176644.000	-1646.833	0.000	176644.000
14.670	176619.000	-1902.783	0.000	176619.000
14.680	176594.000	-2081.948	0.000	176594.000
14.690	176570.000	-2177.364	0.000	176570.000
14.700	176549.000	-2154.155	0.000	176549.000
14.710	176532.000	-2017.908	0.000	176532.000
14.720	176518.000	-1832.536	0.000	176518.000
14.730	176510.000	-1522.775	0.000	176510.000
14.740	176507.000	-1155.943	0.000	176507.000
14.750	176507.000	-809.160	0.000	176507.000
14.760	176512.000	-416.412	0.000	176512.000
14.770	176521.000	-21.488	0.000	176521.000
14.780	176532.000	314.958	0.000	176532.000
14.790	176545.000	610.471	0.000	176545.000
14.800	176558.000	817.330	0.000	176558.000
14.810	176569.000	902.131	0.000	176569.000
14.820	176578.000	901.491	0.000	176578.000
14.830	176584.000	811.044	0.000	176584.000
14.840	176586.000	627.731	0.000	176586.000
14.850	176585.000	409.412	0.000	176585.000
14.860	176578.000	76.588	0.000	176578.000
14.870	176566.000	-306.388	0.000	176566.000
14.880	176551.000	-664.472	0.000	176551.000
14.890	176533.000	-1005.130	0.000	176533.000
14.900	176513.000	-1303.591	0.000	176513.000
14.910	176493.000	-1512.514	0.000	176493.000
14.920	176473.000	-1658.760	0.000	176473.000
14.930	176454.000	-1731.132	0.000	176454.000
14.940	176439.000	-1661.792	0.000	176439.000
14.950	176427.000	-1523.255	0.000	176427.000
14.960	176420.000	-1276.278	0.000	176420.000
14.970	176417.000	-983.395	0.000	176417.000
14.980	176417.000	-688.376	0.000	176417.000
14.990	176422.000	-331.863	0.000	176422.000
15.000	176431.000	37.696	0.000	176431.000
