0.000	0.000	0.000	0.000	0.000
0.010	8.000	240.000	-135.000	8.000
0.020	9.000	198.000	-66.000	9.000
0.030	10.000	168.600	-31.000	10.000
0.040	10.000	118.020	-1.000	10.000
0.050	10.000	82.614	6.000	10.000
0.060	10.000	57.830	1.000	10.000
0.070	10.000	40.481	-8.000	10.000
0.080	9.000	-1.663	-1.000	9.000
0.090	8.000	-31.164	-4.000	8.000
0.100	6.000	-81.815	8.000	6.000
0.110	4.000	-117.271	9.000	4.000
0.120	1.000	-172.089	25.000	1.000
0.130	-1.000	-180.463	14.000	-1.000
0.140	-3.000	-186.324	10.000	-3.000
0.150	-6.000	-220.427	30.000	-6.000
0.160	-8.000	-214.299	27.000	-8.000
0.170	-10.000	-210.009	31.000	-10.000
0.180	-12.000	-207.006	41.000	-12.000
0.190	-13.000	-174.904	36.000	-13.000
0.200	-15.000	-182.433	59.000	-15.000
0.210	-16.000	-157.703	59.000	-16.000
0.220	-16.000	-110.392	49.000	-16.000
0.230	-17.000	-107.275	69.000	-17.000
0.240	-17.000	-75.092	66.000	-17.000
0.250	-17.000	-52.565	68.000	-17.000
0.260	-17.000	-36.795	72.000	-17.000
0.270	-17.000	-25.757	75.000	-17.000
0.280	-17.000	-18.030	75.000	-17.000
0.290	-17.000	-12.621	74.000	-17.000
0.300	-17.000	-8.835	71.000	-17.000
0.310	-17.000	-6.184	66.000	-17.000
0.320	-17.000	-4.329	60.000	-17.000
0.330	-17.000	-3.030	54.000	-17.000
0.340	-16.000	27.879	30.000	-16.000
0.350	-16.000	19.515	35.000	-16.000
0.360	-15.000	43.661	17.000	-15.000
0.370	-14.000	60.562	7.000	-14.000
0.380	-13.000	72.394	1.000	-13.000
0.390	-12.000	80.676	-4.000	-12.000
0.400	-11.000	86.473	-8.000	-11.000
0.410	-10.000	90.531	-12.000	-10.000
0.420	-8.000	123.372	-34.000	-8.000
0.430	-7.000	116.360	-28.000	-7.000
0.440	-6.000	111.452	-28.000	-6.000
0.450	-5.000	108.017	-31.000	-5.000
0.460	-4.000	105.612	-36.000	-4.000
0.470	-4.000	73.928	-25.000	-4.000
0.480	-4.000	51.750	-24.000	-4.000
0.490	-4.000	36.225	-28.000	-4.000
0.500	-4.000	25.357	-33.000	-4.000
0.510	-4.000	17.750	135.000	-4.000
0.520	-4.000	12.425	246.000	-4.000
0.530	-4.000	8.698	326.000	-4.000
0.540	-6.000	-53.912	426.000	-6.000
0.550	-7.000	-67.738	487.000	-7.000
0.560	-8.000	-77.417	555.000	-8.000
0.570	-9.000	-84.192	636.000	-9.000
0.580	-10.000	-88.934	732.000	-10.000
0.590	-10.000	-62.254	829.000	-10.000
0.600	-10.000	-43.578	952.000	-10.000
0.610	-9.000	-0.504	1077.000	-9.000
0.620	-6.000	89.647	1195.000	-6.000
0.630	-1.000	212.753	1317.000	-1.000
0.640	5.000	328.927	1463.000	5.000
0.650	14.000	500.249	1591.000	14.000
0.660	24.000	650.174	1747.000	24.000
0.670	37.000	845.122	1882.000	37.000
0.680	52.000	1041.585	2025.000	52.000
0.690	70.000	1269.110	2152.000	70.000
0.700	90.000	1488.377	2288.000	90.000
0.710	114.000	1761.864	2391.000	114.000
0.720	140.000	2013.305	2510.000	140.000
0.730	170.000	2309.313	2599.000	170.000
0.740	204.000	2636.519	2672.000	204.000
0.750	241.000	2955.563	2751.000	241.000
0.760	282.000	3298.894	2812.000	282.000
0.770	328.000	3689.226	2844.000	328.000
0.780	378.000	4082.458	2878.000	378.000
0.790	434.000	4537.721	2874.000	434.000
0.800	492.000	4916.405	2919.000	492.000
0.810	556.000	5361.483	2911.000	556.000
0.820	624.000	5793.038	2908.000	624.000
0.830	697.000	6245.127	2886.000	697.000
0.840	775.000	6711.589	2850.000	775.000
0.850	857.000	7158.112	2821.000	857.000
0.860	942.000	7560.678	2807.000	942.000
0.870	1032.000	7992.475	2759.000	1032.000
0.880	1126.000	8414.732	2708.000	1126.000
0.890	1222.000	8770.313	2686.000	1222.000
0.900	1321.000	9109.219	2654.000	1321.000
0.910	1424.000	9466.453	2597.000	1424.000
0.920	1528.000	9746.517	2578.000	1528.000
0.930	1635.000	10032.562	2538.000	1635.000
0.940	1745.000	10322.793	2490.000	1745.000
0.950	1857.000	10585.955	2456.000	1857.000
0.960	1971.000	10830.169	2430.000	1971.000
0.970	2087.000	11061.118	2409.000	2087.000
0.980	2206.000	11312.783	2377.000	2206.000
0.990	2327.000	11548.948	2361.000	2327.000
1.000	2451.000	11804.264	2339.000	2451.000
1.010	2576.000	12012.984	2181.000	2576.000
1.020	2706.000	12309.089	2032.000	2706.000
1.030	2837.000	12546.362	1968.000	2837.000
1.040	2970.000	12772.454	1928.000	2970.000
1.050	3107.000	13050.718	1862.000	3107.000
1.060	3246.000	13305.502	1815.000	3246.000
1.070	3387.000	13543.852	1770.000	3387.000
1.080	3532.000	13830.696	1684.000	3532.000
1.090	3678.000	14061.487	1624.000	3678.000
1.100	3828.000	14343.041	1517.000	3828.000
1.110	3978.000	14540.129	1450.000	3978.000
1.120	4130.000	14738.090	1358.000	4130.000
1.130	4286.000	14996.663	1214.000	4286.000
1.140	4442.000	15177.664	1112.000	4442.000
1.150	4598.000	15304.365	1024.000	4598.000
1.160	4755.000	15423.055	918.000	4755.000
1.170	4912.000	15506.139	817.000	4912.000
1.180	5070.000	15594.297	700.000	5070.000
1.190	5227.000	15626.008	609.000	5227.000
1.200	5384.000	15648.206	512.000	5384.000
1.210	5542.000	15693.744	397.000	5542.000
1.220	5698.000	15665.621	329.000	5698.000
1.230	5853.000	15615.935	267.000	5853.000
1.240	6008.000	15581.154	194.000	6008.000
1.250	6164.000	15586.808	103.000	6164.000
1.260	6318.000	15530.766	62.000	6318.000
1.270	6471.000	15461.536	32.000	6471.000
1.280	6625.000	15443.075	-25.000	6625.000
1.290	6777.000	15370.153	-35.000	6777.000
1.300	6930.000	15349.107	-73.000	6930.000
1.310	7081.000	15274.375	-65.000	7081.000
1.320	7233.000	15252.062	-87.000	7233.000
1.330	7384.000	15206.444	-82.000	7384.000
1.340	7533.000	15114.511	-46.000	7533.000
1.350	7681.000	15020.157	-14.000	7681.000
1.360	7827.000	14894.110	35.000	7827.000
1.370	7973.000	14805.877	57.000	7973.000
1.380	8117.000	14684.114	104.000	8117.000
1.390	8258.000	14508.880	180.000	8258.000
1.400	8399.000	14386.216	218.000	8399.000
1.410	8538.000	14240.351	275.000	8538.000
1.420	8677.000	14138.246	310.000	8677.000
1.430	8814.000	14006.772	373.000	8814.000
1.440	8951.000	13914.740	417.000	8951.000
1.450	9086.000	13790.318	491.000	9086.000
1.460	9221.000	13703.223	544.000	9221.000
1.470	9355.000	13612.256	608.000	9355.000
1.480	9490.000	13578.579	645.000	9490.000
1.490	9623.000	13495.005	723.000	9623.000
1.500	9761.000	13586.504	701.000	9761.000
1.510	9899.000	13650.553	725.000	9899.000
1.520	10038.000	13725.387	754.000	10038.000
1.530	10179.000	13837.771	768.000	10179.000
1.540	10322.000	13976.440	773.000	10322.000
1.550	10467.000	14133.508	772.000	10467.000
1.560	10614.000	14303.455	765.000	10614.000
1.570	10763.000	14482.419	750.000	10763.000
1.580	10914.000	14667.693	726.000	10914.000
1.590	11065.000	14797.385	726.000	11065.000
1.600	11217.000	14918.170	711.000	11217.000
1.610	11370.000	15032.719	681.000	11370.000
1.620	11524.000	15142.903	638.000	11524.000
1.630	11677.000	15190.032	618.000	11677.000
1.640	11829.000	15193.023	602.000	11829.000
1.650	11982.000	15225.116	547.000	11982.000
1.660	12134.000	15217.581	508.000	12134.000
1.670	12285.000	15182.307	474.000	12285.000
1.680	12433.000	15067.615	477.000	12433.000
1.690	12582.000	15017.330	425.000	12582.000
1.700	12729.000	14922.131	405.000	12729.000
1.710	12875.000	14825.492	384.000	12875.000
1.720	13021.000	14757.844	351.000	13021.000
1.730	13166.000	14680.491	335.000	13166.000
1.740	13313.000	14686.344	281.000	13313.000
1.750	13457.000	14600.441	305.000	13457.000
1.760	13603.000	14600.308	280.000	13603.000
1.770	13749.000	14600.216	273.000	13749.000
1.780	13894.000	14570.151	295.000	13894.000
1.790	14039.000	14549.106	314.000	14039.000
1.800	14186.000	14594.374	299.000	14186.000
1.810	14333.000	14626.062	305.000	14333.000
1.820	14479.000	14618.243	338.000	14479.000
1.830	14625.000	14612.770	364.000	14625.000
1.840	14772.000	14638.939	368.000	14772.000
1.850	14919.000	14657.257	379.000	14919.000
1.860	15065.000	14640.080	408.000	15065.000
1.870	15211.000	14628.056	426.000	15211.000
1.880	15357.000	14619.639	436.000	15357.000
1.890	15503.000	14613.748	442.000	15503.000
1.900	15648.000	14579.623	463.000	15648.000
1.910	15792.000	14525.736	488.000	15792.000
1.920	15936.000	14488.015	497.000	15936.000
1.930	16079.000	14431.611	515.000	16079.000
1.940	16221.000	14362.128	538.000	16221.000
1.950	16363.000	14313.489	546.000	16363.000
1.960	16506.000	14309.442	532.000	16506.000
1.970	16649.000	14306.610	528.000	16649.000
1.980	16793.000	14334.627	516.000	16793.000
1.990	16938.000	14384.239	502.000	16938.000
2.000	17084.000	14448.967	491.000	17084.000
2.010	17230.000	14494.277	677.000	17230.000
2.020	17377.000	14555.994	791.000	17377.000
2.030	17525.000	14629.196	860.000	17525.000
2.040	17672.000	14650.437	937.000	17672.000
2.050	17822.000	14755.306	946.000	17822.000
2.060	17971.000	14798.714	996.000	17971.000
2.070	18121.000	14859.100	1030.000	18121.000
2.080	18272.000	14931.370	1059.000	18272.000
2.090	18424.000	15011.959	1087.000	18424.000
2.100	18574.000	15008.371	1166.000	18574.000
2.110	18724.000	15005.860	1230.000	18724.000
2.120	18875.000	15034.102	1267.000	18875.000
2.130	19026.000	15053.871	1305.000	19026.000
2.140	19177.000	15067.710	1340.000	19177.000
2.150	19327.000	15047.397	1387.000	19327.000
2.160	19478.000	15063.178	1397.000	19478.000
2.170	19630.000	15104.225	1386.000	19630.000
2.180	19783.000	15162.957	1359.000	19783.000
2.190	19939.000	15294.070	1288.000	19939.000
2.200	20095.000	15385.849	1242.000	20095.000
2.210	20253.000	15510.094	1166.000	20253.000
2.220	20413.000	15657.066	1068.000	20413.000
2.230	20575.000	15819.946	952.000	20575.000
2.240	20739.000	15993.962	820.000	20739.000
2.250	20908.000	16265.774	620.000	20908.000
2.260	21077.000	16456.042	470.000	21077.000
2.270	21249.000	16679.229	281.000	21249.000
2.280	21422.000	16865.460	99.000	21422.000
2.290	21597.000	17055.822	-106.000	21597.000
2.300	21771.000	17159.076	-279.000	21771.000
2.310	21946.000	17261.353	-480.000	21946.000
2.320	22120.000	17302.947	-667.000	22120.000
2.330	22292.000	17272.063	-835.000	22292.000
2.340	22461.000	17160.444	-982.000	22461.000
2.350	22628.000	17022.311	-1137.000	22628.000
2.360	22791.000	16805.618	-1259.000	22791.000
2.370	22949.000	16503.932	-1345.000	22949.000
2.380	23103.000	16172.753	-1424.000	23103.000
2.390	23253.000	15820.927	-1488.000	23253.000
2.400	23398.000	15424.649	-1512.000	23398.000
2.410	23537.000	14967.254	-1484.000	23537.000
2.420	23670.000	14467.078	-1415.000	23670.000
2.430	23798.000	13966.955	-1326.000	23798.000
2.440	23923.000	13526.868	-1239.000	23923.000
2.450	24043.000	13068.808	-1093.000	24043.000
2.460	24158.000	12598.165	-898.000	24158.000
2.470	24272.000	12238.716	-726.000	24272.000
2.480	24382.000	11867.101	-489.000	24382.000
2.490	24491.000	11576.971	-253.000	24491.000
2.500	24598.000	11313.880	18.000	24598.000
2.510	24705.000	11129.716	287.000	24705.000
2.520	24812.000	11000.801	569.000	24812.000
2.530	24919.000	10910.561	867.000	24919.000
2.540	25027.000	10877.392	1161.000	25027.000
2.550	25139.000	10974.175	1405.000	25139.000
2.560	25250.000	11011.922	1713.000	25250.000
2.570	25364.000	11128.346	1976.000	25364.000
2.580	25481.000	11299.842	2211.000	25481.000
2.590	25601.000	11509.889	2423.000	25601.000
2.600	25724.000	11746.923	2614.000	25724.000
2.610	25851.000	12032.846	2763.000	25851.000
2.620	25982.000	12352.992	2878.000	25982.000
2.630	26117.000	12697.094	2960.000	26117.000
2.640	26258.000	13117.966	2976.000	26258.000
2.650	26403.000	13532.576	2978.000	26403.000
2.660	26553.000	13972.803	2937.000	26553.000
2.670	26707.000	14400.962	2873.000	26707.000
2.680	26866.000	14850.674	2759.000	26866.000
2.690	27029.000	15285.472	2619.000	27029.000
2.700	27198.000	15769.830	2412.000	27198.000
2.710	27371.000	16228.881	2190.000	27371.000
2.720	27548.000	16670.217	1944.000	27548.000
2.730	27729.000	17099.152	1667.000	27729.000
2.740	27914.000	17519.406	1361.000	27914.000
2.750	28103.000	17933.584	1026.000	28103.000
2.760	28294.000	18283.509	700.000	28294.000
2.770	28487.000	18588.456	365.000	28487.000
2.780	28679.000	18771.919	65.000	28679.000
2.790	28873.000	18960.344	-282.000	28873.000
2.800	29065.000	19032.241	-587.000	29065.000
2.810	29256.000	19052.568	-896.000	29256.000
2.820	29443.000	18946.798	-1157.000	29443.000
2.830	29627.000	18782.758	-1413.000	29627.000
2.840	29807.000	18547.931	-1645.000	29807.000
2.850	29981.000	18203.552	-1824.000	29981.000
2.860	30150.000	17812.486	-1986.000	30150.000
2.870	30312.000	17328.740	-2091.000	30312.000
2.880	30468.000	16810.118	-2170.000	30468.000
2.890	30618.000	16267.083	-2216.000	30618.000
2.900	30762.000	15706.958	-2223.000	30762.000
2.910	30899.000	15104.871	-2168.000	30899.000
2.920	31031.000	14533.409	-2093.000	31031.000
2.930	31157.000	13953.387	-1962.000	31157.000
2.940	31279.000	13427.371	-1813.000	31279.000
2.950	31397.000	12939.159	-1625.000	31397.000
2.960	31513.000	12537.412	-1426.000	31513.000
2.970	31625.000	12136.188	-1161.000	31625.000
2.980	31735.000	11795.332	-879.000	31735.000
2.990	31843.000	11496.732	-569.000	31843.000
3.000	31951.000	11287.713	-266.000	31951.000
3.010	32058.000	11111.399	64.000	32058.000
3.020	32166.000	11017.979	383.000	32166.000
3.030	32272.000	10892.585	753.000	32272.000
3.040	32381.000	10894.810	1061.000	32381.000
3.050	32490.000	10896.367	1391.000	32490.000
3.060	32601.000	10957.457	1693.000	32601.000
3.070	32714.000	11060.220	1975.000	32714.000
3.080	32829.000	11192.154	2239.000	32829.000
3.090	32946.000	11344.508	2484.000	32946.000
3.100	33065.000	11511.155	2705.000	33065.000
3.110	33187.000	11717.809	2882.000	33187.000
3.120	33313.000	11982.466	3007.000	33313.000
3.130	33442.000	12257.726	3110.000	33442.000
3.140	33575.000	12570.408	3168.000	33575.000
3.150	33713.000	12939.286	3173.000	33713.000
3.160	33855.000	13317.500	3153.000	33855.000
3.170	34002.000	13732.250	3088.000	34002.000
3.180	34154.000	14172.575	2983.000	34154.000
3.190	34312.000	14660.803	2825.000	34312.000
3.200	34476.000	15182.562	2627.000	34476.000
3.210	34646.000	15727.793	2394.000	34646.000
3.220	34820.000	16229.455	2161.000	34820.000
3.230	34999.000	16730.619	1891.000	34999.000
3.240	35182.000	17201.433	1602.000	35182.000
3.250	35367.000	17591.003	1320.000	35367.000
3.260	35556.000	17983.702	987.000	35556.000
3.270	35746.000	18288.592	667.000	35746.000
3.280	35937.000	18532.014	339.000	35937.000
3.290	36129.000	18732.410	-5.000	36129.000
3.300	36319.000	18812.687	-312.000	36319.000
3.310	36507.000	18808.881	-611.000	36507.000
3.320	36692.000	18716.217	-891.000	36692.000
3.330	36873.000	18531.352	-1147.000	36873.000
3.340	37050.000	18281.946	-1387.000	37050.000
3.350	37224.000	18017.362	-1628.000	37224.000
3.360	37391.000	17622.154	-1787.000	37391.000
3.370	37556.000	17285.508	-1978.000	37556.000
3.380	37714.000	16839.855	-2076.000	37714.000
3.390	37866.000	16347.899	-2128.000	37866.000
3.400	38014.000	15883.529	-2170.000	38014.000
3.410	38155.000	15348.470	-2132.000	38155.000
3.420	38293.000	14883.929	-2100.000	38293.000
3.430	38425.000	14378.750	-1991.000	38425.000
3.440	38554.000	13935.125	-1874.000	38554.000
3.450	38678.000	13474.588	-1690.000	38678.000
3.460	38799.000	13062.211	-1489.000	38799.000
3.470	38918.000	12713.548	-1272.000	38918.000
3.480	39033.000	12349.484	-993.000	39033.000
3.490	39147.000	12064.639	-720.000	39147.000
3.500	39258.000	11775.247	-400.000	39258.000
3.510	39367.000	11512.673	-64.000	39367.000
3.520	39473.000	11238.871	303.000	39473.000
3.530	39580.000	11077.210	620.000	39580.000
3.540	39685.000	10904.047	971.000	39685.000
3.550	39789.000	10752.833	1322.000	39789.000
3.560	39893.000	10646.983	1654.000	39893.000
3.570	39998.000	10602.888	1957.000	39998.000
3.580	40104.000	10602.022	2244.000	40104.000
3.590	40212.000	10661.415	2500.000	40212.000
3.600	40321.000	10732.991	2754.000	40321.000
3.610	40434.000	10903.093	2944.000	40434.000
3.620	40551.000	11142.165	3096.000	40551.000
3.630	40673.000	11459.516	3203.000	40673.000
3.640	40799.000	11801.661	3295.000	40799.000
3.650	40932.000	12251.163	3312.000	40932.000
3.660	41070.000	12715.814	3314.000	41070.000
3.670	41216.000	13281.070	3239.000	41216.000
3.680	41367.000	13826.749	3162.000	41367.000
3.690	41526.000	14448.724	3009.000	41526.000
3.700	41691.000	15064.107	2835.000	41691.000
3.710	41865.000	15764.875	2575.000	41865.000
3.720	42041.000	16315.412	2374.000	42041.000
3.730	42224.000	16910.789	2086.000	42224.000
3.740	42413.000	17507.552	1752.000	42413.000
3.750	42604.000	17985.286	1443.000	42604.000
3.760	42800.000	18469.701	1070.000	42800.000
3.770	42994.000	18748.790	770.000	42994.000
3.780	43190.000	19004.153	412.000	43190.000
3.790	43384.000	19122.907	81.000	43384.000
3.800	43579.000	19236.035	-300.000	43579.000
3.810	43771.000	19225.225	-639.000	43771.000
3.820	43960.000	19127.657	-961.000	43960.000
3.830	44145.000	18939.360	-1254.000	44145.000
3.840	44326.000	18687.552	-1529.000	44326.000
3.850	44502.000	18361.286	-1765.000	44502.000
3.860	44673.000	17982.900	-1970.000	44673.000
3.870	44838.000	17538.030	-2124.000	44838.000
3.880	44997.000	17046.621	-2234.000	44997.000
3.890	45152.000	16582.635	-2335.000	45152.000
3.900	45301.000	16077.844	-2369.000	45301.000
3.910	45445.000	15574.491	-2361.000	45445.000
3.920	45585.000	15102.144	-2324.000	45585.000
3.930	45719.000	14591.501	-2209.000	45719.000
3.940	45848.000	14084.050	-2051.000	45848.000
3.950	45973.000	13608.835	-1865.000	45973.000
3.960	46093.000	13126.185	-1626.000	46093.000
3.970	46210.000	12698.329	-1376.000	46210.000
3.980	46323.000	12278.831	-1082.000	46323.000
3.990	46432.000	11865.181	-751.000	46432.000
4.000	46539.000	11515.627	-424.000	46539.000
4.010	46642.000	11150.939	-50.000	46642.000
4.020	46743.000	10835.657	320.000	46743.000
4.030	46842.000	10554.960	696.000	46842.000
4.040	46941.000	10358.472	1046.000	46941.000
4.050	47040.000	10220.930	1390.000	47040.000
4.060	47140.000	10154.651	1718.000	47140.000
4.070	47241.000	10138.256	2039.000	47241.000
4.080	47346.000	10246.779	2304.000	47346.000
4.090	47454.000	10412.745	2557.000	47454.000
4.100	47566.000	10648.922	2781.000	47566.000
4.110	47684.000	10994.245	2948.000	47684.000
4.120	47808.000	11415.972	3077.000	47808.000
4.130	47937.000	11861.180	3191.000	47937.000
4.140	48073.000	12382.826	3245.000	48073.000
4.150	48214.000	12897.978	3284.000	48214.000
4.160	48362.000	13468.585	3257.000	48362.000
4.170	48518.000	14108.009	3157.000	48518.000
4.180	48679.000	14705.607	3052.000	48679.000
4.190	48847.000	15333.925	2881.000	48847.000
4.200	49022.000	15983.747	2655.000	49022.000
4.210	49201.000	16558.623	2429.000	49201.000
4.220	49386.000	17141.036	2142.000	49386.000
4.230	49573.000	17608.725	1870.000	49573.000
4.240	49763.000	18026.108	1562.000	49763.000
4.250	49954.000	18348.275	1249.000	49954.000
4.260	50148.000	18663.793	878.000	50148.000
4.270	50341.000	18854.655	537.000	50341.000
4.280	50534.000	18988.258	179.000	50534.000
4.290	50726.000	19051.781	-176.000	50726.000
4.300	50915.000	19006.247	-500.000	50915.000
4.310	51100.000	18854.373	-793.000	51100.000
4.320	51282.000	18658.061	-1088.000	51282.000
4.330	51460.000	18400.643	-1358.000	51460.000
4.340	51633.000	18070.450	-1588.000	51633.000
4.350	51803.000	17749.315	-1818.000	51803.000
4.360	51968.000	17374.520	-1994.000	51968.000
4.370	52129.000	16992.164	-2140.000	52129.000
4.380	52284.000	16544.515	-2215.000	52284.000
4.390	52435.000	16111.161	-2268.000	52435.000
4.400	52580.000	15627.812	-2254.000	52580.000
4.410	52720.000	15139.469	-2201.000	52720.000
4.420	52857.000	14707.628	-2142.000	52857.000
4.430	52990.000	14285.340	-2035.000	52990.000
4.440	53118.000	13839.738	-1866.000	53118.000
4.450	53243.000	13437.816	-1680.000	53243.000
4.460	53363.000	13006.471	-1432.000	53363.000
4.470	53482.000	12674.530	-1207.000	53482.000
4.480	53596.000	12292.171	-904.000	53596.000
4.490	53708.000	11964.520	-605.000	53708.000
4.500	53816.000	11615.164	-260.000	53816.000
4.510	53923.000	11340.615	63.000	53923.000
4.520	54028.000	11088.430	402.000	54028.000
4.530	54131.000	10851.901	756.000	54131.000
4.540	54232.000	10626.331	1120.000	54232.000
4.550	54335.000	10528.432	1421.000	54335.000
4.560	54436.000	10399.902	1766.000	54436.000
4.570	54540.000	10399.931	2043.000	54540.000
4.580	54645.000	10429.952	2323.000	54645.000
4.590	54754.000	10570.966	2549.000	54754.000
4.600	54866.000	10759.676	2763.000	54866.000
4.610	54984.000	11071.774	2912.000	54984.000
4.620	55104.000	11350.241	3091.000	55104.000
4.630	55230.000	11725.169	3198.000	55230.000
4.640	55364.000	12227.618	3223.000	55364.000
4.650	55504.000	12759.333	3229.000	55504.000
4.660	55649.000	13281.533	3225.000	55649.000
4.670	55802.000	13887.073	3140.000	55802.000
4.680	55960.000	14460.951	3048.000	55960.000
4.690	56125.000	15072.666	2890.000	56125.000
4.700	56295.000	15650.866	2712.000	56295.000
4.710	56470.000	16205.606	2497.000	56470.000
4.720	56648.000	16683.924	2273.000	56648.000
4.730	56830.000	17138.747	2000.000	56830.000
4.740	57015.000	17547.123	1699.000	57015.000
4.750	57202.000	17892.986	1381.000	57202.000
4.760	57389.000	18135.090	1072.000	57389.000
4.770	57578.000	18364.563	716.000	57578.000
4.780	57766.000	18495.194	380.000	57766.000
4.790	57953.000	18556.636	45.000	57953.000
4.800	58139.000	18569.645	-293.000	58139.000
4.810	58324.000	18548.752	-632.000	58324.000
4.820	58505.000	18414.126	-916.000	58505.000
4.830	58685.000	18289.888	-1219.000	58685.000
4.840	58863.000	18142.922	-1501.000	58863.000
4.850	59037.000	17920.045	-1725.000	59037.000
4.860	59207.000	17644.032	-1908.000	59207.000
4.870	59375.000	17390.822	-2089.000	59375.000
4.880	59539.000	17093.576	-2215.000	59539.000
4.890	59699.000	16765.503	-2296.000	59699.000
4.900	59855.000	16415.852	-2336.000	59855.000
4.910	60007.000	16051.096	-2337.000	60007.000
4.920	60154.000	15645.767	-2283.000	60154.000
4.930	60296.000	15212.037	-2184.000	60296.000
4.940	60432.000	14728.426	-2028.000	60432.000
4.950	60564.000	14269.898	-1864.000	60564.000
4.960	60690.000	13768.929	-1643.000	60690.000
4.970	60810.000	13238.250	-1377.000	60810.000
4.980	60926.000	12746.775	-1110.000	60926.000
4.990	61036.000	12222.743	-790.000	61036.000
5.000	61143.000	11765.920	-481.000	61143.000
5.010	61245.000	11296.144	-126.000	61245.000
5.020	61344.000	10877.301	229.000	61344.000
5.030	61441.000	10524.110	582.000	61441.000
5.040	61536.000	10216.877	945.000	61536.000
5.050	61630.000	9971.814	1306.000	61630.000
5.060	61725.000	9830.270	1640.000	61725.000
5.070	61822.000	9791.189	1950.000	61822.000
5.080	61921.000	9823.832	2254.000	61921.000
5.090	62024.000	9966.683	2521.000	62024.000
5.100	62131.000	10186.678	2767.000	62131.000
5.110	62244.000	10520.674	2962.000	62244.000
5.120	62363.000	10934.472	3123.000	62363.000
5.130	62489.000	11434.130	3238.000	62489.000
5.140	62622.000	11993.891	3314.000	62622.000
5.150	62762.000	12595.724	3349.000	62762.000
5.160	62909.000	13227.007	3342.000	62909.000
5.170	63064.000	13908.905	3269.000	63064.000
5.180	63226.000	14596.233	3156.000	63226.000
5.190	63394.000	15257.363	3011.000	63394.000
5.200	63568.000	15900.154	2820.000	63568.000
5.210	63746.000	16470.108	2610.000	63746.000
5.220	63929.000	17019.076	2343.000	63929.000
5.230	64114.000	17463.353	2073.000	64114.000
5.240	64302.000	17864.347	1757.000	64302.000
5.250	64492.000	18205.043	1414.000	64492.000
5.260	64683.000	18473.530	1059.000	64683.000
5.270	64875.000	18691.471	683.000	64875.000
5.280	65067.000	18844.030	305.000	65067.000
5.290	65257.000	18890.821	-44.000	65257.000
5.300	65446.000	18893.575	-402.000	65446.000
5.310	65631.000	18775.502	-710.000	65631.000
5.320	65816.000	18692.852	-1061.000	65816.000
5.330	65997.000	18514.996	-1351.000	65997.000
5.340	66176.000	18330.497	-1636.000	66176.000
5.350	66351.000	18081.348	-1867.000	66351.000
5.360	66522.000	17786.944	-2056.000	66522.000
5.370	66691.000	17520.861	-2243.000	66691.000
5.380	66855.000	17184.602	-2355.000	66855.000
5.390	67014.000	16799.222	-2412.000	67014.000
5.400	67168.000	16379.455	-2425.000	67168.000
5.410	67315.000	15875.619	-2363.000	67315.000
5.420	67458.000	15402.933	-2301.000	67458.000
5.430	67595.000	14892.053	-2182.000	67595.000
5.440	67727.000	14384.437	-2033.000	67727.000
5.450	67852.000	13819.106	-1814.000	67852.000
5.460	67970.000	13213.374	-1544.000	67970.000
5.470	68085.000	12699.362	-1302.000	68085.000
5.480	68194.000	12159.553	-998.000	68194.000
5.490	68297.000	11601.687	-647.000	68297.000
5.500	68397.000	11121.181	-310.000	68397.000
5.510	68493.000	10664.827	56.000	68493.000
5.520	68587.000	10285.379	417.000	68587.000
5.530	68679.000	9959.765	790.000	68679.000
5.540	68771.000	9731.836	1147.000	68771.000
5.550	68864.000	9602.285	1490.000	68864.000
5.560	68959.000	9571.599	1818.000	68959.000
5.570	69056.000	9610.120	2144.000	69056.000
5.580	69158.000	9787.084	2417.000	69158.000
5.590	69265.000	10060.959	2663.000	69265.000
5.600	69378.000	10432.671	2874.000	69378.000
5.610	69498.000	10902.870	3041.000	69498.000
5.620	69623.000	11382.009	3206.000	69623.000
5.630	69756.000	11957.406	3298.000	69756.000
5.640	69896.000	12570.184	3350.000	69896.000
5.650	70042.000	13179.129	3375.000	70042.000
5.660	70196.000	13845.390	3323.000	70196.000
5.670	70353.000	14401.773	3291.000	70353.000
5.680	70516.000	14971.241	3182.000	70516.000
5.690	70685.000	15549.869	3005.000	70685.000
5.700	70858.000	16074.908	2804.000	70858.000
5.710	71033.000	16502.436	2596.000	71033.000
5.720	71214.000	16981.705	2289.000	71214.000
5.730	71395.000	17317.194	2019.000	71395.000
5.740	71577.000	17582.035	1726.000	71577.000
5.750	71762.000	17857.425	1370.000	71762.000
5.760	71949.000	18110.197	992.000	71949.000
5.770	72132.000	18167.138	700.000	72132.000
5.780	72317.000	18266.997	333.000	72317.000
5.790	72501.000	18306.898	-17.000	72501.000
5.800	72685.000	18334.828	-373.000	72685.000
5.810	72868.000	18324.380	-710.000	72868.000
5.820	73048.000	18227.066	-995.000	73048.000
5.830	73226.000	18098.946	-1265.000	73226.000
5.840	73402.000	17949.262	-1518.000	73402.000
5.850	73576.000	17784.484	-1750.000	73576.000
5.860	73746.000	17549.139	-1921.000	73746.000
5.870	73914.000	17324.397	-2085.000	73914.000
5.880	74078.000	17047.078	-2192.000	74078.000
5.890	74238.000	16732.955	-2257.000	74238.000
5.900	74393.000	16363.068	-2269.000	74393.000
5.910	74543.000	15954.148	-2239.000	74543.000
5.920	74689.000	15547.903	-2191.000	74689.000
5.930	74829.000	15083.532	-2080.000	74829.000
5.940	74963.000	14578.473	-1923.000	74963.000
5.950	75091.000	14044.931	-1728.000	75091.000
5.960	75213.000	13491.452	-1498.000	75213.000
5.970	75333.000	13044.016	-1301.000	75333.000
5.980	75447.000	12550.811	-1028.000	75447.000
5.990	75556.000	12055.568	-718.000	75556.000
6.000	75662.000	11618.898	-409.000	75662.000
6.010	75766.000	11253.228	-100.000	75766.000
6.020	75867.000	10907.260	243.000	75867.000
6.030	75967.000	10635.082	581.000	75967.000
6.040	76066.000	10414.557	928.000	76066.000
6.050	76167.000	10320.190	1237.000	76167.000
6.060	76269.000	10284.133	1553.000	76269.000
6.070	76374.000	10348.893	1842.000	76374.000
6.080	76482.000	10484.225	2118.000	76482.000
6.090	76594.000	10698.958	2368.000	76594.000
6.100	76712.000	11029.270	2564.000	76712.000
6.110	76833.000	11350.489	2777.000	76833.000
6.120	76961.000	11785.342	2911.000	76961.000
6.130	77094.000	12239.740	3027.000	77094.000
6.140	77233.000	12737.818	3095.000	77233.000
6.150	77376.000	13206.472	3151.000	77376.000
6.160	77526.000	13744.531	3124.000	77526.000
6.170	77680.000	14241.172	3083.000	77680.000
6.180	77839.000	14738.820	2991.000	77839.000
6.190	78002.000	15207.174	2865.000	78002.000
6.200	78168.000	15625.022	2714.000	78168.000
6.210	78339.000	16067.515	2490.000	78339.000
6.220	78510.000	16377.261	2297.000	78510.000
6.230	78685.000	16714.082	2026.000	78685.000
6.240	78862.000	17009.858	1736.000	78862.000
6.250	79041.000	17276.900	1424.000	79041.000
6.260	79224.000	17583.830	1056.000	79224.000
6.270	79407.000	17798.681	727.000	79407.000
6.280	79592.000	18009.077	375.000	79592.000
6.290	79778.000	18186.354	26.000	79778.000
6.300	79964.000	18310.448	-305.000	79964.000
6.310	80151.000	18427.313	-645.000	80151.000
6.320	80336.000	18449.119	-934.000	80336.000
6.330	80521.000	18464.384	-1232.000	80521.000
6.340	80705.000	18445.068	-1510.000	80705.000
6.350	80886.000	18341.548	-1737.000	80886.000
6.360	81066.000	18239.084	-1966.000	81066.000
6.370	81241.000	18017.358	-2115.000	81241.000
6.380	81412.000	17742.151	-2235.000	81412.000
6.390	81577.000	17369.506	-2297.000	81577.000
6.400	81737.000	16958.654	-2336.000	81737.000
6.410	81889.000	16431.058	-2297.000	81889.000
6.420	82035.000	15881.740	-2243.000	82035.000
6.430	82175.000	15317.218	-2162.000	82175.000
6.440	82307.000	14682.053	-2011.000	82307.000
6.450	82432.000	14027.437	-1824.000	82432.000
6.460	82550.000	13359.206	-1597.000	82550.000
6.470	82662.000	12711.444	-1345.000	82662.000
6.480	82767.000	12048.011	-1038.000	82767.000
6.490	82868.000	11463.608	-734.000	82868.000
6.500	82965.000	10934.525	-406.000	82965.000
6.510	83058.000	10444.168	-42.000	83058.000
6.520	83148.000	10010.917	341.000	83148.000
6.530	83238.000	9707.642	699.000	83238.000
6.540	83329.000	9525.350	1046.000	83329.000
6.550	83420.000	9397.745	1420.000	83420.000
6.560	83515.000	9428.421	1745.000	83515.000
6.570	83612.000	9509.895	2088.000	83612.000
6.580	83714.000	9716.926	2385.000	83714.000
6.590	83822.000	10041.848	2640.000	83822.000
6.600	83935.000	10419.294	2884.000	83935.000
6.610	84056.000	10923.506	3056.000	84056.000
6.620	84182.000	11426.454	3229.000	84182.000
6.630	84314.000	11958.518	3361.000	84314.000
6.640	84453.000	12540.962	3428.000	84453.000
6.650	84598.000	13128.674	3455.000	84598.000
6.660	84748.000	13690.072	3449.000	84748.000
6.670	84904.000	14263.050	3378.000	84904.000
6.680	85064.000	14784.135	3280.000	85064.000
6.690	85229.000	15298.895	3121.000	85229.000
6.700	85398.000	15779.226	2923.000	85398.000
6.710	85571.000	16235.458	2681.000	85571.000
6.720	85747.000	16644.821	2412.000	85747.000
6.730	85926.000	17021.375	2109.000	85926.000
6.740	86107.000	17344.962	1791.000	86107.000
6.750	86288.000	17571.474	1484.000	86288.000
6.760	86472.000	17820.031	1117.000	86472.000
6.770	86658.000	18054.022	734.000	86658.000
6.780	86846.000	18277.815	340.000	86846.000
6.790	87034.000	18434.471	-25.000	87034.000
6.800	87223.000	18574.130	-392.000	87223.000
6.810	87411.000	18641.891	-724.000	87411.000
6.820	87602.000	18779.323	-1104.000	87602.000
6.830	87787.000	18695.526	-1343.000	87787.000
6.840	87971.000	18606.869	-1602.000	87971.000
6.850	88154.000	18514.808	-1863.000	88154.000
6.860	88332.000	18300.366	-2044.000	88332.000
6.870	88506.000	18030.256	-2196.000	88506.000
6.880	88676.000	17721.179	-2323.000	88676.000
6.890	88839.000	17294.825	-2372.000	88839.000
6.900	88995.000	16786.378	-2372.000	88995.000
6.910	89146.000	16280.464	-2367.000	89146.000
6.920	89288.000	15656.325	-2272.000	89288.000
6.930	89422.000	14979.428	-2133.000	89422.000
6.940	89549.000	14295.599	-1971.000	89549.000
6.950	89670.000	13636.920	-1790.000	89670.000
6.960	89782.000	12905.844	-1522.000	89782.000
6.970	89890.000	12274.091	-1276.000	89890.000
6.980	89993.000	11681.863	-992.000	89993.000
6.990	90093.000	11177.304	-698.000	90093.000
7.000	90190.000	10734.113	-371.000	90190.000
7.010	90285.000	10363.879	-23.000	90285.000
7.020	90381.000	10134.715	305.000	90381.000
7.030	90479.000	10034.301	625.000	90479.000
7.040	90577.000	9964.011	992.000	90577.000
7.050	90678.000	10004.807	1333.000	90678.000
7.060	90783.000	10153.365	1649.000	90783.000
7.070	90893.000	10407.356	1935.000	90893.000
7.080	91006.000	10675.149	2234.000	91006.000
7.090	91125.000	11042.604	2475.000	91125.000
7.100	91249.000	11449.823	2691.000	91249.000
7.110	91378.000	11884.876	2874.000	91378.000
7.120	91514.000	12399.413	2985.000	91514.000
7.130	91653.000	12849.589	3107.000	91653.000
7.140	91797.000	13314.712	3171.000	91797.000
7.150	91947.000	13820.299	3161.000	91947.000
7.160	92100.000	14264.209	3142.000	92100.000
7.170	92256.000	14664.946	3089.000	92256.000
7.180	92416.000	15065.462	2975.000	92416.000
7.190	92579.000	15435.824	2825.000	92579.000
7.200	92743.000	15725.077	2669.000	92743.000
7.210	92911.000	16047.554	2436.000	92911.000
7.220	93081.000	16333.288	2187.000	93081.000
7.230	93253.000	16593.301	1916.000	93253.000
7.240	93428.000	16865.311	1606.000	93428.000
7.250	93606.000	17145.718	1272.000	93606.000
7.260	93787.000	17432.002	921.000	93787.000
7.270	93969.000	17662.402	595.000	93969.000
7.280	94155.000	17943.681	225.000	94155.000
7.290	94340.000	18110.577	-80.000	94340.000
7.300	94527.000	18287.404	-410.000	94527.000
7.310	94714.000	18411.183	-718.000	94714.000
7.320	94901.000	18497.828	-1014.000	94901.000
7.330	95088.000	18558.479	-1304.000	95088.000
7.340	95272.000	18510.936	-1534.000	95272.000
7.350	95454.000	18417.655	-1753.000	95454.000
7.360	95633.000	18262.358	-1942.000	95633.000
7.370	95806.000	17973.651	-2061.000	95806.000
7.380	95975.000	17651.556	-2173.000	95975.000
7.390	96137.000	17216.089	-2220.000	96137.000
7.400	96292.000	16701.262	-2226.000	96292.000
7.410	96441.000	16160.884	-2213.000	96441.000
7.420	96583.000	15572.619	-2156.000	96583.000
7.430	96716.000	14890.833	-2022.000	96716.000
7.440	96844.000	14263.583	-1900.000	96844.000
7.450	96965.000	13614.508	-1722.000	96965.000
7.460	97079.000	12950.156	-1490.000	97079.000
7.470	97189.000	12365.109	-1259.000	97189.000
7.480	97294.000	11805.576	-982.000	97294.000
7.490	97396.000	11323.903	-691.000	97396.000
7.500	97495.000	10896.732	-368.000	97495.000
7.510	97594.000	10597.713	-59.000	97594.000
7.520	97692.000	10358.399	283.000	97692.000
7.530	97791.000	10220.879	621.000	97791.000
7.540	97892.000	10184.615	952.000	97892.000
7.550	97995.000	10219.231	1288.000	97995.000
7.560	98101.000	10333.462	1611.000	98101.000
7.570	98211.000	10533.423	1908.000	98211.000
7.580	98324.000	10763.396	2203.000	98324.000
7.590	98441.000	11044.377	2467.000	98441.000
7.600	98562.000	11361.064	2699.000	98562.000
7.610	98687.000	11702.745	2898.000	98687.000
7.620	98815.000	12031.921	3076.000	98815.000
7.630	98947.000	12382.345	3203.000	98947.000
7.640	99082.000	12717.641	3297.000	99082.000
7.650	99219.000	13012.349	3367.000	99219.000
7.660	99360.000	13338.644	3366.000	99360.000
7.670	99504.000	13657.051	3325.000	99504.000
7.680	99651.000	13969.936	3245.000	99651.000
7.690	99802.000	14308.955	3110.000	99802.000
7.700	99957.000	14666.269	2932.000	99957.000
7.710	100116.000	15036.388	2721.000	100116.000
7.720	100279.000	15415.472	2480.000	100279.000
7.730	100447.000	15830.830	2196.000	100447.000
7.740	100619.000	16241.581	1900.000	100619.000
7.750	100795.000	16649.107	1588.000	100795.000
7.760	100977.000	17114.375	1223.000	100977.000
7.770	101162.000	17530.062	880.000	101162.000
7.780	101351.000	17941.044	520.000	101351.000
7.790	101545.000	18378.731	128.000	101545.000
7.800	101740.000	18715.111	-217.000	101740.000
7.810	101937.000	19010.578	-565.000	101937.000
7.820	102133.000	19187.405	-871.000	102133.000
7.830	102327.000	19251.183	-1149.000	102327.000
7.840	102520.000	19265.828	-1437.000	102520.000
7.850	102709.000	19156.080	-1680.000	102709.000
7.860	102894.000	18959.256	-1901.000	102894.000
7.870	103071.000	18581.479	-2039.000	103071.000
7.880	103243.000	18167.035	-2184.000	103243.000
7.890	103407.000	17636.925	-2269.000	103407.000
7.900	103563.000	17025.847	-2310.000	103563.000
7.910	103710.000	16328.093	-2293.000	103710.000
7.920	103850.000	15629.665	-2261.000	103850.000
7.930	103981.000	14870.766	-2159.000	103981.000
7.940	104105.000	14129.536	-2029.000	104105.000
7.950	104222.000	13400.675	-1854.000	104222.000
7.960	104333.000	12710.473	-1640.000	104333.000
7.970	104438.000	12047.331	-1375.000	104438.000
7.980	104539.000	11463.132	-1089.000	104539.000
7.990	104638.000	10994.192	-796.000	104638.000
8.000	104735.000	10605.934	-470.000	104735.000
8.010	104832.000	10334.154	-137.000	104832.000
8.020	104929.000	10143.908	221.000	104929.000
8.030	105029.000	10100.736	555.000	105029.000
8.040	105130.000	10100.515	924.000	105130.000
8.050	105234.000	10190.360	1278.000	105234.000
8.060	105341.000	10343.252	1623.000	105341.000
8.070	105452.000	10570.277	1940.000	105452.000
8.080	105566.000	10819.194	2250.000	105566.000
8.090	105684.000	11113.436	2522.000	105684.000
8.100	105805.000	11409.405	2774.000	105805.000
8.110	105931.000	11766.583	2960.000	105931.000
8.120	106060.000	12106.608	3127.000	106060.000
8.130	106192.000	12434.626	3259.000	106192.000
8.140	106330.000	12844.238	3298.000	106330.000
8.150	106469.000	13160.967	3358.000	106469.000
8.160	106613.000	13532.677	3331.000	106613.000
8.170	106761.000	13912.874	3260.000	106761.000
8.180	106913.000	14299.012	3148.000	106913.000
8.190	107069.000	14689.308	2998.000	107069.000
8.200	107229.000	15082.516	2812.000	107229.000
8.210	107395.000	15537.761	2559.000	107395.000
8.220	107565.000	15976.433	2296.000	107565.000
8.230	107741.000	16463.503	1981.000	107741.000
8.240	107921.000	16924.452	1666.000	107921.000
8.250	108107.000	17427.116	1303.000	108107.000
8.260	108298.000	17928.981	927.000	108298.000
8.270	108492.000	18370.287	569.000	108492.000
8.280	108689.000	18769.201	207.000	108689.000
8.290	108886.000	19048.441	-117.000	108886.000
8.300	109085.000	19303.908	-472.000	109085.000
8.310	109284.000	19482.736	-814.000	109284.000
8.320	109481.000	19547.915	-1122.000	109481.000
8.330	109675.000	19503.541	-1404.000	109675.000
8.340	109865.000	19352.478	-1657.000	109865.000
8.350	110049.000	19066.735	-1864.000	110049.000
8.360	110227.000	18686.714	-2044.000	110227.000
8.370	110397.000	18180.700	-2170.000	110397.000
8.380	110558.000	17556.490	-2242.000	110558.000
8.390	110711.000	16879.543	-2289.000	110711.000
8.400	110857.000	16195.680	-2320.000	110857.000
8.410	110994.000	15446.976	-2280.000	110994.000
8.420	111124.000	14712.883	-2211.000	111124.000
8.430	111247.000	13989.018	-2096.000	111247.000
8.440	111365.000	13332.313	-1958.000	111365.000
8.450	111478.000	12722.619	-1772.000	111478.000
8.460	111588.000	12205.833	-1563.000	111588.000
8.470	111694.000	11724.083	-1292.000	111694.000
8.480	111800.000	11386.858	-1033.000	111800.000
8.490	111905.000	11120.801	-732.000	111905.000
8.500	112010.000	10934.561	-408.000	112010.000
8.510	112116.000	10834.192	-74.000	112116.000
8.520	112225.000	10853.935	242.000	112225.000
8.530	112334.000	10867.754	609.000	112334.000
8.540	112446.000	10967.428	946.000	112446.000
8.550	112561.000	11127.200	1264.000	112561.000
8.560	112678.000	11299.040	1584.000	112678.000
8.570	112796.000	11449.328	1906.000	112796.000
8.580	112915.000	11584.529	2211.000	112915.000
8.590	113037.000	11769.171	2454.000	113037.000
8.600	113160.000	11928.419	2683.000	113160.000
8.610	113284.000	12069.894	2885.000	113284.000
8.620	113410.000	12228.926	3036.000	113410.000
8.630	113537.000	12370.248	3161.000	113537.000
8.640	113667.000	12559.174	3223.000	113667.000
8.650	113799.000	12751.421	3257.000	113799.000
8.660	113935.000	13005.995	3229.000	113935.000
8.670	114075.000	13304.197	3160.000	114075.000
8.680	114220.000	13662.938	3046.000	114220.000
8.690	114371.000	14094.056	2883.000	114371.000
8.700	114527.000	14545.839	2705.000	114527.000
8.710	114690.000	15072.088	2474.000	114690.000
8.720	114858.000	15590.461	2241.000	114858.000
8.730	115033.000	16163.323	1959.000	115033.000
8.740	115212.000	16684.326	1690.000	115212.000
8.750	115396.000	17199.028	1392.000	115396.000
8.760	115585.000	17709.320	1064.000	115585.000
8.770	115779.000	18216.524	705.000	115779.000
8.780	115974.000	18601.567	385.000	115974.000
8.790	116172.000	18961.097	33.000	116172.000
8.800	116369.000	19182.768	-281.000	116369.000
8.810	116565.000	19307.937	-590.000	116565.000
8.820	116757.000	19275.556	-858.000	116757.000
8.830	116945.000	19132.889	-1117.000	116945.000
8.840	117129.000	18913.023	-1374.000	117129.000
8.850	117306.000	18549.116	-1576.000	117306.000
8.860	117478.000	18144.381	-1781.000	117478.000
8.870	117643.000	17651.067	-1938.000	117643.000
8.880	117800.000	17065.747	-2037.000	117800.000
8.890	117952.000	16506.023	-2141.000	117952.000
8.900	118095.000	15844.216	-2149.000	118095.000
8.910	118232.000	15200.951	-2138.000	118232.000
8.920	118363.000	14570.666	-2085.000	118363.000
8.930	118489.000	13979.466	-1998.000	118489.000
8.940	118611.000	13445.626	-1878.000	118611.000
8.950	118731.000	13011.938	-1742.000	118731.000
8.960	118847.000	12588.357	-1530.000	118847.000
8.970	118962.000	12261.850	-1307.000	118962.000
8.980	119075.000	11973.295	-1037.000	119075.000
8.990	119188.000	11771.306	-758.000	119188.000
9.000	119300.000	11599.914	-442.000	119300.000
9.010	119412.000	11479.940	-115.000	119412.000
9.020	119523.000	11365.958	240.000	119523.000
9.030	119635.000	11316.171	575.000	119635.000
9.040	119747.000	11281.319	918.000	119747.000
9.050	119859.000	11256.924	1259.000	119859.000
9.060	119970.000	11209.847	1608.000	119970.000
9.070	120082.000	11206.893	1915.000	120082.000
9.080	120193.000	11174.825	2226.000	120193.000
9.090	120305.000	11182.377	2491.000	120305.000
9.100	120417.000	11187.664	2741.000	120417.000
9.110	120530.000	11221.365	2953.000	120530.000
9.120	120645.000	11304.955	3118.000	120645.000
9.130	120763.000	11453.469	3235.000	120763.000
9.140	120884.000	11647.428	3320.000	120884.000
9.150	121009.000	11903.200	3363.000	121009.000
9.160	121140.000	12262.240	3341.000	121140.000
9.170	121277.000	12693.568	3282.000	121277.000
9.180	121421.000	13205.498	3176.000	121421.000
9.190	121573.000	13803.848	3020.000	121573.000
9.200	121733.000	14462.694	2828.000	121733.000
9.210	121901.000	15163.886	2602.000	121901.000
9.220	122076.000	15864.720	2359.000	122076.000
9.230	122260.000	16625.304	2051.000	122260.000
9.240	122450.000	17337.713	1742.000	122450.000
9.250	122646.000	18016.399	1409.000	122646.000
9.260	122847.000	18641.479	1055.000	122847.000
9.270	123050.000	19139.035	718.000	123050.000
9.280	123253.000	19487.325	396.000	123253.000
9.290	123458.000	19791.127	20.000	123458.000
9.300	123661.000	19943.789	-329.000	123661.000
9.310	123861.000	19960.652	-663.000	123861.000
9.320	124055.000	19792.457	-951.000	124055.000
9.330	124245.000	19554.720	-1258.000	124245.000
9.340	124428.000	19178.304	-1520.000	124428.000
9.350	124605.000	18734.813	-1770.000	124605.000
9.360	124773.000	18154.369	-1948.000	124773.000
9.370	124934.000	17538.058	-2109.000	124934.000
9.380	125089.000	16926.641	-2254.000	125089.000
9.390	125237.000	16288.649	-2341.000	125237.000
9.400	125378.000	15632.054	-2368.000	125378.000
9.410	125514.000	15022.438	-2366.000	125514.000
9.420	125646.000	14475.706	-2331.000	125646.000
9.430	125772.000	13912.995	-2208.000	125772.000
9.440	125896.000	13459.096	-2080.000	125896.000
9.450	126017.000	13051.367	-1899.000	126017.000
9.460	126136.000	12705.957	-1681.000	126136.000
9.470	126252.000	12374.170	-1404.000	126252.000
9.480	126367.000	12111.919	-1115.000	126367.000
9.490	126480.000	11868.343	-787.000	126480.000
9.500	126592.000	11667.840	-447.000	126592.000
9.510	126703.000	11497.488	-95.000	126703.000
9.520	126812.000	11318.242	283.000	126812.000
9.530	126921.000	11192.769	639.000	126921.000
9.540	127029.000	11074.938	999.000	127029.000
9.550	127135.000	10932.457	1375.000	127135.000
9.560	127242.000	10862.720	1698.000	127242.000
9.570	127348.000	10783.904	2026.000	127348.000
9.580	127455.000	10758.733	2314.000	127455.000
9.590	127562.000	10741.113	2591.000	127562.000
9.600	127671.000	10788.779	2821.000	127671.000
9.610	127783.000	10912.145	3003.000	127783.000
9.620	127899.000	11118.502	3139.000	127899.000
9.630	128020.000	11412.951	3229.000	128020.000
9.640	128146.000	11769.066	3289.000	128146.000
9.650	128278.000	12198.346	3306.000	128278.000
9.660	128418.000	12738.842	3256.000	128418.000
9.670	128566.000	13357.190	3163.000	128566.000
9.680	128721.000	14000.033	3050.000	128721.000
9.690	128886.000	14750.023	2856.000	128886.000
9.700	129058.000	15485.016	2656.000	129058.000
9.710	129238.000	16239.511	2412.000	129238.000
9.720	129425.000	16977.658	2138.000	129425.000
9.730	129616.000	17614.360	1873.000	129616.000
9.740	129813.000	18240.052	1547.000	129813.000
9.750	130012.000	18738.037	1233.000	130012.000
9.760	130214.000	19176.626	880.000	130214.000
9.770	130416.000	19483.638	535.000	130416.000
9.780	130617.000	19668.547	190.000	130617.000
9.790	130816.000	19737.983	-156.000	130816.000
9.800	131011.000	19666.588	-480.000	131011.000
9.810	131199.000	19406.611	-752.000	131199.000
9.820	131382.000	19074.628	-1038.000	131382.000
9.830	131559.000	18662.240	-1309.000	131559.000
9.840	131730.000	18193.568	-1560.000	131730.000
9.850	131894.000	17655.497	-1765.000	131894.000
9.860	132052.000	17098.848	-1944.000	132052.000
9.870	132204.000	16529.194	-2082.000	132204.000
9.880	132351.000	15980.436	-2186.000	132351.000
9.890	132493.000	15446.305	-2241.000	132493.000
9.900	132631.000	14952.413	-2256.000	132631.000
9.910	132766.000	14516.689	-2235.000	132766.000
9.920	132897.000	14091.683	-2147.000	132897.000
9.930	133027.000	13764.178	-2050.000	133027.000
9.940	133154.000	13444.924	-1885.000	133154.000
9.950	133280.000	13191.447	-1701.000	133280.000
9.960	133405.000	12984.013	-1486.000	133405.000
9.970	133529.000	12808.809	-1241.000	133529.000
9.980	133651.000	12626.166	-953.000	133651.000
9.990	133771.000	12438.316	-639.000	133771.000
10.000	133888.000	12216.822	-293.000	133888.000
10.010	134003.000	12001.775	50.000	134003.000
10.020	134116.000	11791.243	391.000	134116.000
10.030	134226.000	11553.870	745.000	134226.000
10.040	134333.000	11297.709	1102.000	134333.000
10.050	134439.000	11088.396	1422.000	134439.000
10.060	134542.000	10851.877	1758.000	134542.000
10.070	134645.000	10686.314	2046.000	134645.000
10.080	134746.000	10510.420	2346.000	134746.000
10.090	134849.000	10447.294	2580.000	134849.000
10.100	134953.000	10433.106	2801.000	134953.000
10.110	135060.000	10513.174	2981.000	135060.000
10.120	135172.000	10719.222	3106.000	135172.000
10.130	135288.000	10983.455	3221.000	135288.000
10.140	135412.000	11408.419	3257.000	135412.000
10.150	135543.000	11915.893	3268.000	135543.000
10.160	135683.000	12541.125	3222.000	135683.000
10.170	135831.000	13218.788	3153.000	135831.000
10.180	135988.000	13963.151	3038.000	135988.000
10.190	136154.000	14754.206	2879.000	136154.000
10.200	136327.000	15517.944	2707.000	136327.000
10.210	136508.000	16292.561	2482.000	136508.000
10.220	136695.000	17014.793	2236.000	136695.000
10.230	136886.000	17640.355	1980.000	136886.000
10.240	137083.000	18258.248	1651.000	137083.000
10.250	137280.000	18690.774	1362.000	137280.000
10.260	137477.000	18993.542	1060.000	137477.000
10.270	137674.000	19205.479	723.000	137674.000
10.280	137869.000	19293.835	383.000	137869.000
10.290	138061.000	19265.685	45.000	138061.000
10.300	138249.000	19125.979	-284.000	138249.000
10.310	138433.000	18908.186	-613.000	138433.000
10.320	138612.000	18605.730	-919.000	138612.000
10.330	138787.000	18274.011	-1220.000	138787.000
10.340	138955.000	17831.808	-1452.000	138955.000
10.350	139119.000	17402.265	-1684.000	139119.000
10.360	139278.000	16951.586	-1874.000	139278.000
10.370	139435.000	16576.110	-2067.000	139435.000
10.380	139589.000	16223.277	-2211.000	139589.000
10.390	139738.000	15826.294	-2266.000	139738.000
10.400	139887.000	15548.406	-2338.000	139887.000
10.410	140033.000	15263.884	-2333.000	140033.000
10.420	140178.000	15034.719	-2302.000	140178.000
10.430	140323.000	14874.303	-2251.000	140323.000
10.440	140461.000	14552.012	-2049.000	140461.000
10.450	140599.000	14326.409	-1888.000	140599.000
10.460	140733.000	14048.486	-1663.000	140733.000
10.470	140864.000	13763.940	-1418.000	140864.000
10.480	140991.000	13444.758	-1138.000	140991.000
10.490	141111.000	13011.331	-787.000	141111.000
10.500	141228.000	12617.931	-470.000	141228.000
10.510	141339.000	12162.552	-113.000	141339.000
10.520	141445.000	11693.786	250.000	141445.000
10.530	141546.000	11215.650	619.000	141546.000
10.540	141643.000	10760.955	980.000	141643.000
10.550	141736.000	10322.669	1346.000	141736.000
10.560	141827.000	9955.868	1686.000	141827.000
10.570	141917.000	9669.108	2007.000	141917.000
10.580	142007.000	9468.375	2311.000	142007.000
10.590	142099.000	9387.863	2581.000	142099.000
10.600	142195.000	9451.504	2810.000	142195.000
10.610	142296.000	9646.053	3007.000	142296.000
10.620	142404.000	9992.237	3158.000	142404.000
10.630	142520.000	10474.566	3268.000	142520.000
10.640	142644.000	11052.196	3353.000	142644.000
10.650	142779.000	11786.537	3361.000	142779.000
10.660	142925.000	12630.576	3318.000	142925.000
10.670	143080.000	13491.403	3263.000	143080.000
10.680	143245.000	14393.982	3155.000	143245.000
10.690	143419.000	15295.788	3007.000	143419.000
10.700	143604.000	16257.051	2768.000	143604.000
10.710	143794.000	17079.936	2554.000	143794.000
10.720	143989.000	17805.955	2309.000	143989.000
10.730	144188.000	18434.169	2024.000	144188.000
10.740	144387.000	18873.918	1748.000	144387.000
10.750	144589.000	19271.743	1386.000	144589.000
10.760	144789.000	19490.220	1043.000	144789.000
10.770	144986.000	19553.154	699.000	144986.000
10.780	145182.000	19567.208	303.000	145182.000
10.790	145372.000	19397.045	-39.000	145372.000
10.800	145557.000	19127.932	-379.000	145557.000
10.810	145736.000	18759.552	-697.000	145736.000
10.820	145911.000	18381.687	-1029.000	145911.000
10.830	146082.000	17997.181	-1347.000	146082.000
10.840	146249.000	17608.026	-1633.000	146249.000
10.850	146412.000	17215.618	-1874.000	146412.000
10.860	146572.000	16850.933	-2082.000	146572.000
10.870	146729.000	16505.653	-2241.000	146729.000
10.880	146885.000	16233.957	-2380.000	146885.000
10.890	147037.000	15923.770	-2427.000	147037.000
10.900	147187.000	15646.639	-2440.000	147187.000
10.910	147334.000	15362.647	-2396.000	147334.000
10.920	147480.000	15133.853	-2339.000	147480.000
10.930	147623.000	14883.697	-2222.000	147623.000
10.940	147763.000	14618.588	-2062.000	147763.000
10.950	147898.000	14283.012	-1835.000	147898.000
10.960	148029.000	13928.108	-1588.000	148029.000
10.970	148155.000	13529.676	-1306.000	148155.000
10.980	148275.000	13070.773	-986.000	148275.000
10.990	148390.000	12599.541	-661.000	148390.000
11.000	148498.000	12059.679	-292.000	148498.000
11.010	148600.000	11501.775	85.000	148600.000
11.020	148698.000	10991.243	439.000	148698.000
11.030	148790.000	10453.870	828.000	148790.000
11.040	148880.000	10017.709	1174.000	148880.000
11.050	148967.000	9622.396	1532.000	148967.000
11.060	149054.000	9345.677	1855.000	149054.000
11.070	149142.000	9181.974	2159.000	149142.000
11.080	149233.000	9157.382	2432.000	149233.000
11.090	149328.000	9260.167	2682.000	149328.000
11.100	149430.000	9542.117	2877.000	149430.000
11.110	149537.000	9889.482	3083.000	149537.000
11.120	149654.000	10432.637	3202.000	149654.000
11.130	149779.000	11052.846	3307.000	149779.000
11.140	149915.000	11816.992	3339.000	149915.000
11.150	150060.000	12621.895	3352.000	150060.000
11.160	150215.000	13485.326	3312.000	150215.000
11.170	150377.000	14299.728	3267.000	150377.000
11.180	150550.000	15199.810	3113.000	150550.000
11.190	150729.000	16009.867	2958.000	150729.000
11.200	150915.000	16786.907	2746.000	150915.000
11.210	151105.000	17450.835	2517.000	151105.000
11.220	151297.000	17975.584	2276.000	151297.000
11.230	151491.000	18402.909	1988.000	151491.000
11.240	151683.000	18642.036	1714.000	151683.000
11.250	151875.000	18809.425	1380.000	151875.000
11.260	152064.000	18836.598	1049.000	152064.000
11.270	152251.000	18795.618	687.000	152251.000
11.280	152433.000	18616.933	356.000	152433.000
11.290	152612.000	18401.853	3.000	152612.000
11.300	152788.000	18161.297	-353.000	152788.000
11.310	152960.000	17872.908	-678.000	152960.000
11.320	153128.000	17551.036	-971.000	153128.000
11.330	153293.000	17235.725	-1245.000	153293.000
11.340	153457.000	16985.007	-1521.000	153457.000
11.350	153618.000	16719.505	-1733.000	153618.000
11.360	153778.000	16503.654	-1923.000	153778.000
11.370	153937.000	16322.558	-2076.000	153937.000
11.380	154096.000	16195.790	-2203.000	154096.000
11.390	154254.000	16077.053	-2275.000	154254.000
11.400	154411.000	15963.937	-2303.000	154411.000
11.410	154566.000	15824.756	-2275.000	154566.000
11.420	154722.000	15757.329	-2261.000	154722.000
11.430	154872.000	15530.130	-2119.000	154872.000
11.440	155020.000	15311.091	-1984.000	155020.000
11.450	155163.000	15007.764	-1793.000	155163.000
11.460	155300.000	14615.435	-1558.000	155300.000
11.470	155432.000	14190.804	-1316.000	155432.000
11.480	155557.000	13683.563	-1031.000	155557.000
11.490	155675.000	13118.494	-722.000	155675.000
11.500	155786.000	12512.946	-394.000	155786.000
11.510	155892.000	11939.062	-83.000	155892.000
11.520	155991.000	11327.343	270.000	155991.000
11.530	156085.000	10749.140	621.000	156085.000
11.540	156176.000	10254.398	953.000	156176.000
11.550	156266.000	9878.079	1260.000	156266.000
11.560	156355.000	9584.655	1576.000	156355.000
11.570	156447.000	9469.259	1845.000	156447.000
11.580	156541.000	9448.481	2125.000	156541.000
11.590	156641.000	9613.937	2353.000	156641.000
11.600	156746.000	9879.756	2582.000	156746.000
11.610	156859.000	10305.829	2760.000	156859.000
11.620	156981.000	10874.080	2892.000	156981.000
11.630	157112.000	11541.856	2994.000	157112.000
11.640	157251.000	12249.299	3082.000	157251.000
11.650	157400.000	13044.510	3102.000	157400.000
11.660	157557.000	13841.157	3097.000	157557.000
11.670	157721.000	14608.810	3062.000	157721.000
11.680	157893.000	15386.167	2957.000	157893.000
11.690	158069.000	16050.317	2849.000	158069.000
11.700	158250.000	16665.222	2680.000	158250.000
11.710	158433.000	17155.655	2494.000	158433.000
11.720	158617.000	17528.959	2279.000	158617.000
11.730	158801.000	17790.271	2032.000	158801.000
11.740	158985.000	17973.190	1742.000	158985.000
11.750	159167.000	18041.233	1444.000	159167.000
11.760	159348.000	18058.863	1109.000	159348.000
11.770	159527.000	18011.204	767.000	159527.000
11.780	159703.000	17887.843	437.000	159703.000
11.790	159878.000	17771.490	82.000	159878.000
11.800	160051.000	17630.043	-258.000	160051.000
11.810	160223.000	17501.030	-593.000	160223.000
11.820	160395.000	17410.721	-925.000	160395.000
11.830	160567.000	17347.505	-1233.000	160567.000
11.840	160739.000	17303.253	-1510.000	160739.000
11.850	160912.000	17302.277	-1767.000	160912.000
11.860	161085.000	17301.594	-1978.000	161085.000
11.870	161258.000	17301.116	-2150.000	161258.000
11.880	161430.000	17270.781	-2271.000	161430.000
11.890	161601.000	17219.547	-2359.000	161601.000
11.900	161769.000	17093.683	-2386.000	161769.000
11.910	161932.000	16855.578	-2345.000	161932.000
11.920	162091.000	16568.905	-2286.000	162091.000
11.930	162244.000	16188.233	-2180.000	162244.000
11.940	162390.000	15711.763	-2028.000	162390.000
11.950	162528.000	15138.234	-1831.000	162528.000
11.960	162658.000	14496.764	-1606.000	162658.000
11.970	162778.000	13747.735	-1322.000	162778.000
11.980	162889.000	12953.414	-1015.000	162889.000
11.990	162992.000	12157.390	-698.000	162992.000
12.000	163086.000	11330.173	-338.000	163086.000
12.010	163173.000	10541.121	0.000	163173.000
12.020	163255.000	9838.785	0.000	163255.000
12.030	163333.000	9227.149	0.000	163333.000
12.040	163409.000	8739.005	0.000	163409.000
12.050	163486.000	8427.303	0.000	163486.000
12.060	163566.000	8299.112	0.000	163566.000
12.070	163650.000	8329.379	0.000	163650.000
12.080	163739.000	8500.565	0.000	163739.000
12.090	163835.000	8830.395	0.000	163835.000
12.100	163938.000	9271.277	0.000	163938.000
12.110	164048.000	9789.894	0.000	164048.000
12.120	164163.000	10302.926	0.000	164163.000
12.130	164284.000	10842.048	0.000	164284.000
12.140	164409.000	11339.434	0.000	164409.000
12.150	164536.000	11747.603	0.000	164536.000
12.160	164663.000	12033.322	0.000	164663.000
12.170	164787.000	12143.326	0.000	164787.000
12.180	164909.000	12160.328	0.000	164909.000
12.190	165025.000	11992.230	0.000	165025.000
12.200	165134.000	11664.561	0.000	165134.000
12.210	165236.000	11225.193	0.000	165236.000
12.220	165330.000	10677.635	0.000	165330.000
12.230	165416.000	10054.344	0.000	165416.000
12.240	165494.000	9378.041	0.000	165494.000
12.250	165566.000	8724.629	0.000	165566.000
12.260	165633.000	8117.240	0.000	165633.000
12.270	165695.000	7542.068	0.000	165695.000
12.280	165757.000	7139.448	0.000	165757.000
12.290	165818.000	6827.613	0.000	165818.000
12.300	165882.000	6699.329	0.000	165882.000
12.310	165949.000	6699.531	0.000	165949.000
12.320	166021.000	6849.671	0.000	166021.000
12.330	166100.000	7164.770	0.000	166100.000
12.340	166186.000	7595.339	0.000	166186.000
12.350	166278.000	8076.737	0.000	166278.000
12.360	166376.000	8593.716	0.000	166376.000
12.370	166479.000	9105.601	0.000	166479.000
12.380	166586.000	9583.921	0.000	166586.000
12.390	166696.000	10008.745	0.000	166696.000
12.400	166805.000	10276.121	0.000	166805.000
12.410	166913.000	10433.285	0.000	166913.000
12.420	167018.000	10453.299	0.000	167018.000
12.430	167118.000	10317.310	0.000	167118.000
12.440	167212.000	10042.117	0.000	167212.000
12.450	167297.000	9579.482	0.000	167297.000
12.460	167374.000	9015.637	0.000	167374.000
12.470	167443.000	8380.946	0.000	167443.000
12.480	167504.000	7696.662	0.000	167504.000
12.490	167558.000	7007.664	0.000	167558.000
12.500	167606.000	6345.364	0.000	167606.000
12.510	167650.000	5761.755	0.000	167650.000
12.520	167691.000	5263.229	0.000	167691.000
12.530	167732.000	4914.260	0.000	167732.000
12.540	167774.000	4699.982	0.000	167774.000
12.550	167819.000	4639.987	0.000	167819.000
12.560	167869.000	4747.991	0.000	167869.000
12.570	167924.000	4973.594	0.000	167924.000
12.580	167985.000	5311.516	0.000	167985.000
12.590	168053.000	5758.061	0.000	168053.000
12.600	168127.000	6250.643	0.000	168127.000
12.610	168207.000	6775.450	0.000	168207.000
12.620	168290.000	7232.815	0.000	168290.000
12.630	168376.000	7642.970	0.000	168376.000
12.640	168463.000	7960.079	0.000	168463.000
12.650	168549.000	8152.056	0.000	168549.000
12.660	168633.000	8226.439	0.000	168633.000
12.670	168712.000	8128.507	0.000	168712.000
12.680	168784.000	7849.955	0.000	168784.000
12.690	168848.000	7414.969	0.000	168848.000
12.700	168905.000	6900.478	0.000	168905.000
12.710	168952.000	6240.335	0.000	168952.000
12.720	168992.000	5568.234	0.000	168992.000
12.730	169024.000	4857.764	0.000	169024.000
12.740	169050.000	4180.435	0.000	169050.000
12.750	169073.000	3616.304	0.000	169073.000
12.760	169093.000	3131.413	0.000	169093.000
12.770	169112.000	2761.989	0.000	169112.000
12.780	169133.000	2563.392	0.000	169133.000
12.790	169158.000	2544.375	0.000	169158.000
12.800	169187.000	2651.062	0.000	169187.000
12.810	169223.000	2935.744	0.000	169223.000
12.820	169266.000	3345.021	0.000	169266.000
12.830	169315.000	3811.514	0.000	169315.000
12.840	169372.000	4378.060	0.000	169372.000
12.850	169434.000	4924.642	0.000	169434.000
12.860	169502.000	5487.249	0.000	169502.000
12.870	169573.000	5971.075	0.000	169573.000
12.880	169645.000	6339.752	0.000	169645.000
12.890	169716.000	6567.827	0.000	169716.000
12.900	169785.000	6667.479	0.000	169785.000
12.910	169850.000	6617.235	0.000	169850.000
12.920	169909.000	6402.065	0.000	169909.000
12.930	169960.000	6011.445	0.000	169960.000
12.940	170004.000	5528.012	0.000	170004.000
12.950	170039.000	4919.608	0.000	170039.000
12.960	170067.000	4283.726	0.000	170067.000
12.970	170088.000	3628.608	0.000	170088.000
12.980	170103.000	2990.026	0.000	170103.000
12.990	170114.000	2423.018	0.000	170114.000
13.000	170122.000	1936.113	0.000	170122.000
13.010	170129.000	1565.279	0.000	170129.000
13.020	170138.000	1365.695	0.000	170138.000
13.030	170150.000	1315.987	0.000	170150.000
13.040	170167.000	1431.191	0.000	170167.000
13.050	170189.000	1661.833	0.000	170189.000
13.060	170218.000	2033.283	0.000	170218.000
13.070	170255.000	2533.298	0.000	170255.000
13.080	170297.000	3033.309	0.000	170297.000
13.090	170346.000	3593.316	0.000	170346.000
13.100	170400.000	4135.321	0.000	170400.000
13.110	170456.000	4574.725	0.000	170456.000
13.120	170515.000	4972.307	0.000	170515.000
13.130	170573.000	5220.615	0.000	170573.000
13.140	170629.000	5334.431	0.000	170629.000
13.150	170681.000	5294.101	0.000	170681.000
13.160	170728.000	5115.871	0.000	170728.000
13.170	170767.000	4751.110	0.000	170767.000
13.180	170799.000	4285.777	0.000	170799.000
13.190	170823.000	3720.044	0.000	170823.000
13.200	170839.000	3084.031	0.000	170839.000
13.210	170848.000	2428.821	0.000	170848.000
13.220	170852.000	1820.175	0.000	170852.000
13.230	170852.000	1274.123	0.000	170852.000
13.240	170848.000	771.886	0.000	170848.000
13.250	170843.000	390.320	0.000	170843.000
13.260	170839.000	153.224	0.000	170839.000
13.270	170838.000	77.257	0.000	170838.000
13.280	170840.000	114.080	0.000	170840.000
13.290	170849.000	349.856	0.000	170849.000
13.300	170865.000	724.899	0.000	170865.000
13.310	170887.000	1167.429	0.000	170887.000
13.320	170916.000	1687.201	0.000	170916.000
13.330	170952.000	2261.040	0.000	170952.000
13.340	170992.000	2782.728	0.000	170992.000
13.350	171036.000	3267.910	0.000	171036.000
13.360	171082.000	3667.537	0.000	171082.000
13.370	171127.000	3917.276	0.000	171127.000
13.380	171170.000	4032.093	0.000	171170.000
13.390	171209.000	3992.465	0.000	171209.000
13.400	171243.000	3814.726	0.000	171243.000
13.410	171270.000	3480.308	0.000	171270.000
13.420	171290.000	3036.216	0.000	171290.000
13.430	171302.000	2485.351	0.000	171302.000
13.440	171306.000	1859.746	0.000	171306.000
13.450	171306.000	1301.822	0.000	171306.000
13.460	171297.000	641.275	0.000	171297.000
13.470	171285.000	88.893	0.000	171285.000
13.480	171270.000	-387.775	0.000	171270.000
13.490	171254.000	-751.443	0.000	171254.000
13.500	171239.000	-976.010	0.000	171239.000
13.510	171227.000	-1043.207	0.000	171227.000
13.520	171219.000	-970.245	0.000	171219.000
13.530	171217.000	-739.171	0.000	171217.000
13.540	171220.000	-427.420	0.000	171220.000
13.550	171231.000	30.806	0.000	171231.000
13.560	171249.000	561.564	0.000	171249.000
13.570	171272.000	1083.095	0.000	171272.000
13.580	171300.000	1598.166	0.000	171300.000
13.590	171330.000	2018.717	0.000	171330.000
13.600	171363.000	2403.102	0.000	171363.000
13.610	171395.000	2642.171	0.000	171395.000
13.620	171425.000	2749.520	0.000	171425.000
13.630	171451.000	2704.664	0.000	171451.000
13.640	171472.000	2523.265	0.000	171472.000
13.650	171487.000	2216.285	0.000	171487.000
13.660	171495.000	1791.400	0.000	171495.000
13.670	171496.000	1283.980	0.000	171496.000
13.680	171492.000	778.786	0.000	171492.000
13.690	171479.000	155.150	0.000	171479.000
13.700	171462.000	-401.395	0.000	171462.000
13.710	171441.000	-910.976	0.000	171441.000
13.720	171418.000	-1327.684	0.000	171418.000
13.730	171395.000	-1619.378	0.000	171395.000
13.740	171373.000	-1793.565	0.000	171373.000
13.750	171354.000	-1825.495	0.000	171354.000
13.760	171340.000	-1697.847	0.000	171340.000
13.770	171330.000	-1488.493	0.000	171330.000
13.780	171327.000	-1131.945	0.000	171327.000
13.790	171328.000	-762.361	0.000	171328.000
13.800	171337.000	-263.653	0.000	171337.000
13.810	171351.000	235.443	0.000	171351.000
13.820	171369.000	704.810	0.000	171369.000
13.830	171389.000	1093.367	0.000	171389.000
13.840	171411.000	1425.357	0.000	171411.000
13.850	171432.000	1627.750	0.000	171432.000
13.860	171451.000	1709.425	0.000	171451.000
13.870	171466.000	1646.597	0.000	171466.000
13.880	171476.000	1452.618	0.000	171476.000
13.890	171481.000	1166.833	0.000	171481.000
13.900	171481.000	816.783	0.000	171481.000
13.910	171475.000	391.748	0.000	171475.000
13.920	171462.000	-115.776	0.000	171462.000
13.930	171444.000	-621.043	0.000	171444.000
13.940	171422.000	-1094.730	0.000	171422.000
13.950	171397.000	-1516.311	0.000	171397.000
13.960	171372.000	-1811.418	0.000	171372.000
13.970	171347.000	-2017.993	0.000	171347.000
13.980	171324.000	-2102.595	0.000	171324.000
13.990	171304.000	-2071.816	0.000	171304.000
14.000	171289.000	-1900.271	0.000	171289.000
14.010	171280.000	-1600.190	0.000	171280.000
14.020	171276.000	-1240.133	0.000	171276.000
14.030	171275.000	-898.093	0.000	171275.000
14.040	171282.000	-418.665	0.000	171282.000
14.050	171293.000	36.934	0.000	171293.000
14.060	171307.000	445.854	0.000	171307.000
14.070	171324.000	822.098	0.000	171324.000
14.080	171340.000	1055.468	0.000	171340.000
14.090	171356.000	1218.828	0.000	171356.000
14.100	171369.000	1243.180	0.000	171369.000
14.110	171379.000	1170.226	0.000	171379.000
14.120	171384.000	969.158	0.000	171384.000
14.130	171385.000	708.411	0.000	171385.000
14.140	171380.000	345.887	0.000	171380.000
14.150	171369.000	-87.879	0.000	171369.000
14.160	171353.000	-541.515	0.000	171353.000
14.170	171334.000	-949.061	0.000	171334.000
14.180	171311.000	-1354.342	0.000	171311.000
14.190	171287.000	-1668.040	0.000	171287.000
14.200	171263.000	-1887.628	0.000	171263.000
14.210	171239.000	-2041.339	0.000	171239.000
14.220	171219.000	-2028.938	0.000	171219.000
14.230	171202.000	-1930.256	0.000	171202.000
14.240	171190.000	-1711.179	0.000	171190.000
14.250	171183.000	-1407.826	0.000	171183.000
14.260	171181.000	-1045.478	0.000	171181.000
14.270	171182.000	-701.835	0.000	171182.000
14.280	171189.000	-281.284	0.000	171189.000
14.290	171200.000	133.101	0.000	171200.000
14.300	171213.000	483.171	0.000	171213.000
14.310	171228.000	788.220	0.000	171228.000
14.320	171243.000	1001.754	0.000	171243.000
14.330	171257.000	1121.228	0.000	171257.000
14.340	171268.000	1114.859	0.000	171268.000
14.350	171276.000	1020.402	0.000	171276.000
14.360	171279.000	804.281	0.000	171279.000
14.370	171279.000	562.997	0.000	171279.000
14.380	171274.000	244.098	0.000	171274.000
14.390	171264.000	-129.132	0.000	171264.000
14.400	171250.000	-510.392	0.000	171250.000
14.410	171233.000	-867.274	0.000	171233.000
14.420	171214.000	-1177.092	0.000	171214.000
14.430	171195.000	-1393.964	0.000	171195.000
14.440	171175.000	-1575.775	0.000	171175.000
14.450	171158.000	-1613.043	0.000	171158.000
14.460	171143.000	-1579.130	0.000	171143.000
14.470	171132.000	-1435.391	0.000	171132.000
14.480	171125.000	-1214.774	0.000	171125.000
14.490	171123.000	-910.342	0.000	171123.000
14.500	171124.000	-607.239	0.000	171124.000
14.510	171130.000	-245.067	0.000	171130.000
14.520	171141.000	158.453	0.000	171141.000
14.530	171155.000	530.917	0.000	171155.000
14.540	171170.000	821.642	0.000	171170.000
14.550	171187.000	1085.149	0.000	171187.000
14.560	171202.000	1209.605	0.000	171202.000
14.570	171217.000	1296.723	0.000	171217.000
14.580	171229.000	1267.706	0.000	171229.000
14.590	171237.000	1127.394	0.000	171237.000
14.600	171242.000	939.176	0.000	171242.000
14.610	171243.000	687.423	0.000	171243.000
14.620	171241.000	421.196	0.000	171241.000
14.630	171233.000	54.837	0.000	171233.000
14.640	171223.000	-261.614	0.000	171223.000
14.650	171210.000	-573.130	0.000	171210.000
14.660	171196.000	-821.191	0.000	171196.000
14.670	171181.000	-1024.834	0.000	171181.000
14.680	171168.000	-1107.383	0.000	171168.000
14.690	171156.000	-1135.168	0.000	171156.000
14.700	171147.000	-1064.618	0.000	171147.000
14.710	171141.000	-925.233	0.000	171141.000
14.720	171139.000	-707.663	0.000	171139.000
14.730	171140.000	-465.364	0.000	171140.000
14.740	171146.000	-145.755	0.000	171146.000
14.750	171156.000	197.972	0.000	171156.000
14.760	171168.000	498.580	0.000	171168.000
14.770	171183.000	799.006	0.000	171183.000
14.780	171199.000	1039.304	0.000	171199.000
14.790	171215.000	1207.513	0.000	171215.000
14.800	171229.000	1265.259	0.000	171229.000
14.810	171242.000	1275.681	0.000	171242.000
14.820	171253.000	1222.977	0.000	171253.000
14.830	171259.000	1036.084	0.000	171259.000
14.840	171262.000	815.259	0.000	171262.000
14.850	171262.000	570.681	0.000	171262.000
14.860	171259.000	309.477	0.000	171259.000
14.870	171251.000	-23.366	0.000	171251.000
14.880	171241.000	-316.356	0.000	171241.000
14.890	171229.000	-581.449	0.000	171229.000
14.900	171217.000	-767.015	0.000	171217.000
14.910	171205.000	-896.910	0.000	171205.000
14.920	171193.000	-987.837	0.000	171193.000
14.930	171184.000	-961.486	0.000	171184.000
14.940	171178.000	-853.040	0.000	171178.000
14.950	171174.000	-717.128	0.000	171174.000
14.960	171173.000	-531.990	0.000	171173.000
14.970	171173.000	-372.393	0.000	171173.000
14.980	171177.000	-140.675	0.000	171177.000
14.990	171183.000	81.528	0.000	171183.000
15.000	171189.000	237.069	0.000	171189.000
