0.000	0.000	0.000	0.000
0.010	0.000	0.000	0.000
0.020	1.000	30.000	-19.000
0.030	3.000	81.000	-52.000
0.040	4.000	86.700	-56.000
0.050	7.000	150.690	-97.000
0.060	10.000	195.483	-126.000
0.070	14.000	256.838	-165.000
0.080	18.000	299.787	-193.000
0.090	23.000	359.851	-232.000
0.100	30.000	461.895	-297.000
0.110	38.000	563.327	-362.000
0.120	47.000	664.329	-427.000
0.130	58.000	795.030	-512.000
0.140	71.000	946.521	-609.000
0.150	86.000	1112.565	-716.000
0.160	103.000	1288.795	-829.000
0.170	122.000	1472.157	-947.000
0.180	142.000	1630.510	-1049.000
0.190	165.000	1831.357	-1178.000
0.200	189.000	2001.950	-1288.000
0.210	215.000	2181.365	-1403.000
0.220	242.000	2336.955	-1504.000
0.230	272.000	2535.869	-1632.000
0.240	302.000	2675.108	-1721.000
0.250	330.000	2712.576	-1745.000
0.260	363.000	2888.803	-1859.000
0.270	397.000	3042.162	-1957.000
0.280	433.000	3209.513	-2065.000
0.290	473.000	3446.659	-2218.000
0.300	515.000	3672.662	-2363.000
0.310	560.000	3920.863	-2523.000
0.320	609.000	4214.604	-2712.000
0.330	661.000	4510.223	-2902.000
0.340	716.000	4807.156	-3093.000
0.350	775.000	5135.009	-3304.000
0.360	837.000	5454.506	-3509.000
0.370	906.000	5888.155	-3788.000
0.380	977.000	6251.708	-4022.000
0.390	1055.000	6716.196	-4321.000
0.400	1138.000	7191.337	-4627.000
0.410	1228.000	7733.936	-4976.000
0.420	1326.000	8353.755	-5375.000
0.430	1431.000	8997.629	-5789.000
0.440	1546.000	9748.340	-6272.000
0.450	1673.000	10633.838	-6842.000
0.460	1808.000	11493.687	-7395.000
0.470	1956.000	12485.581	-8033.000
0.480	2114.000	13479.906	-8673.000
0.490	2280.000	14415.935	-9275.000
0.500	2450.000	15191.154	-9774.000
0.510	2627.000	15943.808	-10258.000
0.520	2806.000	16530.666	-10636.000
0.530	2987.000	17001.466	-10938.000
0.540	3171.000	17421.026	-11208.000
0.550	3356.000	17744.718	-11417.000
0.560	3545.000	18091.303	-11640.000
0.570	3738.000	18453.912	-11873.000
0.580	3939.000	18947.738	-12191.000
0.590	4146.000	19473.417	-12529.000
0.600	4364.000	20171.392	-12978.000
0.610	4588.000	20839.974	-13107.000
0.620	4822.000	21607.982	-13107.000
0.630	5061.000	22295.587	-13107.000
0.640	5309.000	23046.911	-13107.000
0.650	5564.000	23782.838	-13107.000
0.660	5828.000	24567.986	-13107.000
0.670	6100.000	25357.591	-13107.000
0.680	6385.000	26300.313	-13107.000
0.690	6684.000	27380.219	-13107.000
0.700	6998.000	28586.154	-13107.000
0.710	7330.000	29970.307	-13107.000
0.720	7679.000	31449.215	-13107.000
0.730	8039.000	32814.451	-13107.000
0.740	8416.000	34280.115	-13107.000
0.750	8796.000	35396.081	-13107.000
0.760	9174.000	36117.257	-13107.000
0.770	9548.000	36502.080	-13107.000
0.780	9927.000	36921.456	-13107.000
0.790	10282.000	36495.019	-13107.000
0.800	10638.000	36226.513	-13107.000
0.810	10990.000	35918.559	-13107.000
0.820	11338.000	35582.992	-13107.000
0.830	11688.000	35408.094	-13107.000
0.840	12027.000	34955.666	-13107.000
0.850	12367.000	34668.966	-13107.000
0.860	12706.000	34438.276	-13107.000
0.870	13039.000	34096.793	-13107.000
0.880	13378.000	34037.755	-13107.000
0.890	13693.000	33276.429	-13107.000
0.900	14014.000	32923.500	-13107.000
0.910	14332.000	32586.450	-13107.000
0.920	14644.000	32170.515	-13107.000
0.930	14967.000	32209.361	-13107.000
0.940	15268.000	31576.552	-13107.000
0.950	15576.000	31343.587	-13107.000
0.960	15880.000	31060.511	-13107.000
0.970	16183.000	30832.357	-13107.000
0.980	16492.000	30852.650	-13107.000
0.990	16782.000	30296.855	-13107.000
1.000	17077.000	30057.799	-13107.000
1.010	17370.000	29830.459	-13107.000
1.020	17660.000	29581.321	-13107.000
1.030	17955.000	29556.925	-13107.000
1.040	18228.000	28879.847	-13107.000
1.050	18507.000	28585.893	-13107.000
1.060	18780.000	28200.125	-13107.000
1.070	19050.000	27840.088	-13107.000
1.080	19317.000	27498.061	-13107.000
1.090	19578.000	27078.643	-13107.000
1.100	19835.000	26665.050	-13107.000
1.110	20088.000	26255.535	-13107.000
1.120	20338.000	25878.875	-13107.000
1.130	20584.000	25495.212	-13107.000
1.140	20826.000	25106.649	-13107.000
1.150	21069.000	24864.654	-13107.000
1.160	21305.000	24485.258	-13107.000
1.170	21540.000	24189.680	-13107.000
1.180	21772.000	23892.776	-13107.000
1.190	22001.000	23594.943	-13107.000
1.200	22227.000	23296.460	-13107.000
1.210	22450.000	22997.522	-13107.000
1.220	22671.000	22728.266	-13107.000
1.230	22890.000	22479.786	-13107.000
1.240	23106.000	22215.850	-13107.000
1.250	23318.000	21911.095	-13107.000
1.260	23528.000	21637.767	-13107.000
1.270	23735.000	21356.437	-13107.000
1.280	23938.000	21039.506	-13107.000
1.290	24138.000	20727.654	-13107.000
1.300	24334.000	20389.358	-13107.000
1.310	24527.000	20062.550	-12908.000
1.320	24716.000	19713.785	-12683.000
1.330	24901.000	19349.650	-12449.000
1.340	25084.000	19034.755	-12247.000
1.350	25264.000	18724.328	-12047.000
1.360	25441.000	18417.030	-11849.000
1.370	25615.000	18111.921	-11653.000
1.380	25787.000	17838.345	-11477.000
1.390	25956.000	17556.841	-11296.000
1.400	26123.000	17299.789	-11130.000
1.410	26290.000	17119.852	-11015.000
1.420	26453.000	16873.897	-10856.000
1.430	26614.000	16641.728	-10707.000
1.440	26776.000	16509.209	-10622.000
1.450	26933.000	16266.447	-10466.000
1.460	27089.000	16066.513	-10337.000
1.470	27242.000	15836.559	-10189.000
1.480	27396.000	15705.591	-10105.000
1.490	27547.000	15523.914	-9988.000
1.500	27696.000	15336.740	-9867.000
1.510	27844.000	15175.718	-9764.000
1.520	27990.000	15003.002	-9653.000
1.530	28134.000	14822.102	-9536.000
1.540	28276.000	14635.471	-9416.000
1.550	28416.000	14444.830	-9294.000
1.560	28554.000	14251.381	-9169.000
1.570	28690.000	14055.967	-9043.000
1.580	28824.000	13859.177	-8917.000
1.590	28955.000	13631.424	-8770.000
1.600	29083.000	13381.997	-8610.000
1.610	29207.000	13087.398	-8420.000
1.620	29329.000	12821.178	-8249.000
1.630	29447.000	12514.825	-8052.000
1.640	29561.000	12180.377	-7837.000
1.650	29672.000	11856.264	-7628.000
1.660	29780.000	11539.385	-7424.000
1.670	29884.000	11197.569	-7204.000
1.680	29984.000	10838.299	-6973.000
1.690	30081.000	10496.809	-6753.000
1.700	30175.000	10167.766	-6542.000
1.710	30264.000	9787.436	-6297.000
1.720	30350.000	9431.205	-6068.000
1.730	30433.000	9091.844	-5850.000
1.740	30513.000	8764.291	-5639.000
1.750	30591.000	8475.003	-5453.000
1.760	30664.000	8122.502	-5226.000
1.770	30734.000	7785.752	-5009.000
1.780	30802.000	7490.026	-4819.000
1.790	30867.000	7193.018	-4628.000
1.800	30929.000	6895.113	-4436.000
1.810	30989.000	6626.579	-4263.000
1.820	31047.000	6378.605	-4104.000
1.830	31102.000	6115.024	-3934.000
1.840	31155.000	5870.517	-3777.000
1.850	31206.000	5639.362	-3628.000
1.860	31255.000	5417.553	-3486.000
1.870	31303.000	5232.287	-3366.000
1.880	31349.000	5042.601	-3244.000
1.890	31394.000	4879.821	-3140.000
1.900	31437.000	4705.875	-3028.000
1.910	31478.000	4524.112	-2911.000
1.920	31519.000	4396.879	-2829.000
1.930	31557.000	4217.815	-2714.000
1.940	31594.000	4062.470	-2614.000
1.950	31629.000	3893.729	-2505.000
1.960	31662.000	3715.611	-2391.000
1.970	31693.000	3530.927	-2272.000
1.980	31722.000	3341.649	-2150.000
1.990	31749.000	3149.154	-2026.000
2.000	31775.000	2984.408	-1920.000
2.010	31799.000	2809.086	-1807.000
2.020	31821.000	2626.360	-1690.000
2.030	31842.000	2468.452	-1588.000
2.040	31860.000	2267.916	-1459.000
2.050	31876.000	2067.541	-1330.000
2.060	31890.000	1867.279	-1201.000
2.070	31902.000	1667.095	-1073.000
2.080	31911.000	1436.967	-925.000
2.090	31919.000	1245.877	-802.000
2.100	31924.000	1022.114	-658.000
2.110	31928.000	835.480	-538.000
2.120	31930.000	644.836	-415.000
2.130	31930.000	451.385	-290.000
2.140	31930.000	315.969	-203.000
2.150	31927.000	131.179	-84.000
2.160	31923.000	-28.175	18.000
2.170	31917.000	-199.722	128.000
2.180	31911.000	-319.806	206.000
2.190	31903.000	-463.864	298.000
2.200	31895.000	-564.705	363.000
2.210	31886.000	-665.293	428.000
2.220	31877.000	-735.705	473.000
2.230	31867.000	-814.994	524.000
2.240	31858.000	-840.496	541.000
2.250	31848.000	-888.347	572.000
2.260	31838.000	-921.843	593.000
2.270	31828.000	-945.290	608.000
2.280	31818.000	-961.703	619.000
2.290	31809.000	-943.192	607.000
2.300	31800.000	-930.234	598.000
2.310	31792.000	-891.164	573.000
2.320	31784.000	-863.815	556.000
2.330	31778.000	-784.670	505.000
2.340	31772.000	-729.269	469.000
2.350	31767.000	-660.489	425.000
2.360	31762.000	-612.342	394.000
2.370	31759.000	-518.639	334.000
2.380	31757.000	-423.048	272.000
2.390	31755.000	-356.133	229.000
2.400	31755.000	-249.293	160.000
2.410	31755.000	-174.505	112.000
2.420	31755.000	-122.154	79.000
2.430	31757.000	-25.508	16.000
2.440	31760.000	72.145	-46.000
2.450	31763.000	140.501	-90.000
2.460	31766.000	188.351	-121.000
2.470	31769.000	221.846	-143.000
2.480	31773.000	275.292	-177.000
2.490	31776.000	282.704	-182.000
2.500	31780.000	317.893	-205.000
2.510	31783.000	312.525	-201.000
2.520	31785.000	278.768	-179.000
2.530	31788.000	285.137	-183.000
2.540	31789.000	229.596	-148.000
2.550	31791.000	220.717	-142.000
2.560	31791.000	154.502	-99.000
2.570	31792.000	138.151	-89.000
2.580	31792.000	96.706	-62.000
2.590	31792.000	67.694	-44.000
2.600	31792.000	47.386	-30.000
2.610	31790.000	-26.830	17.000
2.620	31789.000	-48.781	31.000
2.630	31787.000	-94.147	61.000
2.640	31785.000	-125.903	81.000
2.650	31783.000	-148.132	95.000
2.660	31782.000	-133.692	86.000
2.670	31781.000	-123.585	80.000
2.680	31780.000	-116.509	75.000
2.690	31779.000	-111.556	72.000
2.700	31779.000	-78.090	50.000
2.710	31778.000	-84.663	54.000
2.720	31778.000	-59.264	38.000
2.730	31778.000	-41.485	27.000
2.740	31778.000	-29.039	19.000
2.750	31779.000	9.672	-6.000
2.760	31780.000	36.771	-24.000
2.770	31781.000	55.740	-36.000
2.780	31782.000	69.018	-44.000
2.790	31783.000	78.312	-50.000
2.800	31784.000	84.819	-55.000
2.810	31784.000	59.373	-38.000
2.820	31785.000	71.561	-46.000
2.830	31785.000	50.093	-32.000
2.840	31785.000	35.065	-23.000
2.850	31785.000	24.545	-16.000
2.860	31785.000	17.182	-11.000
2.870	31785.000	12.027	-8.000
2.880	31785.000	8.419	-5.000
2.890	31784.000	-24.107	16.000
2.900	31784.000	-16.875	11.000
2.910	31783.000	-41.812	27.000
2.920	31782.000	-59.269	38.000
2.930	31782.000	-41.488	27.000
2.940	31782.000	-29.042	19.000
2.950	31782.000	-20.329	13.000
2.960	31782.000	-14.230	9.000
2.970	31782.000	-9.961	6.000
2.980	31782.000	-6.973	4.000
2.990	31782.000	-4.881	3.000
3.000	31782.000	-3.417	2.000
3.010	31782.000	-2.392	2.000
3.020	31782.000	-1.674	1.000
3.030	31782.000	-1.172	1.000
3.040	31783.000	29.180	-19.000
3.050	31783.000	20.426	-13.000
3.060	31783.000	14.298	-9.000
3.070	31783.000	10.009	-6.000
3.080	31783.000	7.006	-5.000
3.090	31783.000	4.904	-3.000
3.100	31783.000	3.433	-2.000
3.110	31783.000	2.403	-2.000
3.120	31783.000	1.682	-1.000
3.130	31783.000	1.178	-1.000
3.140	31783.000	0.824	-1.000
3.150	31783.000	0.577	0.000
3.160	31783.000	0.404	0.000
3.170	31783.000	0.283	0.000
3.180	31783.000	0.198	0.000
3.190	31783.000	0.139	0.000
3.200	31783.000	0.097	0.000
3.210	31783.000	0.068	0.000
3.220	31783.000	0.048	0.000
3.230	31783.000	0.033	0.000
3.240	31783.000	0.023	0.000
3.250	31783.000	0.016	0.000
3.260	31783.000	0.011	0.000
3.270	31783.000	0.008	0.000
3.280	31783.000	0.006	0.000
3.290	31783.000	0.004	0.000
3.300	31783.000	0.003	0.000
3.310	31783.000	0.002	0.000
3.320	31783.000	0.001	0.000
3.330	31783.000	0.001	0.000
3.340	31783.000	0.001	0.000
3.350	31783.000	0.000	0.000
3.360	31783.000	0.000	0.000
3.370	31783.000	0.000	0.000
3.380	31783.000	0.000	0.000
3.390	31783.000	0.000	0.000
3.400	31783.000	0.000	0.000
3.410	31783.000	0.000	0.000
3.420	31783.000	0.000	0.000
3.430	31783.000	0.000	0.000
3.440	31783.000	0.000	0.000
3.450	31783.000	0.000	0.000
3.460	31783.000	0.000	0.000
3.470	31783.000	0.000	0.000
3.480	31783.000	0.000	0.000
3.490	31783.000	0.000	0.000
3.500	31783.000	0.000	0.000
3.510	31783.000	0.000	0.000
3.520	31783.000	0.000	0.000
3.530	31783.000	0.000	0.000
3.540	31783.000	0.000	0.000
3.550	31783.000	0.000	0.000
3.560	31783.000	0.000	0.000
3.570	31783.000	0.000	0.000
3.580	31783.000	0.000	0.000
3.590	31783.000	0.000	0.000
3.600	31783.000	0.000	0.000
3.610	31783.000	0.000	0.000
3.620	31783.000	0.000	0.000
3.630	31783.000	0.000	0.000
3.640	31783.000	0.000	0.000
3.650	31783.000	0.000	0.000
3.660	31783.000	0.000	0.000
3.670	31783.000	0.000	0.000
3.680	31783.000	0.000	0.000
3.690	31783.000	0.000	0.000
3.700	31783.000	0.000	0.000
3.710	31783.000	0.000	0.000
3.720	31783.000	0.000	0.000
3.730	31783.000	0.000	0.000
3.740	31783.000	0.000	0.000
3.750	31783.000	0.000	0.000
3.760	31783.000	0.000	0.000
3.770	31783.000	0.000	0.000
3.780	31783.000	0.000	0.000
3.790	31783.000	0.000	0.000
3.800	31783.000	0.000	0.000
3.810	31783.000	0.000	0.000
3.820	31783.000	0.000	0.000
3.830	31783.000	0.000	0.000
3.840	31783.000	0.000	0.000
3.850	31783.000	0.000	0.000
3.860	31783.000	0.000	0.000
3.870	31783.000	0.000	0.000
3.880	31783.000	0.000	0.000
3.890	31783.000	0.000	0.000
3.900	31783.000	0.000	0.000
3.910	31783.000	0.000	0.000
3.920	31783.000	0.000	0.000
3.930	31783.000	0.000	0.000
3.940	31783.000	0.000	0.000
3.950	31783.000	0.000	0.000
3.960	31783.000	0.000	0.000
3.970	31783.000	0.000	0.000
3.980	31783.000	0.000	0.000
3.990	31783.000	0.000	0.000
4.000	31783.000	0.000	0.000
4.010	31783.000	0.000	0.000
4.020	31783.000	0.000	0.000
4.030	31783.000	0.000	0.000
4.040	31783.000	0.000	0.000
4.050	31783.000	0.000	0.000
4.060	31783.000	0.000	0.000
4.070	31783.000	0.000	0.000
4.080	31783.000	0.000	0.000
4.090	31783.000	0.000	0.000
4.100	31783.000	0.000	0.000
4.110	31783.000	0.000	0.000
4.120	31783.000	0.000	0.000
4.130	31783.000	0.000	0.000
4.140	31783.000	0.000	0.000
4.150	31783.000	0.000	0.000
4.160	31783.000	0.000	0.000
4.170	31783.000	0.000	0.000
4.180	31783.000	0.000	0.000
4.190	31783.000	0.000	0.000
4.200	31783.000	0.000	0.000
4.210	31783.000	0.000	0.000
4.220	31783.000	0.000	0.000
4.230	31783.000	0.000	0.000
4.240	31783.000	0.000	0.000
4.250	31783.000	0.000	0.000
4.260	31783.000	0.000	0.000
4.270	31783.000	0.000	0.000
4.280	31783.000	0.000	0.000
4.290	31783.000	0.000	0.000
4.300	31783.000	0.000	0.000
4.310	31783.000	0.000	0.000
4.320	31783.000	0.000	0.000
4.330	31783.000	0.000	0.000
4.340	31783.000	0.000	0.000
4.350	31783.000	0.000	0.000
4.360	31783.000	0.000	0.000
4.370	31783.000	0.000	0.000
4.380	31783.000	0.000	0.000
4.390	31783.000	0.000	0.000
4.400	31783.000	0.000	0.000
4.410	31783.000	0.000	0.000
4.420	31783.000	0.000	0.000
4.430	31783.000	0.000	0.000
4.440	31783.000	0.000	0.000
4.450	31783.000	0.000	0.000
4.460	31783.000	0.000	0.000
4.470	31783.000	0.000	0.000
4.480	31783.000	0.000	0.000
4.490	31783.000	0.000	0.000
4.500	31783.000	0.000	0.000
4.510	31783.000	0.000	0.000
4.520	31783.000	0.000	0.000
4.530	31783.000	0.000	0.000
4.540	31783.000	0.000	0.000
4.550	31783.000	0.000	0.000
4.560	31783.000	0.000	0.000
4.570	31783.000	0.000	0.000
4.580	31783.000	0.000	0.000
4.590	31783.000	0.000	0.000
4.600	31783.000	0.000	0.000
4.610	31783.000	0.000	0.000
4.620	31783.000	0.000	0.000
4.630	31783.000	0.000	0.000
4.640	31783.000	0.000	0.000
4.650	31783.000	0.000	0.000
4.660	31783.000	0.000	0.000
4.670	31783.000	0.000	0.000
4.680	31783.000	0.000	0.000
4.690	31783.000	0.000	0.000
4.700	31783.000	0.000	0.000
4.710	31783.000	0.000	0.000
4.720	31783.000	0.000	0.000
4.730	31783.000	0.000	0.000
4.740	31783.000	0.000	0.000
4.750	31783.000	0.000	0.000
4.760	31783.000	0.000	0.000
4.770	31783.000	0.000	0.000
4.780	31783.000	0.000	0.000
4.790	31783.000	0.000	0.000
4.800	31783.000	0.000	0.000
4.810	31783.000	0.000	0.000
4.820	31783.000	0.000	0.000
4.830	31783.000	0.000	0.000
4.840	31783.000	0.000	0.000
4.850	31783.000	0.000	0.000
4.860	31783.000	0.000	0.000
4.870	31783.000	0.000	0.000
4.880	31783.000	0.000	0.000
4.890	31783.000	0.000	0.000
4.900	31783.000	0.000	0.000
4.910	31783.000	0.000	0.000
4.920	31783.000	0.000	0.000
4.930	31783.000	0.000	0.000
4.940	31783.000	0.000	0.000
4.950	31783.000	0.000	0.000
4.960	31783.000	0.000	0.000
4.970	31783.000	0.000	0.000
4.980	31783.000	0.000	0.000
4.990	31783.000	0.000	0.000
5.000	31783.000	0.000	0.000
5.010	31783.000	0.000	0.000
5.020	31783.000	0.000	0.000
5.030	31783.000	0.000	0.000
5.040	31783.000	0.000	0.000
5.050	31783.000	0.000	0.000
5.060	31783.000	0.000	0.000
5.070	31783.000	0.000	0.000
5.080	31783.000	0.000	0.000
5.090	31783.000	0.000	0.000
5.100	31783.000	0.000	0.000
5.110	31783.000	0.000	0.000
5.120	31783.000	0.000	0.000
5.130	31783.000	0.000	0.000
5.140	31783.000	0.000	0.000
5.150	31783.000	0.000	0.000
5.160	31783.000	0.000	0.000
5.170	31783.000	0.000	0.000
5.180	31783.000	0.000	0.000
5.190	31783.000	0.000	0.000
5.200	31783.000	0.000	0.000
5.210	31783.000	0.000	0.000
5.220	31783.000	0.000	0.000
5.230	31783.000	0.000	0.000
5.240	31783.000	0.000	0.000
5.250	31783.000	0.000	0.000
5.260	31783.000	0.000	0.000
5.270	31783.000	0.000	0.000
5.280	31783.000	0.000	0.000
5.290	31783.000	0.000	0.000
5.300	31783.000	0.000	0.000
5.310	31783.000	0.000	0.000
5.320	31783.000	0.000	0.000
5.330	31783.000	0.000	0.000
5.340	31783.000	0.000	0.000
5.350	31783.000	0.000	0.000
5.360	31783.000	0.000	0.000
5.370	31783.000	0.000	0.000
5.380	31783.000	0.000	0.000
5.390	31783.000	0.000	0.000
5.400	31783.000	0.000	0.000
5.410	31783.000	0.000	0.000
5.420	31783.000	0.000	0.000
5.430	31783.000	0.000	0.000
5.440	31783.000	0.000	0.000
5.450	31783.000	0.000	0.000
5.460	31783.000	0.000	0.000
5.470	31783.000	0.000	0.000
5.480	31783.000	0.000	0.000
5.490	31783.000	0.000	0.000
5.500	31783.000	0.000	0.000
5.510	31783.000	0.000	0.000
5.520	31783.000	0.000	0.000
5.530	31783.000	0.000	0.000
5.540	31783.000	0.000	0.000
5.550	31783.000	0.000	0.000
5.560	31783.000	0.000	0.000
5.570	31783.000	0.000	0.000
5.580	31783.000	0.000	0.000
5.590	31783.000	0.000	0.000
5.600	31783.000	0.000	0.000
5.610	31783.000	0.000	0.000
5.620	31783.000	0.000	0.000
5.630	31783.000	0.000	0.000
5.640	31783.000	0.000	0.000
5.650	31783.000	0.000	0.000
5.660	31783.000	0.000	0.000
5.670	31783.000	0.000	0.000
5.680	31783.000	0.000	0.000
5.690	31783.000	0.000	0.000
5.700	31783.000	0.000	0.000
5.710	31783.000	0.000	0.000
5.720	31783.000	0.000	0.000
5.730	31783.000	0.000	0.000
5.740	31783.000	0.000	0.000
5.750	31783.000	0.000	0.000
5.760	31783.000	0.000	0.000
5.770	31783.000	0.000	0.000
5.780	31783.000	0.000	0.000
5.790	31783.000	0.000	0.000
5.800	31783.000	0.000	0.000
5.810	31783.000	0.000	0.000
5.820	31783.000	0.000	0.000
5.830	31783.000	0.000	0.000
5.840	31783.000	0.000	0.000
5.850	31783.000	0.000	0.000
5.860	31783.000	0.000	0.000
5.870	31783.000	0.000	0.000
5.880	31783.000	0.000	0.000
5.890	31783.000	0.000	0.000
5.900	31783.000	0.000	0.000
5.910	31783.000	0.000	0.000
5.920	31783.000	0.000	0.000
5.930	31783.000	0.000	0.000
5.940	31783.000	0.000	0.000
5.950	31783.000	0.000	0.000
5.960	31783.000	0.000	0.000
5.970	31783.000	0.000	0.000
5.980	31783.000	0.000	0.000
5.990	31783.000	0.000	0.000
6.000	31783.000	0.000	0.000
6.010	31783.000	0.000	0.000
6.020	31783.000	0.000	0.000
6.030	31783.000	0.000	0.000
6.040	31783.000	0.000	0.000
6.050	31783.000	0.000	0.000
6.060	31783.000	0.000	0.000
6.070	31783.000	0.000	0.000
6.080	31783.000	0.000	0.000
6.090	31783.000	0.000	0.000
6.100	31783.000	0.000	0.000
6.110	31783.000	0.000	0.000
6.120	31783.000	0.000	0.000
6.130	31783.000	0.000	0.000
6.140	31783.000	0.000	0.000
6.150	31783.000	0.000	0.000
6.160	31783.000	0.000	0.000
6.170	31783.000	0.000	0.000
6.180	31783.000	0.000	0.000
6.190	31783.000	0.000	0.000
6.200	31783.000	0.000	0.000
6.210	31783.000	0.000	0.000
6.220	31783.000	0.000	0.000
6.230	31783.000	0.000	0.000
6.240	31783.000	0.000	0.000
6.250	31783.000	0.000	0.000
6.260	31783.000	0.000	0.000
6.270	31783.000	0.000	0.000
6.280	31783.000	0.000	0.000
6.290	31783.000	0.000	0.000
6.300	31783.000	0.000	0.000
6.310	31783.000	0.000	0.000
6.320	31783.000	0.000	0.000
6.330	31783.000	0.000	0.000
6.340	31783.000	0.000	0.000
6.350	31783.000	0.000	0.000
6.360	31783.000	0.000	0.000
6.370	31783.000	0.000	0.000
6.380	31783.000	0.000	0.000
6.390	31783.000	0.000	0.000
6.400	31783.000	0.000	0.000
6.410	31783.000	0.000	0.000
6.420	31783.000	0.000	0.000
6.430	31783.000	0.000	0.000
6.440	31783.000	0.000	0.000
6.450	31783.000	0.000	0.000
6.460	31783.000	0.000	0.000
6.470	31783.000	0.000	0.000
6.480	31783.000	0.000	0.000
6.490	31783.000	0.000	0.000
6.500	31783.000	0.000	0.000
6.510	31783.000	0.000	0.000
6.520	31783.000	0.000	0.000
6.530	31783.000	0.000	0.000
6.540	31783.000	0.000	0.000
6.550	31783.000	0.000	0.000
6.560	31783.000	0.000	0.000
6.570	31783.000	0.000	0.000
6.580	31783.000	0.000	0.000
6.590	31783.000	0.000	0.000
6.600	31783.000	0.000	0.000
6.610	31783.000	0.000	0.000
6.620	31783.000	0.000	0.000
6.630	31783.000	0.000	0.000
6.640	31783.000	0.000	0.000
6.650	31783.000	0.000	0.000
6.660	31783.000	0.000	0.000
6.670	31783.000	0.000	0.000
6.680	31783.000	0.000	0.000
6.690	31783.000	0.000	0.000
6.700	31783.000	0.000	0.000
6.710	31783.000	0.000	0.000
6.720	31783.000	0.000	0.000
6.730	31783.000	0.000	0.000
6.740	31783.000	0.000	0.000
6.750	31783.000	0.000	0.000
6.760	31783.000	0.000	0.000
6.770	31783.000	0.000	0.000
6.780	31783.000	0.000	0.000
6.790	31783.000	0.000	0.000
6.800	31783.000	0.000	0.000
6.810	31783.000	0.000	0.000
6.820	31783.000	0.000	0.000
6.830	31783.000	0.000	0.000
6.840	31783.000	0.000	0.000
6.850	31783.000	0.000	0.000
6.860	31783.000	0.000	0.000
6.870	31783.000	0.000	0.000
6.880	31783.000	0.000	0.000
6.890	31783.000	0.000	0.000
6.900	31783.000	0.000	0.000
6.910	31783.000	0.000	0.000
6.920	31783.000	0.000	0.000
6.930	31783.000	0.000	0.000
6.940	31783.000	0.000	0.000
6.950	31783.000	0.000	0.000
6.960	31783.000	0.000	0.000
6.970	31783.000	0.000	0.000
6.980	31783.000	0.000	0.000
6.990	31783.000	0.000	0.000
7.000	31783.000	0.000	0.000
