0.000	0.000	0.000	0.000
0.010	-2.000	-60.000	39.000
0.020	-2.000	-42.000	27.000
0.030	-2.000	-29.400	19.000
0.040	-2.000	-20.580	13.000
0.050	-2.000	-14.406	9.000
0.060	-2.000	-10.084	6.000
0.070	-3.000	-37.059	24.000
0.080	-3.000	-25.941	17.000
0.090	-4.000	-48.159	31.000
0.100	-5.000	-63.711	41.000
0.110	-6.000	-74.598	48.000
0.120	-8.000	-112.218	72.000
0.130	-10.000	-138.553	89.000
0.140	-13.000	-186.987	120.000
0.150	-16.000	-220.891	142.000
0.160	-19.000	-244.624	157.000
0.170	-23.000	-291.237	187.000
0.180	-27.000	-323.866	208.000
0.190	-31.000	-346.706	223.000
0.200	-36.000	-392.694	253.000
0.210	-40.000	-394.886	254.000
0.220	-44.000	-396.420	255.000
0.230	-49.000	-427.494	275.000
0.240	-53.000	-419.246	270.000
0.250	-57.000	-413.472	266.000
0.260	-60.000	-379.430	244.000
0.270	-64.000	-385.601	248.000
0.280	-66.000	-329.921	212.000
0.290	-68.000	-290.945	187.000
0.300	-69.000	-233.661	150.000
0.310	-70.000	-193.563	125.000
0.320	-70.000	-135.494	87.000
0.330	-69.000	-64.846	42.000
0.340	-65.000	74.608	-48.000
0.350	-58.000	262.226	-169.000
0.360	-49.000	453.558	-292.000
0.370	-36.000	707.491	-455.000
0.380	-21.000	945.243	-608.000
0.390	-1.000	1261.670	-812.000
0.400	23.000	1603.169	-1031.000
0.410	51.000	1962.218	-1262.000
0.420	85.000	2393.553	-1540.000
0.430	124.000	2845.487	-1831.000
0.440	169.000	3341.841	-2150.000
0.450	221.000	3899.289	-2509.000
0.460	281.000	4529.502	-2914.000
0.470	347.000	5150.651	-3314.000
0.480	421.000	5825.456	-3748.000
0.490	500.000	6447.819	-4148.000
0.500	585.000	7063.473	-4544.000
0.510	675.000	7644.431	-4918.000
0.520	770.000	8201.102	-5276.000
0.530	871.000	8770.771	-5643.000
0.540	977.000	9319.540	-5996.000
0.550	1087.000	9823.678	-6320.000
0.560	1204.000	10386.575	-6683.000
0.570	1325.000	10900.602	-7013.000
0.580	1453.000	11470.422	-7380.000
0.590	1585.000	11989.295	-7714.000
0.600	1721.000	12472.507	-8025.000
0.610	1865.000	13050.755	-8397.000
0.620	2013.000	13575.528	-8734.000
0.630	2169.000	14182.870	-9125.000
0.640	2326.000	14638.009	-9418.000
0.650	2489.000	15136.606	-9739.000
0.660	2658.000	15665.624	-10079.000
0.670	2832.000	16185.937	-10414.000
0.680	3009.000	16640.156	-10706.000
0.690	3192.000	17138.109	-11026.000
0.700	3376.000	17516.676	-11270.000
0.710	3563.000	17871.673	-11498.000
0.720	3756.000	18300.171	-11774.000
0.730	3944.000	18450.120	-11870.000
0.740	4138.000	18735.084	-12054.000
0.750	4335.000	19024.559	-12240.000
0.760	4537.000	19377.191	-12467.000
0.770	4741.000	19684.034	-12664.000
0.780	4951.000	20078.824	-12918.000
0.790	5164.000	20445.177	-13107.000
0.800	5382.000	20851.624	-13107.000
0.810	5606.000	21316.137	-13107.000
0.820	5835.000	21791.296	-13107.000
0.830	6068.000	22243.907	-13107.000
0.840	6307.000	22740.735	-13107.000
0.850	6551.000	23238.514	-13107.000
0.860	6800.000	23736.960	-13107.000
0.870	7055.000	24265.872	-13107.000
0.880	7317.000	24846.110	-13107.000
0.890	7585.000	25432.277	-13107.000
0.900	7857.000	25962.594	-13107.000
0.910	8137.000	26573.816	-13107.000
0.920	8421.000	27121.671	-13107.000
0.930	8711.000	27685.170	-13107.000
0.940	9007.000	28259.619	-13107.000
0.950	9308.000	28811.733	-13107.000
0.960	9612.000	29288.213	-13107.000
0.970	9919.000	29711.749	-13107.000
0.980	10227.000	30038.224	-13107.000
0.990	10534.000	30236.757	-13107.000
1.000	10840.000	30345.730	-13107.000
1.010	11146.000	30422.011	-13107.000
1.020	11450.000	30415.408	-13107.000
1.030	11753.000	30380.785	-13107.000
1.040	12054.000	30296.550	-13107.000
1.050	12356.000	30267.585	-13107.000
1.060	12654.000	30127.309	-13107.000
1.070	12952.000	30029.117	-13107.000
1.080	13250.000	29960.382	-13107.000
1.090	13547.000	29882.267	-13107.000
1.100	13842.000	29767.587	-13107.000
1.110	14137.000	29687.311	-13107.000
1.120	14431.000	29601.118	-13107.000
1.130	14726.000	29570.782	-13107.000
1.140	15017.000	29429.548	-13107.000
1.150	15309.000	29360.683	-13107.000
1.160	15598.000	29222.478	-13107.000
1.170	15887.000	29125.735	-13107.000
1.180	16174.000	28998.014	-13107.000
1.190	16463.000	28968.610	-13107.000
1.200	16749.000	28858.027	-13107.000
1.210	17034.000	28750.619	-13107.000
1.220	17319.000	28675.433	-13107.000
1.230	17606.000	28682.803	-13107.000
1.240	17886.000	28477.962	-13107.000
1.250	18169.000	28424.574	-13107.000
1.260	18450.000	28327.202	-13107.000
1.270	18730.000	28229.041	-13107.000
1.280	19011.000	28190.329	-13107.000
1.290	19289.000	28073.230	-13107.000
1.300	19567.000	27991.261	-13107.000
1.310	19843.000	27873.883	-13107.000
1.320	20119.000	27791.718	-13107.000
1.330	20392.000	27644.203	-13107.000
1.340	20665.000	27540.942	-13107.000
1.350	20936.000	27408.659	-13107.000
1.360	21206.000	27286.061	-13107.000
1.370	21474.000	27140.243	-13107.000
1.380	21740.000	26978.170	-13107.000
1.390	22006.000	26864.719	-13107.000
1.400	22271.000	26755.303	-13107.000
1.410	22535.000	26648.712	-13107.000
1.420	22798.000	26544.099	-13107.000
1.430	23061.000	26470.869	-13107.000
1.440	23322.000	26359.608	-13107.000
1.450	23582.000	26251.726	-13107.000
1.460	23842.000	26176.208	-13107.000
1.470	24101.000	26093.346	-13107.000
1.480	24359.000	26005.342	-13107.000
1.490	24616.000	25913.739	-13107.000
1.500	24872.000	25819.618	-13107.000
1.510	25127.000	25723.732	-13107.000
1.520	25381.000	25626.613	-13107.000
1.530	25633.000	25498.629	-13107.000
1.540	25885.000	25409.040	-13107.000
1.550	26134.000	25256.328	-13107.000
1.560	26383.000	25149.430	-13107.000
1.570	26631.000	25044.601	-13107.000
1.580	26877.000	24911.221	-13107.000
1.590	27121.000	24757.854	-13107.000
1.600	27366.000	24680.498	-13107.000
1.610	27610.000	24596.349	-13107.000
1.620	27856.000	24597.444	-13107.000
1.630	28095.000	24388.211	-13107.000
1.640	28337.000	24331.748	-13107.000
1.650	28579.000	24292.223	-13107.000
1.660	28818.000	24174.556	-13107.000
1.670	29059.000	24152.189	-13107.000
1.680	29298.000	24076.533	-13107.000
1.690	29536.000	23993.573	-13107.000
1.700	29772.000	23875.501	-13107.000
1.710	30010.000	23852.851	-13107.000
1.720	30247.000	23806.995	-13107.000
1.730	30483.000	23744.897	-13107.000
1.740	30717.000	23641.428	-13107.000
1.750	30949.000	23508.999	-13107.000
1.760	31182.000	23446.300	-13107.000
1.770	31413.000	23342.410	-13107.000
1.780	31643.000	23239.687	-13107.000
1.790	31872.000	23137.781	-13107.000
1.800	32100.000	23036.447	-13107.000
1.810	32327.000	22935.513	-13107.000
1.820	32554.000	22864.859	-13107.000
1.830	32779.000	22755.401	-13107.000
1.840	33004.000	22678.781	-13107.000
1.850	33229.000	22625.147	-13107.000
1.860	33452.000	22527.603	-13107.000
1.870	33675.000	22459.322	-13107.000
1.880	33898.000	22411.525	-13107.000
1.890	34120.000	22348.068	-13107.000
1.900	34340.000	22243.647	-13107.000
1.910	34560.000	22170.553	-13107.000
1.920	34779.000	22089.387	-13107.000
1.930	34997.000	22002.571	-13107.000
1.940	35214.000	21911.800	-13107.000
1.950	35430.000	21818.260	-13107.000
1.960	35645.000	21722.782	-13107.000
1.970	35858.000	21595.947	-13107.000
1.980	36071.000	21507.163	-13107.000
1.990	36283.000	21415.014	-13107.000
2.000	36493.000	21290.510	-13107.000
2.010	36702.000	21173.357	-13107.000
2.020	36909.000	21031.350	-13107.000
2.030	37115.000	20901.945	-13107.000
2.040	37319.000	20751.361	-13107.000
2.050	37523.000	20645.953	-13107.000
2.060	37726.000	20542.167	-13107.000
2.070	37927.000	20409.517	-13107.000
2.080	38127.000	20286.662	-13052.000
2.090	38326.000	20170.663	-12977.000
2.100	38524.000	20059.464	-12906.000
2.110	38722.000	19981.625	-12856.000
2.120	38919.000	19897.138	-12801.000
2.130	39114.000	19777.996	-12725.000
2.140	39309.000	19694.597	-12671.000
2.150	39503.000	19606.218	-12614.000
2.160	39697.000	19544.353	-12574.000
2.170	39889.000	19441.047	-12508.000
2.180	40081.000	19368.733	-12461.000
2.190	40271.000	19258.113	-12390.000
2.200	40463.000	19240.679	-12379.000
2.210	40649.000	19048.475	-12255.000
2.220	40837.000	18973.933	-12207.000
2.230	41024.000	18891.753	-12155.000
2.240	41210.000	18804.227	-12098.000
2.250	41394.000	18682.959	-12020.000
2.260	41578.000	18598.071	-11966.000
2.270	41761.000	18508.650	-11908.000
2.280	41942.000	18386.055	-11829.000
2.290	42122.000	18270.238	-11755.000
2.300	42301.000	18159.167	-11683.000
2.310	42480.000	18081.417	-11633.000
2.320	42657.000	17966.992	-11560.000
2.330	42833.000	17856.894	-11489.000
2.340	43009.000	17779.826	-11439.000
2.350	43184.000	17695.878	-11385.000
2.360	43359.000	17637.115	-11347.000
2.370	43532.000	17535.980	-11282.000
2.380	43705.000	17465.186	-11237.000
2.390	43876.000	17355.630	-11166.000
2.400	44046.000	17248.941	-11098.000
2.410	44217.000	17204.259	-11069.000
2.420	44386.000	17112.981	-11010.000
2.430	44554.000	17019.087	-10950.000
2.440	44722.000	16953.361	-10907.000
2.450	44889.000	16877.353	-10859.000
2.460	45056.000	16824.147	-10824.000
2.470	45221.000	16726.903	-10762.000
2.480	45386.000	16658.832	-10718.000
2.490	45550.000	16581.182	-10668.000
2.500	45714.000	16526.828	-10633.000
2.510	45877.000	16458.779	-10589.000
2.520	46040.000	16411.146	-10559.000
2.530	46201.000	16317.802	-10499.000
2.540	46362.000	16252.461	-10457.000
2.550	46524.000	16236.723	-10446.000
2.560	46681.000	16075.706	-10343.000
2.570	46839.000	15992.994	-10290.000
2.580	46995.000	15875.096	-10214.000
2.590	47151.000	15792.567	-10161.000
2.600	47305.000	15674.797	-10085.000
2.610	47458.000	15562.358	-10013.000
2.620	47610.000	15453.651	-9943.000
2.630	47760.000	15317.555	-9855.000
2.640	47910.000	15222.289	-9794.000
2.650	48061.000	15185.602	-9770.000
2.660	48205.000	14949.921	-9618.000
2.670	48352.000	14874.945	-9570.000
2.680	48498.000	14792.462	-9517.000
2.690	48643.000	14704.723	-9461.000
2.700	48789.000	14673.306	-9441.000
2.710	48930.000	14501.314	-9330.000
2.720	49073.000	14440.920	-9291.000
2.730	49215.000	14368.644	-9244.000
2.740	49357.000	14318.051	-9212.000
2.750	49501.000	14342.636	-9228.000
2.760	49638.000	14149.845	-9104.000
2.770	49778.000	14104.891	-9075.000
2.780	49917.000	14043.424	-9035.000
2.790	50055.000	13970.397	-8988.000
2.800	50196.000	14009.278	-9013.000
2.810	50329.000	13796.494	-8876.000
2.820	50466.000	13767.546	-8858.000
2.830	50601.000	13687.282	-8806.000
2.840	50736.000	13631.098	-8770.000
2.850	50873.000	13651.768	-8783.000
2.860	51003.000	13456.238	-8657.000
2.870	51136.000	13409.366	-8627.000
2.880	51267.000	13316.557	-8568.000
2.890	51398.000	13251.590	-8526.000
2.900	51528.000	13176.113	-8477.000
2.910	51656.000	13063.279	-8405.000
2.920	51783.000	12954.295	-8335.000
2.930	51910.000	12878.007	-8285.000
2.940	52035.000	12764.605	-8212.000
2.950	52159.000	12655.223	-8142.000
2.960	52280.000	12488.656	-8035.000
2.970	52401.000	12372.059	-7960.000
2.980	52522.000	12290.442	-7907.000
2.990	52640.000	12143.309	-7813.000
3.000	52758.000	12040.316	-7746.000
3.010	52874.000	11908.221	-7662.000
3.020	52989.000	11785.755	-7583.000
3.030	53103.000	11670.029	-7508.000
3.040	53215.000	11529.020	-7418.000
3.050	53327.000	11430.314	-7354.000
3.060	53437.000	11301.220	-7271.000
3.070	53546.000	11180.854	-7194.000
3.080	53654.000	11066.598	-7120.000
3.090	53760.000	10926.618	-7030.000
3.100	53867.000	10858.633	-6986.000
3.110	53972.000	10751.043	-6917.000
3.120	54076.000	10645.730	-6849.000
3.130	54179.000	10542.011	-6783.000
3.140	54281.000	10439.408	-6717.000
3.150	54383.000	10367.585	-6670.000
3.160	54483.000	10257.310	-6599.000
3.170	54582.000	10150.117	-6530.000
3.180	54680.000	10045.082	-6463.000
3.190	54778.000	9971.557	-6416.000
3.200	54875.000	9890.090	-6363.000
3.210	54971.000	9803.063	-6307.000
3.220	55066.000	9712.144	-6249.000
3.230	55161.000	9648.501	-6208.000
3.240	55254.000	9543.951	-6140.000
3.250	55347.000	9470.765	-6093.000
3.260	55439.000	9389.536	-6041.000
3.270	55530.000	9302.675	-5985.000
3.280	55621.000	9241.873	-5946.000
3.290	55711.000	9169.311	-5899.000
3.300	55800.000	9088.518	-5847.000
3.310	55888.000	9001.962	-5792.000
3.320	55976.000	8941.374	-5753.000
3.330	56063.000	8868.962	-5706.000
3.340	56150.000	8818.273	-5674.000
3.350	56236.000	8752.791	-5631.000
3.360	56320.000	8646.954	-5563.000
3.370	56404.000	8572.868	-5516.000
3.380	56487.000	8491.007	-5463.000
3.390	56569.000	8403.705	-5407.000
3.400	56651.000	8342.594	-5367.000
3.410	56731.000	8239.816	-5301.000
3.420	56810.000	8137.871	-5236.000
3.430	56889.000	8066.510	-5190.000
3.440	56966.000	7956.557	-5119.000
3.450	57042.000	7849.590	-5050.000
3.460	57117.000	7744.713	-4983.000
3.470	57192.000	7671.299	-4936.000
3.480	57265.000	7559.909	-4864.000
3.490	57337.000	7451.936	-4794.000
3.500	57408.000	7346.356	-4726.000
3.510	57478.000	7242.449	-4660.000
3.520	57547.000	7139.714	-4594.000
3.530	57615.000	7037.800	-4528.000
3.540	57681.000	6906.460	-4443.000
3.550	57747.000	6814.522	-4384.000
3.560	57811.000	6690.165	-4304.000
3.570	57874.000	6573.116	-4229.000
3.580	57936.000	6461.181	-4157.000
3.590	57997.000	6352.827	-4087.000
3.600	58056.000	6216.979	-4000.000
3.610	58114.000	6091.885	-3919.000
3.620	58172.000	6004.320	-3863.000
3.630	58228.000	5883.024	-3785.000
3.640	58283.000	5768.117	-3711.000
3.650	58337.000	5657.682	-3640.000
3.660	58390.000	5550.377	-3571.000
3.670	58442.000	5445.264	-3503.000
3.680	58493.000	5341.685	-3437.000
3.690	58544.000	5269.179	-3390.000
3.700	58593.000	5158.426	-3319.000
3.710	58641.000	5050.898	-3250.000
3.720	58689.000	4975.629	-3201.000
3.730	58735.000	4862.940	-3129.000
3.740	58781.000	4784.058	-3078.000
3.750	58826.000	4698.841	-3023.000
3.760	58871.000	4639.188	-2985.000
3.770	58915.000	4567.432	-2939.000
3.780	58958.000	4487.202	-2887.000
3.790	59000.000	4401.042	-2832.000
3.800	59042.000	4340.729	-2793.000
3.810	59083.000	4268.510	-2746.000
3.820	59123.000	4187.957	-2694.000
3.830	59163.000	4131.570	-2658.000
3.840	59201.000	4032.099	-2594.000
3.850	59239.000	3962.469	-2549.000
3.860	59277.000	3913.729	-2518.000
3.870	59313.000	3819.610	-2457.000
3.880	59350.000	3783.727	-2434.000
3.890	59385.000	3698.609	-2380.000
3.900	59420.000	3639.026	-2341.000
3.910	59454.000	3567.318	-2295.000
3.920	59488.000	3517.123	-2263.000
3.930	59521.000	3451.986	-2221.000
3.940	59553.000	3376.390	-2172.000
3.950	59586.000	3353.473	-2158.000
3.960	59617.000	3277.431	-2109.000
3.970	59649.000	3254.202	-2094.000
3.980	59679.000	3177.941	-2045.000
3.990	59709.000	3124.559	-2010.000
4.000	59738.000	3057.191	-1967.000
4.010	59767.000	3010.034	-1937.000
4.020	59795.000	2947.024	-1896.000
4.030	59822.000	2872.917	-1848.000
4.040	59849.000	2821.042	-1815.000
4.050	59875.000	2754.729	-1772.000
4.060	59901.000	2708.310	-1742.000
4.070	59926.000	2645.817	-1702.000
4.080	59950.000	2572.072	-1655.000
4.090	59974.000	2520.450	-1622.000
4.100	59996.000	2424.315	-1560.000
4.110	60018.000	2357.021	-1516.000
4.120	60040.000	2309.915	-1486.000
4.130	60061.000	2246.940	-1446.000
4.140	60082.000	2202.858	-1417.000
4.150	60102.000	2142.001	-1378.000
4.160	60122.000	2099.400	-1351.000
4.170	60142.000	2069.580	-1332.000
4.180	60161.000	2018.706	-1299.000
4.190	60180.000	1983.094	-1276.000
4.200	60197.000	1898.166	-1221.000
4.210	60215.000	1868.716	-1202.000
4.220	60231.000	1788.101	-1150.000
4.230	60247.000	1731.671	-1114.000
4.240	60263.000	1692.170	-1089.000
4.250	60278.000	1634.519	-1052.000
4.260	60292.000	1564.163	-1006.000
4.270	60306.000	1514.914	-975.000
4.280	60319.000	1450.440	-933.000
4.290	60332.000	1405.308	-904.000
4.300	60344.000	1343.716	-865.000
4.310	60356.000	1300.601	-837.000
4.320	60368.000	1270.421	-817.000
4.330	60379.000	1219.294	-784.000
4.340	60390.000	1183.506	-761.000
4.350	60401.000	1158.454	-745.000
4.360	60411.000	1110.918	-715.000
4.370	60420.000	1047.643	-674.000
4.380	60429.000	1003.350	-646.000
4.390	60438.000	972.345	-626.000
4.400	60446.000	920.641	-592.000
4.410	60453.000	854.449	-550.000
4.420	60460.000	808.114	-520.000
4.430	60466.000	745.680	-480.000
4.440	60472.000	701.976	-452.000
4.450	60477.000	641.383	-413.000
4.460	60481.000	568.968	-366.000
4.470	60485.000	518.278	-333.000
4.480	60488.000	452.794	-291.000
4.490	60491.000	406.956	-262.000
4.500	60493.000	344.869	-222.000
4.510	60494.000	271.408	-175.000
4.520	60495.000	219.986	-142.000
4.530	60495.000	153.990	-99.000
4.540	60495.000	107.793	-69.000
4.550	60495.000	75.455	-49.000
4.560	60493.000	-7.181	5.000
4.570	60491.000	-65.027	42.000
4.580	60488.000	-135.519	87.000
4.590	60485.000	-184.863	119.000
4.600	60482.000	-219.404	141.000
4.610	60478.000	-273.583	176.000
4.620	60474.000	-311.508	200.000
4.630	60470.000	-338.056	217.000
4.640	60465.000	-386.639	249.000
4.650	60461.000	-390.647	251.000
4.660	60456.000	-423.453	272.000
4.670	60452.000	-416.417	268.000
4.680	60447.000	-441.492	284.000
4.690	60443.000	-429.044	276.000
4.700	60438.000	-450.331	290.000
4.710	60434.000	-435.232	280.000
4.720	60429.000	-454.662	293.000
4.730	60425.000	-438.264	282.000
4.740	60421.000	-426.784	275.000
4.750	60417.000	-418.749	269.000
4.760	60414.000	-383.124	246.000
4.770	60410.000	-388.187	250.000
4.780	60407.000	-361.731	233.000
4.790	60404.000	-343.212	221.000
4.800	60402.000	-300.248	193.000
4.810	60399.000	-300.174	193.000
4.820	60397.000	-270.122	174.000
4.830	60395.000	-249.085	160.000
4.840	60394.000	-204.360	131.000
4.850	60393.000	-173.052	111.000
4.860	60392.000	-151.136	97.000
4.870	60391.000	-135.795	87.000
4.880	60391.000	-95.057	61.000
4.890	60391.000	-66.540	43.000
4.900	60391.000	-46.578	30.000
4.910	60391.000	-32.604	21.000
4.920	60391.000	-22.823	15.000
4.930	60392.000	14.024	-9.000
4.940	60393.000	39.817	-26.000
4.950	60395.000	87.872	-57.000
4.960	60397.000	121.510	-78.000
4.970	60398.000	115.057	-74.000
4.980	60400.000	140.540	-90.000
4.990	60402.000	158.378	-102.000
5.000	60404.000	170.865	-110.000
5.010	60406.000	179.605	-116.000
5.020	60408.000	185.724	-119.000
5.030	60410.000	190.007	-122.000
5.040	60412.000	193.005	-124.000
5.050	60413.000	165.103	-106.000
5.060	60415.000	175.572	-113.000
5.070	60416.000	152.901	-98.000
5.080	60418.000	167.030	-107.000
5.090	60419.000	146.921	-95.000
5.100	60420.000	132.845	-85.000
5.110	60421.000	122.991	-79.000
5.120	60422.000	116.094	-75.000
5.130	60422.000	81.266	-52.000
5.140	60423.000	86.886	-56.000
5.150	60423.000	60.820	-39.000
5.160	60423.000	42.574	-27.000
5.170	60423.000	29.802	-19.000
5.180	60423.000	20.861	-13.000
5.190	60423.000	14.603	-9.000
5.200	60423.000	10.222	-7.000
5.210	60423.000	7.155	-5.000
5.220	60422.000	-24.991	16.000
5.230	60421.000	-47.494	31.000
5.240	60420.000	-63.246	41.000
5.250	60419.000	-74.272	48.000
5.260	60418.000	-81.990	53.000
5.270	60417.000	-87.393	56.000
5.280	60416.000	-91.175	59.000
5.290	60415.000	-93.823	60.000
5.300	60414.000	-95.676	62.000
5.310	60413.000	-96.973	62.000
5.320	60412.000	-97.881	63.000
5.330	60412.000	-68.517	44.000
5.340	60411.000	-77.962	50.000
5.350	60411.000	-54.573	35.000
5.360	60410.000	-68.201	44.000
5.370	60410.000	-47.741	31.000
5.380	60410.000	-33.419	22.000
5.390	60410.000	-23.393	15.000
5.400	60410.000	-16.375	11.000
5.410	60410.000	-11.463	7.000
5.420	60410.000	-8.024	5.000
5.430	60410.000	-5.617	4.000
5.440	60410.000	-3.932	3.000
5.450	60411.000	27.248	-18.000
5.460	60411.000	19.073	-12.000
5.470	60412.000	43.351	-28.000
5.480	60412.000	30.346	-20.000
5.490	60413.000	51.242	-33.000
5.500	60414.000	65.870	-42.000
5.510	60414.000	46.109	-30.000
5.520	60415.000	62.276	-40.000
5.530	60415.000	43.593	-28.000
5.540	60416.000	60.515	-39.000
5.550	60416.000	42.361	-27.000
5.560	60416.000	29.652	-19.000
5.570	60417.000	50.757	-33.000
5.580	60417.000	35.530	-23.000
5.590	60417.000	24.871	-16.000
5.600	60417.000	17.410	-11.000
5.610	60417.000	12.187	-8.000
5.620	60417.000	8.531	-5.000
5.630	60417.000	5.971	-4.000
5.640	60417.000	4.180	-3.000
5.650	60417.000	2.926	-2.000
5.660	60417.000	2.048	-1.000
5.670	60417.000	1.434	-1.000
5.680	60416.000	-28.996	19.000
5.690	60416.000	-20.297	13.000
5.700	60415.000	-44.208	28.000
5.710	60415.000	-30.946	20.000
5.720	60415.000	-21.662	14.000
5.730	60414.000	-45.163	29.000
5.740	60414.000	-31.614	20.000
5.750	60414.000	-22.130	14.000
5.760	60414.000	-15.491	10.000
5.770	60413.000	-40.844	26.000
5.780	60413.000	-28.591	18.000
5.790	60413.000	-20.013	13.000
5.800	60413.000	-14.009	9.000
5.810	60413.000	-9.807	6.000
5.820	60413.000	-6.865	4.000
5.830	60413.000	-4.805	3.000
5.840	60413.000	-3.364	2.000
5.850	60413.000	-2.355	2.000
5.860	60413.000	-1.648	1.000
5.870	60413.000	-1.154	1.000
5.880	60413.000	-0.808	1.000
5.890	60414.000	29.435	-19.000
5.900	60414.000	20.604	-13.000
5.910	60414.000	14.423	-9.000
5.920	60414.000	10.096	-6.000
5.930	60415.000	37.067	-24.000
5.940	60415.000	25.947	-17.000
5.950	60415.000	18.163	-12.000
5.960	60415.000	12.714	-8.000
5.970	60415.000	8.900	-6.000
5.980	60415.000	6.230	-4.000
5.990	60415.000	4.361	-3.000
6.000	60415.000	3.053	-2.000
6.010	60415.000	2.137	-1.000
6.020	60415.000	1.496	-1.000
6.030	60415.000	1.047	-1.000
6.040	60415.000	0.733	0.000
6.050	60415.000	0.513	0.000
6.060	60415.000	0.359	0.000
6.070	60415.000	0.251	0.000
6.080	60415.000	0.176	0.000
6.090	60415.000	0.123	0.000
6.100	60415.000	0.086	0.000
6.110	60415.000	0.060	0.000
6.120	60415.000	0.042	0.000
6.130	60415.000	0.030	0.000
6.140	60415.000	0.021	0.000
6.150	60415.000	0.014	0.000
6.160	60415.000	0.010	0.000
6.170	60415.000	0.007	0.000
6.180	60415.000	0.005	0.000
6.190	60415.000	0.003	0.000
6.200	60415.000	0.002	0.000
6.210	60415.000	0.002	0.000
6.220	60415.000	0.001	0.000
6.230	60415.000	0.001	0.000
6.240	60415.000	0.001	0.000
6.250	60415.000	0.000	0.000
6.260	60415.000	0.000	0.000
6.270	60415.000	0.000	0.000
6.280	60415.000	0.000	0.000
6.290	60415.000	0.000	0.000
6.300	60415.000	0.000	0.000
6.310	60415.000	0.000	0.000
6.320	60415.000	0.000	0.000
6.330	60415.000	0.000	0.000
6.340	60415.000	0.000	0.000
6.350	60415.000	0.000	0.000
6.360	60415.000	0.000	0.000
6.370	60415.000	0.000	0.000
6.380	60415.000	0.000	0.000
6.390	60415.000	0.000	0.000
6.400	60415.000	0.000	0.000
6.410	60415.000	0.000	0.000
6.420	60415.000	0.000	0.000
6.430	60415.000	0.000	0.000
6.440	60415.000	0.000	0.000
6.450	60415.000	0.000	0.000
6.460	60415.000	0.000	0.000
6.470	60415.000	0.000	0.000
6.480	60415.000	0.000	0.000
6.490	60415.000	0.000	0.000
6.500	60415.000	0.000	0.000
6.510	60415.000	0.000	0.000
6.520	60415.000	0.000	0.000
6.530	60415.000	0.000	0.000
6.540	60415.000	0.000	0.000
6.550	60415.000	0.000	0.000
6.560	60415.000	0.000	0.000
6.570	60415.000	0.000	0.000
6.580	60415.000	0.000	0.000
6.590	60415.000	0.000	0.000
6.600	60415.000	0.000	0.000
6.610	60415.000	0.000	0.000
6.620	60415.000	0.000	0.000
6.630	60415.000	0.000	0.000
6.640	60415.000	0.000	0.000
6.650	60415.000	0.000	0.000
6.660	60415.000	0.000	0.000
6.670	60415.000	0.000	0.000
6.680	60415.000	0.000	0.000
6.690	60415.000	0.000	0.000
6.700	60415.000	0.000	0.000
6.710	60415.000	0.000	0.000
6.720	60415.000	0.000	0.000
6.730	60415.000	0.000	0.000
6.740	60415.000	0.000	0.000
6.750	60415.000	0.000	0.000
6.760	60415.000	0.000	0.000
6.770	60415.000	0.000	0.000
6.780	60415.000	0.000	0.000
6.790	60415.000	0.000	0.000
6.800	60415.000	0.000	0.000
6.810	60415.000	0.000	0.000
6.820	60415.000	0.000	0.000
6.830	60415.000	0.000	0.000
6.840	60415.000	0.000	0.000
6.850	60415.000	0.000	0.000
6.860	60415.000	0.000	0.000
6.870	60415.000	0.000	0.000
6.880	60415.000	0.000	0.000
6.890	60415.000	0.000	0.000
6.900	60415.000	0.000	0.000
6.910	60415.000	0.000	0.000
6.920	60415.000	0.000	0.000
6.930	60415.000	0.000	0.000
6.940	60415.000	0.000	0.000
6.950	60415.000	0.000	0.000
6.960	60415.000	0.000	0.000
6.970	60415.000	0.000	0.000
6.980	60415.000	0.000	0.000
6.990	60415.000	0.000	0.000
7.000	60415.000	0.000	0.000
