0.000	6.000	180.000	-116.000
0.010	365.000	10896.000	-7010.000
0.020	464.000	10597.200	-6818.000
0.030	568.000	10538.040	-6780.000
0.040	676.000	10616.628	-6831.000
0.050	788.000	10791.640	-6943.000
0.060	904.000	11034.148	-7099.000
0.070	1024.000	11323.903	-7286.000
0.080	1151.000	11736.732	-7551.000
0.090	1280.000	12085.713	-7776.000
0.100	1416.000	12539.999	-8068.000
0.110	1553.000	12887.999	-8292.000
0.120	1697.000	13341.599	-8584.000
0.130	1843.000	13719.120	-8827.000
0.140	1993.000	14103.384	-9074.000
0.150	2148.000	14522.369	-9343.000
0.160	2307.000	14935.658	-9609.000
0.170	2470.000	15344.961	-9873.000
0.180	2635.000	15691.472	-10096.000
0.190	2804.000	16054.031	-10329.000
0.200	2979.000	16487.821	-10608.000
0.210	3157.000	16881.475	-10861.000
0.220	3339.000	17277.033	-11116.000
0.230	3524.000	17643.923	-11352.000
0.240	3716.000	18110.746	-11652.000
0.250	3909.000	18467.522	-11882.000
0.260	4108.000	18897.266	-12158.000
0.270	4311.000	19318.086	-12429.000
0.280	4520.000	19792.660	-12734.000
0.290	4733.000	20244.862	-13025.000
0.300	4950.000	20681.403	-13107.000
0.310	5171.000	21106.982	-13107.000
0.320	5394.000	21464.888	-13107.000
0.330	5626.000	21985.421	-13107.000
0.340	5861.000	22439.795	-13107.000
0.350	6102.000	22937.856	-13107.000
0.360	6345.000	23346.500	-13107.000
0.370	6595.000	23842.550	-13107.000
0.380	6855.000	24489.785	-13107.000
0.390	7119.000	25062.849	-13107.000
0.400	7396.000	25853.995	-13107.000
0.410	7679.000	26587.796	-13107.000
0.420	7975.000	27491.457	-13107.000
0.430	8282.000	28454.020	-13107.000
0.440	8593.000	29247.814	-13107.000
0.450	8903.000	29773.470	-13107.000
0.460	9213.000	30141.429	-13107.000
0.470	9522.000	30369.000	-13107.000
0.480	9830.000	30498.300	-13107.000
0.490	10138.000	30588.810	-13107.000
0.500	10444.000	30592.167	-13107.000
0.510	10750.000	30594.517	-13107.000
0.520	11055.000	30566.162	-13107.000
0.530	11357.000	30456.313	-13107.000
0.540	11662.000	30469.419	-13107.000
0.550	11964.000	30388.594	-13107.000
0.560	12264.000	30272.015	-13107.000
0.570	12565.000	30220.411	-13107.000
0.580	12864.000	30124.288	-13107.000
0.590	13164.000	30087.001	-13107.000
0.600	13463.000	30030.901	-13107.000
0.610	13758.000	29871.631	-13107.000
0.620	14058.000	29910.141	-13107.000
0.630	14352.000	29757.099	-13107.000
0.640	14650.000	29769.969	-13107.000
0.650	14944.000	29658.979	-13107.000
0.660	15239.000	29611.285	-13107.000
0.670	15533.000	29547.899	-13107.000
0.680	15824.000	29413.530	-13107.000
0.690	16116.000	29349.471	-13107.000
0.700	16406.000	29244.630	-13107.000
0.710	16695.000	29141.241	-13107.000
0.720	16980.000	28948.868	-13107.000
0.730	17270.000	28964.208	-13107.000
0.740	17555.000	28824.946	-13107.000
0.750	17842.000	28787.462	-13107.000
0.760	18126.000	28671.223	-13107.000
0.770	18410.000	28589.856	-13107.000
0.780	18694.000	28532.899	-13107.000
0.790	18976.000	28433.030	-13107.000
0.800	19258.000	28363.121	-13107.000
0.810	19538.000	28254.185	-13107.000
0.820	19819.000	28207.929	-13107.000
0.830	20097.000	28085.550	-13107.000
0.840	20376.000	28029.885	-13107.000
0.850	20654.000	27960.920	-13107.000
0.860	20931.000	27882.644	-13107.000
0.870	21206.000	27767.851	-13107.000
0.880	21481.000	27687.495	-13107.000
0.890	21755.000	27601.247	-13107.000
0.900	22029.000	27540.873	-13107.000
0.910	22302.000	27468.611	-13107.000
0.920	22573.000	27358.028	-13107.000
0.930	22847.000	27370.619	-13107.000
0.940	23118.000	27289.434	-13107.000
0.950	23388.000	27202.603	-13107.000
0.960	23659.000	27171.822	-13107.000
0.970	23927.000	27060.276	-13107.000
0.980	24196.000	27012.193	-13107.000
0.990	24464.000	26948.535	-13107.000
1.000	24731.000	26873.975	-13107.000
1.010	24997.000	26791.782	-13107.000
1.020	25265.000	26794.248	-13107.000
1.030	25528.000	26645.973	-13107.000
1.040	25794.000	26632.181	-13107.000
1.050	26059.000	26592.527	-13107.000
1.060	26322.000	26504.769	-13107.000
1.070	26585.000	26443.338	-13107.000
1.080	26846.000	26340.337	-13107.000
1.090	27107.000	26268.236	-13107.000
1.100	27366.000	26157.765	-13107.000
1.110	27625.000	26080.435	-13107.000
1.120	27884.000	26026.305	-13107.000
1.130	28141.000	25928.413	-13107.000
1.140	28397.000	25829.889	-13107.000
1.150	28655.000	25820.923	-13107.000
1.160	28911.000	25754.646	-13107.000
1.170	29168.000	25738.252	-13107.000
1.180	29423.000	25666.776	-13107.000
1.190	29678.000	25616.744	-13107.000
1.200	29931.000	25521.720	-13107.000
1.210	30186.000	25515.204	-13107.000
1.220	30437.000	25390.643	-13107.000
1.230	30689.000	25333.450	-13107.000
1.240	30942.000	25323.415	-13107.000
1.250	31191.000	25196.391	-13107.000
1.260	31441.000	25137.473	-13107.000
1.270	31689.000	25036.231	-13107.000
1.280	31936.000	24935.362	-13107.000
1.290	32185.000	24924.753	-13107.000
1.300	32429.000	24767.327	-13107.000
1.310	32674.000	24687.129	-13107.000
1.320	32918.000	24600.990	-13107.000
1.330	33160.000	24480.693	-13107.000
1.340	33403.000	24426.485	-13107.000
1.350	33645.000	24358.540	-13107.000
1.360	33885.000	24250.978	-13107.000
1.370	34126.000	24205.684	-13107.000
1.380	34366.000	24143.979	-13107.000
1.390	34607.000	24130.785	-13107.000
1.400	34842.000	23941.550	-13107.000
1.410	35080.000	23899.085	-13107.000
1.420	35317.000	23839.359	-13107.000
1.430	35553.000	23767.552	-13107.000
1.440	35789.000	23717.286	-13107.000
1.450	36024.000	23652.100	-13107.000
1.460	36259.000	23606.470	-13107.000
1.470	36493.000	23544.529	-13107.000
1.480	36725.000	23441.170	-13107.000
1.490	36958.000	23398.819	-13107.000
1.500	37188.000	23279.173	-13107.000
1.510	37419.000	23225.421	-13107.000
1.520	37646.000	23067.795	-13107.000
1.530	37873.000	22957.457	-13107.000
1.540	38100.000	22880.220	-13107.000
1.550	38325.000	22766.154	-13107.000
1.560	38550.000	22686.308	-13107.000
1.570	38775.000	22630.415	-13107.000
1.580	38999.000	22561.291	-13107.000
1.590	39223.000	22512.904	-13107.000
1.600	39446.000	22449.032	-13107.000
1.610	39669.000	22404.323	-13107.000
1.620	39890.000	22313.026	-13107.000
1.630	40112.000	22279.118	-13107.000
1.640	40334.000	22255.383	-13107.000
1.650	40555.000	22208.768	-13107.000
1.660	40776.000	22176.138	-13107.000
1.670	40995.000	22093.296	-13107.000
1.680	41215.000	22065.307	-13107.000
1.690	41434.000	22015.715	-13107.000
1.700	41653.000	21981.001	-13107.000
1.710	41870.000	21896.700	-13107.000
1.720	42088.000	21867.690	-13107.000
1.730	42304.000	21787.383	-13107.000
1.740	42518.000	21671.168	-13107.000
1.750	42733.000	21619.818	-13107.000
1.760	42946.000	21523.872	-13107.000
1.770	43158.000	21426.711	-13107.000
1.780	43370.000	21358.697	-13107.000
1.790	43581.000	21281.088	-13107.000
1.800	43792.000	21226.762	-13107.000
1.810	44000.000	21098.733	-13107.000
1.820	44209.000	21039.113	-13107.000
1.830	44418.000	20997.379	-13107.000
1.840	44625.000	20908.166	-13107.000
1.850	44833.000	20875.716	-13107.000
1.860	45039.000	20793.001	-13107.000
1.870	45246.000	20765.101	-13107.000
1.880	45452.000	20715.571	-13107.000
1.890	45657.000	20650.899	-13107.000
1.900	45862.000	20605.630	-13107.000
1.910	46066.000	20543.941	-13107.000
1.920	46270.000	20500.758	-13107.000
1.930	46473.000	20440.531	-13107.000
1.940	46675.000	20368.372	-13105.000
1.950	46877.000	20317.860	-13072.000
1.960	47077.000	20222.502	-13011.000
1.970	47278.000	20185.751	-12987.000
1.980	47477.000	20100.026	-12932.000
1.990	47676.000	20040.018	-12893.000
2.000	47873.000	19938.013	-12828.000
2.010	48071.000	19896.609	-12801.000
2.020	48265.000	19747.626	-12705.000
2.030	48460.000	19673.338	-12657.000
2.040	48653.000	19561.337	-12585.000
2.050	48846.000	19482.936	-12535.000
2.060	49038.000	19398.055	-12480.000
2.070	49230.000	19338.639	-12442.000
2.080	49421.000	19267.047	-12396.000
2.090	49611.000	19186.933	-12344.000
2.100	49801.000	19130.853	-12308.000
2.110	49990.000	19061.597	-12264.000
2.120	50179.000	19013.118	-12233.000
2.130	50366.000	18919.183	-12172.000
2.140	50555.000	18913.428	-12169.000
2.150	50741.000	18819.399	-12108.000
2.160	50927.000	18753.580	-12066.000
2.170	51113.000	18707.506	-12036.000
2.180	51298.000	18645.254	-11996.000
2.190	51482.000	18571.678	-11949.000
2.200	51665.000	18490.174	-11896.000
2.210	51847.000	18403.122	-11840.000
2.220	52029.000	18342.185	-11801.000
2.230	52210.000	18269.530	-11754.000
2.240	52390.000	18188.671	-11702.000
2.250	52570.000	18132.070	-11666.000
2.260	52747.000	18002.449	-11582.000
2.270	52925.000	17941.714	-11543.000
2.280	53101.000	17839.200	-11477.000
2.290	53277.000	17767.440	-11431.000
2.300	53451.000	17657.208	-11360.000
2.310	53624.000	17550.046	-11291.000
2.320	53797.000	17475.032	-11243.000
2.330	53967.000	17332.522	-11151.000
2.340	54139.000	17292.766	-11126.000
2.350	54310.000	17234.936	-11089.000
2.360	54480.000	17164.455	-11043.000
2.370	54649.000	17085.119	-10992.000
2.380	54817.000	16999.583	-10937.000
2.390	54985.000	16939.708	-10899.000
2.400	55152.000	16867.796	-10852.000
2.410	55318.000	16787.457	-10801.000
2.420	55484.000	16731.220	-10765.000
2.430	55650.000	16691.854	-10739.000
2.440	55815.000	16634.298	-10702.000
2.450	55979.000	16564.008	-10657.000
2.460	56142.000	16484.806	-10606.000
2.470	56306.000	16459.364	-10590.000
2.480	56469.000	16411.555	-10559.000
2.490	56631.000	16348.088	-10518.000
2.500	56793.000	16303.662	-10489.000
2.510	56937.000	15732.563	-10122.000
2.520	57098.000	15842.794	-10193.000
2.530	57259.000	15919.956	-10243.000
2.540	57418.000	15913.969	-10239.000
2.550	57576.000	15879.778	-10217.000
2.560	57734.000	15855.845	-10201.000
2.570	57893.000	15869.091	-10210.000
2.580	58049.000	15788.364	-10158.000
2.590	58204.000	15701.855	-10102.000
2.600	58359.000	15641.298	-10063.000
2.610	58513.000	15568.909	-10017.000
2.620	58665.000	15458.236	-9946.000
2.630	58819.000	15440.765	-9934.000
2.640	58970.000	15338.536	-9869.000
2.650	59122.000	15296.975	-9842.000
2.660	59272.000	15207.883	-9784.000
2.670	59421.000	15115.518	-9725.000
2.680	59570.000	15050.862	-9683.000
2.690	59720.000	15035.604	-9674.000
2.700	59867.000	14934.923	-9609.000
2.710	60015.000	14894.446	-9583.000
2.720	60161.000	14806.112	-9526.000
2.730	60308.000	14774.278	-9505.000
2.740	60453.000	14691.995	-9453.000
2.750	60598.000	14634.396	-9415.000
2.760	60744.000	14624.078	-9409.000
2.770	60889.000	14586.854	-9385.000
2.780	61033.000	14530.798	-9349.000
2.790	61177.000	14491.559	-9324.000
2.800	61320.000	14434.091	-9287.000
2.810	61463.000	14393.864	-9261.000
2.820	61605.000	14335.705	-9223.000
2.830	61747.000	14294.993	-9197.000
2.840	61888.000	14236.495	-9159.000
2.850	62029.000	14195.547	-9133.000
2.860	62169.000	14136.883	-9095.000
2.870	62309.000	14095.818	-9069.000
2.880	62448.000	14037.073	-9031.000
2.890	62587.000	13995.951	-9005.000
2.900	62725.000	13937.166	-8967.000
2.910	62862.000	13866.016	-8921.000
2.920	62998.000	13786.211	-8870.000
2.930	63133.000	13700.348	-8815.000
2.940	63268.000	13640.243	-8776.000
2.950	63401.000	13538.170	-8710.000
2.960	63534.000	13466.719	-8664.000
2.970	63665.000	13356.704	-8593.000
2.980	63796.000	13279.692	-8544.000
2.990	63926.000	13195.785	-8490.000
3.000	64054.000	13077.049	-8414.000
3.010	64182.000	12993.935	-8360.000
3.020	64308.000	12875.754	-8284.000
3.030	64433.000	12763.028	-8211.000
3.040	64558.000	12684.120	-8161.000
3.050	64682.000	12598.884	-8106.000
3.060	64804.000	12479.219	-8029.000
3.070	64926.000	12395.453	-7975.000
3.080	65047.000	12306.817	-7918.000
3.090	65168.000	12244.772	-7878.000
3.100	65287.000	12141.340	-7811.000
3.110	65407.000	12098.938	-7784.000
3.120	65525.000	12009.257	-7727.000
3.130	65643.000	11946.480	-7686.000
3.140	65760.000	11872.536	-7639.000
3.150	65876.000	11790.775	-7586.000
3.160	65992.000	11733.543	-7549.000
3.170	66107.000	11663.480	-7504.000
3.180	66222.000	11614.436	-7472.000
3.190	66336.000	11550.105	-7431.000
3.200	66449.000	11475.074	-7383.000
3.210	66563.000	11452.551	-7368.000
3.220	66675.000	11376.786	-7320.000
3.230	66786.000	11293.750	-7266.000
3.240	66897.000	11235.625	-7229.000
3.250	67008.000	11194.938	-7203.000
3.260	67118.000	11136.456	-7165.000
3.270	67227.000	11065.519	-7119.000
3.280	67336.000	11015.864	-7087.000
3.290	67445.000	10981.105	-7065.000
3.300	67552.000	10896.773	-7011.000
3.310	67659.000	10837.741	-6973.000
3.320	67766.000	10796.419	-6946.000
3.330	67871.000	10707.493	-6889.000
3.340	67976.000	10645.245	-6849.000
3.350	68080.000	10571.672	-6802.000
3.360	68184.000	10520.170	-6768.000
3.370	68287.000	10454.119	-6726.000
3.380	68388.000	10347.883	-6658.000
3.390	68489.000	10273.518	-6610.000
3.400	68589.000	10191.463	-6557.000
3.410	68688.000	10104.024	-6501.000
3.420	68787.000	10042.817	-6461.000
3.430	68884.000	9939.972	-6395.000
3.440	68981.000	9867.980	-6349.000
3.450	69076.000	9757.586	-6278.000
3.460	69171.000	9680.310	-6228.000
3.470	69264.000	9566.217	-6155.000
3.480	69357.000	9486.352	-6103.000
3.490	69448.000	9370.446	-6029.000
3.500	69539.000	9289.313	-5977.000
3.510	69628.000	9172.519	-5901.000
3.520	69717.000	9090.763	-5849.000
3.530	69805.000	9003.534	-5793.000
3.540	69893.000	8942.474	-5753.000
3.550	69979.000	8839.732	-5687.000
3.560	70065.000	8767.812	-5641.000
3.570	70151.000	8717.469	-5609.000
3.580	70234.000	8592.228	-5528.000
3.590	70318.000	8534.560	-5491.000
3.600	70399.000	8404.192	-5407.000
3.610	70481.000	8342.934	-5368.000
3.620	70562.000	8270.054	-5321.000
3.630	70643.000	8219.038	-5288.000
3.640	70723.000	8153.326	-5246.000
3.650	70803.000	8107.329	-5216.000
3.660	70882.000	8045.130	-5176.000
3.670	70960.000	7971.591	-5129.000
3.680	71038.000	7920.114	-5096.000
3.690	71116.000	7884.080	-5072.000
3.700	71193.000	7828.856	-5037.000
3.710	71269.000	7760.199	-4993.000
3.720	71346.000	7742.139	-4981.000
3.730	71421.000	7669.498	-4934.000
3.740	71497.000	7648.648	-4921.000
3.750	71571.000	7574.054	-4873.000
3.760	71644.000	7491.838	-4820.000
3.770	71718.000	7464.286	-4802.000
3.780	71791.000	7415.000	-4771.000
3.790	71864.000	7380.500	-4748.000
3.800	71936.000	7326.350	-4714.000
3.810	72008.000	7288.445	-4689.000
3.820	72079.000	7231.912	-4653.000
3.830	72150.000	7192.338	-4627.000
3.840	72221.000	7164.637	-4610.000
3.850	72291.000	7115.246	-4578.000
3.860	72361.000	7080.672	-4556.000
3.870	72430.000	7026.470	-4521.000
3.880	72499.000	6988.529	-4496.000
3.890	72568.000	6961.970	-4479.000
3.900	72636.000	6913.379	-4448.000
3.910	72704.000	6879.366	-4426.000
3.920	72772.000	6855.556	-4411.000
3.930	72839.000	6808.889	-4381.000
3.940	72904.000	6716.222	-4321.000
3.950	72970.000	6681.356	-4299.000
3.960	73036.000	6656.949	-4283.000
3.970	73101.000	6609.864	-4253.000
3.980	73165.000	6546.905	-4212.000
3.990	73229.000	6502.833	-4184.000
4.000	73292.000	6441.983	-4145.000
4.010	73354.000	6369.388	-4098.000
4.020	73416.000	6318.572	-4065.000
4.030	73478.000	6283.000	-4042.000
4.040	73539.000	6228.100	-4007.000
4.050	73600.000	6189.670	-3982.000
4.060	73659.000	6102.769	-3926.000
4.070	73718.000	6041.938	-3887.000
4.080	73775.000	5939.357	-3821.000
4.090	73832.000	5867.550	-3775.000
4.100	73888.000	5787.285	-3723.000
4.110	73944.000	5731.099	-3687.000
4.120	73998.000	5631.770	-3623.000
4.130	74052.000	5562.239	-3579.000
4.140	74105.000	5483.567	-3528.000
4.150	74157.000	5398.497	-3473.000
4.160	74208.000	5308.948	-3416.000
4.170	74259.000	5246.264	-3375.000
4.180	74309.000	5172.384	-3328.000
4.190	74359.000	5120.669	-3295.000
4.200	74407.000	5024.468	-3233.000
4.210	74455.000	4957.128	-3189.000
4.220	74501.000	4849.990	-3120.000
4.230	74547.000	4774.993	-3072.000
4.240	74592.000	4692.495	-3019.000
4.250	74637.000	4634.746	-2982.000
4.260	74680.000	4534.322	-2917.000
4.270	74723.000	4464.026	-2872.000
4.280	74765.000	4384.818	-2821.000
4.290	74807.000	4329.373	-2785.000
4.300	74847.000	4230.561	-2722.000
4.310	74887.000	4161.393	-2677.000
4.320	74926.000	4082.975	-2627.000
4.330	74964.000	3998.082	-2572.000
4.340	75002.000	3938.658	-2534.000
4.350	75039.000	3867.060	-2488.000
4.360	75076.000	3816.942	-2456.000
4.370	75112.000	3751.860	-2414.000
4.380	75147.000	3676.302	-2365.000
4.390	75182.000	3623.411	-2331.000
4.400	75217.000	3586.388	-2307.000
4.410	75250.000	3500.471	-2252.000
4.420	75283.000	3440.330	-2213.000
4.430	75315.000	3368.231	-2167.000
4.440	75347.000	3317.762	-2135.000
4.450	75378.000	3252.433	-2093.000
4.460	75409.000	3206.703	-2063.000
4.470	75440.000	3174.692	-2043.000
4.480	75470.000	3122.285	-2009.000
4.490	75500.000	3085.599	-1985.000
4.500	75528.000	2999.919	-1930.000
4.510	75557.000	2969.944	-1911.000
4.520	75584.000	2888.961	-1859.000
4.530	75612.000	2862.272	-1842.000
4.540	75638.000	2783.591	-1791.000
4.550	75665.000	2758.513	-1775.000
4.560	75692.000	2740.959	-1763.000
4.570	75717.000	2668.672	-1717.000
4.580	75742.000	2618.070	-1684.000
4.590	75767.000	2582.649	-1662.000
4.600	75791.000	2527.854	-1626.000
4.610	75814.000	2459.498	-1582.000
4.620	75837.000	2411.649	-1552.000
4.630	75859.000	2348.154	-1511.000
4.640	75882.000	2333.708	-1501.000
4.650	75904.000	2293.595	-1476.000
4.660	75925.000	2235.517	-1438.000
4.670	75947.000	2224.862	-1431.000
4.680	75968.000	2187.403	-1407.000
4.690	75989.000	2161.182	-1390.000
4.700	76009.000	2112.828	-1359.000
4.710	76029.000	2078.979	-1338.000
4.720	76049.000	2055.286	-1322.000
4.730	76068.000	2008.700	-1292.000
4.740	76087.000	1976.090	-1271.000
4.750	76105.000	1923.263	-1237.000
4.760	76123.000	1886.284	-1214.000
4.770	76141.000	1860.399	-1197.000
4.780	76159.000	1842.279	-1185.000
4.790	76177.000	1829.595	-1177.000
4.800	76194.000	1790.717	-1152.000
4.810	76211.000	1763.502	-1135.000
4.820	76227.000	1714.451	-1103.000
4.830	76244.000	1710.116	-1100.000
4.840	76260.000	1677.081	-1079.000
4.850	76275.000	1623.957	-1045.000
4.860	76290.000	1586.770	-1021.000
4.870	76305.000	1560.739	-1004.000
4.880	76319.000	1512.517	-973.000
4.890	76333.000	1478.762	-951.000
4.900	76346.000	1425.133	-917.000
4.910	76358.000	1357.593	-873.000
4.920	76371.000	1340.315	-862.000
4.930	76383.000	1298.221	-835.000
4.940	76394.000	1238.755	-797.000
4.950	76406.000	1227.128	-790.000
4.960	76417.000	1188.990	-765.000
4.970	76427.000	1132.293	-728.000
4.980	76438.000	1122.605	-722.000
4.990	76448.000	1085.823	-699.000
5.000	76458.000	1060.076	-682.000
5.010	76467.000	1012.054	-651.000
5.020	76476.000	978.437	-630.000
5.030	76485.000	954.906	-614.000
5.040	76493.000	908.434	-584.000
5.050	76501.000	875.904	-564.000
5.060	76509.000	853.133	-549.000
5.070	76516.000	807.193	-519.000
5.080	76522.000	745.035	-479.000
5.090	76528.000	701.525	-451.000
5.100	76534.000	671.067	-432.000
5.110	76539.000	619.747	-399.000
5.120	76544.000	583.823	-376.000
5.130	76548.000	528.676	-340.000
5.140	76552.000	490.073	-315.000
5.150	76555.000	433.051	-279.000
5.160	76558.000	393.136	-253.000
5.170	76560.000	335.195	-216.000
5.180	76562.000	294.637	-190.000
5.190	76564.000	266.246	-171.000
5.200	76565.000	216.372	-139.000
5.210	76566.000	181.460	-117.000
5.220	76566.000	127.022	-82.000
5.230	76566.000	88.916	-57.000
5.240	76566.000	62.241	-40.000
5.250	76565.000	13.569	-9.000
5.260	76564.000	-20.502	13.000
5.270	76562.000	-74.351	48.000
5.280	76560.000	-112.046	72.000
5.290	76557.000	-168.432	108.000
5.300	76554.000	-207.903	134.000
5.310	76551.000	-235.532	152.000
5.320	76548.000	-254.872	164.000
5.330	76545.000	-268.411	173.000
5.340	76541.000	-307.887	198.000
5.350	76537.000	-335.521	216.000
5.360	76534.000	-324.865	209.000
5.370	76530.000	-347.405	224.000
5.380	76526.000	-363.184	234.000
5.390	76522.000	-374.229	241.000
5.400	76518.000	-381.960	246.000
5.410	76514.000	-387.372	249.000
5.420	76510.000	-391.160	252.000
5.430	76506.000	-393.812	253.000
5.440	76503.000	-365.669	235.000
5.450	76499.000	-375.968	242.000
5.460	76495.000	-383.178	247.000
5.470	76491.000	-388.224	250.000
5.480	76488.000	-361.757	233.000
5.490	76485.000	-343.230	221.000
5.500	76481.000	-360.261	232.000
5.510	76478.000	-342.183	220.000
5.520	76475.000	-329.528	212.000
5.530	76472.000	-320.670	206.000
5.540	76470.000	-284.469	183.000
5.550	76467.000	-289.128	186.000
5.560	76465.000	-262.390	169.000
5.570	76463.000	-243.673	157.000
5.580	76461.000	-230.571	148.000
5.590	76459.000	-221.400	142.000
5.600	76458.000	-184.980	119.000
5.610	76456.000	-189.486	122.000
5.620	76455.000	-162.640	105.000
5.630	76454.000	-143.848	93.000
5.640	76454.000	-100.694	65.000
5.650	76453.000	-100.486	65.000
5.660	76453.000	-70.340	45.000
5.670	76453.000	-49.238	32.000
5.680	76453.000	-34.467	22.000
5.690	76453.000	-24.127	16.000
5.700	76453.000	-16.889	11.000
5.710	76453.000	-11.822	8.000
5.720	76454.000	21.725	-14.000
5.730	76456.000	75.207	-48.000
5.740	76457.000	82.645	-53.000
5.750	76458.000	87.852	-57.000
5.760	76460.000	121.496	-78.000
5.770	76461.000	115.047	-74.000
5.780	76463.000	140.533	-90.000
5.790	76464.000	128.373	-83.000
5.800	76466.000	149.861	-96.000
5.810	76468.000	164.903	-106.000
5.820	76469.000	145.432	-94.000
5.830	76471.000	161.802	-104.000
5.840	76472.000	143.262	-92.000
5.850	76473.000	130.283	-84.000
5.860	76475.000	151.198	-97.000
5.870	76476.000	135.839	-87.000
5.880	76477.000	125.087	-80.000
5.890	76478.000	117.561	-76.000
5.900	76479.000	112.293	-72.000
5.910	76480.000	108.605	-70.000
5.920	76481.000	106.023	-68.000
5.930	76481.000	74.216	-48.000
5.940	76482.000	81.951	-53.000
5.950	76482.000	57.366	-37.000
5.960	76483.000	70.156	-45.000
5.970	76483.000	49.109	-32.000
5.980	76483.000	34.377	-22.000
5.990	76483.000	24.064	-15.000
6.000	76483.000	16.845	-11.000
6.010	76483.000	11.791	-8.000
6.020	76483.000	8.254	-5.000
6.030	76483.000	5.778	-4.000
6.040	76482.000	-25.956	17.000
6.050	76482.000	-18.169	12.000
6.060	76481.000	-42.718	27.000
6.070	76480.000	-59.903	39.000
6.080	76480.000	-41.932	27.000
6.090	76479.000	-59.352	38.000
6.100	76478.000	-71.547	46.000
6.110	76477.000	-80.083	52.000
6.120	76476.000	-86.058	55.000
6.130	76476.000	-60.241	39.000
6.140	76475.000	-72.168	46.000
6.150	76474.000	-80.518	52.000
6.160	76474.000	-56.362	36.000
6.170	76473.000	-69.454	45.000
6.180	76472.000	-78.618	51.000
6.190	76472.000	-55.032	35.000
6.200	76472.000	-38.523	25.000
6.210	76471.000	-56.966	37.000
6.220	76471.000	-39.876	26.000
6.230	76471.000	-27.913	18.000
6.240	76471.000	-19.539	13.000
6.250	76471.000	-13.677	9.000
6.260	76471.000	-9.574	6.000
6.270	76471.000	-6.702	4.000
6.280	76471.000	-4.691	3.000
6.290	76471.000	-3.284	2.000
6.300	76471.000	-2.299	1.000
6.310	76471.000	-1.609	1.000
6.320	76471.000	-1.126	1.000
6.330	76471.000	-0.788	1.000
6.340	76472.000	29.448	-19.000
6.350	76472.000	20.614	-13.000
6.360	76473.000	44.430	-29.000
6.370	76473.000	31.101	-20.000
6.380	76474.000	51.770	-33.000
6.390	76474.000	36.239	-23.000
6.400	76474.000	25.368	-16.000
6.410	76475.000	47.757	-31.000
6.420	76475.000	33.430	-22.000
6.430	76475.000	23.401	-15.000
6.440	76476.000	46.381	-30.000
6.450	76476.000	32.467	-21.000
6.460	76476.000	22.727	-15.000
6.470	76476.000	15.909	-10.000
6.480	76476.000	11.136	-7.000
6.490	76476.000	7.795	-5.000
6.500	76476.000	5.457	-4.000
6.510	76476.000	3.820	-2.000
6.520	76476.000	2.674	-2.000
6.530	76476.000	1.872	-1.000
6.540	76476.000	1.310	-1.000
6.550	76476.000	0.917	-1.000
6.560	76476.000	0.642	0.000
6.570	76476.000	0.449	0.000
6.580	76476.000	0.315	0.000
6.590	76476.000	0.220	0.000
6.600	76475.000	-29.846	19.000
6.610	76475.000	-20.892	13.000
6.620	76475.000	-14.624	9.000
6.630	76474.000	-40.237	26.000
6.640	76474.000	-28.166	18.000
6.650	76474.000	-19.716	13.000
6.660	76474.000	-13.801	9.000
6.670	76474.000	-9.661	6.000
6.680	76473.000	-36.763	24.000
6.690	76473.000	-25.734	17.000
6.700	76473.000	-18.014	12.000
6.710	76473.000	-12.610	8.000
6.720	76473.000	-8.827	6.000
6.730	76473.000	-6.179	4.000
6.740	76473.000	-4.325	3.000
6.750	76473.000	-3.028	2.000
6.760	76473.000	-2.119	1.000
6.770	76473.000	-1.484	1.000
6.780	76473.000	-1.038	1.000
6.790	76473.000	-0.727	0.000
6.800	76473.000	-0.509	0.000
6.810	76473.000	-0.356	0.000
6.820	76473.000	-0.249	0.000
6.830	76473.000	-0.175	0.000
6.840	76474.000	29.878	-19.000
6.850	76474.000	20.914	-13.000
6.860	76474.000	14.640	-9.000
6.870	76474.000	10.248	-7.000
6.880	76474.000	7.174	-5.000
6.890	76474.000	5.022	-3.000
6.900	76475.000	33.515	-22.000
6.910	76475.000	23.461	-15.000
6.920	76475.000	16.422	-11.000
6.930	76475.000	11.496	-7.000
6.940	76475.000	8.047	-5.000
6.950	76475.000	5.633	-4.000
6.960	76475.000	3.943	-3.000
6.970	76475.000	2.760	-2.000
6.980	76475.000	1.932	-1.000
6.990	76475.000	1.352	-1.000
7.000	76475.000	0.947	-1.000
