0.000	0.000	0.000	0.000
0.010	0.000	0.000	0.000
0.020	1.000	30.000	-21.000
0.030	0.000	-9.000	5.000
0.040	-2.000	-66.300	46.000
0.050	-4.000	-106.410	77.000
0.060	-5.000	-104.487	81.000
0.070	-7.000	-133.141	105.000
0.080	-9.000	-153.199	126.000
0.090	-11.000	-167.239	143.000
0.100	-13.000	-177.067	157.000
0.110	-14.000	-153.947	149.000
0.120	-16.000	-167.763	166.000
0.130	-16.000	-117.434	138.000
0.140	-17.000	-112.204	140.000
0.150	-17.000	-78.543	121.000
0.160	-17.000	-54.980	108.000
0.170	-17.000	-38.486	99.000
0.180	-17.000	-26.940	93.000
0.190	-16.000	11.142	67.000
0.200	-15.000	37.799	48.000
0.210	-15.000	26.460	54.000
0.220	-14.000	48.522	37.000
0.230	-13.000	63.965	24.000
0.240	-12.000	74.776	14.000
0.250	-11.000	82.343	5.000
0.260	-10.000	87.640	-3.000
0.270	-10.000	61.348	12.000
0.280	-9.000	72.944	1.000
0.290	-9.000	51.061	13.000
0.300	-9.000	35.742	21.000
0.310	-9.000	25.020	27.000
0.320	-9.000	17.514	32.000
0.330	-9.000	12.260	34.000
0.340	-9.000	8.582	36.000
0.350	-10.000	-23.993	59.000
0.360	-10.000	-16.795	55.000
0.370	-11.000	-41.756	73.000
0.380	-12.000	-59.230	88.000
0.390	-12.000	-41.461	78.000
0.400	-13.000	-59.022	92.000
0.410	-13.000	-41.316	82.000
0.420	-14.000	-58.921	97.000
0.430	-14.000	-41.245	87.000
0.440	-14.000	-28.871	80.000
0.450	-14.000	-20.210	75.000
0.460	-14.000	-14.147	72.000
0.470	-14.000	-9.903	70.000
0.480	-14.000	-6.932	68.000
0.490	-14.000	-4.852	67.000
0.500	-14.000	-3.397	66.000
0.510	-13.000	27.622	259.000
0.520	-13.000	19.336	493.000
0.530	-12.000	43.535	718.000
0.540	-9.000	120.474	919.000
0.550	-6.000	174.332	1147.000
0.560	1.000	332.032	1313.000
0.570	9.000	472.423	1498.000
0.580	21.000	690.696	1636.000
0.590	36.000	933.487	1760.000
0.600	54.000	1193.441	1876.000
0.610	75.000	1465.409	1985.000
0.620	97.000	1685.786	2131.000
0.630	118.000	1810.050	2350.000
0.640	138.000	1867.035	2624.000
0.650	157.000	1876.925	2942.000
0.660	195.000	2453.847	2875.000
0.670	244.000	3187.693	2685.000
0.680	284.000	3431.385	2821.000
0.690	335.000	3931.970	2778.000
0.700	393.000	4492.379	2685.000
0.710	450.000	4854.665	2719.000
0.720	511.000	5228.266	2742.000
0.730	575.000	5579.786	2778.000
0.740	645.000	6005.850	2760.000
0.750	715.000	6304.095	2826.000
0.760	793.000	6752.867	2786.000
0.770	874.000	7157.007	2771.000
0.780	959.000	7559.905	2753.000
0.790	1046.000	7901.933	2773.000
0.800	1136.000	8231.353	2800.000
0.810	1233.000	8671.947	2748.000
0.820	1335.000	9130.363	2677.000
0.830	1439.000	9511.254	2653.000
0.840	1548.000	9927.878	2602.000
0.850	1662.000	10369.515	2527.000
0.860	1781.000	10828.660	2434.000
0.870	1903.000	11240.062	2367.000
0.880	2026.000	11558.043	2361.000
0.890	2153.000	11900.630	2338.000
0.900	2284.000	12260.441	2300.000
0.910	2418.000	12602.309	2273.000
0.920	2553.000	12871.616	2295.000
0.930	2698.000	13360.131	2165.000
0.940	2842.000	13672.092	2150.000
0.950	2987.000	13920.464	2180.000
0.960	3139.000	14304.325	2117.000
0.970	3292.000	14603.028	2111.000
0.980	3446.000	14842.119	2146.000
0.990	3607.000	15219.483	2088.000
1.000	3767.000	15453.638	2127.000
1.010	3926.000	15587.547	2025.000
1.020	4091.000	15861.283	1818.000
1.030	4255.000	16022.898	1677.000
1.040	4422.000	16226.029	1500.000
1.050	4591.000	16428.220	1314.000
1.060	4760.000	16569.754	1162.000
1.070	4935.000	16848.828	907.000
1.080	5105.000	16894.179	803.000
1.090	5273.000	16865.926	749.000
1.100	5441.000	16846.148	690.000
1.110	5611.000	16892.304	586.000
1.120	5780.000	16894.612	510.000
1.130	5947.000	16836.229	477.000
1.140	6110.000	16675.360	519.000
1.150	6275.000	16622.752	492.000
1.160	6438.000	16525.926	499.000
1.170	6602.000	16488.149	469.000
1.180	6765.000	16431.704	453.000
1.190	6928.000	16392.193	428.000
1.200	7087.000	16244.535	481.000
1.210	7243.000	16051.174	573.000
1.220	7398.000	15885.822	654.000
1.230	7552.000	15740.075	729.000
1.240	7707.000	15668.053	758.000
1.250	7863.000	15647.637	755.000
1.260	8017.000	15573.346	790.000
1.270	8171.000	15521.342	813.000
1.280	8325.000	15484.939	828.000
1.290	8479.000	15459.458	837.000
1.300	8633.000	15441.620	841.000
1.310	8785.000	15369.134	884.000
1.320	8937.000	15318.394	916.000
1.330	9088.000	15252.876	960.000
1.340	9240.000	15237.013	973.000
1.350	9391.000	15195.909	1004.000
1.360	9541.000	15137.136	1049.000
1.370	9690.000	15065.995	1105.000
1.380	9840.000	15046.197	1129.000
1.390	9992.000	15092.338	1107.000
1.400	10142.000	15064.636	1135.000
1.410	10295.000	15135.246	1095.000
1.420	10447.000	15154.672	1088.000
1.430	10601.000	15228.270	1042.000
1.440	10757.000	15339.789	966.000
1.450	10907.000	15237.852	1035.000
1.460	11059.000	15226.497	1045.000
1.470	11211.000	15218.548	1053.000
1.480	11364.000	15242.983	1038.000
1.490	11518.000	15290.088	1007.000
1.500	11673.000	15353.062	962.000
1.510	11829.000	15427.143	906.000
1.520	11983.000	15419.000	905.000
1.530	12136.000	15383.300	924.000
1.540	12288.000	15328.310	958.000
1.550	12440.000	15289.817	983.000
1.560	12594.000	15322.872	959.000
1.570	12746.000	15286.010	983.000
1.580	12902.000	15380.207	916.000
1.590	13055.000	15356.145	929.000
1.600	13210.000	15399.302	895.000
1.610	13363.000	15369.511	910.000
1.620	13515.000	15318.658	942.000
1.630	13669.000	15343.060	923.000
1.640	13819.000	15240.142	992.000
1.650	13974.000	15318.100	939.000
1.660	14123.000	15192.670	1026.000
1.670	14271.000	15074.869	1113.000
1.680	14420.000	15022.408	1159.000
1.690	14571.000	15045.686	1154.000
1.700	14717.000	14911.980	1259.000
1.710	14865.000	14878.386	1299.000
1.720	15012.000	14824.870	1355.000
1.730	15156.000	14697.409	1466.000
1.740	15306.000	14788.186	1429.000
1.750	15454.000	14791.730	1449.000
1.760	15599.000	14704.211	1533.000
1.770	15749.000	14792.948	1496.000
1.780	15903.000	14975.064	1390.000
1.790	16052.000	14952.544	1420.000
1.800	16202.000	14966.781	1425.000
1.810	16350.000	14916.747	1475.000
1.820	16503.000	15031.723	1410.000
1.830	16653.000	15022.206	1428.000
1.840	16802.000	14985.544	1466.000
1.850	16958.000	15169.881	1349.000
1.860	17111.000	15208.917	1327.000
1.870	17266.000	15296.242	1269.000
1.880	17422.000	15387.369	1204.000
1.890	17571.000	15241.158	1302.000
1.900	17730.000	15438.811	1164.000
1.910	17884.000	15427.168	1165.000
1.920	18043.000	15569.017	1058.000
1.930	18199.000	15578.312	1039.000
1.940	18359.000	15704.818	936.000
1.950	18520.000	15823.373	833.000
1.960	18679.000	15846.361	792.000
1.970	18841.000	15952.453	691.000
1.980	18997.000	15846.717	735.000
1.990	19155.000	15832.702	719.000
2.000	19315.000	15882.891	658.000
2.010	19471.000	15798.024	690.000
2.020	19629.000	15798.617	666.000
2.030	19783.000	15679.032	726.000
2.040	19938.000	15625.322	746.000
2.050	20092.000	15557.726	777.000
2.060	20249.000	15600.408	735.000
2.070	20402.000	15510.286	783.000
2.080	20554.000	15417.200	838.000
2.090	20707.000	15382.040	857.000
2.100	20858.000	15297.428	912.000
2.110	21009.000	15238.200	952.000
2.120	21165.000	15346.740	878.000
2.130	21317.000	15302.718	906.000
2.140	21473.000	15391.902	842.000
2.150	21626.000	15364.332	856.000
2.160	21783.000	15465.032	781.000
2.170	21933.000	15325.523	871.000
2.180	22086.000	15317.866	874.000
2.190	22236.000	15222.506	940.000
2.200	22390.000	15275.754	905.000
2.210	22543.000	15283.028	900.000
2.220	22697.000	15318.120	875.000
2.230	22848.000	15252.684	919.000
2.240	23000.000	15236.879	931.000
2.250	23152.000	15225.815	941.000
2.260	23305.000	15248.071	928.000
2.270	23458.000	15263.649	918.000
2.280	23613.000	15334.555	869.000
2.290	23767.000	15354.188	853.000
2.300	23919.000	15307.932	882.000
2.310	24073.000	15335.552	861.000
2.320	24225.000	15294.887	887.000
2.330	24378.000	15296.421	885.000
2.340	24530.000	15267.494	905.000
2.350	24683.000	15277.246	898.000
2.360	24836.000	15284.072	894.000
2.370	24989.000	15288.851	890.000
2.380	25143.000	15322.195	866.000
2.390	25293.000	15225.537	932.000
2.400	25444.000	15187.876	961.000
2.410	25594.000	15131.513	1005.000
2.420	25746.000	15152.059	997.000
2.430	25895.000	15076.441	1056.000
2.440	26047.000	15113.509	1040.000
2.450	26198.000	15109.456	1050.000
2.460	26351.000	15166.619	1017.000
2.470	26503.000	15176.634	1016.000
2.480	26654.000	15153.644	1036.000
2.490	26806.000	15167.550	1032.000
2.500	26958.000	15177.285	1031.000
2.510	27112.000	15244.100	988.000
2.520	27264.000	15230.870	999.000
2.530	27416.000	15221.609	1008.000
2.540	27569.000	15245.126	994.000
2.550	27722.000	15261.588	984.000
2.560	27872.000	15183.112	1040.000
2.570	28024.000	15188.178	1041.000
2.580	28178.000	15251.725	1000.000
2.590	28331.000	15266.207	991.000
2.600	28483.000	15246.345	1006.000
2.610	28633.000	15172.442	1059.000
2.620	28784.000	15150.709	1079.000
2.630	28937.000	15195.496	1054.000
2.640	29091.000	15256.847	1014.000
2.650	29245.000	15299.793	985.000
2.660	29399.000	15329.855	963.000
2.670	29551.000	15290.899	988.000
2.680	29706.000	15353.629	943.000
2.690	29857.000	15277.540	994.000
2.700	30011.000	15314.278	968.000
2.710	30163.000	15279.995	990.000
2.720	30314.000	15225.996	1028.000
2.730	30465.000	15188.197	1057.000
2.740	30615.000	15131.738	1101.000
2.750	30761.000	14972.217	1220.000
2.760	30909.000	14920.552	1271.000
2.770	31057.000	14884.386	1312.000
2.780	31206.000	14889.070	1327.000
2.790	31355.000	14892.349	1343.000
2.800	31501.000	14804.644	1422.000
2.810	31649.000	14803.251	1445.000
2.820	31799.000	14862.276	1425.000
2.830	31951.000	14963.593	1373.000
2.840	32105.000	15094.515	1295.000
2.850	32255.000	15066.161	1323.000
2.860	32408.000	15136.312	1284.000
2.870	32556.000	15035.419	1361.000
2.880	32707.000	15054.793	1359.000
2.890	32860.000	15128.355	1317.000
2.900	33014.000	15209.849	1267.000
2.910	33169.000	15296.894	1209.000
2.920	33322.000	15297.826	1207.000
2.930	33475.000	15298.478	1206.000
2.940	33631.000	15388.935	1141.000
2.950	33786.000	15422.254	1113.000
2.960	33942.000	15475.578	1069.000
2.970	34096.000	15452.905	1076.000
2.980	34252.000	15497.033	1037.000
2.990	34406.000	15467.923	1047.000
3.000	34562.000	15507.546	1011.000
3.010	34721.000	15625.282	917.000
3.020	34879.000	15677.698	864.000
3.030	35034.000	15624.388	884.000
3.040	35192.000	15677.072	831.000
3.050	35352.000	15773.950	744.000
3.060	35504.000	15601.765	843.000
3.070	35664.000	15721.236	744.000
3.080	35817.000	15594.865	813.000
3.090	35970.000	15506.405	861.000
3.100	36126.000	15534.484	830.000
3.110	36281.000	15524.139	826.000
3.120	36432.000	15396.897	904.000
3.130	36583.000	15307.828	962.000
3.140	36738.000	15365.480	920.000
3.150	36890.000	15315.836	951.000
3.160	37043.000	15311.085	952.000
3.170	37198.000	15367.759	911.000
3.180	37352.000	15377.432	900.000
3.190	37505.000	15354.202	912.000
3.200	37658.000	15337.942	920.000
3.210	37812.000	15356.559	904.000
3.220	37967.000	15399.591	870.000
3.230	38120.000	15369.714	886.000
3.240	38277.000	15468.800	812.000
3.250	38430.000	15418.160	839.000
3.260	38583.000	15382.712	857.000
3.270	38736.000	15357.898	870.000
3.280	38889.000	15340.529	879.000
3.290	39043.000	15358.370	863.000
3.300	39197.000	15370.859	851.000
3.310	39348.000	15289.601	904.000
3.320	39503.000	15352.721	859.000
3.330	39657.000	15366.905	846.000
3.340	39815.000	15496.833	750.000
3.350	39970.000	15497.783	739.000
3.360	40125.000	15498.448	729.000
3.370	40279.000	15468.914	740.000
3.380	40434.000	15478.240	724.000
3.390	40591.000	15544.768	668.000
3.400	40746.000	15531.337	666.000
3.410	40899.000	15461.936	703.000
3.420	41052.000	15413.355	729.000
3.430	41203.000	15319.349	789.000
3.440	41354.000	15253.544	833.000
3.450	41505.000	15207.481	867.000
3.460	41655.000	15145.237	914.000
3.470	41804.000	15071.666	972.000
3.480	41952.000	14990.166	1039.000
3.490	42100.000	14933.116	1092.000
3.500	42252.000	15013.181	1052.000
3.510	42405.000	15099.227	1003.000
3.520	42557.000	15129.459	990.000
3.530	42706.000	15060.621	1045.000
3.540	42856.000	15042.435	1068.000
3.550	43009.000	15119.704	1025.000
3.560	43161.000	15143.793	1015.000
3.570	43315.000	15220.655	967.000
3.580	43466.000	15184.459	995.000
3.590	43617.000	15159.121	1017.000
3.600	43770.000	15201.385	993.000
3.610	43924.000	15260.969	955.000
3.620	44077.000	15272.679	947.000
3.630	44230.000	15280.875	942.000
3.640	44381.000	15226.612	980.000
3.650	44534.000	15248.629	967.000
3.660	44688.000	15294.040	936.000
3.670	44845.000	15415.828	850.000
3.680	44998.000	15381.080	868.000
3.690	45150.000	15326.756	902.000
3.700	45303.000	15318.729	905.000
3.710	45454.000	15253.110	949.000
3.720	45603.000	15147.177	1025.000
3.730	45755.000	15163.024	1020.000
3.740	45904.000	15084.117	1081.000
3.750	46056.000	15118.882	1065.000
3.760	46203.000	14993.217	1161.000
3.770	46353.000	14995.252	1173.000
3.780	46500.000	14906.676	1248.000
3.790	46648.000	14874.674	1288.000
3.800	46793.000	14762.271	1385.000
3.810	46939.000	14713.590	1443.000
3.820	47087.000	14739.513	1451.000
3.830	47236.000	14787.659	1442.000
3.840	47382.000	14731.361	1504.000
3.850	47532.000	14811.953	1472.000
3.860	47683.000	14898.367	1433.000
3.870	47832.000	14898.857	1450.000
3.880	47984.000	14989.200	1404.000
3.890	48137.000	15082.440	1351.000
3.900	48288.000	15087.708	1356.000
3.910	48442.000	15181.396	1299.000
3.920	48592.000	15126.977	1342.000
3.930	48746.000	15208.884	1291.000
3.940	48902.000	15326.219	1212.000
3.950	49053.000	15258.353	1257.000
3.960	49206.000	15270.847	1250.000
3.970	49363.000	15399.593	1159.000
3.980	49515.000	15339.715	1196.000
3.990	49672.000	15447.801	1117.000
4.000	49826.000	15433.460	1119.000
4.010	49983.000	15513.422	1056.000
4.020	50136.000	15449.396	1090.000
4.030	50290.000	15434.577	1093.000
4.040	50446.000	15484.204	1051.000
4.050	50604.000	15578.943	975.000
4.060	50763.000	15675.260	893.000
4.070	50921.000	15712.682	849.000
4.080	51078.000	15708.877	832.000
4.090	51234.000	15676.214	835.000
4.100	51389.000	15623.350	854.000
4.110	51546.000	15646.345	822.000
4.120	51703.000	15662.441	794.000
4.130	51855.000	15523.709	874.000
4.140	52010.000	15516.596	868.000
4.150	52169.000	15631.617	776.000
4.160	52321.000	15502.132	851.000
4.170	52478.000	15561.493	799.000
4.180	52633.000	15543.045	799.000
4.190	52785.000	15440.131	859.000
4.200	52937.000	15368.092	903.000
4.210	53091.000	15377.664	892.000
4.220	53243.000	15324.365	925.000
4.230	53397.000	15347.056	907.000
4.240	53552.000	15392.939	871.000
4.250	53704.000	15335.057	907.000
4.260	53860.000	15414.540	848.000
4.270	54013.000	15380.178	866.000
4.280	54166.000	15356.125	879.000
4.290	54319.000	15339.287	887.000
4.300	54472.000	15327.501	892.000
4.310	54627.000	15379.251	854.000
4.320	54782.000	15415.476	824.000
4.330	54935.000	15380.833	842.000
4.340	55087.000	15326.583	875.000
4.350	55240.000	15318.608	879.000
4.360	55392.000	15283.026	902.000
4.370	55546.000	15318.118	877.000
4.380	55701.000	15372.683	837.000
4.390	55856.000	15410.878	806.000
4.400	56009.000	15377.614	823.000
4.410	56163.000	15384.330	814.000
4.420	56318.000	15419.031	784.000
4.430	56472.000	15413.322	782.000
4.440	56627.000	15439.325	758.000
4.450	56779.000	15367.528	801.000
4.460	56934.000	15407.269	769.000
4.470	57086.000	15345.089	807.000
4.480	57236.000	15241.562	877.000
4.490	57388.000	15229.093	887.000
4.500	57541.000	15250.365	874.000
4.510	57691.000	15175.256	929.000
4.520	57841.000	15122.679	970.000
4.530	57989.000	15025.875	1046.000
4.540	58138.000	14988.113	1084.000
4.550	58287.000	14961.679	1116.000
4.560	58437.000	14973.175	1122.000
4.570	58589.000	15041.223	1088.000
4.580	58738.000	14998.856	1129.000
4.590	58888.000	14999.199	1141.000
4.600	59041.000	15089.439	1091.000
4.610	59191.000	15062.608	1118.000
4.620	59343.000	15103.825	1099.000
4.630	59495.000	15132.678	1087.000
4.640	59646.000	15122.874	1100.000
4.650	59796.000	15086.012	1134.000
4.660	59949.000	15150.208	1097.000
4.670	60100.000	15135.146	1114.000
4.680	60250.000	15094.602	1149.000
4.690	60402.000	15126.221	1135.000
4.700	60553.000	15118.355	1148.000
4.710	60705.000	15142.849	1138.000
4.720	60859.000	15219.994	1090.000
4.730	61011.000	15213.996	1096.000
4.740	61168.000	15359.797	997.000
4.750	61320.000	15311.858	1027.000
4.760	61474.000	15338.301	1007.000
4.770	61627.000	15326.810	1012.000
4.780	61777.000	15228.767	1079.000
4.790	61927.000	15160.137	1130.000
4.800	62076.000	15082.096	1190.000
4.810	62224.000	14997.467	1258.000
4.820	62372.000	14938.227	1313.000
4.830	62518.000	14836.759	1400.000
4.840	62667.000	14855.731	1407.000
4.850	62815.000	14839.012	1438.000
4.860	62962.000	14797.308	1488.000
4.870	63107.000	14708.116	1572.000
4.880	63254.000	14705.681	1600.000
4.890	63398.000	14613.977	1691.000
4.900	63545.000	14639.784	1703.000
4.910	63691.000	14627.849	1741.000
4.920	63845.000	14859.494	1608.000
4.930	63994.000	14871.646	1618.000
4.940	64147.000	15000.152	1547.000
4.950	64296.000	14970.106	1580.000
4.960	64453.000	15189.075	1440.000
4.970	64603.000	15132.352	1484.000
4.980	64758.000	15242.647	1414.000
4.990	64914.000	15349.853	1340.000
5.000	65075.000	15574.897	1178.000
5.010	65230.000	15552.428	1293.000
5.020	65388.000	15626.699	1347.000
5.030	65549.000	15768.690	1357.000
5.040	65711.000	15898.083	1376.000
5.050	65872.000	15958.658	1442.000
5.060	66033.000	16001.061	1523.000
5.070	66196.000	16090.742	1573.000
5.080	66361.000	16213.520	1599.000
5.090	66527.000	16329.464	1628.000
5.100	66699.000	16590.625	1552.000
5.110	66869.000	16713.437	1563.000
5.120	67041.000	16859.406	1553.000
5.130	67215.000	17021.584	1526.000
5.140	67390.000	17165.109	1505.000
5.150	67567.000	17325.576	1464.000
5.160	67747.000	17527.903	1386.000
5.170	67927.000	17669.532	1339.000
5.180	68106.000	17738.673	1334.000
5.190	68288.000	17877.071	1274.000
5.200	68471.000	18003.950	1212.000
5.210	68650.000	17972.765	1252.000
5.220	68834.000	18100.935	1176.000
5.230	69017.000	18160.655	1136.000
5.240	69203.000	18292.458	1038.000
5.250	69389.000	18384.721	955.000
5.260	69575.000	18449.305	880.000
5.270	69761.000	18494.513	809.000
5.280	69946.000	18496.159	759.000
5.290	70131.000	18497.311	701.000
5.300	70318.000	18558.118	592.000
5.310	70502.000	18510.683	548.000
5.320	70687.000	18507.478	466.000
5.330	70868.000	18385.234	459.000
5.340	71052.000	18389.664	358.000
5.350	71236.000	18392.765	249.000
5.360	71419.000	18364.935	151.000
5.370	71599.000	18255.455	102.000
5.380	71776.000	18088.818	88.000
5.390	71955.000	18032.173	-5.000
5.400	72128.000	17812.521	9.000
5.410	72301.000	17658.765	-24.000
5.420	72473.000	17521.135	-70.000
5.430	72643.000	17364.795	-107.000
5.440	72812.000	17225.356	-158.000
5.450	72979.000	17067.749	-199.000
5.460	73140.000	16777.425	-149.000
5.470	73299.000	16514.197	-113.000
5.480	73458.000	16329.938	-129.000
5.490	73615.000	16140.957	-142.000
5.500	73771.000	15978.670	-172.000
5.510	73927.000	15865.069	-237.000
5.520	74080.000	15695.548	-264.000
5.530	74233.000	15576.884	-325.000
5.540	74381.000	15343.819	-306.000
5.550	74520.000	14910.673	-142.000
5.560	74660.000	14637.471	-74.000
5.570	74795.000	14296.230	49.000
5.580	74931.000	14087.361	91.000
5.590	75064.000	13851.153	159.000
5.600	75195.000	13625.807	227.000
5.610	75324.000	13408.065	299.000
5.620	75451.000	13195.645	375.000
5.630	75580.000	13106.952	373.000
5.640	75704.000	12894.866	463.000
5.650	75832.000	12866.406	433.000
5.660	75958.000	12786.484	442.000
5.670	76082.000	12670.539	482.000
5.680	76203.000	12499.377	569.000
5.690	76321.000	12289.564	693.000
5.700	76440.000	12172.695	766.000
5.710	76558.000	12060.886	845.000
5.720	76674.000	11922.621	952.000
5.730	76788.000	11765.834	1084.000
5.740	76905.000	11746.084	1132.000
5.750	77020.000	11672.259	1226.000
5.760	77135.000	11620.581	1315.000
5.770	77248.000	11524.407	1444.000
5.780	77359.000	11397.085	1607.000
5.790	77467.000	11217.959	1821.000
5.800	77575.000	11092.572	2014.000
5.810	77681.000	10944.800	2237.000
5.820	77802.000	11291.360	2128.000
5.830	77929.000	11713.952	1958.000
5.840	78051.000	11859.766	1974.000
5.850	78174.000	11991.836	2003.000
5.860	78298.000	12114.286	2042.000
5.870	78425.000	12290.000	2047.000
5.880	78551.000	12383.000	2113.000
5.890	78679.000	12508.100	2163.000
5.900	78810.000	12685.670	2179.000
5.910	78940.000	12779.969	2256.000
5.920	79073.000	12935.978	2295.000
5.930	79204.000	12985.185	2412.000
5.940	79342.000	13229.629	2399.000
5.950	79481.000	13430.741	2414.000
5.960	79629.000	13841.518	2281.000
5.970	79775.000	14069.063	2268.000
5.980	79922.000	14258.344	2279.000
5.990	80074.000	14540.841	2225.000
6.000	80231.000	14888.589	2119.000
6.010	80385.000	15042.012	2141.000
6.020	80547.000	15389.408	2027.000
6.030	80705.000	15512.586	2061.000
6.040	80869.000	15778.810	1995.000
6.050	81032.000	15935.167	1999.000
6.060	81195.000	16044.617	2034.000
6.070	81364.000	16301.232	1964.000
6.080	81534.000	16510.862	1920.000
6.090	81706.000	16717.604	1871.000
6.100	81874.000	16742.323	1943.000
6.110	82049.000	16969.626	1874.000
6.120	82229.000	17278.738	1738.000
6.130	82410.000	17525.117	1632.000
6.140	82590.000	17667.582	1588.000
6.150	82774.000	17887.307	1483.000
6.160	82960.000	18101.115	1371.000
6.170	83145.000	18220.781	1313.000
6.180	83332.000	18364.546	1231.000
6.190	83518.000	18435.182	1190.000
6.200	83704.000	18484.628	1157.000
6.210	83891.000	18549.239	1107.000
6.220	84079.000	18624.468	1042.000
6.230	84267.000	18677.127	984.000
6.240	84456.000	18743.989	907.000
6.250	84644.000	18760.792	857.000
6.260	84832.000	18772.555	802.000
6.270	85019.000	18750.788	763.000
6.280	85205.000	18705.552	734.000
6.290	85392.000	18703.886	668.000
6.300	85577.000	18642.720	636.000
6.310	85762.000	18599.904	585.000
6.320	85947.000	18569.933	518.000
6.330	86128.000	18428.953	521.000
6.340	86311.000	18390.267	448.000
6.350	86494.000	18363.187	360.000
6.360	86674.000	18254.231	321.000
6.370	86851.000	18087.962	317.000
6.380	87029.000	18001.573	255.000
6.390	87205.000	17881.101	210.000
6.400	87379.000	17736.771	178.000
6.410	87550.000	17545.740	175.000
6.420	87721.000	17412.018	131.000
6.430	87893.000	17348.412	34.000
6.440	88061.000	17183.889	2.000
6.450	88231.000	17128.722	-110.000
6.460	88393.000	16850.105	-71.000
6.470	88556.000	16685.074	-107.000
6.480	88718.000	16539.552	-159.000
6.490	88876.000	16317.686	-158.000
6.500	89034.000	16162.380	-201.000
6.510	89188.000	15933.666	-193.000
6.520	89341.000	15743.566	-209.000
6.530	89492.000	15550.496	-220.000
6.540	89645.000	15475.348	-311.000
6.550	89796.000	15362.743	-378.000
6.560	89941.000	15103.920	-342.000
6.570	90074.000	14562.744	-99.000
6.580	90207.000	14183.921	51.000
6.590	90338.000	13858.745	177.000
6.600	90468.000	13601.121	267.000
6.610	90596.000	13360.785	356.000
6.620	90722.000	13132.549	446.000
6.630	90847.000	12942.785	518.000
6.640	90974.000	12869.949	517.000
6.650	91099.000	12758.964	546.000
6.660	91223.000	12651.275	580.000
6.670	91346.000	12545.893	619.000
6.680	91467.000	12412.125	685.000
6.690	91588.000	12318.487	732.000
6.700	91712.000	12342.941	703.000
6.710	91834.000	12300.059	726.000
6.720	91955.000	12240.041	767.000
6.730	92078.000	12258.029	761.000
6.740	92197.000	12150.620	849.000
6.750	92317.000	12105.434	904.000
6.760	92438.000	12103.804	937.000
6.770	92561.000	12162.663	936.000
6.780	92683.000	12173.864	972.000
6.790	92803.000	12121.705	1061.000
6.800	92924.000	12115.193	1129.000
6.810	93047.000	12170.635	1162.000
6.820	93165.000	12059.445	1319.000
6.830	93286.000	12071.611	1403.000
6.840	93408.000	12110.128	1478.000
6.850	93524.000	11957.090	1696.000
6.860	93639.000	11819.963	1919.000
6.870	93753.000	11693.974	2151.000
6.880	93878.000	11935.782	2140.000
6.890	94015.000	12465.047	1925.000
6.900	94143.000	12565.533	1997.000
6.910	94256.000	12185.873	2414.000
6.920	94398.000	12790.111	2164.000
6.930	94541.000	13243.078	2003.000
6.940	94679.000	13410.154	2033.000
6.950	94826.000	13797.108	1909.000
6.960	94973.000	14067.976	1858.000
6.970	95118.000	14197.583	1903.000
6.980	95269.000	14468.308	1852.000
6.990	95418.000	14597.816	1895.000
7.000	95573.000	14868.471	1841.000
7.010	95729.000	15087.930	1818.000
7.020	95884.000	15211.551	1859.000
7.030	96045.000	15478.086	1800.000
7.040	96207.000	15694.660	1770.000
7.050	96370.000	15876.262	1761.000
7.060	96534.000	16033.383	1765.000
7.070	96701.000	16233.368	1735.000
7.080	96871.000	16463.358	1680.000
7.090	97036.000	16474.350	1771.000
7.100	97208.000	16692.045	1719.000
7.110	97381.000	16874.432	1683.000
7.120	97555.000	17032.102	1658.000
7.130	97732.000	17232.472	1596.000
7.140	97907.000	17312.730	1609.000
7.150	98090.000	17608.911	1467.000
7.160	98271.000	17756.238	1414.000
7.170	98453.000	17889.366	1362.000
7.180	98640.000	18132.556	1225.000
7.190	98824.000	18212.790	1188.000
7.200	99010.000	18328.953	1118.000
7.210	99198.000	18470.267	1022.000
7.220	99381.000	18419.187	1049.000
7.230	99569.000	18533.431	957.000
7.240	99756.000	18583.402	899.000
7.250	99942.000	18588.381	864.000
7.260	100128.000	18591.867	823.000
7.270	100313.000	18564.307	797.000
7.280	100498.000	18545.015	758.000
7.290	100681.000	18471.510	750.000
7.300	100868.000	18540.057	637.000
7.310	101052.000	18498.040	590.000
7.320	101236.000	18468.628	527.000
7.330	101418.000	18388.040	492.000
7.340	101601.000	18361.628	413.000
7.350	101782.000	18283.139	362.000
7.360	101962.000	18198.198	310.000
7.370	102139.000	18048.738	297.000
7.380	102315.000	17914.117	270.000
7.390	102489.000	17759.882	253.000
7.400	102662.000	17621.917	222.000
7.410	102833.000	17465.342	201.000
7.420	103004.000	17355.739	143.000
7.430	103176.000	17309.018	37.000
7.440	103344.000	17156.312	-2.000
7.450	103509.000	16959.419	-13.000
7.460	103674.000	16821.593	-65.000
7.470	103836.000	16635.115	-85.000
7.480	103998.000	16504.581	-145.000
7.490	104159.000	16383.206	-213.000
7.500	104320.000	16298.244	-309.000
7.510	104479.000	16178.771	-384.000
7.520	104636.000	16035.140	-443.000
7.530	104791.000	15874.598	-491.000
7.540	104947.000	15792.219	-592.000
7.550	105100.000	15644.553	-649.000
7.560	105244.000	15271.187	-544.000
7.570	105382.000	14829.831	-380.000
7.580	105518.000	14460.882	-249.000
7.590	105654.000	14202.617	-183.000
7.600	105786.000	13901.832	-78.000
7.610	105916.000	13631.282	18.000
7.620	106046.000	13441.898	68.000
7.630	106172.000	13189.328	171.000
7.640	106298.000	13012.530	231.000
7.650	106421.000	12798.771	327.000
7.660	106543.000	12619.140	409.000
7.670	106663.000	12433.398	506.000
7.680	106782.000	12273.378	596.000
7.690	106901.000	12161.365	662.000
7.700	107021.000	12112.955	692.000
7.710	107140.000	12049.069	740.000
7.720	107259.000	12004.348	782.000
7.730	107379.000	12003.044	800.000
7.740	107497.000	11942.131	867.000
7.750	107616.000	11929.491	909.000
7.760	107735.000	11920.644	955.000
7.770	107854.000	11914.451	1008.000
7.780	107973.000	11910.116	1067.000
7.790	108093.000	11937.081	1112.000
7.800	108213.000	11955.957	1170.000
7.810	108335.000	12029.170	1198.000
7.820	108454.000	11990.419	1310.000
7.830	108570.000	11873.293	1489.000
7.840	108688.000	11851.305	1616.000
7.850	108805.000	11805.914	1769.000
7.860	108922.000	11774.140	1926.000
7.870	109051.000	12111.898	1833.000
7.880	109185.000	12498.328	1700.000
7.890	109316.000	12678.830	1705.000
7.900	109452.000	12955.181	1644.000
7.910	109590.000	13208.627	1597.000
7.920	109726.000	13326.039	1644.000
7.930	109864.000	13468.227	1677.000
7.940	110006.000	13687.759	1659.000
7.950	110147.000	13811.431	1708.000
7.960	110288.000	13898.002	1786.000
7.970	110434.000	14108.601	1782.000
7.980	110577.000	14166.021	1885.000
7.990	110721.000	14236.215	1984.000
8.000	110868.000	14375.350	2039.000
8.010	111016.000	14502.745	2103.000
8.020	111165.000	14621.922	2174.000
8.030	111315.000	14735.345	2250.000
8.040	111471.000	14994.742	2224.000
8.050	111627.000	15176.319	2247.000
8.060	111781.000	15243.423	2346.000
8.070	111945.000	15590.396	2250.000
8.080	112110.000	15863.277	2193.000
8.090	112278.000	16144.294	2122.000
8.100	112444.000	16281.006	2141.000
8.110	112617.000	16586.704	2038.000
8.120	112784.000	16620.693	2113.000
8.130	112960.000	16914.485	2004.000
8.140	113136.000	17120.140	1944.000
8.150	113314.000	17324.098	1875.000
8.160	113492.000	17466.868	1838.000
8.170	113675.000	17716.808	1718.000
8.180	113859.000	17921.766	1615.000
8.190	114036.000	17855.236	1691.000
8.200	114221.000	18048.665	1584.000
8.210	114408.000	18244.066	1462.000
8.220	114594.000	18350.846	1388.000
8.230	114784.000	18545.592	1242.000
8.240	114970.000	18561.914	1208.000
8.250	115163.000	18783.340	1021.000
8.260	115355.000	18908.338	886.000
8.270	115544.000	18905.837	827.000
8.280	115732.000	18874.086	782.000
8.290	115924.000	18971.860	638.000
8.300	116110.000	18860.302	629.000
8.310	116300.000	18902.211	508.000
8.320	116486.000	18811.548	470.000
8.330	116667.000	18598.084	513.000
8.340	116850.000	18508.659	469.000
8.350	117033.000	18446.061	400.000
8.360	117215.000	18372.243	332.000
8.370	117395.000	18260.570	285.000
8.380	117575.000	18182.399	209.000
8.390	117753.000	18067.679	152.000
8.400	117928.000	17897.375	129.000
8.410	118103.000	17778.163	69.000
8.420	118274.000	17574.714	63.000
8.430	118447.000	17492.300	-28.000
8.440	118617.000	17344.610	-79.000
8.450	118784.000	17151.227	-101.000
8.460	118951.000	17015.859	-163.000
8.470	119116.000	16861.101	-215.000
8.480	119279.000	16692.771	-258.000
8.490	119441.000	16544.940	-316.000
8.500	119601.000	16381.458	-365.000
8.510	119762.000	16297.020	-468.000
8.520	119920.000	16147.914	-529.000
8.530	120075.000	15953.540	-558.000
8.540	120231.000	15847.478	-646.000
8.550	120383.000	15653.235	-672.000
8.560	120530.000	15367.264	-630.000
8.570	120670.000	14957.085	-492.000
8.580	120810.000	14669.959	-425.000
8.590	120948.000	14408.972	-366.000
8.600	121083.000	14136.280	-290.000
8.610	121214.000	13825.396	-176.000
8.620	121343.000	13547.777	-73.000
8.630	121471.000	13323.444	5.000
8.640	121596.000	13076.411	109.000
8.650	121719.000	12843.488	214.000
8.660	121840.000	12620.441	325.000
8.670	121960.000	12434.309	422.000
8.680	122079.000	12274.016	512.000
8.690	122197.000	12131.811	600.000
8.700	122313.000	11972.268	710.000
8.710	122429.000	11860.588	797.000
8.720	122543.000	11722.411	914.000
8.730	122657.000	11625.688	1012.000
8.740	122770.000	11527.982	1122.000
8.750	122883.000	11459.587	1222.000
8.760	122997.000	11441.711	1296.000
8.770	123108.000	11339.198	1439.000
8.780	123220.000	11297.438	1550.000
8.790	123330.000	11208.207	1705.000
8.800	123452.000	11505.745	1601.000
8.810	123580.000	11894.021	1427.000
8.820	123711.000	12255.815	1264.000
8.830	123836.000	12329.070	1297.000
8.840	123963.000	12440.349	1308.000
8.850	124095.000	12668.245	1243.000
8.860	124229.000	12887.771	1182.000
8.870	124362.000	13011.440	1189.000
8.880	124495.000	13098.008	1227.000
8.890	124628.000	13158.606	1289.000
8.900	124763.000	13261.024	1328.000
8.910	124901.000	13422.717	1332.000
8.920	125039.000	13535.902	1371.000
8.930	125173.000	13495.131	1524.000
8.940	125313.000	13646.592	1553.000
8.950	125455.000	13812.614	1574.000
8.960	125599.000	13988.830	1589.000
8.970	125742.000	14082.181	1663.000
8.980	125886.000	14177.527	1740.000
8.990	126029.000	14214.269	1862.000
9.000	126170.000	14179.988	2040.000
9.010	126317.000	14335.992	2094.000
9.020	126463.000	14415.194	2200.000
9.030	126610.000	14500.636	2306.000
9.040	126755.000	14500.445	2473.000
9.050	126906.000	14680.312	2519.000
9.060	127056.000	14776.218	2621.000
9.070	127211.000	14993.353	2638.000
9.080	127367.000	15175.347	2673.000
9.090	127528.000	15452.743	2635.000
9.100	127693.000	15766.920	2562.000
9.110	127859.000	16016.844	2521.000
9.120	128026.000	16221.791	2501.000
9.130	128201.000	16605.254	2348.000
9.140	128372.000	16753.677	2342.000
9.150	128547.000	16977.574	2276.000
9.160	128724.000	17194.302	2203.000
9.170	128905.000	17466.011	2080.000
9.180	129090.000	17776.208	1914.000
9.190	129272.000	17903.346	1861.000
9.200	129456.000	18052.342	1782.000
9.210	129640.000	18156.639	1724.000
9.220	129829.000	18379.648	1573.000
9.230	130016.000	18475.753	1495.000
9.240	130207.000	18663.027	1343.000
9.250	130402.000	18914.119	1132.000
9.260	130595.000	19029.883	997.000
9.270	130789.000	19140.918	853.000
9.280	130984.000	19248.643	698.000
9.290	131175.000	19204.050	638.000
9.300	131367.000	19202.835	540.000
9.310	131558.000	19171.984	455.000
9.320	131749.000	19150.389	356.000
9.330	131936.000	19015.272	328.000
9.340	132125.000	18980.691	226.000
9.350	132311.000	18866.483	172.000
9.360	132494.000	18696.538	153.000
9.370	132679.000	18637.577	53.000
9.380	132858.000	18416.304	60.000
9.390	133037.000	18261.413	21.000
9.400	133213.000	18062.989	10.000
9.410	133387.000	17864.092	-2.000
9.420	133562.000	17754.865	-78.000
9.430	133732.000	17528.405	-76.000
9.440	133904.000	17429.884	-164.000
9.450	134071.000	17210.919	-171.000
9.460	134238.000	17057.643	-224.000
9.470	134402.000	16860.350	-247.000
9.480	134565.000	16692.245	-291.000
9.490	134727.000	16544.572	-349.000
9.500	134889.000	16441.200	-439.000
9.510	135051.000	16368.840	-554.000
9.520	135211.000	16258.188	-646.000
9.530	135363.000	15940.732	-593.000
9.540	135508.000	15508.512	-451.000
9.550	135651.000	15145.958	-343.000
9.560	135794.000	14892.171	-300.000
9.570	135934.000	14624.520	-240.000
9.580	136070.000	14317.164	-144.000
9.590	136207.000	14132.015	-123.000
9.600	136340.000	13882.410	-50.000
9.610	136474.000	13737.687	-42.000
9.620	136606.000	13576.381	-16.000
9.630	136738.000	13463.467	-19.000
9.640	136867.000	13294.427	24.000
9.650	136995.000	13146.099	61.000
9.660	137121.000	12982.269	116.000
9.670	137244.000	12777.588	209.000
9.680	137367.000	12634.312	272.000
9.690	137488.000	12474.018	355.000
9.700	137607.000	12301.813	458.000
9.710	137724.000	12121.269	579.000
9.720	137840.000	11964.888	697.000
9.730	137954.000	11795.422	836.000
9.740	138067.000	11646.795	973.000
9.750	138183.000	11632.757	1030.000
9.760	138296.000	11532.930	1154.000
9.770	138410.000	11493.051	1248.000
9.780	138523.000	11435.136	1364.000
9.790	138638.000	11454.595	1436.000
9.800	138753.000	11468.216	1520.000
9.810	138868.000	11477.751	1615.000
9.820	138983.000	11484.426	1721.000
9.830	139094.000	11369.098	1921.000
9.840	139203.000	11228.369	2155.000
9.850	139322.000	11429.858	2163.000
9.860	139450.000	11840.901	2025.000
9.870	139579.000	12158.630	1943.000
9.880	139710.000	12441.041	1882.000
9.890	139845.000	12758.729	1792.000
9.900	139983.000	13071.110	1703.000
9.910	140122.000	13319.777	1653.000
9.920	140263.000	13553.844	1613.000
9.930	140405.000	13747.691	1599.000
9.940	140552.000	14033.384	1522.000
9.950	140699.000	14233.369	1501.000
9.960	140847.000	14403.358	1502.000
9.970	140993.000	14462.351	1581.000
9.980	141139.000	14503.645	1679.000
9.990	141290.000	14682.552	1686.000
10.000	141440.000	14777.786	1751.000
10.010	141595.000	14994.450	1734.000
10.020	141747.000	15056.115	1823.000
10.030	141902.000	15189.281	1866.000
10.040	142055.000	15222.496	1978.000
10.050	142213.000	15395.748	1996.000
10.060	142373.000	15577.023	2005.000
10.070	142535.000	15763.916	2006.000
10.080	142693.000	15774.741	2126.000
10.090	142854.000	15872.319	2188.000
10.100	143013.000	15880.623	2310.000
10.110	143179.000	16096.436	2288.000
10.120	143342.000	16157.505	2367.000
10.130	143511.000	16380.254	2329.000
10.140	143683.000	16626.178	2265.000
10.150	143854.000	16768.324	2262.000
10.160	144030.000	17017.827	2176.000
10.170	144207.000	17222.479	2108.000
10.180	144384.000	17365.735	2071.000
10.190	144563.000	17526.015	2013.000
10.200	144743.000	17668.210	1957.000
10.210	144929.000	17947.747	1793.000
10.220	145119.000	18263.423	1586.000
10.230	145302.000	18274.396	1574.000
10.240	145495.000	18582.077	1346.000
10.250	145683.000	18647.454	1269.000
10.260	145872.000	18723.218	1174.000
10.270	146064.000	18866.253	1022.000
10.280	146254.000	18906.377	927.000
10.290	146442.000	18874.464	874.000
10.300	146634.000	18972.125	722.000
10.310	146827.000	19070.487	556.000
10.320	147018.000	19079.341	440.000
10.330	147210.000	19115.539	295.000
10.340	147400.000	19080.877	188.000
10.350	147586.000	18936.614	151.000
10.360	147772.000	18835.630	80.000
10.370	147955.000	18674.941	45.000
10.380	148136.000	18502.459	17.000
10.390	148315.000	18321.721	-8.000
10.400	148495.000	18225.205	-94.000
10.410	148672.000	18067.643	-143.000
10.420	148851.000	18017.350	-270.000
10.430	149026.000	17862.145	-330.000
10.440	149200.000	17723.502	-404.000
10.450	149373.000	17596.451	-490.000
10.460	149544.000	17447.516	-563.000
10.470	149711.000	17223.261	-586.000
10.480	149871.000	16856.283	-506.000
10.490	150031.000	16599.398	-494.000
10.500	150186.000	16269.579	-428.000
10.510	150341.000	16038.705	-423.000
10.520	150493.000	15787.093	-400.000
10.530	150642.000	15520.965	-362.000
10.540	150789.000	15274.676	-332.000
10.550	150934.000	15042.273	-305.000
10.560	151076.000	14789.591	-258.000
10.570	151217.000	14582.714	-236.000
10.580	151356.000	14377.900	-210.000
10.590	151491.000	14114.530	-137.000
10.600	151625.000	13900.171	-88.000
10.610	151759.000	13750.120	-77.000
10.620	151891.000	13585.084	-50.000
10.630	152021.000	13409.559	-8.000
10.640	152152.000	13316.691	-16.000
10.650	152279.000	13131.684	45.000
10.660	152405.000	12972.179	98.000
10.670	152532.000	12890.525	105.000
10.680	152656.000	12743.368	165.000
10.690	152777.000	12550.357	267.000
10.700	152899.000	12445.250	319.000
10.710	153018.000	12281.675	422.000
10.720	153136.000	12137.173	523.000
10.730	153255.000	12066.021	585.000
10.740	153371.000	11926.215	704.000
10.750	153486.000	11798.350	828.000
10.760	153602.000	11738.845	916.000
10.770	153719.000	11727.192	980.000
10.780	153835.000	11689.034	1072.000
10.790	153951.000	11662.324	1165.000
10.800	154065.000	11583.627	1305.000
10.810	154181.000	11588.539	1398.000
10.820	154296.000	11561.977	1522.000
10.830	154411.000	11543.384	1651.000
10.840	154525.000	11500.369	1807.000
10.850	154637.000	11410.258	2008.000
10.860	154749.000	11347.181	2205.000
10.870	154863.000	11363.026	2358.000
10.880	154991.000	11794.119	2228.000
10.890	155127.000	12335.883	2011.000
10.900	155257.000	12535.118	2020.000
10.910	155395.000	12914.583	1903.000
10.920	155536.000	13270.208	1796.000
10.930	155679.000	13579.146	1714.000
10.940	155824.000	13855.402	1651.000
10.950	155969.000	14048.781	1643.000
10.960	156115.000	14214.147	1656.000
10.970	156263.000	14389.903	1661.000
10.980	156413.000	14572.932	1663.000
10.990	156563.000	14701.052	1702.000
11.000	156717.000	14910.737	1686.000
11.010	156873.000	15117.516	1670.000
11.020	157027.000	15202.261	1737.000
11.030	157184.000	15351.583	1762.000
11.040	157343.000	15516.108	1774.000
11.050	157503.000	15661.276	1798.000
11.060	157662.000	15732.893	1872.000
11.070	157823.000	15843.025	1920.000
11.080	157984.000	15920.118	1990.000
11.090	158147.000	16034.082	2034.000
11.100	158309.000	16083.858	2120.000
11.110	158475.000	16238.700	2131.000
11.120	158640.000	16317.090	2191.000
11.130	158806.000	16401.963	2243.000
11.140	158975.000	16551.374	2246.000
11.150	159147.000	16745.962	2210.000
11.160	159319.000	16882.173	2204.000
11.170	159489.000	16917.521	2262.000
11.180	159662.000	17032.265	2259.000
11.190	159839.000	17232.585	2188.000
11.200	160017.000	17402.810	2125.000
11.210	160200.000	17671.967	1981.000
11.220	160376.000	17650.377	2024.000
11.230	160566.000	18055.264	1762.000
11.240	160744.000	17978.685	1816.000
11.250	160932.000	18225.079	1638.000
11.260	161118.000	18337.555	1537.000
11.270	161307.000	18506.289	1384.000
11.280	161495.000	18594.402	1272.000
11.290	161684.000	18686.082	1146.000
11.300	161873.000	18750.257	1026.000
11.310	162063.000	18825.180	887.000
11.320	162251.000	18817.626	794.000
11.330	162439.000	18812.338	690.000
11.340	162629.000	18868.637	534.000
11.350	162818.000	18878.046	398.000
11.360	163003.000	18764.632	338.000
11.370	163192.000	18805.242	165.000
11.380	163377.000	18713.670	74.000
11.390	163557.000	18499.569	62.000
11.400	163739.000	18409.698	-37.000
11.410	163925.000	18466.789	-245.000
11.420	164104.000	18296.752	-305.000
11.430	164279.000	18057.726	-319.000
11.440	164454.000	17890.409	-383.000
11.450	164627.000	17713.286	-441.000
11.460	164801.000	17619.300	-558.000
11.470	164971.000	17433.510	-615.000
11.480	165129.000	16943.457	-458.000
11.490	165285.000	16540.420	-348.000
11.500	165440.000	16228.294	-291.000
11.510	165592.000	15919.806	-230.000
11.520	165745.000	15733.864	-248.000
11.530	165893.000	15453.705	-198.000
11.540	166039.000	15197.593	-157.000
11.550	166183.000	14958.315	-122.000
11.560	166325.000	14730.821	-89.000
11.570	166466.000	14541.575	-77.000
11.580	166604.000	14319.102	-37.000
11.590	166742.000	14163.372	-36.000
11.600	166878.000	13994.360	-22.000
11.610	167014.000	13876.052	-37.000
11.620	167147.000	13703.236	-10.000
11.630	167279.000	13552.266	9.000
11.640	167409.000	13386.586	45.000
11.650	167536.000	13180.610	118.000
11.660	167661.000	12976.427	200.000
11.670	167785.000	12803.499	272.000
11.680	167908.000	12652.449	338.000
11.690	168031.000	12546.714	382.000
11.700	168153.000	12442.700	434.000
11.710	168273.000	12309.890	515.000
11.720	168394.000	12246.923	558.000
11.730	168515.000	12202.846	596.000
11.740	168634.000	12111.992	674.000
11.750	168754.000	12078.395	723.000
11.760	168873.000	12024.876	794.000
11.770	168992.000	11987.413	864.000
11.780	169111.000	11961.189	935.000
11.790	169229.000	11912.833	1031.000
11.800	169345.000	11818.983	1169.000
11.810	169463.000	11813.288	1259.000
11.820	169579.000	11749.302	1399.000
11.830	169698.000	11794.511	1475.000
11.840	169818.000	11856.158	1546.000
11.850	169937.000	11869.310	1658.000
11.860	170057.000	11908.517	1761.000
11.870	170175.000	11875.962	1923.000
11.880	170293.000	11853.173	2090.000
11.890	170411.000	11837.221	2263.000
11.900	170529.000	11826.055	2443.000
11.910	170659.000	12178.239	2377.000
11.920	170800.000	12754.767	2148.000
11.930	170937.000	13038.337	2108.000
11.940	171077.000	13326.836	2061.000
11.950	171220.000	13618.785	2008.000
11.960	171367.000	13943.150	1928.000
11.970	171516.000	14230.205	1868.000
11.980	171671.000	14611.143	1737.000
11.990	171826.000	14877.800	1677.000
12.000	171986.000	15214.460	1564.000
12.010	172143.000	15360.122	0.000
12.020	172299.000	15432.086	0.000
12.030	172456.000	15512.460	0.000
12.040	172613.000	15568.722	0.000
12.050	172772.000	15668.105	0.000
12.060	172922.000	15467.674	0.000
12.070	173072.000	15327.372	0.000
12.080	173221.000	15199.160	0.000
12.090	173371.000	15139.412	0.000
12.100	173514.000	14887.588	0.000
12.110	173660.000	14801.312	0.000
12.120	173800.000	14560.918	0.000
12.130	173942.000	14452.643	0.000
12.140	174082.000	14316.850	0.000
12.150	174211.000	13891.795	0.000
12.160	174342.000	13654.256	0.000
12.170	174470.000	13397.980	0.000
12.180	174596.000	13158.586	0.000
12.190	174712.000	12691.010	0.000
12.200	174831.000	12453.707	0.000
12.210	174943.000	12077.595	0.000
12.220	175051.000	11694.316	0.000
12.230	175159.000	11426.021	0.000
12.240	175266.000	11208.215	0.000
12.250	175365.000	10815.751	0.000
12.260	175464.000	10541.025	0.000
12.270	175557.000	10168.718	0.000
12.280	175649.000	9878.102	0.000
12.290	175737.000	9554.672	0.000
12.300	175824.000	9298.270	0.000
12.310	175907.000	8998.789	0.000
12.320	175992.000	8849.152	0.000
12.330	176071.000	8564.407	0.000
12.340	176150.000	8365.085	0.000
12.350	176225.000	8105.559	0.000
12.360	176298.000	7863.891	0.000
12.370	176371.000	7694.724	0.000
12.380	176439.000	7426.307	0.000
12.390	176507.000	7238.415	0.000
12.400	176573.000	7046.890	0.000
12.410	176637.000	6852.823	0.000
12.420	176700.000	6686.976	0.000
12.430	176763.000	6570.883	0.000
12.440	176822.000	6369.618	0.000
12.450	176880.000	6198.733	0.000
12.460	176935.000	5989.113	0.000
12.470	176987.000	5752.379	0.000
12.480	177038.000	5556.665	0.000
12.490	177087.000	5359.666	0.000
12.500	177135.000	5191.766	0.000
12.510	177179.000	4954.236	0.000
12.520	177224.000	4817.965	0.000
12.530	177265.000	4602.576	0.000
12.540	177304.000	4391.803	0.000
12.550	177341.000	4184.262	0.000
12.560	177377.000	4008.983	0.000
12.570	177411.000	3826.288	0.000
12.580	177444.000	3668.402	0.000
12.590	177475.000	3497.881	0.000
12.600	177504.000	3318.517	0.000
12.610	177531.000	3132.962	0.000
12.620	177557.000	2973.073	0.000
12.630	177581.000	2801.151	0.000
12.640	177603.000	2620.806	0.000
12.650	177625.000	2494.564	0.000
12.660	177645.000	2346.195	0.000
12.670	177662.000	2152.336	0.000
12.680	177679.000	2016.636	0.000
12.690	177693.000	1831.645	0.000
12.700	177705.000	1642.151	0.000
12.710	177717.000	1509.506	0.000
12.720	177727.000	1356.654	0.000
12.730	177735.000	1189.658	0.000
12.740	177742.000	1042.761	0.000
12.750	177747.000	879.932	0.000
12.760	177751.000	735.953	0.000
12.770	177753.000	575.167	0.000
12.780	177753.000	402.617	0.000
12.790	177753.000	281.832	0.000
12.800	177751.000	137.282	0.000
12.810	177748.000	6.098	0.000
12.820	177744.000	-115.732	0.000
12.830	177738.000	-261.012	0.000
12.840	177731.000	-392.709	0.000
12.850	177724.000	-484.896	0.000
12.860	177716.000	-579.427	0.000
12.870	177707.000	-675.599	0.000
12.880	177698.000	-742.919	0.000
12.890	177689.000	-790.044	0.000
12.900	177680.000	-823.030	0.000
12.910	177670.000	-876.121	0.000
12.920	177660.000	-913.285	0.000
12.930	177651.000	-909.299	0.000
12.940	177642.000	-906.510	0.000
12.950	177632.000	-934.557	0.000
12.960	177623.000	-924.190	0.000
12.970	177614.000	-916.933	0.000
12.980	177605.000	-911.853	0.000
12.990	177596.000	-908.297	0.000
13.000	177588.000	-875.808	0.000
13.010	177580.000	-853.066	0.000
13.020	177572.000	-837.146	0.000
13.030	177564.000	-826.002	0.000
13.040	177557.000	-788.201	0.000
13.050	177550.000	-761.741	0.000
13.060	177543.000	-743.219	0.000
13.070	177536.000	-730.253	0.000
13.080	177530.000	-691.177	0.000
13.090	177524.000	-663.824	0.000
13.100	177518.000	-644.677	0.000
13.110	177513.000	-601.274	0.000
13.120	177508.000	-570.892	0.000
13.130	177504.000	-519.624	0.000
13.140	177499.000	-513.737	0.000
13.150	177495.000	-479.616	0.000
13.160	177492.000	-425.731	0.000
13.170	177489.000	-388.012	0.000
13.180	177486.000	-361.608	0.000
13.190	177483.000	-343.126	0.000
13.200	177482.000	-270.188	0.000
13.210	177480.000	-249.132	0.000
13.220	177479.000	-204.392	0.000
13.230	177478.000	-173.074	0.000
13.240	177478.000	-121.152	0.000
13.250	177477.000	-114.807	0.000
13.260	177477.000	-80.365	0.000
13.270	177478.000	-26.255	0.000
13.280	177478.000	-18.379	0.000
13.290	177479.000	17.135	0.000
13.300	177480.000	41.994	0.000
13.310	177482.000	89.396	0.000
13.320	177483.000	92.577	0.000
13.330	177485.000	124.804	0.000
13.340	177487.000	147.363	0.000
13.350	177488.000	133.154	0.000
13.360	177490.000	153.208	0.000
13.370	177492.000	167.245	0.000
13.380	177494.000	177.072	0.000
13.390	177495.000	153.950	0.000
13.400	177497.000	167.765	0.000
13.410	177498.000	147.436	0.000
13.420	177499.000	133.205	0.000
13.430	177500.000	123.243	0.000
13.440	177502.000	146.270	0.000
13.450	177502.000	102.389	0.000
13.460	177503.000	101.673	0.000
13.470	177503.000	71.171	0.000
13.480	177503.000	49.820	0.000
13.490	177503.000	34.874	0.000
13.500	177503.000	24.412	0.000
13.510	177503.000	17.088	0.000
13.520	177502.000	-18.038	0.000
13.530	177501.000	-42.627	0.000
13.540	177501.000	-29.839	0.000
13.550	177500.000	-50.887	0.000
13.560	177499.000	-65.621	0.000
13.570	177498.000	-75.935	0.000
13.580	177497.000	-83.154	0.000
13.590	177496.000	-88.208	0.000
13.600	177495.000	-91.746	0.000
13.610	177494.000	-94.222	0.000
13.620	177493.000	-95.955	0.000
13.630	177492.000	-97.169	0.000
13.640	177492.000	-68.018	0.000
13.650	177491.000	-77.613	0.000
13.660	177491.000	-54.329	0.000
13.670	177490.000	-68.030	0.000
13.680	177490.000	-47.621	0.000
13.690	177490.000	-33.335	0.000
13.700	177490.000	-23.334	0.000
13.710	177490.000	-16.334	0.000
13.720	177490.000	-11.434	0.000
13.730	177490.000	-8.004	0.000
13.740	177491.000	24.397	0.000
13.750	177491.000	17.078	0.000
13.760	177492.000	41.955	0.000
13.770	177492.000	29.368	0.000
13.780	177493.000	50.558	0.000
13.790	177494.000	65.390	0.000
13.800	177494.000	45.773	0.000
13.810	177495.000	62.041	0.000
13.820	177495.000	43.429	0.000
13.830	177496.000	60.400	0.000
13.840	177496.000	42.280	0.000
13.850	177497.000	59.596	0.000
13.860	177497.000	41.717	0.000
13.870	177497.000	29.202	0.000
13.880	177497.000	20.441	0.000
13.890	177497.000	14.309	0.000
13.900	177497.000	10.016	0.000
13.910	177497.000	7.011	0.000
13.920	177497.000	4.908	0.000
13.930	177497.000	3.436	0.000
13.940	177497.000	2.405	0.000
13.950	177496.000	-28.317	0.000
13.960	177496.000	-19.822	0.000
13.970	177496.000	-13.875	0.000
13.980	177495.000	-39.713	0.000
13.990	177495.000	-27.799	0.000
14.000	177495.000	-19.459	0.000
14.010	177494.000	-43.621	0.000
14.020	177494.000	-30.535	0.000
14.030	177493.000	-51.374	0.000
14.040	177493.000	-35.962	0.000
14.050	177493.000	-25.174	0.000
14.060	177493.000	-17.621	0.000
14.070	177492.000	-42.335	0.000
14.080	177492.000	-29.635	0.000
14.090	177492.000	-20.744	0.000
14.100	177492.000	-14.521	0.000
14.110	177493.000	19.835	0.000
14.120	177493.000	13.885	0.000
14.130	177493.000	9.719	0.000
14.140	177493.000	6.804	0.000
14.150	177494.000	34.762	0.000
14.160	177494.000	24.334	0.000
14.170	177494.000	17.034	0.000
14.180	177495.000	41.924	0.000
14.190	177495.000	29.346	0.000
14.200	177495.000	20.543	0.000
14.210	177495.000	14.380	0.000
14.220	177495.000	10.066	0.000
14.230	177495.000	7.046	0.000
14.240	177496.000	34.932	0.000
14.250	177496.000	24.453	0.000
14.260	177496.000	17.117	0.000
14.270	177496.000	11.982	0.000
14.280	177496.000	8.387	0.000
14.290	177496.000	5.871	0.000
14.300	177496.000	4.110	0.000
14.310	177495.000	-27.123	0.000
14.320	177495.000	-18.986	0.000
14.330	177495.000	-13.290	0.000
14.340	177495.000	-9.303	0.000
14.350	177495.000	-6.512	0.000
14.360	177495.000	-4.559	0.000
14.370	177494.000	-33.191	0.000
14.380	177494.000	-23.234	0.000
14.390	177494.000	-16.264	0.000
14.400	177494.000	-11.385	0.000
14.410	177494.000	-7.969	0.000
14.420	177494.000	-5.578	0.000
14.430	177494.000	-3.905	0.000
14.440	177494.000	-2.733	0.000
14.450	177494.000	-1.913	0.000
14.460	177494.000	-1.339	0.000
14.470	177494.000	-0.938	0.000
14.480	177494.000	-0.656	0.000
14.490	177494.000	-0.459	0.000
14.500	177494.000	-0.322	0.000
14.510	177494.000	-0.225	0.000
14.520	177494.000	-0.158	0.000
14.530	177494.000	-0.110	0.000
14.540	177495.000	29.923	0.000
14.550	177495.000	20.946	0.000
14.560	177495.000	14.662	0.000
14.570	177495.000	10.264	0.000
14.580	177495.000	7.184	0.000
14.590	177495.000	5.029	0.000
14.600	177495.000	3.520	0.000
14.610	177495.000	2.464	0.000
14.620	177495.000	1.725	0.000
14.630	177495.000	1.207	0.000
14.640	177495.000	0.845	0.000
14.650	177495.000	0.592	0.000
14.660	177495.000	0.414	0.000
14.670	177495.000	0.290	0.000
14.680	177495.000	0.203	0.000
14.690	177495.000	0.142	0.000
14.700	177495.000	0.099	0.000
14.710	177495.000	0.070	0.000
14.720	177495.000	0.049	0.000
14.730	177494.000	-29.966	0.000
14.740	177494.000	-20.976	0.000
14.750	177494.000	-14.683	0.000
14.760	177494.000	-10.278	0.000
14.770	177494.000	-7.195	0.000
14.780	177494.000	-5.036	0.000
14.790	177494.000	-3.525	0.000
14.800	177494.000	-2.468	0.000
14.810	177494.000	-1.727	0.000
14.820	177494.000	-1.209	0.000
14.830	177494.000	-0.846	0.000
14.840	177494.000	-0.593	0.000
14.850	177494.000	-0.415	0.000
14.860	177494.000	-0.290	0.000
14.870	177495.000	29.797	0.000
14.880	177495.000	20.858	0.000
14.890	177495.000	14.600	0.000
14.900	177495.000	10.220	0.000
14.910	177495.000	7.154	0.000
14.920	177495.000	5.008	0.000
14.930	177495.000	3.506	0.000
14.940	177495.000	2.454	0.000
14.950	177495.000	1.718	0.000
14.960	177495.000	1.202	0.000
14.970	177495.000	0.842	0.000
14.980	177495.000	0.589	0.000
14.990	177495.000	0.412	0.000
15.000	177495.000	0.289	0.000
