0.000	0.000	0.000	0.000
0.010	1.000	30.000	-8.000
0.020	0.000	-9.000	31.000
0.030	-1.000	-36.300	64.000
0.040	-2.000	-55.410	92.000
0.050	-3.000	-68.787	117.000
0.060	-4.000	-78.151	140.000
0.070	-5.000	-84.706	161.000
0.080	-6.000	-89.294	182.000
0.090	-6.000	-62.506	180.000
0.100	-7.000	-73.754	204.000
0.110	-7.000	-51.628	205.000
0.120	-7.000	-36.139	209.000
0.130	-7.000	-25.298	216.000
0.140	-7.000	-17.708	225.000
0.150	-7.000	-12.396	235.000
0.160	-6.000	21.323	225.000
0.170	-5.000	44.926	221.000
0.180	-3.000	91.448	199.000
0.190	-2.000	94.014	206.000
0.200	-1.000	95.810	214.000
0.210	1.000	127.067	201.000
0.220	2.000	118.947	214.000
0.230	4.000	143.263	204.000
0.240	6.000	160.284	199.000
0.250	7.000	142.199	217.000
0.260	8.000	129.539	233.000
0.270	10.000	150.677	225.000
0.280	11.000	135.474	242.000
0.290	12.000	124.832	256.000
0.300	13.000	117.382	269.000
0.310	15.000	142.168	259.000
0.320	16.000	129.517	275.000
0.330	16.000	90.662	309.000
0.340	18.000	123.463	295.000
0.350	19.000	116.424	308.000
0.360	19.000	81.497	340.000
0.370	21.000	117.048	324.000
0.380	22.000	111.934	336.000
0.390	23.000	108.354	346.000
0.400	24.000	105.847	356.000
0.410	26.000	134.093	344.000
0.420	27.000	123.865	359.000
0.430	28.000	116.706	371.000
0.440	30.000	141.694	361.000
0.450	32.000	159.186	356.000
0.460	33.000	141.430	374.000
0.470	35.000	159.001	368.000
0.480	37.000	171.301	365.000
0.490	39.000	179.911	364.000
0.500	41.000	185.937	365.000
0.510	43.000	190.156	582.000
0.520	45.000	193.109	813.000
0.530	48.000	225.177	1038.000
0.540	52.000	277.624	1261.000
0.550	58.000	374.336	1465.000
0.560	67.000	532.036	1635.000
0.570	79.000	732.425	1781.000
0.580	93.000	932.697	1933.000
0.590	111.000	1192.888	2047.000
0.600	132.000	1465.022	2155.000
0.610	153.000	1655.515	2322.000
0.620	175.000	1818.861	2514.000
0.630	196.000	1903.202	2767.000
0.640	228.000	2292.242	2816.000
0.650	276.000	3044.569	2606.000
0.660	323.000	3541.198	2555.000
0.670	373.000	3978.839	2537.000
0.680	432.000	4555.187	2415.000
0.690	495.000	5078.631	2318.000
0.700	562.000	5565.042	2237.000
0.710	636.000	6115.529	2102.000
0.720	715.000	6650.870	1968.000
0.730	796.000	7085.609	1893.000
0.740	882.000	7539.927	1799.000
0.750	970.000	7917.949	1751.000
0.760	1062.000	8302.564	1696.000
0.770	1156.000	8631.795	1676.000
0.780	1248.000	8802.256	1767.000
0.790	1344.000	9041.579	1815.000
0.800	1443.000	9299.106	1854.000
0.810	1548.000	9659.374	1823.000
0.820	1654.000	9941.562	1844.000
0.830	1758.000	10079.093	1968.000
0.840	1869.000	10385.365	1981.000
0.850	1985.000	10749.756	1952.000
0.860	2102.000	11034.829	1977.000
0.870	2225.000	11414.380	1937.000
0.880	2349.000	11710.066	1952.000
0.890	2475.000	11977.046	1988.000
0.900	2606.000	12313.932	1976.000
0.910	2737.000	12549.753	2034.000
0.920	2869.000	12744.827	2124.000
0.930	3007.000	13061.379	2134.000
0.940	3146.000	13312.965	2188.000
0.950	3288.000	13579.076	2235.000
0.960	3435.000	13915.353	2235.000
0.970	3586.000	14270.747	2219.000
0.980	3741.000	14639.523	2192.000
0.990	3900.000	15017.666	2155.000
1.000	4061.000	15342.366	2153.000
1.010	4226.000	15689.656	1919.000
1.020	4391.000	15932.759	1742.000
1.030	4561.000	16252.932	1499.000
1.040	4732.000	16507.052	1289.000
1.050	4904.000	16714.936	1099.000
1.060	5078.000	16920.456	902.000
1.070	5249.000	16974.319	802.000
1.080	5422.000	17072.023	669.000
1.090	5591.000	17020.416	636.000
1.100	5761.000	17014.291	574.000
1.110	5929.000	16950.004	553.000
1.120	6094.000	16815.003	584.000
1.130	6258.000	16690.502	615.000
1.140	6421.000	16573.351	646.000
1.150	6585.000	16521.346	636.000
1.160	6748.000	16454.942	639.000
1.170	6910.000	16378.460	652.000
1.180	7072.000	16324.922	653.000
1.190	7232.000	16227.445	687.000
1.200	7393.000	16189.212	683.000
1.210	7552.000	16102.448	716.000
1.220	7710.000	16011.714	755.000
1.230	7863.000	15798.200	885.000
1.240	8016.000	15648.740	980.000
1.250	8169.000	15544.118	1049.000
1.260	8321.000	15440.882	1123.000
1.270	8472.000	15338.618	1201.000
1.280	8621.000	15207.032	1304.000
1.290	8771.000	15144.923	1364.000
1.300	8919.000	15041.446	1456.000
1.310	9068.000	14999.012	1510.000
1.320	9222.000	15119.308	1451.000
1.330	9366.000	14903.516	1623.000
1.340	9512.000	14812.461	1718.000
1.350	9657.000	14718.723	1818.000
1.360	9807.000	14803.106	1798.000
1.370	9953.000	14742.174	1875.000
1.380	10099.000	14699.522	1943.000
1.390	10246.000	14699.665	1983.000
1.400	10395.000	14759.766	1980.000
1.410	10542.000	14741.836	2029.000
1.420	10686.000	14639.285	2139.000
1.430	10835.000	14717.500	2127.000
1.440	10978.000	14592.250	2254.000
1.450	11124.000	14594.575	2297.000
1.460	11269.000	14566.202	2361.000
1.470	11419.000	14696.342	2315.000
1.480	11568.000	14757.439	2312.000
1.490	11711.000	14620.207	2445.000
1.500	11860.000	14704.145	2430.000
1.510	12009.000	14762.902	2428.000
1.520	12161.000	14894.031	2372.000
1.530	12314.000	15015.822	2317.000
1.540	12465.000	15041.075	2324.000
1.550	12616.000	15058.753	2336.000
1.560	12771.000	15191.127	2266.000
1.570	12928.000	15343.789	2176.000
1.580	13087.000	15510.652	2068.000
1.590	13246.000	15627.457	1988.000
1.600	13409.000	15829.220	1844.000
1.610	13571.000	15940.454	1753.000
1.620	13734.000	16048.318	1660.000
1.630	13893.000	16003.822	1669.000
1.640	14058.000	16152.676	1544.000
1.650	14220.000	16166.873	1507.000
1.660	14387.000	16326.811	1367.000
1.670	14555.000	16468.768	1232.000
1.680	14724.000	16598.137	1100.000
1.690	14892.000	16658.696	1010.000
1.700	15061.000	16731.087	909.000
1.710	15231.000	16811.761	799.000
1.720	15402.000	16898.233	681.000
1.730	15569.000	16838.763	662.000
1.740	15734.000	16737.134	675.000
1.750	15902.000	16755.994	608.000
1.760	16067.000	16679.196	608.000
1.770	16232.000	16625.437	594.000
1.780	16395.000	16527.806	615.000
1.790	16560.000	16519.464	576.000
1.800	16719.000	16333.625	664.000
1.810	16881.000	16293.537	657.000
1.820	17041.000	16205.476	685.000
1.830	17203.000	16203.833	657.000
1.840	17364.000	16172.683	650.000
1.850	17522.000	16060.878	701.000
1.860	17681.000	16012.615	712.000
1.870	17838.000	15918.830	757.000
1.880	17995.000	15853.181	788.000
1.890	18151.000	15777.227	828.000
1.900	18307.000	15724.059	856.000
1.910	18464.000	15716.841	853.000
1.920	18621.000	15711.789	850.000
1.930	18777.000	15678.252	867.000
1.940	18935.000	15714.777	836.000
1.950	19093.000	15740.344	811.000
1.960	19251.000	15758.240	790.000
1.970	19408.000	15740.768	794.000
1.980	19562.000	15638.538	858.000
1.990	19720.000	15686.976	820.000
2.000	19874.000	15600.884	875.000
2.010	20031.000	15630.618	853.000
2.020	20188.000	15651.433	835.000
2.030	20344.000	15636.003	842.000
2.040	20499.000	15595.202	868.000
2.050	20655.000	15596.641	865.000
2.060	20810.000	15567.649	884.000
2.070	20965.000	15547.354	898.000
2.080	21120.000	15533.148	909.000
2.090	21276.000	15553.204	897.000
2.100	21430.000	15507.243	929.000
2.110	21584.000	15475.070	955.000
2.120	21738.000	15452.549	975.000
2.130	21889.000	15346.784	1054.000
2.140	22042.000	15332.749	1074.000
2.150	22195.000	15322.924	1092.000
2.160	22350.000	15376.047	1065.000
2.170	22505.000	15413.233	1048.000
2.180	22657.000	15349.263	1100.000
2.190	22810.000	15334.484	1120.000
2.200	22963.000	15324.139	1138.000
2.210	23118.000	15376.897	1112.000
2.220	23272.000	15383.828	1116.000
2.230	23426.000	15388.680	1121.000
2.240	23580.000	15392.076	1126.000
2.250	23734.000	15394.453	1133.000
2.260	23888.000	15396.117	1139.000
2.270	24044.000	15457.282	1104.000
2.280	24199.000	15470.097	1100.000
2.290	24355.000	15509.068	1077.000
2.300	24508.000	15446.348	1123.000
2.310	24660.000	15372.443	1181.000
2.320	24799.000	14930.710	1501.000
2.330	24952.000	15041.497	1452.000
2.340	25110.000	15269.048	1315.000
2.350	25266.000	15368.334	1259.000
2.360	25424.000	15497.834	1177.000
2.370	25581.000	15558.483	1137.000
2.380	25738.000	15600.938	1108.000
2.390	25899.000	15750.657	1001.000
2.400	26053.000	15645.460	1066.000
2.410	26208.000	15601.822	1093.000
2.420	26367.000	15691.275	1029.000
2.430	26520.000	15573.893	1106.000
2.440	26673.000	15491.725	1163.000
2.450	26825.000	15404.207	1228.000
2.460	26976.000	15312.945	1300.000
2.470	27122.000	15099.062	1462.000
2.480	27273.000	15099.343	1483.000
2.490	27420.000	14979.540	1589.000
2.500	27572.000	15045.678	1569.000
2.510	27724.000	15091.975	1560.000
2.520	27874.000	15064.382	1601.000
2.530	28024.000	15045.068	1638.000
2.540	28175.000	15061.547	1650.000
2.550	28323.000	14983.083	1728.000
2.560	28480.000	15198.158	1603.000
2.570	28631.000	15168.711	1641.000
2.580	28781.000	15118.098	1695.000
2.590	28936.000	15232.668	1634.000
2.600	29090.000	15282.868	1614.000
2.610	29243.000	15288.007	1624.000
2.620	29403.000	15501.605	1486.000
2.630	29559.000	15531.124	1468.000
2.640	29721.000	15731.787	1328.000
2.650	29877.000	15692.251	1348.000
2.660	30035.000	15724.575	1320.000
2.670	30195.000	15807.203	1254.000
2.680	30358.000	15955.042	1139.000
2.690	30524.000	16148.529	985.000
2.700	30687.000	16193.971	926.000
2.710	30851.000	16255.779	854.000
2.720	31017.000	16359.046	750.000
2.730	31180.000	16341.332	726.000
2.740	31345.000	16388.932	657.000
2.750	31507.000	16332.253	659.000
2.760	31669.000	16292.577	652.000
2.770	31834.000	16354.804	575.000
2.780	31989.000	16098.363	719.000
2.790	32153.000	16188.854	631.000
2.800	32312.000	16102.198	664.000
2.810	32469.000	15981.538	724.000
2.820	32626.000	15897.077	764.000
2.830	32784.000	15867.954	770.000
2.840	32941.000	15817.568	791.000
2.850	33097.000	15752.297	826.000
2.860	33253.000	15706.608	849.000
2.870	33408.000	15644.626	886.000
2.880	33568.000	15751.238	808.000
2.890	33723.000	15675.867	852.000
2.900	33880.000	15683.107	842.000
2.910	34038.000	15718.175	812.000
2.920	34197.000	15772.722	767.000
2.930	34357.000	15840.906	709.000
2.940	34516.000	15858.634	684.000
2.950	34674.000	15841.044	683.000
2.960	34828.000	15708.731	763.000
2.970	34983.000	15646.111	801.000
2.980	35139.000	15632.278	807.000
2.990	35296.000	15652.595	790.000
3.000	35452.000	15636.816	797.000
3.010	35610.000	15685.771	759.000
3.020	35766.000	15660.040	772.000
3.030	35923.000	15672.028	759.000
3.040	36081.000	15710.420	727.000
3.050	36234.000	15587.294	807.000
3.060	36389.000	15561.106	824.000
3.070	36546.000	15602.774	795.000
3.080	36697.000	15451.942	900.000
3.090	36850.000	15406.359	937.000
3.100	37004.000	15404.451	945.000
3.110	37159.000	15433.116	933.000
3.120	37311.000	15363.181	988.000
3.130	37464.000	15344.227	1011.000
3.140	37618.000	15360.959	1009.000
3.150	37772.000	15372.671	1010.000
3.160	37930.000	15500.870	929.000
3.170	38079.000	15320.609	1058.000
3.180	38230.000	15254.426	1116.000
3.190	38384.000	15298.098	1100.000
3.200	38536.000	15268.669	1133.000
3.210	38691.000	15338.068	1097.000
3.220	38844.000	15326.648	1116.000
3.230	38997.000	15318.653	1132.000
3.240	39153.000	15403.057	1084.000
3.250	39308.000	15432.140	1071.000
3.260	39463.000	15452.498	1063.000
3.270	39619.000	15496.749	1037.000
3.280	39771.000	15407.724	1103.000
3.290	39927.000	15465.407	1069.000
3.300	40084.000	15535.785	1024.000
3.310	40235.000	15405.049	1118.000
3.320	40390.000	15433.535	1105.000
3.330	40543.000	15393.474	1139.000
3.340	40696.000	15365.432	1167.000
3.350	40850.000	15375.802	1169.000
3.360	41008.000	15503.062	1088.000
3.370	41163.000	15502.143	1091.000
3.380	41317.000	15471.500	1116.000
3.390	41466.000	15300.050	1241.000
3.400	41620.000	15330.035	1232.000
3.410	41774.000	15351.025	1228.000
3.420	41924.000	15245.717	1312.000
3.430	42075.000	15202.002	1357.000
3.440	42231.000	15321.401	1290.000
3.450	42377.000	15104.981	1453.000
3.460	42527.000	15073.487	1496.000
3.470	42681.000	15171.441	1450.000
3.480	42830.000	15090.008	1525.000
3.490	42979.000	15033.006	1587.000
3.500	43126.000	14933.104	1682.000
3.510	43272.000	14833.173	1781.000
3.520	43421.000	14853.221	1800.000
3.530	43567.000	14777.255	1887.000
3.540	43716.000	14814.078	1897.000
3.550	43868.000	14929.855	1850.000
3.560	44019.000	14980.898	1843.000
3.570	44174.000	15136.629	1760.000
3.580	44329.000	15245.640	1703.000
3.590	44487.000	15411.948	1600.000
3.600	44641.000	15408.364	1610.000
3.610	44799.000	15525.855	1534.000
3.620	44951.000	15428.098	1605.000
3.630	45110.000	15569.669	1511.000
3.640	45267.000	15608.768	1484.000
3.650	45421.000	15546.138	1526.000
3.660	45582.000	15712.296	1410.000
3.670	45745.000	15888.607	1279.000
3.680	45903.000	15862.025	1283.000
3.690	46063.000	15903.418	1240.000
3.700	46226.000	16022.392	1141.000
3.710	46386.000	16015.675	1124.000
3.720	46552.000	16190.972	980.000
3.730	46718.000	16313.681	865.000
3.740	46883.000	16369.576	792.000
3.750	47049.000	16438.703	706.000
3.760	47216.000	16517.092	611.000
3.770	47380.000	16481.965	592.000
3.780	47543.000	16427.375	589.000
3.790	47706.000	16389.163	576.000
3.800	47870.000	16392.414	536.000
3.810	48029.000	16244.690	602.000
3.820	48190.000	16201.283	602.000
3.830	48348.000	16080.898	657.000
3.840	48504.000	15936.629	735.000
3.850	48660.000	15835.640	789.000
3.860	48817.000	15794.948	806.000
3.870	48978.000	15886.464	731.000
3.880	49134.000	15800.525	776.000
3.890	49287.000	15650.367	871.000
3.900	49442.000	15605.257	899.000
3.910	49597.000	15573.680	920.000
3.920	49755.000	15641.576	871.000
3.930	49914.000	15719.103	813.000
3.940	50068.000	15623.372	874.000
3.950	50217.000	15406.361	1024.000
3.960	50370.000	15374.452	1054.000
3.970	50524.000	15382.117	1057.000
3.980	50679.000	15417.482	1040.000
3.990	50834.000	15442.237	1030.000
4.000	50989.000	15459.566	1023.000
4.010	51146.000	15531.696	977.000
4.020	51303.000	15582.187	943.000
4.030	51458.000	15557.531	960.000
4.040	51616.000	15630.272	909.000
4.050	51772.000	15621.190	912.000
4.060	51930.000	15674.833	872.000
4.070	52087.000	15682.383	862.000
4.080	52246.000	15747.668	810.000
4.090	52404.000	15763.368	791.000
4.100	52560.000	15714.357	816.000
4.110	52719.000	15770.050	770.000
4.120	52875.000	15719.035	797.000
4.130	53032.000	15713.325	794.000
4.140	53187.000	15649.327	832.000
4.150	53344.000	15664.529	817.000
4.160	53495.000	15495.170	932.000
4.170	53647.000	15406.619	998.000
4.180	53799.000	15344.633	1049.000
4.190	53950.000	15271.243	1110.000
4.200	54103.000	15279.870	1118.000
4.210	54255.000	15255.909	1148.000
4.220	54409.000	15299.136	1131.000
4.230	54563.000	15329.396	1122.000
4.240	54717.000	15350.577	1118.000
4.250	54871.000	15365.404	1118.000
4.260	55023.000	15315.783	1162.000
4.270	55178.000	15371.048	1134.000
4.280	55334.000	15439.734	1095.000
4.290	55488.000	15427.813	1109.000
4.300	55647.000	15569.469	1015.000
4.310	55801.000	15518.629	1051.000
4.320	55956.000	15513.040	1057.000
4.330	56112.000	15539.128	1041.000
4.340	56267.000	15527.390	1051.000
4.350	56423.000	15549.173	1037.000
4.360	56575.000	15444.421	1111.000
4.370	56733.000	15551.095	1042.000
4.380	56888.000	15535.766	1053.000
4.390	57043.000	15525.036	1062.000
4.400	57199.000	15547.525	1048.000
4.410	57356.000	15593.268	1017.000
4.420	57509.000	15505.287	1077.000
4.430	57665.000	15533.701	1060.000
4.440	57821.000	15553.591	1048.000
4.450	57973.000	15447.514	1123.000
4.460	58126.000	15403.260	1159.000
4.470	58275.000	15252.282	1273.000
4.480	58426.000	15206.597	1320.000
4.490	58574.000	15084.618	1422.000
4.500	58722.000	14999.233	1504.000
4.510	58868.000	14879.463	1614.000
4.520	59017.000	14885.624	1641.000
4.530	59163.000	14799.937	1733.000
4.540	59309.000	14739.956	1810.000
4.550	59457.000	14757.969	1835.000
4.560	59603.000	14710.578	1905.000
4.570	59755.000	14857.405	1841.000
4.580	59903.000	14840.183	1886.000
4.590	60055.000	14948.128	1843.000
4.600	60206.000	14993.690	1839.000
4.610	60359.000	15085.583	1800.000
4.620	60508.000	15029.908	1862.000
4.630	60661.000	15110.936	1829.000
4.640	60809.000	15017.655	1916.000
4.650	60967.000	15252.358	1775.000
4.660	61124.000	15386.651	1695.000
4.670	61278.000	15390.656	1700.000
4.680	61434.000	15453.459	1664.000
4.690	61593.000	15587.421	1575.000
4.700	61755.000	15771.195	1445.000
4.710	61917.000	15899.836	1345.000
4.720	62076.000	15899.885	1329.000
4.730	62238.000	15989.920	1250.000
4.740	62406.000	16232.944	1060.000
4.750	62569.000	16253.061	1015.000
4.760	62738.000	16447.143	847.000
4.770	62902.000	16433.000	817.000
4.780	63066.000	16423.100	784.000
4.790	63233.000	16506.170	686.000
4.800	63401.000	16594.319	581.000
4.810	63562.000	16446.023	638.000
4.820	63726.000	16432.216	608.000
4.830	63888.000	16362.551	617.000
4.840	64051.000	16343.786	594.000
4.850	64211.000	16240.650	631.000
4.860	64373.000	16228.455	608.000
4.870	64534.000	16189.919	605.000
4.880	64688.000	15952.943	743.000
4.890	64847.000	15937.060	737.000
4.900	65006.000	15925.942	728.000
4.910	65164.000	15888.159	738.000
4.920	65320.000	15801.712	784.000
4.930	65478.000	15801.198	773.000
4.940	65636.000	15800.839	763.000
4.950	65794.000	15800.587	752.000
4.960	65952.000	15800.411	741.000
4.970	66107.000	15710.288	794.000
4.980	66261.000	15617.201	853.000
4.990	66416.000	15582.041	875.000
5.000	66572.000	15587.429	871.000
5.010	66728.000	15591.200	867.000
5.020	66883.000	15563.840	885.000
5.030	67037.000	15514.688	920.000
5.040	67192.000	15510.282	925.000
5.050	67347.000	15507.197	930.000
5.060	67503.000	15535.038	913.000
5.070	67660.000	15584.527	880.000
5.080	67817.000	15619.169	854.000
5.090	67975.000	15673.418	814.000
5.100	68134.000	15741.393	761.000
5.110	68289.000	15668.975	804.000
5.120	68445.000	15648.282	813.000
5.130	68600.000	15603.798	841.000
5.140	68756.000	15602.658	840.000
5.150	68913.000	15631.861	818.000
5.160	69068.000	15592.303	843.000
5.170	69223.000	15564.612	861.000
5.180	69377.000	15515.228	896.000
5.190	69531.000	15480.660	922.000
5.200	69687.000	15516.462	901.000
5.210	69839.000	15421.523	970.000
5.220	69991.000	15355.066	1023.000
5.230	70143.000	15308.546	1066.000
5.240	70295.000	15275.982	1100.000
5.250	70448.000	15283.188	1109.000
5.260	70602.000	15318.231	1097.000
5.270	70755.000	15312.762	1112.000
5.280	70909.000	15338.933	1105.000
5.290	71063.000	15357.253	1103.000
5.300	71217.000	15370.077	1103.000
5.310	71371.000	15379.054	1106.000
5.320	71527.000	15445.338	1067.000
5.330	71679.000	15371.737	1125.000
5.340	71833.000	15380.216	1128.000
5.350	71989.000	15446.151	1090.000
5.360	72147.000	15552.306	1020.000
5.370	72301.000	15506.614	1053.000
5.380	72454.000	15444.630	1099.000
5.390	72609.000	15461.241	1093.000
5.400	72765.000	15502.869	1069.000
5.410	72921.000	15532.008	1051.000
5.420	73077.000	15552.406	1038.000
5.430	73231.000	15506.684	1071.000
5.440	73386.000	15504.679	1075.000
5.450	73539.000	15443.275	1121.000
5.460	73692.000	15400.293	1157.000
5.470	73849.000	15490.205	1101.000
5.480	74001.000	15403.143	1166.000
5.490	74155.000	15402.200	1174.000
5.500	74309.000	15401.540	1182.000
5.510	74460.000	15311.078	1253.000
5.520	74614.000	15337.755	1246.000
5.530	74763.000	15206.428	1349.000
5.540	74917.000	15264.500	1324.000
5.550	75064.000	15095.150	1457.000
5.560	75207.000	14856.605	1647.000
5.570	75363.000	15079.623	1522.000
5.580	75513.000	15055.736	1561.000
5.590	75658.000	14889.015	1702.000
5.600	75810.000	14982.311	1667.000
5.610	75961.000	15017.618	1669.000
5.620	76109.000	14952.332	1740.000
5.630	76267.000	15206.633	1589.000
5.640	76417.000	15144.643	1649.000
5.650	76572.000	15251.250	1593.000
5.660	76728.000	15355.875	1534.000
5.670	76882.000	15369.112	1534.000
5.680	77044.000	15618.379	1368.000
5.690	77202.000	15672.865	1327.000
5.700	77359.000	15681.006	1316.000
5.710	77517.000	15716.704	1286.000
5.720	77676.000	15771.693	1240.000
5.730	77839.000	15930.185	1119.000
5.740	77999.000	15951.129	1088.000
5.750	78155.000	15845.791	1144.000
5.760	78319.000	16012.053	1014.000
5.770	78479.000	16008.437	996.000
5.780	78643.000	16125.906	893.000
5.790	78805.000	16148.134	852.000
5.800	78971.000	16283.694	730.000
5.810	79131.000	16198.586	757.000
5.820	79295.000	16259.010	685.000
5.830	79456.000	16211.307	687.000
5.840	79617.000	16177.915	681.000
5.850	79777.000	16124.540	691.000
5.860	79935.000	16027.178	734.000
5.870	80092.000	15929.025	782.000
5.880	80251.000	15920.317	771.000
5.890	80410.000	15914.222	759.000
5.900	80564.000	15759.956	852.000
5.910	80722.000	15771.969	834.000
5.920	80878.000	15720.378	861.000
5.930	81030.000	15564.265	964.000
5.940	81186.000	15574.985	956.000
5.950	81339.000	15492.490	1014.000
5.960	81493.000	15464.743	1037.000
5.970	81649.000	15505.320	1013.000
5.980	81805.000	15533.724	996.000
5.990	81963.000	15613.607	941.000
6.000	82121.000	15669.525	899.000
6.010	82276.000	15618.667	930.000
6.020	82436.000	15733.067	847.000
6.030	82589.000	15603.147	931.000
6.040	82748.000	15692.203	867.000
6.050	82907.000	15754.542	817.000
6.060	83063.000	15708.179	841.000
6.070	83220.000	15705.726	836.000
6.080	83376.000	15674.008	852.000
6.090	83534.000	15711.806	820.000
6.100	83693.000	15768.264	774.000
6.110	83851.000	15777.785	758.000
6.120	84012.000	15874.449	680.000
6.130	84169.000	15822.115	703.000
6.140	84329.000	15875.480	653.000
6.150	84487.000	15852.836	655.000
6.160	84647.000	15896.985	611.000
6.170	84803.000	15807.890	659.000
6.180	84959.000	15745.523	691.000
6.190	85114.000	15671.866	735.000
6.200	85267.000	15560.306	809.000
6.210	85419.000	15452.214	885.000
6.220	85572.000	15406.550	922.000
6.230	85722.000	15284.585	1015.000
6.240	85873.000	15229.210	1067.000
6.250	86020.000	15070.447	1194.000
6.260	86171.000	15079.313	1211.000
6.270	86322.000	15085.519	1229.000
6.280	86475.000	15149.863	1205.000
6.290	86628.000	15194.904	1193.000
6.300	86786.000	15376.433	1082.000
6.310	86938.000	15323.503	1128.000
6.320	87095.000	15436.452	1059.000
6.330	87248.000	15395.517	1094.000
6.340	87403.000	15426.862	1080.000
6.350	87560.000	15508.803	1028.000
6.360	87715.000	15506.162	1033.000
6.370	87873.000	15594.314	973.000
6.380	88031.000	15656.019	928.000
6.390	88189.000	15699.214	894.000
6.400	88345.000	15669.450	909.000
6.410	88501.000	15648.615	919.000
6.420	88656.000	15604.030	946.000
6.430	88815.000	15692.821	882.000
6.440	88972.000	15694.975	875.000
6.450	89127.000	15636.482	910.000
6.460	89281.000	15565.538	956.000
6.470	89436.000	15545.876	970.000
6.480	89588.000	15442.113	1044.000
6.490	89744.000	15489.479	1017.000
6.500	89897.000	15432.636	1060.000
6.510	90048.000	15332.845	1136.000
6.520	90196.000	15172.991	1260.000
6.530	90346.000	15121.094	1314.000
6.540	90498.000	15144.766	1318.000
6.550	90650.000	15161.336	1325.000
6.560	90796.000	14992.935	1462.000
6.570	90946.000	14995.055	1487.000
6.580	91096.000	14996.538	1512.000
6.590	91240.000	14817.577	1664.000
6.600	91387.000	14782.304	1723.000
6.610	91535.000	14787.613	1755.000
6.620	91685.000	14851.329	1746.000
6.630	91836.000	14925.930	1726.000
6.640	91989.000	15038.151	1676.000
6.650	92145.000	15206.706	1582.000
6.660	92298.000	15234.694	1579.000
6.670	92452.000	15284.286	1559.000
6.680	92610.000	15439.000	1463.000
6.690	92766.000	15487.300	1434.000
6.700	92927.000	15671.110	1309.000
6.710	93084.000	15679.777	1298.000
6.720	93248.000	15895.844	1140.000
6.730	93407.000	15897.091	1124.000
6.740	93565.000	15867.964	1130.000
6.750	93727.000	15967.574	1046.000
6.760	93886.000	15947.302	1041.000
6.770	94044.000	15903.111	1055.000
6.780	94207.000	16022.178	956.000
6.790	94363.000	15895.525	1024.000
6.800	94522.000	15896.867	1008.000
6.810	94683.000	15957.807	950.000
6.820	94846.000	16060.465	860.000
6.830	95007.000	16072.325	828.000
6.840	95167.000	16050.628	821.000
6.850	95328.000	16065.439	788.000
6.860	95490.000	16105.808	737.000
6.870	95647.000	15984.065	798.000
6.880	95807.000	15988.846	775.000
6.890	95964.000	15902.192	817.000
6.900	96122.000	15871.534	823.000
6.910	96278.000	15790.074	866.000
6.920	96432.000	15673.052	938.000
6.930	96588.000	15651.136	949.000
6.940	96744.000	15635.795	956.000
6.950	96898.000	15565.057	1002.000
6.960	97054.000	15575.540	995.000
6.970	97213.000	15672.878	926.000
6.980	97371.000	15711.014	894.000
6.990	97529.000	15737.710	868.000
7.000	97685.000	15696.397	890.000
7.010	97841.000	15667.478	904.000
7.020	97998.000	15677.235	892.000
7.030	98157.000	15744.064	840.000
7.040	98314.000	15730.845	841.000
7.050	98472.000	15751.591	819.000
7.060	98629.000	15736.114	822.000
7.070	98788.000	15785.280	779.000
7.080	98943.000	15699.696	829.000
7.090	99098.000	15639.787	865.000
7.100	99255.000	15657.851	849.000
7.110	99411.000	15640.496	857.000
7.120	99567.000	15628.347	862.000
7.130	99724.000	15649.843	844.000
7.140	99881.000	15664.890	830.000
7.150	100039.000	15705.423	797.000
7.160	100196.000	15703.796	791.000
7.170	100354.000	15732.657	765.000
7.180	100511.000	15722.860	764.000
7.190	100669.000	15746.002	740.000
7.200	100824.000	15672.201	784.000
7.210	100981.000	15680.541	773.000
7.220	101136.000	15626.379	806.000
7.230	101290.000	15558.465	851.000
7.240	101445.000	15540.926	864.000
7.250	101598.000	15468.648	916.000
7.260	101750.000	15388.054	977.000
7.270	101903.000	15361.637	1004.000
7.280	102053.000	15253.146	1089.000
7.290	102207.000	15297.202	1073.000
7.300	102363.000	15388.042	1021.000
7.310	102513.000	15271.629	1111.000
7.320	102671.000	15430.140	1013.000
7.330	102821.000	15301.098	1110.000
7.340	102976.000	15360.769	1080.000
7.350	103131.000	15402.538	1060.000
7.360	103285.000	15401.777	1068.000
7.370	103437.000	15341.244	1118.000
7.380	103591.000	15358.871	1116.000
7.390	103744.000	15341.209	1138.000
7.400	103898.000	15358.847	1136.000
7.410	104052.000	15371.193	1136.000
7.420	104205.000	15349.835	1160.000
7.430	104359.000	15364.884	1159.000
7.440	104512.000	15345.419	1182.000
7.450	104668.000	15421.793	1139.000
7.460	104823.000	15445.255	1129.000
7.470	104979.000	15491.679	1101.000
7.480	105132.000	15434.175	1145.000
7.490	105288.000	15483.923	1116.000
7.500	105441.000	15428.746	1159.000
7.510	105593.000	15360.122	1213.000
7.520	105747.000	15372.085	1214.000
7.530	105898.000	15290.460	1281.000
7.540	106051.000	15293.322	1291.000
7.550	106201.000	15205.325	1366.000
7.560	106355.000	15263.728	1341.000
7.570	106504.000	15154.609	1432.000
7.580	106652.000	15048.227	1525.000
7.590	106799.000	14943.759	1623.000
7.600	106948.000	14930.631	1660.000
7.610	107092.000	14771.442	1801.000
7.620	107240.000	14780.009	1832.000
7.630	107392.000	14906.006	1779.000
7.640	107542.000	14934.205	1789.000
7.650	107693.000	14983.943	1783.000
7.660	107844.000	15018.760	1785.000
7.670	107997.000	15103.132	1751.000
7.680	108152.000	15222.193	1688.000
7.690	108312.000	15455.535	1540.000
7.700	108466.000	15438.874	1556.000
7.710	108624.000	15547.212	1486.000
7.720	108778.000	15503.048	1518.000
7.730	108933.000	15502.134	1521.000
7.740	109096.000	15741.494	1355.000
7.750	109254.000	15759.046	1335.000
7.760	109419.000	15981.332	1170.000
7.770	109584.000	16136.932	1041.000
7.780	109744.000	16095.853	1044.000
7.790	109907.000	16157.097	976.000
7.800	110073.000	16289.968	856.000
7.810	110229.000	16082.977	968.000
7.820	110394.000	16208.084	856.000
7.830	110557.000	16235.659	808.000
7.840	110718.000	16194.961	806.000
7.850	110883.000	16286.473	712.000
7.860	111048.000	16350.531	634.000
7.870	111210.000	16305.372	630.000
7.880	111375.000	16363.760	555.000
7.890	111537.000	16314.632	553.000
7.900	111693.000	16100.242	670.000
7.910	111854.000	16100.170	645.000
7.920	112015.000	16100.119	621.000
7.930	112173.000	16010.083	660.000
7.940	112331.000	15947.058	684.000
7.950	112485.000	15782.941	782.000
7.960	112640.000	15698.059	832.000
7.970	112794.000	15608.641	888.000
7.980	112949.000	15576.049	909.000
7.990	113105.000	15583.234	904.000
8.000	113262.000	15618.264	878.000
8.010	113419.000	15642.785	859.000
8.020	113577.000	15689.949	822.000
8.030	113732.000	15632.965	856.000
8.040	113890.000	15683.075	818.000
8.050	114048.000	15718.153	788.000
8.060	114205.000	15712.707	785.000
8.070	114365.000	15798.895	717.000
8.080	114521.000	15739.226	748.000
8.090	114676.000	15667.458	791.000
8.100	114832.000	15647.221	801.000
8.110	114987.000	15603.055	828.000
8.120	115144.000	15632.138	806.000
8.130	115300.000	15622.497	809.000
8.140	115459.000	15705.748	748.000
8.150	115617.000	15734.023	722.000
8.160	115775.000	15753.816	700.000
8.170	115930.000	15677.671	745.000
8.180	116087.000	15684.370	735.000
8.190	116244.000	15689.059	727.000
8.200	116401.000	15692.341	719.000
8.210	116557.000	15664.639	732.000
8.220	116712.000	15615.247	762.000
8.230	116866.000	15550.673	806.000
8.240	117022.000	15565.471	796.000
8.250	117175.000	15485.830	852.000
8.260	117329.000	15460.081	874.000
8.270	117481.000	15382.057	933.000
8.280	117633.000	15327.440	980.000
8.290	117786.000	15319.208	997.000
8.300	117939.000	15313.445	1012.000
8.310	118091.000	15279.412	1048.000
8.320	118247.000	15375.588	993.000
8.330	118396.000	15232.912	1102.000
8.340	118550.000	15283.038	1082.000
8.350	118703.000	15288.127	1091.000
8.360	118858.000	15351.689	1059.000
8.370	119008.000	15246.182	1143.000
8.380	119161.000	15262.327	1147.000
8.390	119315.000	15303.629	1131.000
8.400	119468.000	15302.540	1144.000
8.410	119622.000	15331.778	1136.000
8.420	119776.000	15352.245	1132.000
8.430	119932.000	15426.571	1089.000
8.440	120087.000	15448.600	1080.000
8.450	120239.000	15374.020	1138.000
8.460	120393.000	15381.814	1141.000
8.470	120547.000	15387.270	1146.000
8.480	120703.000	15451.089	1109.000
8.490	120859.000	15495.762	1083.000
8.500	121015.000	15527.034	1064.000
8.510	121167.000	15428.923	1135.000
8.520	121318.000	15330.246	1211.000
8.530	121472.000	15351.173	1207.000
8.540	121624.000	15305.821	1248.000
8.550	121779.000	15364.075	1219.000
8.560	121930.000	15284.852	1284.000
8.570	122082.000	15259.397	1315.000
8.580	122234.000	15241.578	1341.000
8.590	122384.000	15169.104	1407.000
8.600	122537.000	15208.373	1398.000
8.610	122690.000	15235.861	1395.000
8.620	122841.000	15195.103	1438.000
8.630	122996.000	15286.572	1391.000
8.640	123144.000	15140.600	1507.000
8.650	123298.000	15218.420	1471.000
8.660	123451.000	15242.894	1470.000
8.670	123600.000	15140.026	1557.000
8.680	123749.000	15068.018	1627.000
8.690	123903.000	15167.613	1580.000
8.700	124054.000	15147.329	1612.000
8.710	124210.000	15283.130	1536.000
8.720	124363.000	15288.191	1545.000
8.730	124515.000	15261.734	1576.000
8.740	124671.000	15363.214	1519.000
8.750	124824.000	15344.250	1541.000
8.760	124979.000	15390.975	1519.000
8.770	125138.000	15543.682	1419.000
8.780	125292.000	15500.578	1450.000
8.790	125455.000	15740.404	1285.000
8.800	125610.000	15668.283	1327.000
8.810	125767.000	15677.798	1316.000
8.820	125932.000	15924.459	1137.000
8.830	126088.000	15827.121	1189.000
8.840	126250.000	15938.985	1098.000
8.850	126410.000	15957.289	1068.000
8.860	126575.000	16120.103	936.000
8.870	126735.000	16084.072	936.000
8.880	126899.000	16178.850	845.000
8.890	127064.000	16275.195	749.000
8.900	127223.000	16162.637	796.000
8.910	127387.000	16233.846	719.000
8.920	127553.000	16343.692	611.000
8.930	127714.000	16270.584	626.000
8.940	127875.000	16219.409	630.000
8.950	128035.000	16153.586	647.000
8.960	128195.000	16107.510	652.000
8.970	128353.000	16015.257	692.000
8.980	128510.000	15920.680	738.000
8.990	128670.000	15944.476	705.000
9.000	128825.000	15811.133	782.000
9.010	128982.000	15777.793	794.000
9.020	129138.000	15724.455	822.000
9.030	129289.000	15537.119	946.000
9.040	129444.000	15525.983	955.000
9.050	129602.000	15608.188	899.000
9.060	129757.000	15575.732	920.000
9.070	129916.000	15673.012	851.000
9.080	130067.000	15501.109	967.000
9.090	130221.000	15470.776	992.000
9.100	130381.000	15629.543	884.000
9.110	130532.000	15470.680	993.000
9.120	130688.000	15509.476	970.000
9.130	130844.000	15536.633	953.000
9.140	131000.000	15555.643	941.000
9.150	131152.000	15448.950	1017.000
9.160	131307.000	15464.265	1012.000
9.170	131463.000	15504.986	987.000
9.180	131620.000	15563.490	949.000
9.190	131775.000	15544.443	962.000
9.200	131932.000	15591.110	931.000
9.210	132090.000	15653.777	885.000
9.220	132247.000	15667.644	871.000
9.230	132405.000	15707.351	839.000
9.240	132559.000	15615.146	897.000
9.250	132715.000	15610.602	898.000
9.260	132871.000	15607.421	898.000
9.270	133027.000	15605.195	898.000
9.280	133182.000	15573.636	918.000
9.290	133337.000	15551.546	933.000
9.300	133492.000	15536.082	945.000
9.310	133647.000	15525.257	954.000
9.320	133799.000	15427.680	1024.000
9.330	133951.000	15359.376	1079.000
9.340	134104.000	15341.563	1101.000
9.350	134254.000	15239.094	1183.000
9.360	134408.000	15287.366	1164.000
9.370	134562.000	15321.156	1153.000
9.380	134717.000	15374.809	1126.000
9.390	134871.000	15382.367	1130.000
9.400	135027.000	15447.657	1092.000
9.410	135184.000	15523.360	1044.000
9.420	135337.000	15456.352	1093.000
9.430	135492.000	15469.446	1089.000
9.440	135647.000	15478.612	1087.000
9.450	135804.000	15545.029	1044.000
9.460	135960.000	15561.520	1034.000
9.470	136115.000	15543.064	1047.000
9.480	136272.000	15590.145	1015.000
9.490	136427.000	15563.101	1032.000
9.500	136583.000	15574.171	1025.000
9.510	136741.000	15641.920	977.000
9.520	136900.000	15719.344	919.000
9.530	137060.000	15803.541	852.000
9.540	137216.000	15742.478	884.000
9.550	137375.000	15789.735	843.000
9.560	137530.000	15702.814	894.000
9.570	137687.000	15701.970	888.000
9.580	137836.000	15461.379	1051.000
9.590	137988.000	15382.965	1111.000
9.600	138137.000	15238.076	1222.000
9.610	138283.000	15046.653	1371.000
9.620	138430.000	14942.657	1468.000
9.630	138580.000	14959.860	1485.000
9.640	138728.000	14911.902	1546.000
9.650	138872.000	14758.331	1684.000
9.660	139017.000	14680.832	1776.000
9.670	139161.000	14596.582	1876.000
9.680	139307.000	14597.608	1919.000
9.690	139454.000	14628.325	1942.000
9.700	139598.000	14559.828	2033.000
9.710	139750.000	14751.879	1944.000
9.720	139899.000	14796.316	1950.000
9.730	140051.000	14917.421	1900.000
9.740	140203.000	15002.195	1870.000
9.750	140357.000	15121.536	1811.000
9.760	140512.000	15235.075	1752.000
9.770	140668.000	15344.553	1690.000
9.780	140823.000	15391.187	1667.000
9.790	140981.000	15513.831	1589.000
9.800	141135.000	15479.682	1615.000
9.810	141295.000	15635.777	1509.000
9.820	141447.000	15505.044	1598.000
9.830	141607.000	15653.531	1496.000
9.840	141764.000	15667.472	1482.000
9.850	141922.000	15707.230	1449.000
9.860	142083.000	15825.061	1360.000
9.870	142244.000	15907.543	1290.000
9.880	142406.000	15995.280	1213.000
9.890	142572.000	16176.696	1065.000
9.900	142737.000	16273.687	969.000
9.910	142903.000	16371.581	867.000
9.920	143067.000	16380.107	825.000
9.930	143235.000	16506.075	699.000
9.940	143402.000	16564.252	615.000
9.950	143564.000	16454.977	646.000
9.960	143731.000	16528.484	553.000
9.970	143893.000	16429.939	579.000
9.980	144056.000	16390.957	566.000
9.990	144215.000	16243.670	632.000
10.000	144372.000	16080.569	716.000
10.010	144532.000	16056.398	709.000
10.020	144687.000	15889.479	804.000
10.030	144845.000	15862.635	809.000
10.040	145005.000	15903.845	766.000
10.050	145162.000	15842.691	793.000
10.060	145318.000	15769.884	832.000
10.070	145478.000	15838.919	774.000
10.080	145634.000	15767.243	812.000
10.090	145790.000	15717.070	838.000
10.100	145946.000	15681.949	856.000
10.110	146100.000	15597.364	910.000
10.120	146256.000	15598.155	908.000
10.130	146411.000	15568.709	927.000
10.140	146567.000	15578.096	920.000
10.150	146724.000	15614.667	894.000
10.160	146881.000	15640.267	874.000
10.170	147039.000	15688.187	837.000
10.180	147195.000	15661.731	850.000
10.190	147349.000	15583.212	900.000
10.200	147507.000	15648.248	854.000
10.210	147661.000	15573.774	902.000
10.220	147817.000	15581.642	897.000
10.230	147973.000	15587.149	892.000
10.240	148129.000	15591.004	888.000
10.250	148287.000	15653.703	843.000
10.260	148445.000	15697.592	808.000
10.270	148602.000	15698.314	801.000
10.280	148761.000	15758.820	753.000
10.290	148917.000	15711.174	777.000
10.300	149073.000	15677.822	794.000
10.310	149228.000	15624.475	826.000
10.320	149380.000	15497.133	913.000
10.330	149534.000	15467.993	937.000
10.340	149688.000	15447.595	956.000
10.350	149839.000	15343.317	1035.000
10.360	149990.000	15270.322	1096.000
10.370	150142.000	15249.225	1125.000
10.380	150296.000	15294.458	1107.000
10.390	150451.000	15356.120	1076.000
10.400	150604.000	15339.284	1098.000
10.410	150756.000	15297.499	1137.000
10.420	150911.000	15358.249	1107.000
10.430	151063.000	15310.774	1150.000
10.440	151217.000	15337.542	1143.000
10.450	151370.000	15326.279	1161.000
10.460	151523.000	15318.396	1177.000
10.470	151679.000	15402.877	1129.000
10.480	151831.000	15342.014	1179.000
10.490	151986.000	15389.410	1156.000
10.500	152140.000	15392.587	1162.000
10.510	152294.000	15394.811	1168.000
10.520	152447.000	15366.368	1196.000
10.530	152600.000	15346.457	1219.000
10.540	152753.000	15332.520	1239.000
10.550	152906.000	15322.764	1257.000
10.560	153059.000	15315.935	1273.000
10.570	153212.000	15311.154	1287.000
10.580	153366.000	15337.808	1280.000
10.590	153517.000	15266.466	1341.000
10.600	153668.000	15216.526	1390.000
10.610	153822.000	15271.568	1367.000
10.620	153975.000	15280.098	1374.000
10.630	154126.000	15226.068	1425.000
10.640	154274.000	15098.248	1531.000
10.650	154416.000	14828.774	1742.000
10.660	154565.000	14850.141	1761.000
10.670	154710.000	14745.099	1867.000
10.680	154854.000	14641.569	1978.000
10.690	155001.000	14659.099	2008.000
10.700	155146.000	14611.369	2083.000
10.710	155295.000	14697.958	2066.000
10.720	155441.000	14668.571	2126.000
10.730	155588.000	14678.000	2160.000
10.740	155738.000	14774.600	2133.000
10.750	155889.000	14872.220	2100.000
10.760	156040.000	14940.554	2084.000
10.770	156193.000	15048.388	2037.000
10.780	156347.000	15153.871	1986.000
10.790	156496.000	15077.710	2059.000
10.800	156646.000	15054.397	2097.000
10.810	156795.000	15008.078	2153.000
10.820	156946.000	15035.655	2159.000
10.830	157102.000	15204.958	2064.000
10.840	157261.000	15413.471	1934.000
10.850	157414.000	15379.430	1965.000
10.860	157570.000	15445.601	1927.000
10.870	157730.000	15611.920	1815.000
10.880	157885.000	15578.344	1837.000
10.890	158046.000	15734.841	1726.000
10.900	158205.000	15784.389	1683.000
10.910	158368.000	15939.072	1564.000
10.920	158533.000	16107.350	1429.000
10.930	158699.000	16255.145	1300.000
10.940	158869.000	16478.602	1111.000
10.950	159036.000	16545.021	1022.000
10.960	159206.000	16681.515	881.000
10.970	159376.000	16777.060	763.000
10.980	159538.000	16603.942	829.000
10.990	159708.000	16722.760	698.000
11.000	159874.000	16685.932	671.000
11.010	160040.000	16660.152	638.000
11.020	160203.000	16552.107	664.000
11.030	160370.000	16596.475	588.000
11.040	160534.000	16537.532	582.000
11.050	160695.000	16406.273	630.000
11.060	160857.000	16344.391	635.000
11.070	161018.000	16271.074	651.000
11.080	161175.000	16099.751	739.000
11.090	161333.000	16009.826	778.000
11.100	161491.000	15946.878	802.000
11.110	161652.000	15992.815	752.000
11.120	161812.000	15994.970	731.000
11.130	161971.000	15966.479	731.000
11.140	162131.000	15976.535	706.000
11.150	162286.000	15833.575	788.000
11.160	162444.000	15823.502	782.000
11.170	162601.000	15786.452	797.000
11.180	162760.000	15820.516	763.000
11.190	162918.000	15814.361	755.000
11.200	163073.000	15720.053	810.000
11.210	163228.000	15654.037	850.000
11.220	163385.000	15667.826	836.000
11.230	163543.000	15707.478	803.000
11.240	163702.000	15765.235	756.000
11.250	163861.000	15805.664	718.000
11.260	164023.000	15923.965	624.000
11.270	164178.000	15796.776	697.000
11.280	164336.000	15797.743	686.000
11.290	164493.000	15768.420	696.000
11.300	164652.000	15807.894	659.000
11.310	164809.000	15775.526	670.000
11.320	164967.000	15782.868	656.000
11.330	165120.000	15638.008	748.000
11.340	165273.000	15536.605	816.000
11.350	165426.000	15465.624	867.000
11.360	165579.000	15415.937	907.000
11.370	165731.000	15351.156	959.000
11.380	165884.000	15335.809	980.000
11.390	166035.000	15265.066	1040.000
11.400	166186.000	15215.546	1089.000
11.410	166338.000	15210.882	1108.000
11.420	166491.000	15237.618	1105.000
11.430	166645.000	15286.332	1086.000
11.440	166800.000	15350.433	1054.000
11.450	166952.000	15305.303	1095.000
11.460	167107.000	15363.712	1066.000
11.470	167262.000	15404.598	1046.000
11.480	167416.000	15403.219	1055.000
11.490	167571.000	15432.253	1042.000
11.500	167726.000	15452.577	1033.000
11.510	167882.000	15496.804	1007.000
11.520	168038.000	15527.763	989.000
11.530	168192.000	15489.434	1017.000
11.540	168348.000	15522.604	998.000
11.550	168502.000	15485.823	1025.000
11.560	168657.000	15490.076	1026.000
11.570	168813.000	15523.053	1006.000
11.580	168970.000	15576.137	971.000
11.590	169123.000	15493.296	1029.000
11.600	169274.000	15375.307	1115.000
11.610	169425.000	15292.715	1182.000
11.620	169578.000	15294.901	1193.000
11.630	169722.000	15026.430	1394.000
11.640	169874.000	15078.501	1382.000
11.650	170018.000	14874.951	1548.000
11.660	170164.000	14792.466	1637.000
11.670	170311.000	14764.726	1692.000
11.680	170457.000	14715.308	1764.000
11.690	170604.000	14710.716	1806.000
11.700	170748.000	14617.501	1911.000
11.710	170891.000	14522.251	2021.000
11.720	171036.000	14515.575	2074.000
11.730	171179.000	14450.903	2167.000
11.740	171327.000	14555.632	2144.000
11.750	171472.000	14538.942	2202.000
11.760	171619.000	14587.260	2215.000
11.770	171767.000	14651.082	2215.000
11.780	171915.000	14695.757	2226.000
11.790	172063.000	14727.030	2243.000
11.800	172218.000	14958.921	2119.000
11.810	172369.000	15001.245	2116.000
11.820	172524.000	15150.871	2037.000
11.830	172680.000	15285.610	1961.000
11.840	172837.000	15409.927	1886.000
11.850	172999.000	15646.949	1726.000
11.860	173155.000	15632.864	1733.000
11.870	173314.000	15713.005	1673.000
11.880	173477.000	15889.103	1542.000
11.890	173638.000	15952.372	1483.000
11.900	173807.000	16236.661	1265.000
11.910	173970.000	16255.662	1221.000
11.920	174131.000	16208.964	1222.000
11.930	174296.000	16296.275	1131.000
11.940	174459.000	16297.392	1097.000
11.950	174624.000	16358.175	1021.000
11.960	174792.000	16490.722	891.000
11.970	174961.000	16613.506	762.000
11.980	175124.000	16519.454	780.000
11.990	175291.000	16573.618	699.000
12.000	175455.000	16521.532	689.000
12.010	175620.000	16515.073	0.000
12.020	175784.000	16480.551	0.000
12.030	175945.000	16366.386	0.000
12.040	176106.000	16286.470	0.000
12.050	176264.000	16140.529	0.000
12.060	176420.000	15978.370	0.000
12.070	176577.000	15894.859	0.000
12.080	176726.000	15596.401	0.000
12.090	176878.000	15477.481	0.000
12.100	177025.000	15244.237	0.000
12.110	177172.000	15080.966	0.000
12.120	177314.000	14816.676	0.000
12.130	177456.000	14631.673	0.000
12.140	177597.000	14472.171	0.000
12.150	177739.000	14390.520	0.000
12.160	177874.000	14123.364	0.000
12.170	178008.000	13906.355	0.000
12.180	178144.000	13814.448	0.000
12.190	178278.000	13690.114	0.000
12.200	178409.000	13513.080	0.000
12.210	178539.000	13359.156	0.000
12.220	178667.000	13191.409	0.000
12.230	178793.000	13013.986	0.000
12.240	178919.000	12889.790	0.000
12.250	179043.000	12742.853	0.000
12.260	179167.000	12639.997	0.000
12.270	179285.000	12387.998	0.000
12.280	179404.000	12241.599	0.000
12.290	179521.000	12079.119	0.000
12.300	179638.000	11965.383	0.000
12.310	179751.000	11765.768	0.000
12.320	179865.000	11656.038	0.000
12.330	179976.000	11489.226	0.000
12.340	180086.000	11342.459	0.000
12.350	180194.000	11179.721	0.000
12.360	180300.000	11005.805	0.000
12.370	180406.000	10884.063	0.000
12.380	180509.000	10708.844	0.000
12.390	180612.000	10586.191	0.000
12.400	180714.000	10470.334	0.000
12.410	180814.000	10329.234	0.000
12.420	180911.000	10140.464	0.000
12.430	181007.000	9978.324	0.000
12.440	181099.000	9744.827	0.000
12.450	181190.000	9551.379	0.000
12.460	181278.000	9325.965	0.000
12.470	181365.000	9138.176	0.000
12.480	181449.000	8916.723	0.000
12.490	181531.000	8701.706	0.000
12.500	181611.000	8491.194	0.000
12.510	181691.000	8343.836	0.000
12.520	181766.000	8090.685	0.000
12.530	181839.000	7853.480	0.000
12.540	181910.000	7627.436	0.000
12.550	181980.000	7439.205	0.000
12.560	182046.000	7187.444	0.000
12.570	182112.000	7011.210	0.000
12.580	182176.000	6827.847	0.000
12.590	182239.000	6669.493	0.000
12.600	182301.000	6528.645	0.000
12.610	182362.000	6400.052	0.000
12.620	182423.000	6310.036	0.000
12.630	182482.000	6187.025	0.000
12.640	182540.000	6070.918	0.000
12.650	182597.000	5959.642	0.000
12.660	182652.000	5821.750	0.000
12.670	182704.000	5635.225	0.000
12.680	182752.000	5384.657	0.000
12.690	182798.000	5149.260	0.000
12.700	182842.000	4924.482	0.000
12.710	182885.000	4737.137	0.000
12.720	182926.000	4545.996	0.000
12.730	182967.000	4412.197	0.000
12.740	183004.000	4198.538	0.000
12.750	183041.000	4048.977	0.000
12.760	183077.000	3914.284	0.000
12.770	183111.000	3759.999	0.000
12.780	183144.000	3621.999	0.000
12.790	183176.000	3495.399	0.000
12.800	183207.000	3376.780	0.000
12.810	183235.000	3203.746	0.000
12.820	183263.000	3082.622	0.000
12.830	183288.000	2907.835	0.000
12.840	183312.000	2755.485	0.000
12.850	183335.000	2618.839	0.000
12.860	183355.000	2433.188	0.000
12.870	183375.000	2303.231	0.000
12.880	183392.000	2122.262	0.000
12.890	183407.000	1935.583	0.000
12.900	183421.000	1774.908	0.000
12.910	183433.000	1602.436	0.000
12.920	183443.000	1421.705	0.000
12.930	183451.000	1235.194	0.000
12.940	183456.000	1014.635	0.000
12.950	183460.000	830.245	0.000
12.960	183462.000	641.171	0.000
12.970	183463.000	478.820	0.000
12.980	183460.000	245.174	0.000
12.990	183457.000	81.622	0.000
13.000	183451.000	-122.865	0.000
13.010	183444.000	-296.005	0.000
13.020	183435.000	-477.204	0.000
13.030	183426.000	-604.043	0.000
13.040	183415.000	-752.830	0.000
13.050	183403.000	-886.981	0.000
13.060	183390.000	-1010.887	0.000
13.070	183376.000	-1127.621	0.000
13.080	183363.000	-1179.334	0.000
13.090	183348.000	-1275.534	0.000
13.100	183334.000	-1312.874	0.000
13.110	183319.000	-1369.012	0.000
13.120	183304.000	-1408.308	0.000
13.130	183289.000	-1435.816	0.000
13.140	183274.000	-1455.071	0.000
13.150	183259.000	-1468.550	0.000
13.160	183244.000	-1477.985	0.000
13.170	183230.000	-1454.589	0.000
13.180	183215.000	-1468.213	0.000
13.190	183202.000	-1417.749	0.000
13.200	183188.000	-1412.424	0.000
13.210	183176.000	-1348.697	0.000
13.220	183163.000	-1334.088	0.000
13.230	183152.000	-1263.861	0.000
13.240	183141.000	-1214.703	0.000
13.250	183130.000	-1180.292	0.000
13.260	183121.000	-1096.204	0.000
13.270	183112.000	-1037.343	0.000
13.280	183104.000	-966.140	0.000
13.290	183096.000	-916.298	0.000
13.300	183090.000	-821.409	0.000
13.310	183084.000	-754.986	0.000
13.320	183079.000	-678.490	0.000
13.330	183075.000	-594.943	0.000
13.340	183071.000	-536.460	0.000
13.350	183069.000	-435.522	0.000
13.360	183067.000	-364.866	0.000
13.370	183066.000	-285.406	0.000
13.380	183066.000	-199.784	0.000
13.390	183067.000	-109.849	0.000
13.400	183069.000	-16.894	0.000
13.410	183072.000	78.174	0.000
13.420	183075.000	144.722	0.000
13.430	183079.000	221.305	0.000
13.440	183083.000	274.914	0.000
13.450	183087.000	312.440	0.000
13.460	183092.000	368.708	0.000
13.470	183098.000	438.095	0.000
13.480	183103.000	456.667	0.000
13.490	183109.000	499.667	0.000
13.500	183115.000	529.767	0.000
13.510	183120.000	520.837	0.000
13.520	183126.000	544.586	0.000
13.530	183131.000	531.210	0.000
13.540	183136.000	521.847	0.000
13.550	183142.000	545.293	0.000
13.560	183146.000	501.705	0.000
13.570	183151.000	501.194	0.000
13.580	183155.000	470.835	0.000
13.590	183159.000	449.585	0.000
13.600	183162.000	404.709	0.000
13.610	183164.000	343.297	0.000
13.620	183167.000	330.308	0.000
13.630	183168.000	261.215	0.000
13.640	183170.000	242.851	0.000
13.650	183171.000	199.996	0.000
13.660	183171.000	139.997	0.000
13.670	183171.000	97.998	0.000
13.680	183171.000	68.598	0.000
13.690	183170.000	18.019	0.000
13.700	183169.000	-17.387	0.000
13.710	183167.000	-72.171	0.000
13.720	183165.000	-110.520	0.000
13.730	183163.000	-137.364	0.000
13.740	183160.000	-186.155	0.000
13.750	183158.000	-190.308	0.000
13.760	183155.000	-223.216	0.000
13.770	183152.000	-246.251	0.000
13.780	183149.000	-262.376	0.000
13.790	183146.000	-273.663	0.000
13.800	183144.000	-251.564	0.000
13.810	183141.000	-266.095	0.000
13.820	183138.000	-276.266	0.000
13.830	183136.000	-253.386	0.000
13.840	183134.000	-237.371	0.000
13.850	183132.000	-226.159	0.000
13.860	183130.000	-218.312	0.000
13.870	183129.000	-182.818	0.000
13.880	183128.000	-157.973	0.000
13.890	183127.000	-140.581	0.000
13.900	183127.000	-98.407	0.000
13.910	183127.000	-68.885	0.000
13.920	183127.000	-48.219	0.000
13.930	183127.000	-33.753	0.000
13.940	183128.000	6.373	0.000
13.950	183129.000	34.461	0.000
13.960	183130.000	54.123	0.000
13.970	183131.000	67.886	0.000
13.980	183133.000	107.520	0.000
13.990	183135.000	135.264	0.000
14.000	183136.000	124.685	0.000
14.010	183138.000	147.279	0.000
14.020	183139.000	133.096	0.000
14.030	183141.000	153.167	0.000
14.040	183143.000	167.217	0.000
14.050	183144.000	147.052	0.000
14.060	183146.000	162.936	0.000
14.070	183147.000	144.055	0.000
14.080	183148.000	130.839	0.000
14.090	183149.000	121.587	0.000
14.100	183150.000	115.111	0.000
14.110	183150.000	80.578	0.000
14.120	183151.000	86.404	0.000
14.130	183151.000	60.483	0.000
14.140	183151.000	42.338	0.000
14.150	183150.000	-0.363	0.000
14.160	183150.000	-0.254	0.000
14.170	183149.000	-30.178	0.000
14.180	183148.000	-51.125	0.000
14.190	183147.000	-65.787	0.000
14.200	183146.000	-76.051	0.000
14.210	183145.000	-83.236	0.000
14.220	183144.000	-88.265	0.000
14.230	183143.000	-91.786	0.000
14.240	183142.000	-94.250	0.000
14.250	183141.000	-95.975	0.000
14.260	183140.000	-97.182	0.000
14.270	183139.000	-98.028	0.000
14.280	183138.000	-98.619	0.000
14.290	183137.000	-99.034	0.000
14.300	183137.000	-69.324	0.000
14.310	183136.000	-78.526	0.000
14.320	183136.000	-54.969	0.000
14.330	183136.000	-38.478	0.000
14.340	183136.000	-26.935	0.000
14.350	183136.000	-18.854	0.000
14.360	183136.000	-13.198	0.000
14.370	183136.000	-9.239	0.000
14.380	183137.000	23.533	0.000
14.390	183137.000	16.473	0.000
14.400	183138.000	41.531	0.000
14.410	183139.000	59.072	0.000
14.420	183139.000	41.350	0.000
14.430	183140.000	58.945	0.000
14.440	183141.000	71.262	0.000
14.450	183142.000	79.883	0.000
14.460	183143.000	85.918	0.000
14.470	183143.000	60.143	0.000
14.480	183144.000	72.100	0.000
14.490	183144.000	50.470	0.000
14.500	183145.000	65.329	0.000
14.510	183145.000	45.730	0.000
14.520	183145.000	32.011	0.000
14.530	183145.000	22.408	0.000
14.540	183145.000	15.685	0.000
14.550	183145.000	10.980	0.000
14.560	183145.000	7.686	0.000
14.570	183145.000	5.380	0.000
14.580	183144.000	-26.234	0.000
14.590	183144.000	-18.364	0.000
14.600	183144.000	-12.855	0.000
14.610	183143.000	-38.998	0.000
14.620	183143.000	-27.299	0.000
14.630	183142.000	-49.109	0.000
14.640	183141.000	-64.376	0.000
14.650	183141.000	-45.063	0.000
14.660	183140.000	-61.544	0.000
14.670	183140.000	-43.081	0.000
14.680	183139.000	-60.157	0.000
14.690	183139.000	-42.110	0.000
14.700	183139.000	-29.477	0.000
14.710	183139.000	-20.634	0.000
14.720	183139.000	-14.444	0.000
14.730	183139.000	-10.111	0.000
14.740	183139.000	-7.077	0.000
14.750	183139.000	-4.954	0.000
14.760	183139.000	-3.468	0.000
14.770	183139.000	-2.428	0.000
14.780	183140.000	28.301	0.000
14.790	183140.000	19.811	0.000
14.800	183141.000	43.867	0.000
14.810	183141.000	30.707	0.000
14.820	183142.000	51.495	0.000
14.830	183142.000	36.047	0.000
14.840	183143.000	55.233	0.000
14.850	183143.000	38.663	0.000
14.860	183143.000	27.064	0.000
14.870	183143.000	18.945	0.000
14.880	183143.000	13.261	0.000
14.890	183143.000	9.283	0.000
14.900	183143.000	6.498	0.000
14.910	183143.000	4.549	0.000
14.920	183143.000	3.184	0.000
14.930	183143.000	2.229	0.000
14.940	183143.000	1.560	0.000
14.950	183143.000	1.092	0.000
14.960	183143.000	0.764	0.000
14.970	183142.000	-29.465	0.000
14.980	183142.000	-20.625	0.000
14.990	183142.000	-14.438	0.000
15.000	183141.000	-40.106	0.000
