0.000	0.000	0.000	0.000
0.010	1.000	30.000	-21.000
0.020	0.000	-9.000	5.000
0.030	-2.000	-66.300	46.000
0.040	-3.000	-76.410	56.000
0.050	-5.000	-113.487	85.000
0.060	-7.000	-139.441	109.000
0.070	-9.000	-157.609	128.000
0.080	-11.000	-170.326	144.000
0.090	-13.000	-179.228	158.000
0.100	-15.000	-185.460	171.000
0.110	-17.000	-189.822	183.000
0.120	-18.000	-162.875	172.000
0.130	-19.000	-144.013	166.000
0.140	-19.000	-100.809	143.000
0.150	-20.000	-100.566	147.000
0.160	-20.000	-70.396	130.000
0.170	-20.000	-49.277	119.000
0.180	-19.000	-4.494	89.000
0.190	-19.000	-3.146	89.000
0.200	-18.000	27.798	67.000
0.210	-17.000	49.458	51.000
0.220	-17.000	34.621	59.000
0.230	-16.000	54.235	43.000
0.240	-15.000	67.964	31.000
0.250	-14.000	77.575	21.000
0.260	-14.000	54.302	34.000
0.270	-13.000	68.012	22.000
0.280	-13.000	47.608	33.000
0.290	-13.000	33.326	41.000
0.300	-13.000	23.328	47.000
0.310	-13.000	16.330	51.000
0.320	-13.000	11.431	53.000
0.330	-13.000	8.002	55.000
0.340	-14.000	-24.399	78.000
0.350	-14.000	-17.079	74.000
0.360	-15.000	-41.955	92.000
0.370	-15.000	-29.369	85.000
0.380	-16.000	-50.558	101.000
0.390	-16.000	-35.391	93.000
0.400	-16.000	-24.774	87.000
0.410	-17.000	-47.341	104.000
0.420	-17.000	-33.139	96.000
0.430	-17.000	-23.197	91.000
0.440	-17.000	-16.238	87.000
0.450	-17.000	-11.367	84.000
0.460	-17.000	-7.957	82.000
0.470	-17.000	-5.570	81.000
0.480	-16.000	26.101	59.000
0.490	-16.000	18.271	63.000
0.500	-16.000	12.790	66.000
0.510	-16.000	8.953	283.000
0.520	-15.000	36.267	493.000
0.530	-14.000	55.387	721.000
0.540	-12.000	98.771	945.000
0.550	-8.000	189.140	1148.000
0.560	-2.000	312.398	1338.000
0.570	6.000	458.678	1519.000
0.580	17.000	651.075	1676.000
0.590	29.000	815.752	1857.000
0.600	41.000	931.027	2080.000
0.610	53.000	1011.719	2336.000
0.620	64.000	1038.203	2640.000
0.630	93.000	1596.742	2582.000
0.640	131.000	2257.720	2440.000
0.650	166.000	2630.404	2486.000
0.660	205.000	3011.283	2522.000
0.670	251.000	3487.898	2488.000
0.680	302.000	3971.528	2440.000
0.690	356.000	4400.070	2424.000
0.700	415.000	4850.049	2387.000
0.710	477.000	5255.034	2374.000
0.720	541.000	5598.524	2401.000
0.730	609.000	5958.967	2414.000
0.740	679.000	6271.277	2458.000
0.750	756.000	6699.894	2420.000
0.760	836.000	7089.926	2403.000
0.770	920.000	7482.948	2381.000
0.780	1004.000	7758.064	2438.000
0.790	1090.000	8010.644	2511.000
0.800	1180.000	8307.451	2557.000
0.810	1273.000	8605.216	2601.000
0.820	1369.000	8903.651	2646.000
0.830	1468.000	9202.556	2691.000
0.840	1570.000	9501.789	2736.000
0.850	1678.000	9891.252	2717.000
0.860	1789.000	10253.877	2714.000
0.870	1901.000	10537.714	2763.000
0.880	2019.000	10916.400	2747.000
0.890	2141.000	11301.480	2723.000
0.900	2262.000	11541.036	2798.000
0.910	2387.000	11828.725	2842.000
0.920	2515.000	12120.108	2884.000
0.930	2648.000	12474.075	2882.000
0.940	2785.000	12841.853	2869.000
0.950	2924.000	13159.297	2888.000
0.960	3065.000	13441.508	2932.000
0.970	3206.000	13639.055	3036.000
0.980	3354.000	13987.339	3039.000
0.990	3502.000	14231.137	3114.000
1.000	3655.000	14551.796	3137.000
1.010	3814.000	14956.257	2886.000
1.020	3971.000	15179.380	2743.000
1.030	4132.000	15455.566	2553.000
1.040	4292.000	15618.896	2430.000
1.050	4453.000	15763.227	2313.000
1.060	4620.000	16044.259	2093.000
1.070	4787.000	16240.981	1919.000
1.080	4957.000	16468.687	1715.000
1.090	5124.000	16538.081	1612.000
1.100	5292.000	16616.657	1499.000
1.110	5462.000	16731.660	1356.000
1.120	5628.000	16692.162	1318.000
1.130	5797.000	16754.513	1209.000
1.140	5970.000	16918.159	1026.000
1.150	6137.000	16852.711	997.000
1.160	6312.000	17046.898	789.000
1.170	6480.000	16972.829	760.000
1.180	6652.000	17040.980	634.000
1.190	6814.000	16788.686	731.000
1.200	6983.000	16822.080	639.000
1.210	7150.000	16785.456	594.000
1.220	7316.000	16729.819	564.000
1.230	7484.000	16750.874	483.000
1.240	7652.000	16765.611	405.000
1.250	7817.000	16685.928	393.000
1.260	7981.000	16600.150	389.000
1.270	8142.000	16450.105	434.000
1.280	8303.000	16345.073	454.000
1.290	8464.000	16271.551	457.000
1.300	8624.000	16190.086	469.000
1.310	8778.000	15953.060	594.000
1.320	8934.000	15847.142	638.000
1.330	9091.000	15802.999	643.000
1.340	9247.000	15742.100	662.000
1.350	9399.000	15579.470	755.000
1.360	9554.000	15555.629	758.000
1.370	9703.000	15358.940	884.000
1.380	9860.000	15461.258	809.000
1.390	10015.000	15472.881	792.000
1.400	10169.000	15451.016	798.000
1.410	10322.000	15405.712	822.000
1.420	10476.000	15403.998	818.000
1.430	10630.000	15402.799	813.000
1.440	10786.000	15461.959	766.000
1.450	10940.000	15443.371	770.000
1.460	11095.000	15460.360	751.000
1.470	11249.000	15442.252	755.000
1.480	11406.000	15519.576	693.000
1.490	11557.000	15393.703	771.000
1.500	11711.000	15395.592	764.000
1.510	11866.000	15426.915	737.000
1.520	12020.000	15418.840	736.000
1.530	12174.000	15413.188	733.000
1.540	12329.000	15439.232	709.000
1.550	12483.000	15427.462	710.000
1.560	12638.000	15449.224	688.000
1.570	12792.000	15434.456	690.000
1.580	12947.000	15454.120	669.000
1.590	13102.000	15467.884	652.000
1.600	13254.000	15387.519	700.000
1.610	13406.000	15331.263	734.000
1.620	13557.000	15261.884	781.000
1.630	13707.000	15183.319	837.000
1.640	13858.000	15158.323	859.000
1.650	14007.000	15080.826	919.000
1.660	14155.000	14996.578	987.000
1.670	14302.000	14907.605	1063.000
1.680	14450.000	14875.323	1103.000
1.690	14597.000	14822.726	1158.000
1.700	14744.000	14785.908	1205.000
1.710	14893.000	14820.136	1203.000
1.720	15043.000	14874.095	1186.000
1.730	15193.000	14911.867	1178.000
1.740	15344.000	14968.307	1155.000
1.750	15495.000	15007.815	1142.000
1.760	15649.000	15125.470	1071.000
1.770	15801.000	15147.829	1063.000
1.780	15954.000	15193.480	1036.000
1.790	16108.000	15255.436	997.000
1.800	16260.000	15238.805	1010.000
1.810	16412.000	15227.164	1020.000
1.820	16565.000	15249.015	1007.000
1.830	16719.000	15294.310	976.000
1.840	16874.000	15356.017	932.000
1.850	17028.000	15369.212	919.000
1.860	17183.000	15408.448	887.000
1.870	17329.000	15165.914	1052.000
1.880	17479.000	15116.140	1092.000
1.890	17628.000	15051.298	1145.000
1.900	17780.000	15095.908	1124.000
1.910	17933.000	15157.136	1090.000
1.920	18084.000	15139.995	1107.000
1.930	18232.000	15037.997	1186.000
1.940	18383.000	15056.598	1183.000
1.950	18532.000	15009.618	1227.000
1.960	18684.000	15066.733	1199.000
1.970	18829.000	14896.713	1328.000
1.980	18978.000	14897.699	1345.000
1.990	19124.000	14808.389	1425.000
2.000	19271.000	14775.873	1470.000
2.010	19415.000	14663.111	1572.000
2.020	19561.000	14644.178	1614.000
2.030	19706.000	14600.924	1673.000
2.040	19848.000	14480.647	1789.000
2.050	19994.000	14516.453	1800.000
2.060	20139.000	14511.517	1839.000
2.070	20281.000	14418.062	1940.000
2.080	20428.000	14502.643	1919.000
2.090	20576.000	14591.850	1892.000
2.100	20720.000	14534.295	1964.000
2.110	20870.000	14674.007	1900.000
2.120	21020.000	14771.805	1859.000
2.130	21169.000	14810.263	1855.000
2.140	21323.000	14987.184	1752.000
2.150	21476.000	15081.029	1699.000
2.160	21627.000	15086.720	1704.000
2.170	21781.000	15180.704	1647.000
2.180	21934.000	15216.493	1626.000
2.190	22092.000	15391.545	1506.000
2.200	22247.000	15424.082	1478.000
2.210	22404.000	15506.857	1413.000
2.220	22564.000	15654.800	1298.000
2.230	22722.000	15698.360	1250.000
2.240	22881.000	15758.852	1188.000
2.250	23044.000	15921.196	1052.000
2.260	23205.000	15974.837	985.000
2.270	23370.000	16132.386	842.000
2.280	23532.000	16152.670	789.000
2.290	23695.000	16196.869	718.000
2.300	23859.000	16257.808	633.000
2.310	24019.000	16180.466	642.000
2.320	24182.000	16216.326	576.000
2.330	24341.000	16121.428	600.000
2.340	24503.000	16145.000	544.000
2.350	24662.000	16071.500	557.000
2.360	24821.000	16020.050	556.000
2.370	24975.000	15834.035	654.000
2.380	25133.000	15823.824	635.000
2.390	25289.000	15756.677	658.000
2.400	25443.000	15649.674	711.000
2.410	25597.000	15574.772	747.000
2.420	25751.000	15522.340	770.000
2.430	25908.000	15575.638	722.000
2.440	26060.000	15462.947	787.000
2.450	26213.000	15414.063	813.000
2.460	26367.000	15409.844	810.000
2.470	26518.000	15316.891	870.000
2.480	26672.000	15341.824	850.000
2.490	26827.000	15389.276	814.000
2.500	26979.000	15332.494	849.000
2.510	27133.000	15352.745	832.000
2.520	27283.000	15246.922	903.000
2.530	27430.000	15082.845	1020.000
2.540	27585.000	15207.992	941.000
2.550	27736.000	15175.594	967.000
2.560	27890.000	15242.916	924.000
2.570	28042.000	15230.041	935.000
2.580	28193.000	15191.029	965.000
2.590	28346.000	15223.720	946.000
2.600	28498.000	15216.604	953.000
2.610	28654.000	15331.623	875.000
2.620	28803.000	15202.136	964.000
2.630	28957.000	15261.495	926.000
2.640	29109.000	15243.047	940.000
2.650	29263.000	15290.133	908.000
2.660	29419.000	15383.093	842.000
2.670	29570.000	15298.165	897.000
2.680	29725.000	15358.716	854.000
2.690	29877.000	15311.101	883.000
2.700	30030.000	15307.771	884.000
2.710	30181.000	15245.439	927.000
2.720	30332.000	15201.808	959.000
2.730	30483.000	15171.265	984.000
2.740	30634.000	15149.886	1004.000
2.750	30784.000	15104.920	1042.000
2.760	30937.000	15163.444	1008.000
2.770	31084.000	15024.411	1112.000
2.780	31238.000	15137.088	1044.000
2.790	31392.000	15215.961	995.000
2.800	31544.000	15211.173	1001.000
2.810	31696.000	15207.821	1007.000
2.820	31848.000	15205.475	1012.000
2.830	32002.000	15263.832	974.000
2.840	32154.000	15244.683	988.000
2.850	32306.000	15231.278	999.000
2.860	32460.000	15281.894	965.000
2.870	32612.000	15257.326	983.000
2.880	32768.000	15360.128	911.000
2.890	32921.000	15342.090	920.000
2.900	33074.000	15329.463	926.000
2.910	33226.000	15290.624	951.000
2.920	33376.000	15203.437	1012.000
2.930	33532.000	15322.406	932.000
2.940	33682.000	15225.684	998.000
2.950	33833.000	15187.979	1027.000
2.960	33984.000	15161.585	1050.000
2.970	34132.000	15053.110	1131.000
2.980	34282.000	15037.177	1153.000
2.990	34434.000	15086.024	1130.000
3.000	34581.000	14970.217	1220.000
3.010	34733.000	15039.152	1186.000
3.020	34882.000	14997.406	1226.000
3.030	35031.000	14968.184	1259.000
3.040	35179.000	14917.729	1309.000
3.050	35327.000	14882.410	1351.000
3.060	35473.000	14797.687	1428.000
3.070	35619.000	14738.381	1492.000
3.080	35769.000	14816.867	1462.000
3.090	35913.000	14691.807	1571.000
3.100	36058.000	14634.265	1638.000
3.110	36206.000	14683.985	1633.000
3.120	36353.000	14688.790	1657.000
3.130	36500.000	14692.153	1681.000
3.140	36653.000	14874.507	1580.000
3.150	36799.000	14792.155	1656.000
3.160	36950.000	14884.508	1613.000
3.170	37103.000	15009.156	1544.000
3.180	37261.000	15246.409	1389.000
3.190	37407.000	15052.486	1527.000
3.200	37563.000	15216.740	1422.000
3.210	37714.000	15181.718	1449.000
3.220	37871.000	15337.203	1344.000
3.230	38027.000	15416.042	1286.000
3.240	38182.000	15441.229	1262.000
3.250	38338.000	15488.861	1221.000
3.260	38493.000	15492.202	1209.000
3.270	38658.000	15794.542	986.000
3.280	38807.000	15526.179	1152.000
3.290	38967.000	15668.325	1040.000
3.300	39122.000	15617.828	1058.000
3.310	39280.000	15672.479	1004.000
3.320	39442.000	15830.736	875.000
3.330	39601.000	15851.515	835.000
3.340	39759.000	15836.060	819.000
3.350	39919.000	15885.242	759.000
3.360	40081.000	15979.670	665.000
3.370	40238.000	15895.769	692.000
3.380	40396.000	15867.038	684.000
3.390	40555.000	15876.927	650.000
3.400	40710.000	15763.849	702.000
3.410	40866.000	15714.694	715.000
3.420	41022.000	15680.286	719.000
3.430	41179.000	15686.200	696.000
3.440	41332.000	15570.340	759.000
3.450	41486.000	15519.238	782.000
3.460	41643.000	15573.467	733.000
3.470	41796.000	15491.427	777.000
3.480	41948.000	15403.999	829.000
3.490	42100.000	15342.799	866.000
3.500	42255.000	15389.959	830.000
3.510	42408.000	15362.972	844.000
3.520	42560.000	15314.080	875.000
3.530	42711.000	15249.856	918.000
3.540	42865.000	15294.899	888.000
3.550	43017.000	15266.429	907.000
3.560	43171.000	15306.501	880.000
3.570	43321.000	15214.550	943.000
3.580	43473.000	15210.185	949.000
3.590	43626.000	15237.130	933.000
3.600	43779.000	15255.991	922.000
3.610	43932.000	15269.194	914.000
3.620	44086.000	15308.435	886.000
3.630	44238.000	15275.905	908.000
3.640	44391.000	15283.133	903.000
3.650	44545.000	15318.193	878.000
3.660	44698.000	15312.735	880.000
3.670	44852.000	15338.915	860.000
3.680	45008.000	15417.240	802.000
3.690	45160.000	15352.068	842.000
3.700	45315.000	15396.448	807.000
3.710	45468.000	15367.513	822.000
3.720	45623.000	15407.259	790.000
3.730	45775.000	15345.082	828.000
3.740	45929.000	15361.557	813.000
3.750	46083.000	15373.090	801.000
3.760	46237.000	15381.163	791.000
3.770	46389.000	15326.814	825.000
3.780	46540.000	15258.770	871.000
3.790	46691.000	15211.139	905.000
3.800	46841.000	15147.797	953.000
3.810	46993.000	15163.458	948.000
3.820	47144.000	15144.421	967.000
3.830	47295.000	15131.094	982.000
3.840	47447.000	15151.766	974.000
3.850	47599.000	15166.236	970.000
3.860	47751.000	15176.365	968.000
3.870	47904.000	15213.456	947.000
3.880	48057.000	15239.419	931.000
3.890	48209.000	15227.593	941.000
3.900	48360.000	15189.315	971.000
3.910	48511.000	15162.521	994.000
3.920	48662.000	15143.765	1012.000
3.930	48816.000	15220.635	964.000
3.940	48966.000	15154.445	1014.000
3.950	49119.000	15198.111	988.000
3.960	49269.000	15138.678	1034.000
3.970	49419.000	15097.075	1070.000
3.980	49571.000	15127.952	1056.000
3.990	49723.000	15149.567	1048.000
4.000	49872.000	15074.697	1107.000
4.010	50022.000	15052.288	1132.000
4.020	50173.000	15066.601	1132.000
4.030	50324.000	15076.621	1135.000
4.040	50475.000	15083.635	1139.000
4.050	50625.000	15058.544	1166.000
4.060	50771.000	14920.981	1273.000
4.070	50918.000	14854.687	1336.000
4.080	51061.000	14688.281	1472.000
4.090	51210.000	14751.796	1455.000
4.100	51357.000	14736.258	1490.000
4.110	51503.000	14695.380	1543.000
4.120	51649.000	14666.766	1590.000
4.130	51796.000	14676.736	1611.000
4.140	51937.000	14503.715	1761.000
4.150	52079.000	14412.601	1860.000
4.160	52227.000	14528.821	1818.000
4.170	52372.000	14520.174	1858.000
4.180	52518.000	14544.122	1876.000
4.190	52663.000	14530.885	1919.000
4.200	52806.000	14461.620	2002.000
4.210	52957.000	14653.134	1905.000
4.220	53108.000	14787.194	1839.000
4.230	53256.000	14791.036	1859.000
4.240	53407.000	14883.725	1816.000
4.250	53558.000	14948.607	1788.000
4.260	53708.000	14964.025	1793.000
4.270	53862.000	15094.818	1715.000
4.280	54017.000	15216.372	1638.000
4.290	54164.000	15061.461	1750.000
4.300	54316.000	15103.022	1730.000
4.310	54469.000	15162.116	1697.000
4.320	54624.000	15263.481	1631.000
4.330	54780.000	15364.437	1560.000
4.340	54934.000	15375.106	1549.000
4.350	55090.000	15442.574	1497.000
4.360	55252.000	15669.802	1330.000
4.370	55412.000	15768.861	1242.000
4.380	55572.000	15838.203	1171.000
4.390	55733.000	15916.742	1090.000
4.400	55895.000	16001.719	1001.000
4.410	56058.000	16091.204	905.000
4.420	56222.000	16183.843	802.000
4.430	56384.000	16188.690	757.000
4.440	56547.000	16222.083	692.000
4.450	56709.000	16215.458	654.000
4.460	56869.000	16150.821	656.000
4.470	57029.000	16105.574	648.000
4.480	57184.000	15923.902	738.000
4.490	57343.000	15916.731	714.000
4.500	57500.000	15851.712	730.000
4.510	57640.000	15296.198	1095.000
4.520	57793.000	15297.339	1094.000
4.530	57951.000	15448.137	987.000
4.540	58109.000	15553.696	905.000
4.550	58268.000	15657.587	819.000
4.560	58426.000	15700.311	771.000
4.570	58582.000	15670.218	773.000
4.580	58739.000	15679.152	749.000
4.590	58895.000	15655.407	748.000
4.600	59051.000	15638.785	742.000
4.610	59207.000	15627.149	734.000
4.620	59363.000	15619.004	724.000
4.630	59518.000	15583.303	733.000
4.640	59672.000	15528.312	758.000
4.650	59826.000	15489.819	774.000
4.660	59985.000	15612.873	677.000
4.670	60140.000	15579.011	686.000
4.680	60296.000	15585.308	668.000
4.690	60451.000	15559.715	672.000
4.700	60605.000	15511.801	692.000
4.710	60761.000	15538.261	663.000
4.720	60918.000	15586.782	617.000
4.730	61073.000	15560.748	621.000
4.740	61227.000	15512.523	642.000
4.750	61382.000	15508.766	634.000
4.760	61536.000	15476.136	647.000
4.770	61691.000	15483.296	633.000
4.780	61845.000	15458.307	641.000
4.790	61996.000	15350.815	708.000
4.800	62149.000	15335.570	716.000
4.810	62297.000	15174.899	826.000
4.820	62447.000	15122.429	868.000
4.830	62596.000	15055.701	922.000
4.840	62744.000	14978.990	986.000
4.850	62894.000	14985.293	996.000
4.860	63041.000	14899.705	1069.000
4.870	63190.000	14899.794	1087.000
4.880	63342.000	14989.856	1041.000
4.890	63494.000	15052.899	1010.000
4.900	63644.000	15037.029	1031.000
4.910	63795.000	15055.920	1029.000
4.920	63947.000	15099.144	1009.000
4.930	64099.000	15129.401	996.000
4.940	64249.000	15090.581	1030.000
4.950	64401.000	15123.407	1015.000
4.960	64556.000	15236.385	943.000
4.970	64707.000	15195.469	974.000
4.980	64860.000	15226.828	955.000
4.990	65012.000	15218.780	963.000
5.000	65165.000	15243.146	949.000
5.010	65317.000	15230.202	960.000
5.020	65469.000	15221.142	968.000
5.030	65620.000	15184.799	997.000
5.040	65773.000	15219.359	976.000
5.050	65925.000	15213.552	983.000
5.060	66075.000	15149.486	1031.000
5.070	66228.000	15194.640	1006.000
5.080	66379.000	15166.248	1029.000
5.090	66527.000	15056.374	1112.000
5.100	66680.000	15129.462	1071.000
5.110	66832.000	15150.623	1063.000
5.120	66983.000	15135.436	1079.000
5.130	67130.000	15004.805	1178.000
5.140	67279.000	14973.364	1212.000
5.150	67424.000	14831.355	1326.000
5.160	67572.000	14821.948	1353.000
5.170	67715.000	14665.364	1485.000
5.180	67859.000	14585.755	1569.000
5.190	68002.000	14500.028	1661.000
5.200	68146.000	14470.020	1718.000
5.210	68291.000	14479.014	1748.000
5.220	68436.000	14485.310	1780.000
5.230	68585.000	14609.717	1729.000
5.240	68736.000	14756.802	1656.000
5.250	68882.000	14709.761	1713.000
5.260	69032.000	14796.833	1678.000
5.270	69180.000	14797.783	1699.000
5.280	69327.000	14768.448	1742.000
5.290	69481.000	14957.914	1632.000
5.300	69626.000	14820.540	1744.000
5.310	69776.000	14874.378	1727.000
5.320	69931.000	15062.064	1613.000
5.330	70076.000	14893.445	1742.000
5.340	70233.000	15135.412	1589.000
5.350	70384.000	15124.788	1603.000
5.360	70534.000	15087.352	1636.000
5.370	70691.000	15271.146	1516.000
5.380	70840.000	15159.802	1594.000
5.390	70997.000	15321.862	1486.000
5.400	71154.000	15435.303	1404.000
5.410	71313.000	15574.712	1299.000
5.420	71474.000	15732.299	1174.000
5.430	71637.000	15902.609	1033.000
5.440	71798.000	15961.826	963.000
5.450	71959.000	16003.278	903.000
5.460	72125.000	16182.295	744.000
5.470	72284.000	16097.606	762.000
5.480	72442.000	16008.324	787.000
5.490	72604.000	16065.827	713.000
5.500	72762.000	15986.079	733.000
5.510	72919.000	15900.255	761.000
5.520	73078.000	15900.179	733.000
5.530	73237.000	15900.125	705.000
5.540	73394.000	15840.088	718.000
5.550	73551.000	15798.061	722.000
5.560	73708.000	15768.643	719.000
5.570	73863.000	15688.050	754.000
5.580	74018.000	15631.635	775.000
5.590	74172.000	15562.145	807.000
5.600	74325.000	15483.501	850.000
5.610	74482.000	15548.451	795.000
5.620	74637.000	15533.916	793.000
5.630	74793.000	15553.741	767.000
5.640	74945.000	15447.619	829.000
5.650	75095.000	15313.333	916.000
5.660	75248.000	15309.333	917.000
5.670	75399.000	15246.533	960.000
5.680	75555.000	15352.573	887.000
5.690	75706.000	15276.801	937.000
5.700	75861.000	15343.761	890.000
5.710	76014.000	15330.633	896.000
5.720	76167.000	15321.443	900.000
5.730	76321.000	15345.010	882.000
5.740	76478.000	15451.507	804.000
5.750	76632.000	15436.055	806.000
5.760	76790.000	15545.238	722.000
5.770	76947.000	15591.667	678.000
5.780	77103.000	15594.167	661.000
5.790	77259.000	15595.917	646.000
5.800	77415.000	15597.142	630.000
5.810	77570.000	15567.999	636.000
5.820	77724.000	15517.599	659.000
5.830	77878.000	15482.320	673.000
5.840	78030.000	15397.624	723.000
5.850	78182.000	15338.337	759.000
5.860	78331.000	15206.836	849.000
5.870	78482.000	15174.785	875.000
5.880	78633.000	15152.349	895.000
5.890	78781.000	15046.645	976.000
5.900	78929.000	14972.651	1038.000
5.910	79082.000	15070.856	983.000
5.920	79229.000	14959.599	1071.000
5.930	79381.000	15031.719	1035.000
5.940	79531.000	15022.204	1053.000
5.950	79683.000	15075.542	1027.000
5.960	79832.000	15022.880	1074.000
5.970	79985.000	15106.016	1027.000
5.980	80134.000	15044.211	1078.000
5.990	80283.000	15000.948	1119.000
6.000	80434.000	15030.663	1111.000
6.010	80584.000	15021.464	1129.000
6.020	80735.000	15045.025	1124.000
6.030	80886.000	15061.518	1123.000
6.040	81037.000	15073.062	1125.000
6.050	81190.000	15141.144	1087.000
6.060	81338.000	15038.801	1165.000
6.070	81491.000	15117.160	1121.000
6.080	81642.000	15112.012	1132.000
6.090	81795.000	15168.409	1100.000
6.100	81948.000	15207.886	1077.000
6.110	82100.000	15205.520	1082.000
6.120	82251.000	15173.864	1108.000
6.130	82400.000	15091.705	1170.000
6.140	82552.000	15124.193	1156.000
6.150	82701.000	15056.935	1210.000
6.160	82848.000	14949.855	1296.000
6.170	82995.000	14874.898	1364.000
6.180	83142.000	14822.429	1419.000
6.190	83292.000	14875.700	1403.000
6.200	83443.000	14942.990	1374.000
6.210	83592.000	14930.093	1398.000
6.220	83738.000	14831.065	1484.000
6.230	83886.000	14821.746	1511.000
6.240	84033.000	14785.222	1557.000
6.250	84181.000	14789.655	1577.000
6.260	84324.000	14642.759	1703.000
6.270	84472.000	14689.931	1699.000
6.280	84621.000	14752.952	1681.000
6.290	84768.000	14737.066	1717.000
6.300	84918.000	14815.946	1686.000
6.310	85066.000	14811.162	1710.000
6.320	85214.000	14807.814	1734.000
6.330	85365.000	14895.470	1694.000
6.340	85511.000	14806.829	1774.000
6.350	85665.000	14984.780	1670.000
6.360	85815.000	14989.346	1681.000
6.370	85971.000	15172.542	1565.000
6.380	86122.000	15150.780	1585.000
6.390	86278.000	15285.546	1496.000
6.400	86432.000	15319.882	1471.000
6.410	86589.000	15433.917	1389.000
6.420	86749.000	15603.742	1263.000
6.430	86908.000	15692.620	1185.000
6.440	87068.000	15784.834	1101.000
6.450	87228.000	15849.384	1033.000
6.460	87385.000	15804.568	1038.000
6.470	87548.000	15953.198	909.000
6.480	87707.000	15937.239	890.000
6.490	87871.000	16076.067	762.000
6.500	88032.000	16083.247	720.000
6.510	88196.000	16178.273	617.000
6.520	88356.000	16124.791	613.000
6.530	88516.000	16087.354	601.000
6.540	88676.000	16061.148	582.000
6.550	88832.000	15922.803	644.000
6.560	88988.000	15825.962	682.000
6.570	89143.000	15728.174	726.000
6.580	89298.000	15659.722	754.000
6.590	89453.000	15611.805	770.000
6.600	89607.000	15548.264	800.000
6.610	89762.000	15533.784	797.000
6.620	89915.000	15463.649	835.000
6.630	90073.000	15564.554	756.000
6.640	90226.000	15485.188	798.000
6.650	90383.000	15549.632	744.000
6.660	90537.000	15504.742	763.000
6.670	90690.000	15443.320	796.000
6.680	90843.000	15400.324	819.000
6.690	90998.000	15430.227	792.000
6.700	91153.000	15451.159	770.000
6.710	91309.000	15495.811	731.000
6.720	91468.000	15617.068	636.000
6.730	91617.000	15401.947	772.000
6.740	91769.000	15341.363	809.000
6.750	91924.000	15388.954	772.000
6.760	92078.000	15392.268	765.000
6.770	92234.000	15454.588	716.000
6.780	92386.000	15378.211	761.000
6.790	92540.000	15384.748	752.000
6.800	92692.000	15329.324	787.000
6.810	92846.000	15350.526	769.000
6.820	93000.000	15365.369	756.000
6.830	93155.000	15405.758	723.000
6.840	93308.000	15374.031	740.000
6.850	93461.000	15351.821	751.000
6.860	93613.000	15306.275	780.000
6.870	93765.000	15274.392	801.000
6.880	93917.000	15252.075	817.000
6.890	94067.000	15176.452	871.000
6.900	94218.000	15153.517	892.000
6.910	94367.000	15077.462	951.000
6.920	94516.000	15024.223	998.000
6.930	94667.000	15046.956	994.000
6.940	94815.000	14972.869	1057.000
6.950	94965.000	14981.009	1065.000
6.960	95115.000	14986.706	1074.000
6.970	95265.000	14990.694	1085.000
6.980	95416.000	15023.486	1075.000
6.990	95567.000	15046.440	1071.000
7.000	95719.000	15092.508	1049.000
7.010	95871.000	15124.756	1035.000
7.020	96022.000	15117.329	1047.000
7.030	96175.000	15172.130	1016.000
7.040	96325.000	15120.491	1057.000
7.050	96478.000	15174.344	1026.000
7.060	96631.000	15212.041	1005.000
7.070	96781.000	15148.428	1052.000
7.080	96935.000	15223.900	1005.000
7.090	97087.000	15216.730	1013.000
7.100	97239.000	15211.711	1019.000
7.110	97389.000	15148.198	1067.000
7.120	97540.000	15133.738	1083.000
7.130	97691.000	15123.617	1097.000
7.140	97844.000	15176.532	1067.000
7.150	97995.000	15153.572	1088.000
7.160	98148.000	15197.501	1062.000
7.170	98300.000	15198.250	1066.000
7.180	98451.000	15168.775	1090.000
7.190	98602.000	15148.143	1110.000
7.200	98753.000	15133.700	1126.000
7.210	98906.000	15183.590	1097.000
7.220	99058.000	15188.513	1098.000
7.230	99205.000	15041.959	1206.000
7.240	99358.000	15119.371	1162.000
7.250	99504.000	14963.560	1279.000
7.260	99654.000	14974.492	1286.000
7.270	99802.000	14922.144	1336.000
7.280	99950.000	14885.501	1379.000
7.290	100099.000	14889.851	1393.000
7.300	100246.000	14832.896	1451.000
7.310	100389.000	14673.027	1584.000
7.320	100538.000	14741.119	1564.000
7.330	100683.000	14668.783	1640.000
7.340	100832.000	14738.148	1619.000
7.350	100983.000	14846.704	1567.000
7.360	101139.000	15072.693	1428.000
7.370	101287.000	14990.885	1495.000
7.380	101441.000	15113.619	1422.000
7.390	101589.000	15019.534	1495.000
7.400	101739.000	15013.673	1511.000
7.410	101893.000	15129.571	1442.000
7.420	102047.000	15210.700	1392.000
7.430	102202.000	15297.490	1334.000
7.440	102360.000	15448.243	1227.000
7.450	102516.000	15493.770	1187.000
7.460	102671.000	15495.639	1176.000
7.470	102823.000	15406.947	1228.000
7.480	102981.000	15524.863	1139.000
7.490	103137.000	15547.404	1112.000
7.500	103293.000	15563.183	1089.000
7.510	103452.000	15664.228	1005.000
7.520	103611.000	15734.960	937.000
7.530	103770.000	15784.472	881.000
7.540	103928.000	15789.130	855.000
7.550	104089.000	15882.391	766.000
7.560	104251.000	15977.674	671.000
7.570	104410.000	15954.372	656.000
7.580	104563.000	15758.060	763.000
7.590	104722.000	15800.642	711.000
7.600	104881.000	15830.449	666.000
7.610	105039.000	15821.315	647.000
7.620	105192.000	15664.920	733.000
7.630	105344.000	15525.444	813.000
7.640	105494.000	15367.811	913.000
7.650	105650.000	15437.468	860.000
7.660	105804.000	15426.227	860.000
7.670	105958.000	15418.359	859.000
7.680	106110.000	15352.851	899.000
7.690	106265.000	15396.996	864.000
7.700	106419.000	15397.897	858.000
7.710	106572.000	15368.528	874.000
7.720	106728.000	15437.970	821.000
7.730	106882.000	15426.579	821.000
7.740	107034.000	15358.605	862.000
7.750	107188.000	15371.024	850.000
7.760	107340.000	15319.717	882.000
7.770	107493.000	15313.802	884.000
7.780	107644.000	15249.661	928.000
7.790	107795.000	15204.763	961.000
7.800	107947.000	15203.334	965.000
7.810	108100.000	15232.334	948.000
7.820	108251.000	15192.634	978.000
7.830	108404.000	15224.844	960.000
7.840	108554.000	15157.390	1010.000
7.850	108707.000	15200.173	985.000
7.860	108860.000	15230.121	967.000
7.870	109015.000	15311.085	913.000
7.880	109171.000	15397.759	850.000
7.890	109325.000	15398.432	844.000
7.900	109480.000	15428.902	817.000
7.910	109634.000	15420.231	817.000
7.920	109788.000	15414.162	814.000
7.930	109939.000	15319.913	875.000
7.940	110093.000	15343.939	856.000
7.950	110243.000	15240.758	925.000
7.960	110392.000	15138.530	999.000
7.970	110541.000	15066.971	1056.000
7.980	110693.000	15106.880	1038.000
7.990	110844.000	15104.816	1047.000
8.000	110994.000	15073.371	1077.000
8.010	111145.000	15081.360	1081.000
8.020	111297.000	15116.952	1065.000
8.030	111448.000	15111.866	1076.000
8.040	111602.000	15198.306	1022.000
8.050	111755.000	15228.814	1005.000
8.060	111909.000	15280.170	971.000
8.070	112062.000	15286.119	967.000
8.080	112215.000	15290.283	963.000
8.090	112364.000	15173.198	1045.000
8.100	112518.000	15241.239	1002.000
8.110	112669.000	15198.867	1034.000
8.120	112823.000	15259.207	995.000
8.130	112973.000	15181.445	1051.000
8.140	113123.000	15127.011	1093.000
8.150	113275.000	15148.908	1085.000
8.160	113427.000	15164.236	1080.000
8.170	113581.000	15234.965	1035.000
8.180	113734.000	15254.475	1024.000
8.190	113887.000	15268.133	1015.000
8.200	114039.000	15247.693	1030.000
8.210	114193.000	15293.385	999.000
8.220	114347.000	15325.370	976.000
8.230	114496.000	15197.759	1064.000
8.240	114650.000	15258.431	1025.000
8.250	114799.000	15150.902	1102.000
8.260	114948.000	15075.631	1160.000
8.270	115101.000	15142.942	1122.000
8.280	115248.000	15010.059	1222.000
8.290	115398.000	15007.042	1237.000
8.300	115548.000	15004.929	1250.000
8.310	115696.000	14943.450	1306.000
8.320	115842.000	14840.415	1394.000
8.330	115983.000	14618.291	1571.000
8.340	116131.000	14672.803	1563.000
8.350	116276.000	14620.962	1627.000
8.360	116423.000	14644.674	1640.000
8.370	116567.000	14571.272	1721.000
8.380	116713.000	14579.890	1747.000
8.390	116859.000	14585.923	1775.000
8.400	117011.000	14770.146	1677.000
8.410	117161.000	14839.102	1652.000
8.420	117312.000	14917.372	1617.000
8.430	117467.000	15092.160	1510.000
8.440	117620.000	15154.512	1475.000
8.450	117774.000	15228.158	1429.000
8.460	117932.000	15399.711	1310.000
8.470	118089.000	15489.798	1241.000
8.480	118246.000	15552.858	1187.000
8.490	118403.000	15597.001	1144.000
8.500	118562.000	15687.901	1065.000
8.510	118725.000	15871.530	917.000
8.520	118880.000	15760.071	968.000
8.530	119036.000	15712.050	980.000
8.540	119199.000	15888.435	836.000
8.550	119360.000	15951.904	763.000
8.560	119522.000	16026.333	680.000
8.570	119677.000	15868.433	757.000
8.580	119836.000	15877.903	724.000
8.590	119994.000	15854.532	713.000
8.600	120150.000	15778.173	740.000
8.610	120309.000	15814.721	691.000
8.620	120461.000	15630.305	797.000
8.630	120620.000	15711.213	724.000
8.640	120778.000	15737.849	685.000
8.650	120929.000	15546.494	799.000
8.660	121084.000	15532.546	796.000
8.670	121235.000	15402.782	876.000
8.680	121389.000	15401.948	871.000
8.690	121544.000	15431.363	845.000
8.700	121698.000	15421.954	844.000
8.710	121855.000	15505.368	779.000
8.720	122007.000	15413.758	833.000
8.730	122157.000	15289.630	914.000
8.740	122309.000	15262.741	933.000
8.750	122465.000	15363.919	862.000
8.760	122619.000	15374.743	851.000
8.770	122775.000	15442.320	799.000
8.780	122927.000	15369.624	843.000
8.790	123080.000	15348.737	853.000
8.800	123233.000	15334.116	860.000
8.810	123386.000	15323.881	865.000
8.820	123537.000	15256.717	910.000
8.830	123690.000	15269.702	902.000
8.840	123843.000	15278.791	896.000
8.850	123995.000	15255.154	913.000
8.860	124149.000	15298.608	883.000
8.870	124300.000	15239.025	924.000
8.880	124454.000	15287.318	892.000
8.890	124607.000	15291.122	889.000
8.900	124762.000	15353.786	844.000
8.910	124915.000	15337.650	852.000
8.920	125070.000	15386.355	815.000
8.930	125222.000	15330.448	850.000
8.940	125375.000	15321.314	854.000
8.950	125529.000	15344.920	835.000
8.960	125682.000	15331.444	842.000
8.970	125836.000	15352.011	825.000
8.980	125988.000	15306.407	853.000
8.990	126140.000	15274.485	875.000
9.000	126294.000	15312.140	848.000
9.010	126444.000	15218.498	913.000
9.020	126593.000	15122.948	983.000
9.030	126744.000	15116.064	995.000
9.040	126893.000	15051.245	1048.000
9.050	127044.000	15065.871	1048.000
9.060	127196.000	15106.110	1029.000
9.070	127347.000	15104.277	1039.000
9.080	127500.000	15162.994	1005.000
9.090	127653.000	15204.096	982.000
9.100	127807.000	15262.867	944.000
9.110	127959.000	15244.007	958.000
9.120	128111.000	15230.805	969.000
9.130	128260.000	15131.563	1041.000
9.140	128411.000	15122.094	1054.000
9.150	128563.000	15145.466	1045.000
9.160	128715.000	15161.826	1039.000
9.170	128866.000	15143.278	1058.000
9.180	129017.000	15130.295	1073.000
9.190	129170.000	15181.206	1044.000
9.200	129323.000	15216.844	1024.000
9.210	129474.000	15181.791	1051.000
9.220	129625.000	15157.254	1073.000
9.230	129778.000	15200.078	1048.000
9.240	129932.000	15260.054	1010.000
9.250	130085.000	15272.038	1002.000
9.260	130238.000	15280.427	996.000
9.270	130386.000	15136.299	1098.000
9.280	130542.000	15275.409	1006.000
9.290	130696.000	15312.786	980.000
9.300	130846.000	15218.950	1045.000
9.310	130995.000	15123.265	1115.000
9.320	131141.000	14966.286	1232.000
9.330	131289.000	14916.400	1282.000
9.340	131437.000	14881.480	1323.000
9.350	131581.000	14737.036	1443.000
9.360	131727.000	14695.925	1497.000
9.370	131870.000	14577.148	1607.000
9.380	132013.000	14494.003	1698.000
9.390	132159.000	14525.802	1711.000
9.400	132304.000	14518.062	1751.000
9.410	132450.000	14542.643	1769.000
9.420	132599.000	14649.850	1727.000
9.430	132749.000	14754.895	1682.000
9.440	132904.000	14978.427	1548.000
9.450	133056.000	15044.899	1515.000
9.460	133207.000	15061.429	1514.000
9.470	133353.000	14923.000	1622.000
9.480	133504.000	14976.100	1601.000
9.490	133652.000	14923.270	1652.000
9.500	133798.000	14826.289	1736.000
9.510	133948.000	14878.402	1720.000
9.520	134092.000	14734.882	1840.000
9.530	134239.000	14724.417	1872.000
9.540	134383.000	14627.092	1966.000
9.550	134530.000	14648.964	1980.000
9.560	134679.000	14724.275	1956.000
9.570	134829.000	14806.993	1923.000
9.580	134982.000	14954.895	1841.000
9.590	135136.000	15088.426	1762.000
9.600	135297.000	15391.898	1557.000
9.610	135456.000	15544.329	1444.000
9.620	135618.000	15741.030	1293.000
9.630	135783.000	15968.721	1112.000
9.640	135944.000	16008.105	1053.000
9.650	136107.000	16095.673	958.000
9.660	136270.000	16156.971	877.000
9.670	136431.000	16139.880	849.000
9.680	136595.000	16217.916	755.000
9.690	136754.000	16122.541	779.000
9.700	136917.000	16175.779	703.000
9.710	137077.000	16123.045	699.000
9.720	137239.000	16146.132	644.000
9.730	137396.000	16012.292	698.000
9.740	137553.000	15918.604	731.000
9.750	137711.000	15883.023	726.000
9.760	137868.000	15828.116	737.000
9.770	138024.000	15759.681	760.000
9.780	138179.000	15681.777	793.000
9.790	138336.000	15687.244	771.000
9.800	138492.000	15661.071	771.000
9.810	138648.000	15642.749	766.000
9.820	138804.000	15629.925	759.000
9.830	138958.000	15560.947	791.000
9.840	139115.000	15602.663	749.000
9.850	139268.000	15511.864	798.000
9.860	139423.000	15508.305	790.000
9.870	139579.000	15535.813	760.000
9.880	139731.000	15435.069	819.000
9.890	139886.000	15454.549	798.000
9.900	140039.000	15408.184	823.000
9.910	140192.000	15375.729	840.000
9.920	140349.000	15473.010	767.000
9.930	140504.000	15481.107	752.000
9.940	140660.000	15516.775	718.000
9.950	140815.000	15511.742	710.000
9.960	140971.000	15538.220	681.000
9.970	141126.000	15526.754	677.000
9.980	141281.000	15518.728	672.000
9.990	141436.000	15513.109	665.000
10.000	141590.000	15479.177	678.000
10.010	141744.000	15455.424	685.000
10.020	141898.000	15438.797	689.000
10.030	142052.000	15427.158	690.000
10.040	142200.000	15239.010	815.000
10.050	142352.000	15227.307	826.000
10.060	142500.000	15099.115	918.000
10.070	142651.000	15099.381	926.000
10.080	142798.000	14979.566	1019.000
10.090	142947.000	14955.696	1049.000
10.100	143094.000	14878.988	1118.000
10.110	143246.000	14975.291	1069.000
10.120	143396.000	14982.704	1077.000
10.130	143547.000	15017.893	1066.000
10.140	143698.000	15042.525	1061.000
10.150	143851.000	15119.767	1017.000
10.160	144005.000	15203.837	965.000
10.170	144159.000	15262.686	927.000
10.180	144311.000	15243.880	941.000
10.190	144462.000	15200.716	973.000
10.200	144615.000	15230.501	956.000
10.210	144768.000	15251.351	943.000
10.220	144921.000	15265.946	934.000
10.230	145075.000	15306.162	907.000
10.240	145227.000	15274.313	928.000
10.250	145379.000	15252.019	944.000
10.260	145530.000	15206.414	977.000
10.270	145683.000	15234.489	960.000
10.280	145836.000	15254.143	949.000
10.290	145989.000	15267.900	940.000
10.300	146144.000	15337.530	892.000
10.310	146296.000	15296.271	918.000
10.320	146448.000	15267.390	937.000
10.330	146597.000	15157.173	1016.000
10.340	146748.000	15140.021	1033.000
10.350	146900.000	15158.015	1027.000
10.360	147048.000	15050.610	1108.000
10.370	147201.000	15125.427	1066.000
10.380	147348.000	14997.799	1163.000
10.390	147498.000	14998.459	1175.000
10.400	147647.000	14968.922	1209.000
10.410	147792.000	14828.245	1322.000
10.420	147941.000	14849.772	1328.000
10.430	148082.000	14624.840	1506.000
10.440	148233.000	14767.388	1435.000
10.450	148381.000	14777.172	1452.000
10.460	148524.000	14634.020	1575.000
10.470	148672.000	14683.814	1570.000
10.480	148821.000	14748.670	1551.000
10.490	148973.000	14884.069	1480.000
10.500	149125.000	14978.848	1432.000
10.510	149278.000	15075.194	1378.000
10.520	149423.000	14902.636	1508.000
10.530	149569.000	14811.845	1590.000
10.540	149721.000	14928.291	1529.000
10.550	149873.000	15009.804	1488.000
10.560	150027.000	15126.863	1418.000
10.570	150180.000	15178.804	1388.000
10.580	150336.000	15305.163	1304.000
10.590	150490.000	15333.614	1282.000
10.600	150647.000	15443.530	1202.000
10.610	150805.000	15550.471	1120.000
10.620	150958.000	15475.330	1160.000
10.630	151114.000	15512.731	1125.000
10.640	151269.000	15508.911	1117.000
10.650	151425.000	15536.238	1087.000
10.660	151582.000	15585.367	1041.000
10.670	151742.000	15709.757	939.000
10.680	151901.000	15766.830	879.000
10.690	152056.000	15686.781	913.000
10.700	152217.000	15810.747	807.000
10.710	152373.000	15747.523	827.000
10.720	152530.000	15733.266	816.000
10.730	152688.000	15753.286	781.000
10.740	152845.000	15737.300	770.000
10.750	152997.000	15576.110	863.000
10.760	153156.000	15673.277	781.000
10.770	153310.000	15591.294	821.000
10.780	153464.000	15533.906	847.000
10.790	153619.000	15523.734	842.000
10.800	153772.000	15456.614	878.000
10.810	153928.000	15499.630	840.000
10.820	154082.000	15469.741	851.000
10.830	154236.000	15448.819	857.000
10.840	154391.000	15464.173	838.000
10.850	154543.000	15384.921	885.000
10.860	154698.000	15419.445	856.000
10.870	154852.000	15413.611	854.000
10.880	155005.000	15379.528	872.000
10.890	155159.000	15385.670	863.000
10.900	155314.000	15419.969	834.000
10.910	155467.000	15383.978	853.000
10.920	155623.000	15448.785	802.000
10.930	155774.000	15344.149	868.000
10.940	155926.000	15300.904	896.000
10.950	156080.000	15330.633	874.000
10.960	156233.000	15321.443	878.000
10.970	156386.000	15315.010	880.000
10.980	156540.000	15340.507	861.000
10.990	156694.000	15358.355	845.000
11.000	156848.000	15370.849	833.000
11.010	157004.000	15439.594	780.000
11.020	157156.000	15367.716	823.000
11.030	157310.000	15377.401	813.000
11.040	157464.000	15384.181	803.000
11.050	157619.000	15418.927	774.000
11.060	157771.000	15353.249	814.000
11.070	157924.000	15337.274	822.000
11.080	158076.000	15296.092	848.000
11.090	158227.000	15237.264	889.000
11.100	158380.000	15256.085	877.000
11.110	158531.000	15209.259	911.000
11.120	158682.000	15176.482	938.000
11.130	158831.000	15093.537	1001.000
11.140	158979.000	15005.476	1071.000
11.150	159131.000	15063.833	1043.000
11.160	159281.000	15044.683	1066.000
11.170	159431.000	15031.278	1086.000
11.180	159583.000	15081.895	1062.000
11.190	159734.000	15087.326	1067.000
11.200	159885.000	15091.128	1073.000
11.210	160037.000	15123.790	1059.000
11.220	160187.000	15086.653	1092.000
11.230	160337.000	15060.657	1119.000
11.240	160488.000	15072.460	1121.000
11.250	160638.000	15050.722	1145.000
11.260	160789.000	15065.505	1145.000
11.270	160941.000	15105.854	1127.000
11.280	161091.000	15074.098	1157.000
11.290	161242.000	15081.868	1161.000
11.300	161390.000	14997.308	1230.000
11.310	161544.000	15118.115	1157.000
11.320	161696.000	15142.681	1147.000
11.330	161849.000	15189.877	1120.000
11.340	162003.000	15252.914	1080.000
11.350	162153.000	15177.040	1135.000
11.360	162307.000	15243.928	1092.000
11.370	162459.000	15230.749	1103.000
11.380	162611.000	15221.525	1112.000
11.390	162763.000	15215.067	1119.000
11.400	162919.000	15330.547	1041.000
11.410	163066.000	15141.383	1171.000
11.420	163218.000	15158.968	1165.000
11.430	163371.000	15201.278	1141.000
11.440	163521.000	15140.894	1187.000
11.450	163667.000	14978.626	1308.000
11.460	163815.000	14925.038	1359.000
11.470	163963.000	14887.527	1402.000
11.480	164114.000	14951.269	1375.000
11.490	164259.000	14815.888	1485.000
11.500	164405.000	14751.122	1552.000
11.510	164553.000	14765.785	1566.000
11.520	164703.000	14836.050	1540.000
11.530	164853.000	14885.235	1525.000
11.540	165004.000	14949.664	1498.000
11.550	165156.000	15024.765	1460.000
11.560	165307.000	15047.336	1456.000
11.570	165461.000	15153.135	1392.000
11.580	165613.000	15167.194	1388.000
11.590	165773.000	15417.036	1217.000
11.600	165929.000	15471.925	1172.000
11.610	166079.000	15330.348	1263.000
11.620	166236.000	15441.243	1183.000
11.630	166393.000	15518.870	1121.000
11.640	166552.000	15633.209	1029.000
11.650	166708.000	15623.246	1020.000
11.660	166867.000	15706.273	946.000
11.670	167022.000	15644.391	970.000
11.680	167179.000	15661.074	941.000
11.690	167335.000	15642.751	937.000
11.700	167498.000	15839.926	781.000
11.710	167654.000	15767.948	806.000
11.720	167814.000	15837.564	735.000
11.730	167970.000	15766.295	759.000
11.740	168128.000	15776.406	730.000
11.750	168285.000	15753.484	723.000
11.760	168441.000	15707.439	734.000
11.770	168598.000	15705.207	716.000
11.780	168751.000	15583.645	782.000
11.790	168906.000	15558.552	786.000
11.800	169062.000	15570.986	764.000
11.810	169216.000	15519.690	787.000
11.820	169367.000	15393.783	864.000
11.830	169521.000	15395.648	858.000
11.840	169672.000	15306.954	915.000
11.850	169824.000	15274.868	936.000
11.860	169976.000	15252.407	952.000
11.870	170130.000	15296.685	922.000
11.880	170283.000	15297.680	921.000
11.890	170440.000	15418.376	835.000
11.900	170594.000	15412.863	832.000
11.910	170748.000	15409.004	829.000
11.920	170901.000	15376.303	846.000
11.930	171055.000	15383.412	837.000
11.940	171211.000	15448.388	786.000
11.950	171365.000	15433.872	788.000
11.960	171521.000	15483.710	746.000
11.970	171676.000	15488.597	733.000
11.980	171831.000	15492.018	721.000
11.990	171985.000	15464.413	731.000
12.000	172136.000	15355.089	800.000
12.010	172290.000	15368.562	0.000
12.020	172444.000	15377.994	0.000
12.030	172596.000	15324.595	0.000
12.040	172747.000	15257.217	0.000
12.050	172895.000	15120.052	0.000
12.060	173042.000	14994.036	0.000
12.070	173190.000	14935.825	0.000
12.080	173332.000	14715.078	0.000
12.090	173477.000	14650.554	0.000
12.100	173616.000	14425.388	0.000
12.110	173755.000	14267.772	0.000
12.120	173894.000	14157.440	0.000
12.130	174030.000	13990.208	0.000
12.140	174162.000	13753.146	0.000
12.150	174293.000	13557.202	0.000
12.160	174422.000	13360.041	0.000
12.170	174548.000	13132.029	0.000
12.180	174673.000	12942.420	0.000
12.190	174796.000	12749.694	0.000
12.200	174916.000	12524.786	0.000
12.210	175035.000	12337.350	0.000
12.220	175152.000	12146.145	0.000
12.230	175268.000	11982.302	0.000
12.240	175381.000	11777.611	0.000
12.250	175493.000	11604.328	0.000
12.260	175604.000	11453.029	0.000
12.270	175711.000	11227.121	0.000
12.280	175818.000	11068.984	0.000
12.290	175924.000	10928.289	0.000
12.300	176026.000	10709.802	0.000
12.310	176126.000	10496.862	0.000
12.320	176224.000	10287.803	0.000
12.330	176319.000	10051.462	0.000
12.340	176413.000	9856.024	0.000
12.350	176505.000	9659.216	0.000
12.360	176596.000	9491.452	0.000
12.370	176686.000	9344.016	0.000
12.380	176773.000	9150.811	0.000
12.390	176859.000	8985.568	0.000
12.400	176942.000	8779.898	0.000
12.410	177022.000	8545.928	0.000
12.420	177100.000	8322.150	0.000
12.430	177176.000	8105.505	0.000
12.440	177251.000	7923.853	0.000
12.450	177323.000	7706.697	0.000
12.460	177391.000	7434.688	0.000
12.470	177460.000	7274.282	0.000
12.480	177526.000	7071.997	0.000
12.490	177591.000	6900.398	0.000
12.500	177656.000	6780.279	0.000
12.510	177719.000	6636.195	0.000
12.520	177780.000	6475.337	0.000
12.530	177838.000	6272.736	0.000
12.540	177895.000	6100.915	0.000
12.550	177949.000	5890.640	0.000
12.560	178003.000	5743.448	0.000
12.570	178055.000	5580.414	0.000
12.580	178106.000	5436.290	0.000
12.590	178154.000	5245.403	0.000
12.600	178198.000	4991.782	0.000
12.610	178241.000	4784.247	0.000
12.620	178281.000	4548.973	0.000
12.630	178319.000	4324.281	0.000
12.640	178356.000	4136.997	0.000
12.650	178390.000	3915.898	0.000
12.660	178421.000	3671.128	0.000
12.670	178451.000	3469.790	0.000
12.680	178478.000	3238.853	0.000
12.690	178502.000	2987.197	0.000
12.700	178523.000	2721.038	0.000
12.710	178541.000	2444.727	0.000
12.720	178556.000	2161.309	0.000
12.730	178567.000	1842.916	0.000
12.740	178575.000	1530.041	0.000
12.750	178580.000	1221.029	0.000
12.760	178581.000	884.720	0.000
12.770	178579.000	559.304	0.000
12.780	178575.000	271.513	0.000
12.790	178567.000	-49.941	0.000
12.800	178556.000	-364.959	0.000
12.810	178542.000	-675.471	0.000
12.820	178526.000	-952.830	0.000
12.830	178508.000	-1206.981	0.000
12.840	178488.000	-1444.887	0.000
12.850	178467.000	-1641.421	0.000
12.860	178444.000	-1838.994	0.000
12.870	178422.000	-1947.296	0.000
12.880	178398.000	-2083.107	0.000
12.890	178375.000	-2148.175	0.000
12.900	178352.000	-2193.723	0.000
12.910	178330.000	-2195.606	0.000
12.920	178308.000	-2196.924	0.000
12.930	178288.000	-2137.847	0.000
12.940	178269.000	-2066.493	0.000
12.950	178251.000	-1986.545	0.000
12.960	178234.000	-1900.581	0.000
12.970	178217.000	-1840.407	0.000
12.980	178202.000	-1738.285	0.000
12.990	178188.000	-1636.799	0.000
13.000	178174.000	-1565.760	0.000
13.010	178160.000	-1516.032	0.000
13.020	178146.000	-1481.222	0.000
13.030	178132.000	-1456.856	0.000
13.040	178117.000	-1469.799	0.000
13.050	178103.000	-1448.859	0.000
13.060	178088.000	-1464.201	0.000
13.070	178074.000	-1444.941	0.000
13.080	178060.000	-1431.459	0.000
13.090	178046.000	-1422.021	0.000
13.100	178031.000	-1445.415	0.000
13.110	178018.000	-1401.790	0.000
13.120	178004.000	-1401.253	0.000
13.130	177990.000	-1400.877	0.000
13.140	177976.000	-1400.614	0.000
13.150	177964.000	-1340.430	0.000
13.160	177951.000	-1328.301	0.000
13.170	177938.000	-1319.811	0.000
13.180	177926.000	-1283.867	0.000
13.190	177915.000	-1228.707	0.000
13.200	177904.000	-1190.095	0.000
13.210	177893.000	-1163.067	0.000
13.220	177884.000	-1084.147	0.000
13.230	177875.000	-1028.903	0.000
13.240	177866.000	-990.232	0.000
13.250	177859.000	-903.162	0.000
13.260	177852.000	-842.214	0.000
13.270	177846.000	-769.550	0.000
13.280	177841.000	-688.685	0.000
13.290	177837.000	-602.079	0.000
13.300	177834.000	-511.455	0.000
13.310	177831.000	-448.019	0.000
13.320	177830.000	-343.613	0.000
13.330	177829.000	-270.529	0.000
13.340	177829.000	-189.370	0.000
13.350	177830.000	-102.559	0.000
13.360	177832.000	-11.792	0.000
13.370	177835.000	81.746	0.000
13.380	177838.000	147.222	0.000
13.390	177842.000	223.056	0.000
13.400	177847.000	306.139	0.000
13.410	177852.000	364.297	0.000
13.420	177857.000	405.008	0.000
13.430	177863.000	463.506	0.000
13.440	177869.000	504.454	0.000
13.450	177875.000	533.118	0.000
13.460	177881.000	553.182	0.000
13.470	177888.000	597.228	0.000
13.480	177894.000	598.059	0.000
13.490	177900.000	598.642	0.000
13.500	177907.000	629.049	0.000
13.510	177912.000	590.334	0.000
13.520	177918.000	593.234	0.000
13.530	177923.000	565.264	0.000
13.540	177928.000	545.685	0.000
13.550	177933.000	531.979	0.000
13.560	177937.000	492.385	0.000
13.570	177941.000	464.670	0.000
13.580	177944.000	415.269	0.000
13.590	177947.000	380.688	0.000
13.600	177949.000	326.482	0.000
13.610	177950.000	258.537	0.000
13.620	177951.000	210.976	0.000
13.630	177952.000	177.683	0.000
13.640	177952.000	124.378	0.000
13.650	177952.000	87.065	0.000
13.660	177951.000	30.945	0.000
13.670	177950.000	-8.338	0.000
13.680	177949.000	-35.837	0.000
13.690	177947.000	-85.086	0.000
13.700	177944.000	-149.560	0.000
13.710	177942.000	-164.692	0.000
13.720	177939.000	-205.284	0.000
13.730	177935.000	-263.699	0.000
13.740	177932.000	-274.589	0.000
13.750	177929.000	-282.213	0.000
13.760	177926.000	-287.549	0.000
13.770	177923.000	-291.284	0.000
13.780	177919.000	-323.899	0.000
13.790	177916.000	-316.729	0.000
13.800	177913.000	-311.710	0.000
13.810	177910.000	-308.197	0.000
13.820	177907.000	-305.738	0.000
13.830	177905.000	-274.017	0.000
13.840	177903.000	-251.812	0.000
13.850	177901.000	-236.268	0.000
13.860	177900.000	-195.388	0.000
13.870	177898.000	-196.771	0.000
13.880	177897.000	-167.740	0.000
13.890	177897.000	-117.418	0.000
13.900	177896.000	-112.193	0.000
13.910	177896.000	-78.535	0.000
13.920	177897.000	-24.974	0.000
13.930	177897.000	-17.482	0.000
13.940	177899.000	47.763	0.000
13.950	177900.000	63.434	0.000
13.960	177901.000	74.404	0.000
13.970	177902.000	82.083	0.000
13.980	177904.000	117.458	0.000
13.990	177906.000	142.220	0.000
14.000	177908.000	159.554	0.000
14.010	177910.000	171.688	0.000
14.020	177912.000	180.182	0.000
14.030	177914.000	186.127	0.000
14.040	177916.000	190.289	0.000
14.050	177917.000	163.202	0.000
14.060	177919.000	174.242	0.000
14.070	177920.000	151.969	0.000
14.080	177922.000	166.378	0.000
14.090	177923.000	146.465	0.000
14.100	177924.000	132.525	0.000
14.110	177924.000	92.768	0.000
14.120	177924.000	64.937	0.000
14.130	177925.000	75.456	0.000
14.140	177925.000	52.819	0.000
14.150	177925.000	36.974	0.000
14.160	177924.000	-4.119	0.000
14.170	177924.000	-2.883	0.000
14.180	177923.000	-32.018	0.000
14.190	177922.000	-52.413	0.000
14.200	177921.000	-66.689	0.000
14.210	177920.000	-76.682	0.000
14.220	177918.000	-113.678	0.000
14.230	177917.000	-109.574	0.000
14.240	177916.000	-106.702	0.000
14.250	177915.000	-104.691	0.000
14.260	177914.000	-103.284	0.000
14.270	177912.000	-132.299	0.000
14.280	177911.000	-122.609	0.000
14.290	177910.000	-115.826	0.000
14.300	177909.000	-111.078	0.000
14.310	177909.000	-77.755	0.000
14.320	177908.000	-84.428	0.000
14.330	177908.000	-59.100	0.000
14.340	177907.000	-71.370	0.000
14.350	177907.000	-49.959	0.000
14.360	177907.000	-34.971	0.000
14.370	177907.000	-24.480	0.000
14.380	177908.000	12.864	0.000
14.390	177908.000	9.005	0.000
14.400	177908.000	6.303	0.000
14.410	177909.000	34.412	0.000
14.420	177910.000	54.089	0.000
14.430	177910.000	37.862	0.000
14.440	177911.000	56.503	0.000
14.450	177912.000	69.552	0.000
14.460	177913.000	78.687	0.000
14.470	177914.000	85.081	0.000
14.480	177915.000	89.556	0.000
14.490	177916.000	92.690	0.000
14.500	177916.000	64.883	0.000
14.510	177917.000	75.418	0.000
14.520	177917.000	52.793	0.000
14.530	177918.000	66.955	0.000
14.540	177918.000	46.868	0.000
14.550	177919.000	62.808	0.000
14.560	177919.000	43.965	0.000
14.570	177919.000	30.776	0.000
14.580	177919.000	21.543	0.000
14.590	177919.000	15.080	0.000
14.600	177918.000	-19.444	0.000
14.610	177918.000	-13.611	0.000
14.620	177917.000	-39.528	0.000
14.630	177917.000	-27.669	0.000
14.640	177916.000	-49.368	0.000
14.650	177916.000	-34.558	0.000
14.660	177915.000	-54.191	0.000
14.670	177915.000	-37.933	0.000
14.680	177914.000	-56.553	0.000
14.690	177913.000	-69.587	0.000
14.700	177913.000	-48.711	0.000
14.710	177912.000	-64.098	0.000
14.720	177912.000	-44.868	0.000
14.730	177911.000	-61.408	0.000
14.740	177911.000	-42.986	0.000
14.750	177911.000	-30.090	0.000
14.760	177911.000	-21.063	0.000
14.770	177911.000	-14.744	0.000
14.780	177911.000	-10.321	0.000
14.790	177911.000	-7.225	0.000
14.800	177911.000	-5.057	0.000
14.810	177911.000	-3.540	0.000
14.820	177911.000	-2.478	0.000
14.830	177912.000	28.265	0.000
14.840	177912.000	19.786	0.000
14.850	177913.000	43.850	0.000
14.860	177913.000	30.695	0.000
14.870	177914.000	51.487	0.000
14.880	177914.000	36.041	0.000
14.890	177915.000	55.228	0.000
14.900	177915.000	38.660	0.000
14.910	177915.000	27.062	0.000
14.920	177916.000	48.943	0.000
14.930	177916.000	34.260	0.000
14.940	177916.000	23.982	0.000
14.950	177916.000	16.788	0.000
14.960	177916.000	11.751	0.000
14.970	177916.000	8.226	0.000
14.980	177916.000	5.758	0.000
14.990	177916.000	4.031	0.000
15.000	177916.000	2.821	0.000
