0.000	0.000	0.000	0.000
0.010	5.000	150.000	-93.000
0.020	6.000	135.000	-76.000
0.030	6.000	94.500	-40.000
0.040	6.000	66.150	-12.000
0.050	6.000	46.305	13.000
0.060	5.000	2.413	54.000
0.070	3.000	-58.311	110.000
0.080	1.000	-100.817	156.000
0.090	-1.000	-130.572	195.000
0.100	-2.000	-121.401	207.000
0.110	-4.000	-144.980	242.000
0.120	-5.000	-131.486	253.000
0.130	-5.000	-92.040	244.000
0.140	-5.000	-64.428	242.000
0.150	-5.000	-45.100	244.000
0.160	-5.000	-31.570	250.000
0.170	-5.000	-22.099	258.000
0.180	-3.000	44.531	225.000
0.190	-2.000	61.172	224.000
0.200	0.000	102.820	205.000
0.210	3.000	161.974	172.000
0.220	5.000	173.382	170.000
0.230	7.000	181.367	169.000
0.240	10.000	216.957	149.000
0.250	12.000	211.870	156.000
0.260	14.000	208.309	162.000
0.270	16.000	205.816	167.000
0.280	18.000	204.071	172.000
0.290	20.000	202.850	177.000
0.300	22.000	201.995	181.000
0.310	24.000	201.396	185.000
0.320	26.000	200.978	190.000
0.330	27.000	170.684	215.000
0.340	29.000	179.479	214.000
0.350	31.000	185.635	214.000
0.360	33.000	189.945	216.000
0.370	34.000	162.961	239.000
0.380	36.000	174.073	237.000
0.390	38.000	181.851	237.000
0.400	40.000	187.296	238.000
0.410	42.000	191.107	240.000
0.420	44.000	193.775	242.000
0.430	46.000	195.642	245.000
0.440	48.000	196.950	248.000
0.450	50.000	197.865	252.000
0.460	52.000	198.505	255.000
0.470	55.000	228.954	238.000
0.480	57.000	220.268	247.000
0.490	59.000	214.187	254.000
0.500	62.000	239.931	239.000
0.510	64.000	227.952	465.000
0.520	67.000	249.566	681.000
0.530	70.000	264.696	916.000
0.540	75.000	335.287	1124.000
0.550	82.000	444.701	1316.000
0.560	91.000	581.291	1498.000
0.570	103.000	766.904	1652.000
0.580	118.000	986.833	1789.000
0.590	136.000	1230.783	1912.000
0.600	158.000	1521.548	2005.000
0.610	183.000	1815.084	2097.000
0.620	212.000	2140.558	2167.000
0.630	245.000	2488.391	2220.000
0.640	283.000	2881.874	2239.000
0.650	325.000	3277.312	2253.000
0.660	372.000	3704.118	2240.000
0.670	424.000	4152.883	2207.000
0.680	481.000	4617.018	2156.000
0.690	543.000	5091.913	2091.000
0.700	607.000	5484.339	2075.000
0.710	676.000	5909.037	2033.000
0.720	749.000	6326.326	1991.000
0.730	825.000	6708.428	1968.000
0.740	905.000	7095.900	1938.000
0.750	987.000	7427.130	1944.000
0.760	1075.000	7838.991	1892.000
0.770	1164.000	8157.294	1901.000
0.780	1255.000	8440.106	1935.000
0.790	1351.000	8788.074	1923.000
0.800	1450.000	9121.652	1920.000
0.810	1551.000	9415.156	1944.000
0.820	1656.000	9740.609	1945.000
0.830	1762.000	9998.427	1994.000
0.840	1875.000	10388.899	1951.000
0.850	1990.000	10722.229	1945.000
0.860	2107.000	11015.560	1965.000
0.870	2229.000	11370.892	1943.000
0.880	2355.000	11739.625	1908.000
0.890	2483.000	12057.737	1907.000
0.900	2615.000	12400.416	1887.000
0.910	2752.000	12790.291	1833.000
0.920	2890.000	13093.204	1836.000
0.930	3033.000	13455.243	1797.000
0.940	3181.000	13858.670	1727.000
0.950	3329.000	14141.069	1738.000
0.960	3482.000	14488.748	1703.000
0.970	3638.000	14822.124	1677.000
0.980	3796.000	15115.487	1678.000
0.990	3958.000	15440.841	1656.000
1.000	4124.000	15788.588	1618.000
1.010	4293.000	16122.012	1373.000
1.020	4462.000	16355.408	1184.000
1.030	4636.000	16668.786	927.000
1.040	4812.000	16948.150	679.000
1.050	4987.000	17113.705	500.000
1.060	5163.000	17259.594	326.000
1.070	5339.000	17361.715	176.000
1.080	5517.000	17493.201	2.000
1.090	5689.000	17405.241	-25.000
1.100	5863.000	17403.668	-108.000
1.110	6033.000	17282.568	-107.000
1.120	6203.000	17197.798	-126.000
1.130	6370.000	17048.458	-95.000
1.140	6536.000	16913.921	-68.000
1.150	6700.000	16759.745	-22.000
1.160	6862.000	16591.821	42.000
1.170	7023.000	16444.275	99.000
1.180	7183.000	16310.992	152.000
1.190	7341.000	16157.695	226.000
1.200	7499.000	16050.386	275.000
1.210	7657.000	15975.270	305.000
1.220	7814.000	15892.689	345.000
1.230	7971.000	15834.882	370.000
1.240	8129.000	15824.418	365.000
1.250	8284.000	15727.092	422.000
1.260	8440.000	15688.965	441.000
1.270	8598.000	15722.275	412.000
1.280	8754.000	15685.593	431.000
1.290	8911.000	15689.915	422.000
1.300	9069.000	15722.940	393.000
1.310	9224.000	15656.058	433.000
1.320	9381.000	15669.241	420.000
1.330	9539.000	15708.469	387.000
1.340	9696.000	15705.928	383.000
1.350	9854.000	15734.150	356.000
1.360	10012.000	15753.905	335.000
1.370	10170.000	15767.733	316.000
1.380	10328.000	15777.413	300.000
1.390	10486.000	15784.189	286.000
1.400	10645.000	15818.933	251.000
1.410	10802.000	15783.253	265.000
1.420	10959.000	15758.277	272.000
1.430	11118.000	15800.794	234.000
1.440	11272.000	15680.556	307.000
1.450	11428.000	15656.389	319.000
1.460	11582.000	15579.472	369.000
1.470	11737.000	15555.631	385.000
1.480	11891.000	15508.941	419.000
1.490	12044.000	15446.259	465.000
1.500	12197.000	15402.381	502.000
1.510	12348.000	15311.667	573.000
1.520	12502.000	15338.167	566.000
1.530	12655.000	15326.717	584.000
1.540	12807.000	15288.702	622.000
1.550	12960.000	15292.091	632.000
1.560	13115.000	15354.464	601.000
1.570	13268.000	15338.125	622.000
1.580	13423.000	15386.687	598.000
1.590	13579.000	15450.681	561.000
1.600	13734.000	15465.477	556.000
1.610	13891.000	15535.834	511.000
1.620	14048.000	15585.084	478.000
1.630	14206.000	15649.559	432.000
1.640	14364.000	15694.691	396.000
1.650	14523.000	15756.284	347.000
1.660	14681.000	15769.399	329.000
1.670	14840.000	15808.579	292.000
1.680	14999.000	15836.005	261.000
1.690	15157.000	15825.204	256.000
1.700	15316.000	15847.643	229.000
1.710	15473.000	15803.350	247.000
1.720	15631.000	15802.345	237.000
1.730	15788.000	15771.641	248.000
1.740	15945.000	15750.149	253.000
1.750	16101.000	15705.104	276.000
1.760	16257.000	15673.573	292.000
1.770	16412.000	15621.501	324.000
1.780	16566.000	15555.051	368.000
1.790	16720.000	15508.536	401.000
1.800	16874.000	15475.975	427.000
1.810	17025.000	15363.182	510.000
1.820	17176.000	15284.228	575.000
1.830	17328.000	15258.959	606.000
1.840	17479.000	15211.272	653.000
1.850	17631.000	15207.890	672.000
1.860	17782.000	15175.523	711.000
1.870	17934.000	15182.866	724.000
1.880	18087.000	15218.006	717.000
1.890	18239.000	15212.604	736.000
1.900	18392.000	15238.823	734.000
1.910	18546.000	15287.176	715.000
1.920	18700.000	15321.023	704.000
1.930	18854.000	15344.716	698.000
1.940	19010.000	15421.301	654.000
1.950	19165.000	15444.911	644.000
1.960	19322.000	15521.438	596.000
1.970	19479.000	15575.006	560.000
1.980	19638.000	15672.504	491.000
1.990	19793.000	15620.753	523.000
2.000	19949.000	15614.527	525.000
2.010	20107.000	15670.169	483.000
2.020	20265.000	15709.118	451.000
2.030	20423.000	15736.383	425.000
2.040	20581.000	15755.468	404.000
2.050	20739.000	15768.828	386.000
2.060	20898.000	15808.179	349.000
2.070	21057.000	15835.726	318.000
2.080	21216.000	15855.008	292.000
2.090	21373.000	15808.506	312.000
2.100	21531.000	15805.954	302.000
2.110	21688.000	15774.168	314.000
2.120	21845.000	15751.917	320.000
2.130	22001.000	15706.342	343.000
2.140	22156.000	15644.440	380.000
2.150	22310.000	15571.108	428.000
2.160	22465.000	15549.775	443.000
2.170	22619.000	15504.843	475.000
2.180	22773.000	15473.390	500.000
2.190	22926.000	15421.373	541.000
2.200	23078.000	15354.961	595.000
2.210	23232.000	15368.473	595.000
2.220	23385.000	15347.931	618.000
2.230	23539.000	15363.552	617.000
2.240	23694.000	15404.486	597.000
2.250	23847.000	15373.140	627.000
2.260	24003.000	15441.198	588.000
2.270	24158.000	15458.839	581.000
2.280	24315.000	15531.187	535.000
2.290	24472.000	15581.831	501.000
2.300	24629.000	15617.282	475.000
2.310	24789.000	15732.097	392.000
2.320	24945.000	15692.468	412.000
2.330	25104.000	15754.728	362.000
2.340	25262.000	15768.309	344.000
2.350	25421.000	15807.817	307.000
2.360	25580.000	15835.472	277.000
2.370	25738.000	15824.830	272.000
2.380	25897.000	15847.381	244.000
2.390	26055.000	15833.167	241.000
2.400	26214.000	15853.217	215.000
2.410	26372.000	15837.252	213.000
2.420	26531.000	15856.076	187.000
2.430	26686.000	15749.253	249.000
2.440	26843.000	15734.477	251.000
2.450	26999.000	15694.134	271.000
2.460	27156.000	15695.894	264.000
2.470	27311.000	15637.126	300.000
2.480	27465.000	15565.988	346.000
2.490	27620.000	15546.192	360.000
2.500	27772.000	15442.334	434.000
2.510	27925.000	15399.634	470.000
2.520	28077.000	15339.744	520.000
2.530	28229.000	15297.821	560.000
2.540	28381.000	15268.474	593.000
2.550	28532.000	15217.932	642.000
2.560	28685.000	15242.552	640.000
2.570	28838.000	15259.787	643.000
2.580	28991.000	15271.851	648.000
2.590	29145.000	15310.295	635.000
2.600	29299.000	15337.207	627.000
2.610	29454.000	15386.045	604.000
2.620	29609.000	15420.231	588.000
2.630	29766.000	15504.162	535.000
2.640	29923.000	15562.913	497.000
2.650	30080.000	15604.039	468.000
2.660	30236.000	15602.828	467.000
2.670	30395.000	15691.979	402.000
2.680	30552.000	15694.385	395.000
2.690	30711.000	15756.070	345.000
2.700	30870.000	15799.249	306.000
2.710	31027.000	15769.474	317.000
2.720	31186.000	15808.632	280.000
2.730	31344.000	15806.042	270.000
2.740	31503.000	15834.230	239.000
2.750	31659.000	15763.961	277.000
2.760	31816.000	15744.773	281.000
2.770	31973.000	15731.341	282.000
2.780	32130.000	15721.939	281.000
2.790	32285.000	15655.357	321.000
2.800	32439.000	15578.750	371.000
2.810	32594.000	15555.125	387.000
2.820	32748.000	15508.587	420.000
2.830	32902.000	15476.011	446.000
2.840	33055.000	15423.208	487.000
2.850	33208.000	15386.245	519.000
2.860	33359.000	15300.372	588.000
2.870	33511.000	15270.260	621.000
2.880	33662.000	15219.182	671.000
2.890	33814.000	15213.428	691.000
2.900	33966.000	15209.399	710.000
2.910	34119.000	15236.579	707.000
2.920	34272.000	15255.606	708.000
2.930	34425.000	15268.924	713.000
2.940	34579.000	15308.247	699.000
2.950	34733.000	15335.773	691.000
2.960	34888.000	15385.041	667.000
2.970	35044.000	15449.529	630.000
2.980	35200.000	15494.670	604.000
2.990	35357.000	15556.269	563.000
3.000	35512.000	15539.388	576.000
3.010	35670.000	15617.572	522.000
3.020	35827.000	15642.300	502.000
3.030	35984.000	15659.610	486.000
3.040	36142.000	15701.727	452.000
3.050	36301.000	15761.209	404.000
3.060	36459.000	15772.846	387.000
3.070	36617.000	15780.992	372.000
3.080	36773.000	15726.695	400.000
3.090	36931.000	15748.686	377.000
3.100	37088.000	15734.080	379.000
3.110	37246.000	15753.856	357.000
3.120	37406.000	15827.699	297.000
3.130	37561.000	15729.390	354.000
3.140	37718.000	15720.573	353.000
3.150	37873.000	15654.401	392.000
3.160	38029.000	15638.081	400.000
3.170	38185.000	15626.656	404.000
3.180	38340.000	15588.660	428.000
3.190	38495.000	15562.062	446.000
3.200	38648.000	15483.443	501.000
3.210	38800.000	15398.410	565.000
3.220	38953.000	15368.887	593.000
3.230	39108.000	15408.221	575.000
3.240	39258.000	15285.755	668.000
3.250	39410.000	15260.028	699.000
3.260	39564.000	15302.020	683.000
3.270	39718.000	15331.414	675.000
3.280	39873.000	15381.990	650.000
3.290	40029.000	15447.393	612.000
3.300	40184.000	15463.175	606.000
3.310	40343.000	15594.222	519.000
3.320	40499.000	15595.956	516.000
3.330	40656.000	15627.169	493.000
3.340	40814.000	15679.018	454.000
3.350	40971.000	15685.313	444.000
3.360	41131.000	15779.719	372.000
3.370	41290.000	15815.803	337.000
3.380	41449.000	15841.062	307.000
3.390	41608.000	15858.744	282.000
3.400	41766.000	15841.121	281.000
3.410	41926.000	15888.784	235.000
3.420	42084.000	15862.149	239.000
3.430	42243.000	15873.504	217.000
3.440	42401.000	15851.453	219.000
3.450	42558.000	15806.017	238.000
3.460	42716.000	15804.212	228.000
3.470	42872.000	15742.948	260.000
3.480	43028.000	15700.064	282.000
3.490	43184.000	15670.045	297.000
3.500	43338.000	15589.031	349.000
3.510	43492.000	15532.322	388.000
3.520	43645.000	15462.625	439.000
3.530	43798.000	15413.838	478.000
3.540	43952.000	15409.686	488.000
3.550	44105.000	15376.780	518.000
3.560	44260.000	15413.746	501.000
3.570	44411.000	15319.622	574.000
3.580	44565.000	15343.736	568.000
3.590	44717.000	15300.615	609.000
3.600	44871.000	15330.430	600.000
3.610	45025.000	15351.301	596.000
3.620	45180.000	15395.911	574.000
3.630	45335.000	15427.138	560.000
3.640	45490.000	15448.996	551.000
3.650	45647.000	15524.297	503.000
3.660	45801.000	15487.008	531.000
3.670	45960.000	15610.906	448.000
3.680	46114.000	15547.634	490.000
3.690	46271.000	15593.344	459.000
3.700	46432.000	15745.341	350.000
3.710	46587.000	15671.738	394.000
3.720	46745.000	15710.217	362.000
3.730	46902.000	15707.152	357.000
3.740	47060.000	15735.006	331.000
3.750	47221.000	15844.504	246.000
3.760	47376.000	15741.153	306.000
3.770	47532.000	15698.807	328.000
3.780	47690.000	15729.165	301.000
3.790	47847.000	15720.416	299.000
3.800	48009.000	15864.291	191.000
3.810	48161.000	15665.004	318.000
3.820	48317.000	15645.503	327.000
3.830	48473.000	15631.852	333.000
3.840	48627.000	15562.296	379.000
3.850	48787.000	15693.607	286.000
3.860	48935.000	15425.525	469.000
3.870	49088.000	15387.868	502.000
3.880	49240.000	15331.507	550.000
3.890	49393.000	15322.055	567.000
3.900	49551.000	15465.439	477.000
3.910	49697.000	15205.807	665.000
3.920	49850.000	15234.065	661.000
3.930	50002.000	15223.845	684.000
3.940	50154.000	15216.692	704.000
3.950	50312.000	15391.684	597.000
3.960	50462.000	15274.179	688.000
3.970	50614.000	15251.925	717.000
3.980	50768.000	15296.348	700.000
3.990	50923.000	15357.443	669.000
4.000	51083.000	15550.210	543.000
4.010	51235.000	15445.147	617.000
4.020	51393.000	15551.603	548.000
4.030	51548.000	15536.122	560.000
4.040	51705.000	15585.286	526.000
4.050	51862.000	15619.700	501.000
4.060	52020.000	15673.790	460.000
4.070	52177.000	15681.653	450.000
4.080	52335.000	15717.157	420.000
4.090	52493.000	15742.010	395.000
4.100	52651.000	15759.407	375.000
4.110	52809.000	15771.585	357.000
4.120	52967.000	15780.109	342.000
4.130	53125.000	15786.077	328.000
4.140	53282.000	15760.254	336.000
4.150	53439.000	15742.178	340.000
4.160	53598.000	15789.524	298.000
4.170	53753.000	15702.667	349.000
4.180	53911.000	15731.867	322.000
4.190	54064.000	15602.307	406.000
4.200	54219.000	15571.615	426.000
4.210	54374.000	15550.130	441.000
4.220	54529.000	15535.091	452.000
4.230	54681.000	15434.564	524.000
4.240	54835.000	15424.195	537.000
4.250	54987.000	15356.936	591.000
4.260	55139.000	15309.855	634.000
4.270	55293.000	15336.899	626.000
4.280	55446.000	15325.829	645.000
4.290	55599.000	15318.080	661.000
4.300	55753.000	15342.656	655.000
4.310	55908.000	15389.859	632.000
4.320	56062.000	15392.902	638.000
4.330	56217.000	15425.031	623.000
4.340	56373.000	15477.522	593.000
4.350	56530.000	15544.265	550.000
4.360	56690.000	15680.986	454.000
4.370	56845.000	15626.690	487.000
4.380	57003.000	15678.683	448.000
4.390	57160.000	15685.078	438.000
4.400	57319.000	15749.555	387.000
4.410	57479.000	15824.688	326.000
4.420	57636.000	15787.282	340.000
4.430	57795.000	15821.097	306.000
4.440	57955.000	15874.768	257.000
4.450	58113.000	15852.338	259.000
4.460	58272.000	15866.636	235.000
4.470	58430.000	15846.645	236.000
4.480	58588.000	15832.652	233.000
4.490	58746.000	15822.856	227.000
4.500	58903.000	15785.999	241.000
4.510	59060.000	15760.200	249.000
4.520	59218.000	15772.140	232.000
4.530	59371.000	15630.498	322.000
4.540	59525.000	15561.348	368.000
4.550	59680.000	15542.944	381.000
4.560	59834.000	15500.061	412.000
4.570	59987.000	15440.043	458.000
4.580	60140.000	15398.030	493.000
4.590	60293.000	15368.621	521.000
4.600	60445.000	15318.035	566.000
4.610	60596.000	15252.624	623.000
4.620	60752.000	15356.837	564.000
4.630	60903.000	15279.786	628.000
4.640	61057.000	15315.850	616.000
4.650	61212.000	15371.095	588.000
4.660	61366.000	15379.767	591.000
4.670	61520.000	15385.837	595.000
4.680	61676.000	15450.086	558.000
4.690	61832.000	15495.060	532.000
4.700	61989.000	15556.542	492.000
4.710	62146.000	15599.579	462.000
4.720	62302.000	15599.706	460.000
4.730	62462.000	15719.794	374.000
4.740	62617.000	15653.856	413.000
4.750	62775.000	15697.699	378.000
4.760	62933.000	15728.389	351.000
4.770	63090.000	15719.873	349.000
4.780	63248.000	15743.911	325.000
4.790	63406.000	15760.738	305.000
4.800	63563.000	15742.516	309.000
4.810	63721.000	15759.761	289.000
4.820	63878.000	15741.833	292.000
4.830	64035.000	15729.283	293.000
4.840	64191.000	15690.498	313.000
4.850	64347.000	15663.349	326.000
4.860	64503.000	15644.344	335.000
4.870	64658.000	15601.041	362.000
4.880	64812.000	15540.729	403.000
4.890	64966.000	15498.510	434.000
4.900	65120.000	15468.957	458.000
4.910	65271.000	15358.270	540.000
4.920	65423.000	15310.789	583.000
4.930	65575.000	15277.552	618.000
4.940	65726.000	15224.287	669.000
4.950	65878.000	15217.001	689.000
4.960	66029.000	15181.900	730.000
4.970	66181.000	15187.330	744.000
4.980	66333.000	15191.131	758.000
4.990	66487.000	15253.792	731.000
5.000	66640.000	15267.654	736.000
5.010	66794.000	15307.358	721.000
5.020	66951.000	15425.151	650.000
5.030	67105.000	15417.605	662.000
5.040	67262.000	15502.324	609.000
5.050	67418.000	15531.627	591.000
5.060	67575.000	15582.139	557.000
5.070	67733.000	15647.497	511.000
5.080	67893.000	15753.248	432.000
5.090	68049.000	15707.274	456.000
5.100	68208.000	15765.091	409.000
5.110	68366.000	15775.564	392.000
5.120	68525.000	15812.895	356.000
5.130	68683.000	15809.026	348.000
5.140	68842.000	15836.318	317.000
5.150	68999.000	15795.423	334.000
5.160	69156.000	15766.796	343.000
5.170	69315.000	15806.757	306.000
5.180	69470.000	15714.730	360.000
5.190	69627.000	15710.311	356.000
5.200	69784.000	15707.218	352.000
5.210	69939.000	15645.052	389.000
5.220	70096.000	15661.537	374.000
5.230	70248.000	15523.076	467.000
5.240	70404.000	15546.153	452.000
5.250	70557.000	15472.307	505.000
5.260	70710.000	15420.615	546.000
5.270	70863.000	15384.430	578.000
5.280	71017.000	15389.101	583.000
5.290	71171.000	15392.371	589.000
5.300	71324.000	15364.660	616.000
5.310	71480.000	15435.262	576.000
5.320	71632.000	15364.683	631.000
5.330	71787.000	15405.278	612.000
5.340	71943.000	15463.695	578.000
5.350	72098.000	15474.586	575.000
5.360	72257.000	15602.210	489.000
5.370	72411.000	15541.547	530.000
5.380	72568.000	15589.083	498.000
5.390	72725.000	15622.358	473.000
5.400	72882.000	15645.651	454.000
5.410	73039.000	15661.956	439.000
5.420	73197.000	15703.369	406.000
5.430	73354.000	15702.358	400.000
5.440	73512.000	15731.651	373.000
5.450	73670.000	15752.156	351.000
5.460	73828.000	15766.509	332.000
5.470	73985.000	15746.556	337.000
5.480	74144.000	15792.589	296.000
5.490	74302.000	15794.813	284.000
5.500	74461.000	15826.369	252.000
5.510	74618.000	15788.458	266.000
5.520	74776.000	15791.921	254.000
5.530	74933.000	15764.344	263.000
5.540	75089.000	15715.041	288.000
5.550	75245.000	15680.529	306.000
5.560	75400.000	15626.370	339.000
5.570	75555.000	15588.459	363.000
5.580	75710.000	15561.921	380.000
5.590	75863.000	15483.345	436.000
5.600	76017.000	15458.341	457.000
5.610	76170.000	15410.839	495.000
5.620	76323.000	15377.587	526.000
5.630	76477.000	15384.311	530.000
5.640	76632.000	15419.018	514.000
5.650	76786.000	15413.312	524.000
5.660	76938.000	15349.319	576.000
5.670	77091.000	15334.523	597.000
5.680	77247.000	15414.166	551.000
5.690	77403.000	15469.916	519.000
5.700	77558.000	15478.941	517.000
5.710	77714.000	15515.259	495.000
5.720	77872.000	15600.681	437.000
5.730	78029.000	15630.477	415.000
5.740	78187.000	15681.334	376.000
5.750	78343.000	15656.934	388.000
5.760	78502.000	15729.854	332.000
5.770	78657.000	15660.898	373.000
5.780	78815.000	15702.628	339.000
5.790	78975.000	15791.840	270.000
5.800	79129.000	15674.288	343.000
5.810	79286.000	15682.001	332.000
5.820	79443.000	15687.401	323.000
5.830	79601.000	15721.181	294.000
5.840	79758.000	15714.827	291.000
5.850	79915.000	15710.379	287.000
5.860	80071.000	15677.265	304.000
5.870	80226.000	15624.085	336.000
5.880	80383.000	15646.860	317.000
5.890	80537.000	15572.802	366.000
5.900	80690.000	15490.961	423.000
5.910	80844.000	15463.673	446.000
5.920	80996.000	15384.571	506.000
5.930	81149.000	15359.200	532.000
5.940	81303.000	15371.440	533.000
5.950	81453.000	15260.008	620.000
5.960	81605.000	15242.006	647.000
5.970	81757.000	15229.404	671.000
5.980	81909.000	15220.583	692.000
5.990	82061.000	15214.408	712.000
6.000	82213.000	15210.086	731.000
6.010	82365.000	15207.060	750.000
6.020	82519.000	15264.942	726.000
6.030	82672.000	15275.459	732.000
6.040	82827.000	15342.822	698.000
6.050	82983.000	15419.975	654.000
6.060	83139.000	15473.983	622.000
6.070	83295.000	15511.788	600.000
6.080	83452.000	15568.251	562.000
6.090	83610.000	15637.776	513.000
6.100	83767.000	15656.443	497.000
6.110	83925.000	15699.510	462.000
6.120	84082.000	15699.657	456.000
6.130	84241.000	15759.760	408.000
6.140	84400.000	15801.832	369.000
6.150	84557.000	15771.282	380.000
6.160	84716.000	15809.898	343.000
6.170	84874.000	15806.928	334.000
6.180	85032.000	15804.850	324.000
6.190	85190.000	15803.395	314.000
6.200	85347.000	15772.376	325.000
6.210	85504.000	15750.664	331.000
6.220	85661.000	15735.464	333.000
6.230	85817.000	15694.825	354.000
6.240	85973.000	15666.378	368.000
6.250	86128.000	15616.464	399.000
6.260	86282.000	15551.525	442.000
6.270	86435.000	15476.068	496.000
6.280	86589.000	15453.247	516.000
6.290	86743.000	15437.273	532.000
6.300	86895.000	15366.091	588.000
6.310	87048.000	15346.264	611.000
6.320	87202.000	15362.385	610.000
6.330	87355.000	15343.669	633.000
6.340	87508.000	15330.568	652.000
6.350	87662.000	15351.398	648.000
6.360	87816.000	15365.979	648.000
6.370	87971.000	15406.185	628.000
6.380	88127.000	15464.329	595.000
6.390	88283.000	15505.031	571.000
6.400	88440.000	15563.521	532.000
6.410	88598.000	15634.465	482.000
6.420	88755.000	15654.126	465.000
6.430	88912.000	15667.888	452.000
6.440	89070.000	15707.522	419.000
6.450	89228.000	15735.265	393.000
6.460	89386.000	15754.686	371.000
6.470	89544.000	15768.280	353.000
6.480	89703.000	15807.796	316.000
6.490	89864.000	15895.457	243.000
6.500	90019.000	15776.820	312.000
6.510	90178.000	15813.774	276.000
6.520	90336.000	15809.642	267.000
6.530	90493.000	15776.749	279.000
6.540	90650.000	15753.724	286.000
6.550	90811.000	15857.607	204.000
6.560	90965.000	15720.325	287.000
6.570	91122.000	15714.227	285.000
6.580	91279.000	15709.959	281.000
6.590	91434.000	15646.971	319.000
6.600	91591.000	15662.880	304.000
6.610	91742.000	15494.016	418.000
6.620	91895.000	15435.811	462.000
6.630	92048.000	15395.068	497.000
6.640	92203.000	15426.547	482.000
6.650	92355.000	15358.583	537.000
6.660	92506.000	15281.008	601.000
6.670	92657.000	15226.706	652.000
6.680	92809.000	15218.694	673.000
6.690	92964.000	15303.086	630.000
6.700	93116.000	15272.160	663.000
6.710	93271.000	15340.512	629.000
6.720	93424.000	15328.358	647.000
6.730	93579.000	15379.851	622.000
6.740	93735.000	15445.896	584.000
6.750	93892.000	15522.127	536.000
6.760	94048.000	15545.489	521.000
6.770	94207.000	15651.842	447.000
6.780	94365.000	15696.290	412.000
6.790	94522.000	15697.403	405.000
6.800	94682.000	15788.182	335.000
6.810	94841.000	15821.727	301.000
6.820	95000.000	15845.209	273.000
6.830	95159.000	15861.646	249.000
6.840	95317.000	15843.152	248.000
6.850	95476.000	15860.207	223.000
6.860	95634.000	15842.145	223.000
6.870	95791.000	15799.501	240.000
6.880	95947.000	15739.651	271.000
6.890	96104.000	15727.756	272.000
6.900	96259.000	15659.429	312.000
6.910	96415.000	15641.600	321.000
6.920	96568.000	15539.120	389.000
6.930	96725.000	15587.384	357.000
6.940	96876.000	15441.169	459.000
6.950	97029.000	15398.818	494.000
6.960	97182.000	15369.173	523.000
6.970	97334.000	15318.421	567.000
6.980	97485.000	15252.895	625.000
6.990	97636.000	15207.026	671.000
7.000	97788.000	15204.918	689.000
7.010	97940.000	15203.443	707.000
7.020	98092.000	15202.410	724.000
7.030	98245.000	15231.687	720.000
7.040	98400.000	15312.181	679.000
7.050	98552.000	15278.527	714.000
7.060	98706.000	15314.969	701.000
7.070	98861.000	15370.478	674.000
7.080	99018.000	15469.335	613.000
7.090	99172.000	15448.534	632.000
7.100	99329.000	15523.974	584.000
7.110	99485.000	15546.782	570.000
7.120	99641.000	15562.747	560.000
7.130	99800.000	15663.923	488.000
7.140	99959.000	15734.746	434.000
7.150	100115.000	15694.322	455.000
7.160	100273.000	15726.026	427.000
7.170	100431.000	15748.218	404.000
7.180	100590.000	15793.753	363.000
7.190	100748.000	15795.627	351.000
7.200	100907.000	15826.939	319.000
7.210	101067.000	15878.857	270.000
7.220	101222.000	15765.200	336.000
7.230	101379.000	15745.640	340.000
7.240	101538.000	15791.948	300.000
7.250	101693.000	15704.364	351.000
7.260	101849.000	15673.055	367.000
7.270	102004.000	15621.138	398.000
7.280	102160.000	15614.797	400.000
7.290	102315.000	15580.358	422.000
7.300	102469.000	15526.250	459.000
7.310	102623.000	15488.375	488.000
7.320	102779.000	15521.863	468.000
7.330	102933.000	15485.304	496.000
7.340	103084.000	15369.713	581.000
7.350	103237.000	15348.799	604.000
7.360	103391.000	15364.159	603.000
7.370	103544.000	15344.911	626.000
7.380	103699.000	15391.438	603.000
7.390	103855.000	15454.007	567.000
7.400	104011.000	15497.805	542.000
7.410	104167.000	15528.463	523.000
7.420	104323.000	15549.924	510.000
7.430	104480.000	15594.947	479.000
7.440	104637.000	15626.463	455.000
7.450	104794.000	15648.524	437.000
7.460	104952.000	15693.967	401.000
7.470	105109.000	15695.777	394.000
7.480	105269.000	15787.044	323.000
7.490	105427.000	15790.931	311.000
7.500	105582.000	15703.651	362.000
7.510	105740.000	15732.556	335.000
7.520	105901.000	15842.789	250.000
7.530	106056.000	15739.952	309.000
7.540	106213.000	15727.967	310.000
7.550	106370.000	15719.577	308.000
7.560	106528.000	15743.704	284.000
7.570	106687.000	15790.593	243.000
7.580	106841.000	15673.415	315.000
7.590	106998.000	15681.390	305.000
7.600	107155.000	15686.973	295.000
7.610	107308.000	15570.881	372.000
7.620	107462.000	15519.617	407.000
7.630	107617.000	15513.732	414.000
7.640	107771.000	15479.612	440.000
7.650	107925.000	15455.729	461.000
7.660	108078.000	15409.010	499.000
7.670	108231.000	15376.307	529.000
7.680	108384.000	15353.415	554.000
7.690	108537.000	15337.390	575.000
7.700	108690.000	15326.173	593.000
7.710	108843.000	15318.321	609.000
7.720	108997.000	15342.825	603.000
7.730	109152.000	15389.977	580.000
7.740	109309.000	15482.984	523.000
7.750	109462.000	15428.089	565.000
7.760	109617.000	15449.662	556.000
7.770	109776.000	15584.764	467.000
7.780	109932.000	15589.335	462.000
7.790	110087.000	15562.534	480.000
7.800	110244.000	15603.774	451.000
7.810	110402.000	15662.642	408.000
7.820	110561.000	15733.849	353.000
7.830	110717.000	15693.694	374.000
7.840	110875.000	15725.586	346.000
7.850	111033.000	15747.910	323.000
7.860	111190.000	15733.537	324.000
7.870	111351.000	15843.476	239.000
7.880	111505.000	15710.433	320.000
7.890	111662.000	15707.303	316.000
7.900	111820.000	15735.112	290.000
7.910	111976.000	15694.579	310.000
7.920	112136.000	15786.205	240.000
7.930	112290.000	15670.344	311.000
7.940	112444.000	15589.240	364.000
7.950	112598.000	15532.468	403.000
7.960	112752.000	15492.728	432.000
7.970	112909.000	15554.909	392.000
7.980	113058.000	15358.437	530.000
7.990	113211.000	15340.906	552.000
8.000	113362.000	15268.634	613.000
8.010	113515.000	15278.044	620.000
8.020	113669.000	15314.631	608.000
8.030	113816.000	15130.241	749.000
8.040	113968.000	15151.169	754.000
8.050	114121.000	15195.818	742.000
8.060	114273.000	15197.073	758.000
8.070	114431.000	15377.951	647.000
8.080	114581.000	15264.566	736.000
8.090	114736.000	15335.196	700.000
8.100	114891.000	15384.637	675.000
8.110	115047.000	15449.246	638.000
8.120	115209.000	15674.472	485.000
8.130	115361.000	15532.131	580.000
8.140	115516.000	15522.491	588.000
8.150	115673.000	15575.744	553.000
8.160	115830.000	15613.021	526.000
8.170	115988.000	15669.115	484.000
8.180	116145.000	15678.380	473.000
8.190	116303.000	15714.866	442.000
8.200	116461.000	15740.406	417.000
8.210	116619.000	15758.284	397.000
8.220	116782.000	15920.799	273.000
8.230	116935.000	15734.559	388.000
8.240	117094.000	15784.192	346.000
8.250	117251.000	15758.934	353.000
8.260	117409.000	15771.254	336.000
8.270	117565.000	15719.878	363.000
8.280	117722.000	15713.914	360.000
8.290	117881.000	15769.740	314.000
8.300	118035.000	15658.818	382.000
8.310	118190.000	15611.173	412.000
8.320	118345.000	15577.821	433.000
8.330	118500.000	15554.475	449.000
8.340	118654.000	15508.132	482.000
8.350	118807.000	15445.693	528.000
8.360	118959.000	15371.985	586.000
8.370	119112.000	15350.389	610.000
8.380	119264.000	15305.273	651.000
8.390	119417.000	15303.691	664.000
8.400	119570.000	15302.584	677.000
8.410	119724.000	15331.808	669.000
8.420	119877.000	15322.266	686.000
8.430	120031.000	15345.586	681.000
8.440	120187.000	15421.910	637.000
8.450	120343.000	15475.337	606.000
8.460	120501.000	15572.736	542.000
8.470	120659.000	15640.915	493.000
8.480	120816.000	15658.641	477.000
8.490	120977.000	15791.048	380.000
8.500	121134.000	15763.734	389.000
8.510	121293.000	15804.614	351.000
8.520	121453.000	15863.230	299.000
8.530	121612.000	15874.261	277.000
8.540	121771.000	15881.983	257.000
8.550	121930.000	15887.388	239.000
8.560	122090.000	15921.171	201.000
8.570	122250.000	15944.820	168.000
8.580	122406.000	15841.374	223.000
8.590	122562.000	15768.962	261.000
8.600	122719.000	15748.273	267.000
8.610	122875.000	15703.791	290.000
8.620	123031.000	15672.654	305.000
8.630	123188.000	15680.858	295.000
8.640	123343.000	15626.600	327.000
8.650	123497.000	15558.620	372.000
8.660	123651.000	15511.034	406.000
8.670	123805.000	15477.724	432.000
8.680	123957.000	15394.407	495.000
8.690	124112.000	15426.085	480.000
8.700	124262.000	15298.259	577.000
8.710	124416.000	15328.782	567.000
8.720	124568.000	15290.147	606.000
8.730	124721.000	15293.103	616.000
8.740	124877.000	15385.172	564.000
8.750	125029.000	15329.620	611.000
8.760	125184.000	15380.734	586.000
8.770	125338.000	15386.514	590.000
8.780	125493.000	15420.560	574.000
8.790	125649.000	15474.392	543.000
8.800	125808.000	15602.074	457.000
8.810	125962.000	15541.452	498.000
8.820	126119.000	15589.016	466.000
8.830	126276.000	15622.311	441.000
8.840	126434.000	15675.618	401.000
8.850	126591.000	15682.933	391.000
8.860	126750.000	15748.053	340.000
8.870	126907.000	15733.637	342.000
8.880	127065.000	15753.546	320.000
8.890	127223.000	15767.482	301.000
8.900	127380.000	15747.237	306.000
8.910	127538.000	15763.066	287.000
8.920	127696.000	15774.146	270.000
8.930	127852.000	15721.902	297.000
8.940	128010.000	15745.332	274.000
8.950	128166.000	15701.732	296.000
8.960	128322.000	15671.213	311.000
8.970	128477.000	15619.849	343.000
8.980	128631.000	15553.894	386.000
8.990	128785.000	15507.726	420.000
9.000	128939.000	15475.408	445.000
9.010	129092.000	15422.786	486.000
9.020	129245.000	15385.950	519.000
9.030	129397.000	15330.165	566.000
9.040	129549.000	15291.115	604.000
9.050	129702.000	15293.781	615.000
9.060	129856.000	15325.647	605.000
9.070	130006.000	15227.953	685.000
9.080	130158.000	15219.567	706.000
9.090	130311.000	15243.697	705.000
9.100	130465.000	15290.588	687.000
9.110	130620.000	15353.411	655.000
9.120	130774.000	15367.388	655.000
9.130	130931.000	15467.172	593.000
9.140	131086.000	15477.020	591.000
9.150	131243.000	15543.914	548.000
9.160	131399.000	15560.740	537.000
9.170	131556.000	15602.518	508.000
9.180	131713.000	15631.763	486.000
9.190	131870.000	15652.234	468.000
9.200	132027.000	15666.564	454.000
9.210	132185.000	15706.595	421.000
9.220	132343.000	15734.616	395.000
9.230	132501.000	15754.231	373.000
9.240	132659.000	15767.962	355.000
9.250	132816.000	15747.573	360.000
9.260	132974.000	15763.301	341.000
9.270	133131.000	15744.311	345.000
9.280	133288.000	15731.018	346.000
9.290	133444.000	15691.712	366.000
9.300	133600.000	15664.199	380.000
9.310	133759.000	15734.939	326.000
9.320	133912.000	15604.457	410.000
9.330	134067.000	15573.120	430.000
9.340	134222.000	15551.184	445.000
9.350	134376.000	15505.829	478.000
9.360	134531.000	15504.080	481.000
9.370	134684.000	15442.856	527.000
9.380	134837.000	15399.999	563.000
9.390	134990.000	15370.000	592.000
9.400	135143.000	15349.000	616.000
9.410	135297.000	15364.300	615.000
9.420	135450.000	15345.010	637.000
9.430	135606.000	15421.507	594.000
9.440	135759.000	15385.055	626.000
9.450	135914.000	15419.538	610.000
9.460	136072.000	15533.677	536.000
9.470	136226.000	15493.574	566.000
9.480	136383.000	15555.502	526.000
9.490	136541.000	15628.851	474.000
9.500	136697.000	15620.196	477.000
9.510	136857.000	15734.137	395.000
9.520	137012.000	15663.896	436.000
9.530	137170.000	15704.727	403.000
9.540	137327.000	15703.309	398.000
9.550	137486.000	15762.316	350.000
9.560	137644.000	15773.621	333.000
9.570	137802.000	15781.535	318.000
9.580	137961.000	15817.074	283.000
9.590	138120.000	15841.952	254.000
9.600	138277.000	15799.367	271.000
9.610	138435.000	15799.557	260.000
9.620	138592.000	15769.690	271.000
9.630	138751.000	15808.783	234.000
9.640	138907.000	15746.148	267.000
9.650	139062.000	15672.304	310.000
9.660	139219.000	15680.612	300.000
9.670	139372.000	15566.429	375.000
9.680	139527.000	15546.500	389.000
9.690	139681.000	15502.550	420.000
9.700	139834.000	15441.785	466.000
9.710	139987.000	15399.250	502.000
9.720	140140.000	15369.475	530.000
9.730	140293.000	15348.632	554.000
9.740	140447.000	15364.043	553.000
9.750	140600.000	15344.830	576.000
9.760	140755.000	15391.381	553.000
9.770	140907.000	15333.967	601.000
9.780	141062.000	15383.777	577.000
9.790	141219.000	15478.644	518.000
9.800	141373.000	15455.051	539.000
9.810	141528.000	15468.535	535.000
9.820	141683.000	15477.975	532.000
9.830	141839.000	15514.582	511.000
9.840	141996.000	15570.208	474.000
9.850	142153.000	15609.145	446.000
9.860	142310.000	15636.402	425.000
9.870	142467.000	15655.481	408.000
9.880	142624.000	15668.837	395.000
9.890	142782.000	15708.186	362.000
9.900	142939.000	15705.730	357.000
9.910	143095.000	15674.011	373.000
9.920	143252.000	15681.808	363.000
9.930	143410.000	15717.265	332.000
9.940	143567.000	15712.086	329.000
9.950	143725.000	15738.460	304.000
9.960	143882.000	15726.922	304.000
9.970	144039.000	15718.845	302.000
9.980	144195.000	15683.192	320.000
9.990	144352.000	15688.234	311.000
10.000	144507.000	15631.764	345.000
10.010	144664.000	15652.235	328.000
10.020	144816.000	15516.564	420.000
10.030	144969.000	15451.595	468.000
10.040	145123.000	15436.117	484.000
10.050	145275.000	15365.282	539.000
10.060	145427.000	15315.697	583.000
10.070	145579.000	15280.988	619.000
10.080	145730.000	15226.692	671.000
10.090	145882.000	15218.684	692.000
10.100	146035.000	15243.079	690.000
10.110	146185.000	15170.155	756.000
10.120	146337.000	15179.109	768.000
10.130	146489.000	15185.376	782.000
10.140	146643.000	15249.763	754.000
10.150	146796.000	15264.834	757.000
10.160	146951.000	15335.384	721.000
10.170	147108.000	15444.769	655.000
10.180	147263.000	15461.338	649.000
10.190	147420.000	15532.937	603.000
10.200	147577.000	15583.056	569.000
10.210	147735.000	15648.139	523.000
10.220	147894.000	15723.697	466.000
10.230	148053.000	15776.588	421.000
10.240	148211.000	15783.612	407.000
10.250	148369.000	15788.528	393.000
10.260	148528.000	15821.970	359.000
10.270	148687.000	15845.379	331.000
10.280	148845.000	15831.765	328.000
10.290	149004.000	15852.236	301.000
10.300	149162.000	15836.565	299.000
10.310	149320.000	15825.595	294.000
10.320	149477.000	15787.917	309.000
10.330	149634.000	15761.542	317.000
10.340	149790.000	15713.079	342.000
10.350	149947.000	15709.155	338.000
10.360	150102.000	15646.409	376.000
10.370	150256.000	15572.486	424.000
10.380	150410.000	15520.740	460.000
10.390	150563.000	15454.518	509.000
10.400	150719.000	15498.163	483.000
10.410	150870.000	15378.714	571.000
10.420	151023.000	15355.100	596.000
10.430	151176.000	15338.570	617.000
10.440	151329.000	15326.999	636.000
10.450	151483.000	15348.899	631.000
10.460	151637.000	15364.229	630.000
10.470	151791.000	15374.961	632.000
10.480	151947.000	15442.472	593.000
10.490	152101.000	15429.731	608.000
10.500	152257.000	15480.811	578.000
10.510	152413.000	15516.568	556.000
10.520	152571.000	15601.598	499.000
10.530	152727.000	15601.118	498.000
10.540	152883.000	15600.783	496.000
10.550	153041.000	15660.548	452.000
10.560	153199.000	15702.384	419.000
10.570	153357.000	15731.669	392.000
10.580	153515.000	15752.168	370.000
10.590	153673.000	15766.518	351.000
10.600	153832.000	15806.562	314.000
10.610	153991.000	15834.594	283.000
10.620	154151.000	15884.216	235.000
10.630	154308.000	15828.951	260.000
10.640	154465.000	15790.266	275.000
10.650	154623.000	15793.186	263.000
10.660	154781.000	15795.230	251.000
10.670	154938.000	15766.661	260.000
10.680	155095.000	15746.663	265.000
10.690	155254.000	15792.664	224.000
10.700	155408.000	15674.865	297.000
10.710	155563.000	15622.405	329.000
10.720	155717.000	15555.684	373.000
10.730	155871.000	15508.979	406.000
10.740	156024.000	15446.285	453.000
10.750	156178.000	15432.400	468.000
10.760	156331.000	15392.680	502.000
10.770	156483.000	15334.876	551.000
10.780	156636.000	15324.413	569.000
10.790	156789.000	15317.089	585.000
10.800	156943.000	15341.962	579.000
10.810	157097.000	15359.374	577.000
10.820	157252.000	15401.562	557.000
10.830	157406.000	15401.093	564.000
10.840	157562.000	15460.765	530.000
10.850	157718.000	15502.536	505.000
10.860	157875.000	15561.775	467.000
10.870	158031.000	15573.242	459.000
10.880	158189.000	15641.270	410.000
10.890	158344.000	15598.889	437.000
10.900	158502.000	15659.222	393.000
10.910	158660.000	15701.456	359.000
10.920	158818.000	15731.019	332.000
10.930	158975.000	15721.713	330.000
10.940	159132.000	15715.199	328.000
10.950	159290.000	15740.639	303.000
10.960	159447.000	15728.448	304.000
10.970	159604.000	15719.913	302.000
10.980	159760.000	15683.939	320.000
10.990	159917.000	15688.758	312.000
11.000	160072.000	15632.130	346.000
11.010	160229.000	15652.491	328.000
11.020	160383.000	15576.744	378.000
11.030	160537.000	15523.721	415.000
11.040	160690.000	15456.604	464.000
11.050	160846.000	15499.623	438.000
11.060	160999.000	15439.736	484.000
11.070	161152.000	15397.815	519.000
11.080	161306.000	15398.471	526.000
11.090	161458.000	15338.930	576.000
11.100	161608.000	15237.251	658.000
11.110	161761.000	15256.075	659.000
11.120	161913.000	15239.253	685.000
11.130	162066.000	15257.477	687.000
11.140	162219.000	15270.234	692.000
11.150	162372.000	15279.164	700.000
11.160	162526.000	15315.415	687.000
11.170	162680.000	15340.790	681.000
11.180	162835.000	15388.553	657.000
11.190	162990.000	15421.987	642.000
11.200	163146.000	15475.391	611.000
11.210	163303.000	15542.774	568.000
11.220	163459.000	15559.942	557.000
11.230	163616.000	15601.959	527.000
11.240	163773.000	15631.371	505.000
11.250	163931.000	15681.960	466.000
11.260	164090.000	15747.372	415.000
11.270	164246.000	15703.160	438.000
11.280	164404.000	15732.212	411.000
11.290	164563.000	15782.549	368.000
11.300	164720.000	15757.784	375.000
11.310	164878.000	15770.449	357.000
11.320	165036.000	15779.314	342.000
11.330	165193.000	15755.520	349.000
11.340	165350.000	15738.864	352.000
11.350	165507.000	15727.205	352.000
11.360	165665.000	15749.043	329.000
11.370	165820.000	15674.330	373.000
11.380	165974.000	15592.031	426.000
11.390	166132.000	15654.422	381.000
11.400	166284.000	15518.095	473.000
11.410	166439.000	15512.667	479.000
11.420	166592.000	15448.867	526.000
11.430	166746.000	15434.207	542.000
11.440	166899.000	15393.945	576.000
11.450	167053.000	15395.761	583.000
11.460	167206.000	15367.033	611.000
11.470	167360.000	15376.923	613.000
11.480	167515.000	15413.846	596.000
11.490	167670.000	15439.692	584.000
11.500	167824.000	15427.785	598.000
11.510	167982.000	15539.449	526.000
11.520	168136.000	15497.614	557.000
11.530	168292.000	15528.330	538.000
11.540	168449.000	15579.831	504.000
11.550	168606.000	15615.882	478.000
11.560	168764.000	15671.117	436.000
11.570	168920.000	15649.782	447.000
11.580	169078.000	15694.847	411.000
11.590	169235.000	15696.393	404.000
11.600	169393.000	15727.475	376.000
11.610	169550.000	15719.233	374.000
11.620	169708.000	15743.463	350.000
11.630	169866.000	15760.424	330.000
11.640	170024.000	15772.297	313.000
11.650	170182.000	15780.608	297.000
11.660	170340.000	15786.425	284.000
11.670	170497.000	15760.498	292.000
11.680	170654.000	15742.348	295.000
11.690	170812.000	15759.644	275.000
11.700	170969.000	15741.751	279.000
11.710	171125.000	15699.226	301.000
11.720	171282.000	15699.458	294.000
11.730	171436.000	15609.621	352.000
11.740	171591.000	15576.734	373.000
11.750	171747.000	15583.714	367.000
11.760	171899.000	15468.600	447.000
11.770	172051.000	15388.020	509.000
11.780	172204.000	15361.614	535.000
11.790	172356.000	15313.130	579.000
11.800	172510.000	15339.191	572.000
11.810	172662.000	15297.434	612.000
11.820	172816.000	15328.204	602.000
11.830	172968.000	15289.742	640.000
11.840	173121.000	15292.820	651.000
11.850	173276.000	15354.974	619.000
11.860	173432.000	15428.482	577.000
11.870	173587.000	15449.937	568.000
11.880	173743.000	15494.956	542.000
11.890	173899.000	15526.469	523.000
11.900	174057.000	15608.528	467.000
11.910	174214.000	15635.970	446.000
11.920	174372.000	15685.179	408.000
11.930	174530.000	15719.625	378.000
11.940	174690.000	15803.738	312.000
11.950	174848.000	15802.616	302.000
11.960	175006.000	15801.831	291.000
11.970	175164.000	15801.282	281.000
11.980	175322.000	15800.897	270.000
11.990	175480.000	15800.628	260.000
12.000	175637.000	15770.440	270.000
12.010	175796.000	15809.308	0.000
12.020	175951.000	15716.515	0.000
12.030	176106.000	15651.561	0.000
12.040	176260.000	15576.093	0.000
12.050	176412.000	15463.265	0.000
12.060	176564.000	15384.285	0.000
12.070	176713.000	15239.000	0.000
12.080	176861.000	15107.300	0.000
12.090	177010.000	15045.110	0.000
12.100	177154.000	14851.577	0.000
12.110	177296.000	14656.104	0.000
12.120	177437.000	14489.273	0.000
12.130	177578.000	14372.491	0.000
12.140	177719.000	14290.744	0.000
12.150	177854.000	14053.521	0.000
12.160	177991.000	13947.464	0.000
12.170	178124.000	13753.225	0.000
12.180	178256.000	13587.258	0.000
12.190	178392.000	13591.080	0.000
12.200	178519.000	13323.756	0.000
12.210	178647.000	13166.629	0.000
12.220	178775.000	13056.641	0.000
12.230	178902.000	12949.648	0.000
12.240	179032.000	12964.754	0.000
12.250	179152.000	12675.328	0.000
12.260	179276.000	12592.729	0.000
12.270	179398.000	12474.911	0.000
12.280	179519.000	12362.437	0.000
12.290	179643.000	12373.706	0.000
12.300	179760.000	12171.594	0.000
12.310	179877.000	12030.116	0.000
12.320	179994.000	11931.081	0.000
12.330	180110.000	11831.757	0.000
12.340	180228.000	11822.230	0.000
12.350	180339.000	11605.561	0.000
12.360	180452.000	11513.893	0.000
12.370	180564.000	11419.725	0.000
12.380	180677.000	11383.807	0.000
12.390	180790.000	11358.665	0.000
12.400	180898.000	11191.066	0.000
12.410	181005.000	11043.746	0.000
12.420	181113.000	10970.622	0.000
12.430	181220.000	10889.436	0.000
12.440	181330.000	10922.605	0.000
12.450	181431.000	10675.823	0.000
12.460	181534.000	10563.076	0.000
12.470	181637.000	10484.153	0.000
12.480	181738.000	10368.907	0.000
12.490	181838.000	10258.235	0.000
12.500	181936.000	10120.765	0.000
12.510	182033.000	9994.535	0.000
12.520	182129.000	9876.175	0.000
12.530	182223.000	9733.322	0.000
12.540	182316.000	9603.326	0.000
12.550	182407.000	9452.328	0.000
12.560	182499.000	9376.630	0.000
12.570	182586.000	9173.641	0.000
12.580	182674.000	9061.548	0.000
12.590	182759.000	8893.084	0.000
12.600	182843.000	8745.159	0.000
12.610	182926.000	8611.611	0.000
12.620	183007.000	8458.128	0.000
12.630	183087.000	8320.689	0.000
12.640	183166.000	8194.483	0.000
12.650	183243.000	8046.138	0.000
12.660	183319.000	7912.296	0.000
12.670	183395.000	7818.608	0.000
12.680	183469.000	7693.025	0.000
12.690	183541.000	7545.118	0.000
12.700	183613.000	7441.582	0.000
12.710	183683.000	7309.108	0.000
12.720	183753.000	7216.375	0.000
12.730	183821.000	7091.463	0.000
12.740	183889.000	7004.024	0.000
12.750	183955.000	6882.817	0.000
12.760	184020.000	6767.972	0.000
12.770	184085.000	6687.580	0.000
12.780	184149.000	6601.306	0.000
12.790	184212.000	6510.914	0.000
12.800	184275.000	6447.640	0.000
12.810	184336.000	6343.348	0.000
12.820	184398.000	6300.344	0.000
12.830	184459.000	6240.241	0.000
12.840	184519.000	6168.168	0.000
12.850	184578.000	6087.718	0.000
12.860	184636.000	6001.402	0.000
12.870	184692.000	5880.982	0.000
12.880	184748.000	5796.687	0.000
12.890	184804.000	5737.681	0.000
12.900	184858.000	5636.377	0.000
12.910	184911.000	5535.464	0.000
12.920	184964.000	5464.825	0.000
12.930	185016.000	5385.377	0.000
12.940	185067.000	5299.764	0.000
12.950	185118.000	5239.835	0.000
12.960	185168.000	5167.884	0.000
12.970	185217.000	5087.519	0.000
12.980	185265.000	5001.263	0.000
12.990	185313.000	4940.884	0.000
13.000	185361.000	4898.619	0.000
13.010	185407.000	4809.033	0.000
13.020	185453.000	4746.323	0.000
13.030	185497.000	4642.426	0.000
13.040	185541.000	4569.698	0.000
13.050	185585.000	4518.789	0.000
13.060	185627.000	4423.152	0.000
13.070	185668.000	4326.207	0.000
13.080	185709.000	4258.345	0.000
13.090	185749.000	4180.841	0.000
13.100	185787.000	4066.589	0.000
13.110	185826.000	4016.612	0.000
13.120	185863.000	3921.629	0.000
13.130	185899.000	3825.140	0.000
13.140	185935.000	3757.598	0.000
13.150	185969.000	3650.319	0.000
13.160	186004.000	3605.223	0.000
13.170	186036.000	3483.656	0.000
13.180	186069.000	3428.559	0.000
13.190	186101.000	3359.991	0.000
13.200	186132.000	3281.994	0.000
13.210	186161.000	3167.396	0.000
13.220	186191.000	3117.177	0.000
13.230	186219.000	3022.024	0.000
13.240	186247.000	2955.417	0.000
13.250	186274.000	2878.792	0.000
13.260	186300.000	2795.154	0.000
13.270	186326.000	2736.608	0.000
13.280	186350.000	2635.626	0.000
13.290	186374.000	2564.938	0.000
13.300	186398.000	2515.457	0.000
13.310	186420.000	2420.820	0.000
13.320	186441.000	2324.574	0.000
13.330	186462.000	2257.202	0.000
13.340	186482.000	2180.041	0.000
13.350	186500.000	2066.029	0.000
13.360	186518.000	1986.220	0.000
13.370	186535.000	1900.354	0.000
13.380	186552.000	1840.248	0.000
13.390	186567.000	1738.174	0.000
13.400	186582.000	1666.721	0.000
13.410	186596.000	1586.705	0.000
13.420	186610.000	1530.694	0.000
13.430	186622.000	1431.485	0.000
13.440	186634.000	1362.040	0.000
13.450	186645.000	1283.428	0.000
13.460	186655.000	1198.400	0.000
13.470	186664.000	1108.880	0.000
13.480	186672.000	1016.216	0.000
13.490	186679.000	921.351	0.000
13.500	186685.000	824.946	0.000
13.510	186690.000	727.462	0.000
13.520	186694.000	629.223	0.000
13.530	186697.000	530.456	0.000
13.540	186699.000	431.319	0.000
13.550	186701.000	361.924	0.000
13.560	186701.000	253.347	0.000
13.570	186701.000	177.343	0.000
13.580	186701.000	124.140	0.000
13.590	186699.000	26.898	0.000
13.600	186696.000	-71.171	0.000
13.610	186692.000	-169.820	0.000
13.620	186688.000	-238.874	0.000
13.630	186683.000	-317.212	0.000
13.640	186678.000	-372.048	0.000
13.650	186672.000	-440.434	0.000
13.660	186666.000	-488.304	0.000
13.670	186659.000	-551.813	0.000
13.680	186652.000	-596.269	0.000
13.690	186645.000	-627.388	0.000
13.700	186638.000	-649.172	0.000
13.710	186630.000	-694.420	0.000
13.720	186622.000	-726.094	0.000
13.730	186615.000	-718.266	0.000
13.740	186607.000	-742.786	0.000
13.750	186599.000	-759.950	0.000
13.760	186591.000	-771.965	0.000
13.770	186584.000	-750.376	0.000
13.780	186576.000	-765.263	0.000
13.790	186569.000	-745.684	0.000
13.800	186562.000	-731.979	0.000
13.810	186555.000	-722.385	0.000
13.820	186548.000	-715.670	0.000
13.830	186542.000	-680.969	0.000
13.840	186536.000	-656.678	0.000
13.850	186530.000	-639.675	0.000
13.860	186524.000	-627.772	0.000
13.870	186519.000	-589.441	0.000
13.880	186513.000	-592.608	0.000
13.890	186508.000	-564.826	0.000
13.900	186504.000	-515.378	0.000
13.910	186499.000	-510.765	0.000
13.920	186495.000	-477.535	0.000
13.930	186491.000	-454.275	0.000
13.940	186487.000	-437.992	0.000
13.950	186484.000	-396.595	0.000
13.960	186481.000	-367.616	0.000
13.970	186478.000	-347.331	0.000
13.980	186475.000	-333.132	0.000
13.990	186473.000	-293.192	0.000
14.000	186471.000	-265.235	0.000
14.010	186469.000	-245.664	0.000
14.020	186467.000	-231.965	0.000
14.030	186466.000	-192.375	0.000
14.040	186464.000	-194.663	0.000
14.050	186464.000	-136.264	0.000
14.060	186463.000	-125.385	0.000
14.070	186463.000	-87.769	0.000
14.080	186462.000	-91.439	0.000
14.090	186462.000	-64.007	0.000
14.100	186462.000	-44.805	0.000
14.110	186462.000	-31.363	0.000
14.120	186462.000	-21.954	0.000
14.130	186463.000	14.632	0.000
14.140	186464.000	40.242	0.000
14.150	186465.000	58.170	0.000
14.160	186466.000	70.719	0.000
14.170	186468.000	109.503	0.000
14.180	186469.000	106.652	0.000
14.190	186470.000	104.657	0.000
14.200	186472.000	133.260	0.000
14.210	186473.000	123.282	0.000
14.220	186474.000	116.297	0.000
14.230	186475.000	111.408	0.000
14.240	186477.000	137.986	0.000
14.250	186478.000	126.590	0.000
14.260	186479.000	118.613	0.000
14.270	186479.000	83.029	0.000
14.280	186480.000	88.120	0.000
14.290	186481.000	91.684	0.000
14.300	186481.000	64.179	0.000
14.310	186481.000	44.925	0.000
14.320	186482.000	61.448	0.000
14.330	186482.000	43.013	0.000
14.340	186482.000	30.109	0.000
14.350	186482.000	21.077	0.000
14.360	186482.000	14.754	0.000
14.370	186482.000	10.328	0.000
14.380	186482.000	7.229	0.000
14.390	186481.000	-24.940	0.000
14.400	186481.000	-17.458	0.000
14.410	186480.000	-42.220	0.000
14.420	186479.000	-59.554	0.000
14.430	186478.000	-71.688	0.000
14.440	186478.000	-50.182	0.000
14.450	186477.000	-65.127	0.000
14.460	186476.000	-75.589	0.000
14.470	186475.000	-82.912	0.000
14.480	186475.000	-58.039	0.000
14.490	186474.000	-70.627	0.000
14.500	186474.000	-49.439	0.000
14.510	186474.000	-34.607	0.000
14.520	186473.000	-54.225	0.000
14.530	186473.000	-37.958	0.000
14.540	186473.000	-26.570	0.000
14.550	186473.000	-18.599	0.000
14.560	186473.000	-13.019	0.000
14.570	186473.000	-9.114	0.000
14.580	186473.000	-6.380	0.000
14.590	186473.000	-4.466	0.000
14.600	186473.000	-3.126	0.000
14.610	186473.000	-2.188	0.000
14.620	186473.000	-1.532	0.000
14.630	186473.000	-1.072	0.000
14.640	186474.000	29.249	0.000
14.650	186474.000	20.475	0.000
14.660	186475.000	44.332	0.000
14.670	186475.000	31.033	0.000
14.680	186476.000	51.723	0.000
14.690	186476.000	36.206	0.000
14.700	186476.000	25.344	0.000
14.710	186477.000	47.741	0.000
14.720	186477.000	33.419	0.000
14.730	186477.000	23.393	0.000
14.740	186477.000	16.375	0.000
14.750	186477.000	11.463	0.000
14.760	186477.000	8.024	0.000
14.770	186477.000	5.617	0.000
14.780	186477.000	3.932	0.000
14.790	186477.000	2.752	0.000
14.800	186477.000	1.927	0.000
14.810	186477.000	1.349	0.000
14.820	186477.000	0.944	0.000
14.830	186477.000	0.661	0.000
14.840	186477.000	0.463	0.000
14.850	186477.000	0.324	0.000
14.860	186476.000	-29.773	0.000
14.870	186476.000	-20.841	0.000
14.880	186476.000	-14.589	0.000
14.890	186476.000	-10.212	0.000
14.900	186475.000	-37.149	0.000
14.910	186475.000	-26.004	0.000
14.920	186475.000	-18.203	0.000
14.930	186475.000	-12.742	0.000
14.940	186475.000	-8.919	0.000
14.950	186475.000	-6.244	0.000
14.960	186475.000	-4.370	0.000
14.970	186475.000	-3.059	0.000
14.980	186475.000	-2.142	0.000
14.990	186475.000	-1.499	0.000
15.000	186475.000	-1.049	0.000
