0.000	0.000	0.000	0.000
0.010	2.000	60.000	-36.000
0.020	2.000	42.000	-28.000
0.030	2.000	29.400	-22.000
0.040	0.000	-39.420	18.000
0.050	-2.000	-87.594	49.000
0.060	-4.000	-121.316	73.000
0.070	-6.000	-144.921	93.000
0.080	-9.000	-191.445	128.000
0.090	-11.000	-194.011	138.000
0.100	-13.000	-195.808	148.000
0.110	-15.000	-197.066	158.000
0.120	-17.000	-197.946	167.000
0.130	-18.000	-168.562	158.000
0.140	-18.000	-117.993	136.000
0.150	-19.000	-112.595	138.000
0.160	-19.000	-78.817	123.000
0.170	-19.000	-55.172	112.000
0.180	-19.000	-38.620	104.000
0.190	-19.000	-27.034	99.000
0.200	-19.000	-18.924	96.000
0.210	-18.000	16.753	75.000
0.220	-17.000	41.727	59.000
0.230	-16.000	59.209	47.000
0.240	-15.000	71.446	36.000
0.250	-14.000	80.012	28.000
0.260	-13.000	86.009	21.000
0.270	-13.000	60.206	32.000
0.280	-13.000	42.144	41.000
0.290	-12.000	59.501	28.000
0.300	-12.000	41.651	36.000
0.310	-12.000	29.155	42.000
0.320	-12.000	20.409	46.000
0.330	-12.000	14.286	48.000
0.340	-12.000	10.000	50.000
0.350	-13.000	-23.000	70.000
0.360	-14.000	-46.100	85.000
0.370	-14.000	-32.270	79.000
0.380	-15.000	-52.589	92.000
0.390	-15.000	-36.812	85.000
0.400	-16.000	-55.769	98.000
0.410	-16.000	-39.038	91.000
0.420	-16.000	-27.327	86.000
0.430	-16.000	-19.129	82.000
0.440	-16.000	-13.390	79.000
0.450	-16.000	-9.373	77.000
0.460	-16.000	-6.561	76.000
0.470	-16.000	-4.593	75.000
0.480	-16.000	-3.215	75.000
0.490	-16.000	-2.250	74.000
0.500	-16.000	-1.575	74.000
0.510	-15.000	28.897	240.000
0.520	-15.000	20.228	442.000
0.530	-13.000	74.160	621.000
0.540	-11.000	111.912	821.000
0.550	-7.000	198.338	1005.000
0.560	-1.000	318.837	1177.000
0.570	7.000	463.186	1344.000
0.580	18.000	654.230	1490.000
0.590	31.000	847.961	1639.000
0.600	48.000	1103.573	1756.000
0.610	68.000	1372.501	1868.000
0.620	91.000	1650.751	1975.000
0.630	118.000	1965.525	2062.000
0.640	148.000	2275.868	2151.000
0.650	181.000	2583.107	2242.000
0.660	219.000	2948.175	2298.000
0.670	261.000	3323.723	2344.000
0.680	308.000	3736.606	2365.000
0.690	359.000	4145.624	2383.000
0.700	415.000	4581.937	2380.000
0.710	475.000	5007.356	2378.000
0.720	540.000	5455.149	2357.000
0.730	608.000	5858.604	2356.000
0.740	680.000	6261.023	2351.000
0.750	757.000	6692.716	2324.000
0.760	839.000	7144.901	2279.000
0.770	924.000	7551.431	2255.000
0.780	1013.000	7956.002	2227.000
0.790	1106.000	8359.201	2195.000
0.800	1204.000	8791.441	2142.000
0.810	1306.000	9214.009	2089.000
0.820	1412.000	9629.806	2034.000
0.830	1520.000	9980.864	2013.000
0.840	1632.000	10346.605	1982.000
0.850	1748.000	10722.623	1941.000
0.860	1869.000	11135.836	1875.000
0.870	1992.000	11485.085	1842.000
0.880	2119.000	11849.560	1799.000
0.890	2248.000	12164.692	1782.000
0.900	2382.000	12535.284	1731.000
0.910	2518.000	12854.699	1709.000
0.920	2657.000	13168.289	1689.000
0.930	2800.000	13507.803	1653.000
0.940	2944.000	13775.462	1659.000
0.950	3093.000	14112.823	1625.000
0.960	3246.000	14468.976	1578.000
0.970	3399.000	14718.283	1593.000
0.980	3556.000	15012.798	1583.000
0.990	3716.000	15308.959	1573.000
1.000	3880.000	15636.271	1545.000
1.010	4047.000	15955.390	1336.000
1.020	4217.000	16268.773	1116.000
1.030	4387.000	16488.141	938.000
1.040	4559.000	16701.699	754.000
1.050	4733.000	16911.189	562.000
1.060	4907.000	17057.832	399.000
1.070	5084.000	17250.483	201.000
1.080	5257.000	17265.338	102.000
1.090	5429.000	17245.737	23.000
1.100	5601.000	17232.016	-59.000
1.110	5771.000	17162.411	-106.000
1.120	5941.000	17113.688	-163.000
1.130	6107.000	16959.581	-154.000
1.140	6273.000	16851.707	-166.000
1.150	6435.000	16656.195	-120.000
1.160	6597.000	16519.336	-100.000
1.170	6757.000	16363.535	-63.000
1.180	6915.000	16194.475	-11.000
1.190	7072.000	16046.132	37.000
1.200	7227.000	15882.293	100.000
1.210	7381.000	15737.605	160.000
1.220	7538.000	15726.323	146.000
1.230	7690.000	15568.426	221.000
1.240	7842.000	15457.898	274.000
1.250	7995.000	15410.529	295.000
1.260	8146.000	15317.370	345.000
1.270	8299.000	15312.159	346.000
1.280	8451.000	15278.511	365.000
1.290	8604.000	15284.958	361.000
1.300	8756.000	15259.471	376.000
1.310	8907.000	15211.629	406.000
1.320	9060.000	15238.141	393.000
1.330	9212.000	15226.698	402.000
1.340	9365.000	15248.689	391.000
1.350	9517.000	15234.082	401.000
1.360	9671.000	15283.858	373.000
1.370	9823.000	15258.700	388.000
1.380	9977.000	15301.090	363.000
1.390	10130.000	15300.763	363.000
1.400	10281.000	15240.534	398.000
1.410	10435.000	15288.374	371.000
1.420	10587.000	15261.862	386.000
1.430	10738.000	15213.303	416.000
1.440	10891.000	15239.312	404.000
1.450	11042.000	15197.519	431.000
1.460	11192.000	15138.263	470.000
1.470	11341.000	15066.784	520.000
1.480	11497.000	15226.749	433.000
1.490	11642.000	15008.724	567.000
1.500	11791.000	14976.107	599.000
1.510	11940.000	14953.275	627.000
1.520	12090.000	14967.292	633.000
1.530	12245.000	15127.105	551.000
1.540	12389.000	14908.973	690.000
1.550	12540.000	14966.281	672.000
1.560	12690.000	14976.397	680.000
1.570	12842.000	15043.478	653.000
1.580	12993.000	15060.434	654.000
1.590	13146.000	15132.304	621.000
1.600	13299.000	15182.613	597.000
1.610	13452.000	15217.829	580.000
1.620	13606.000	15272.480	550.000
1.630	13767.000	15520.736	400.000
1.640	13914.000	15274.515	538.000
1.650	14068.000	15312.161	515.000
1.660	14223.000	15368.513	480.000
1.670	14378.000	15407.959	452.000
1.680	14534.000	15465.571	411.000
1.690	14688.000	15445.900	415.000
1.700	14843.000	15462.130	397.000
1.710	14999.000	15503.491	364.000
1.720	15156.000	15562.444	318.000
1.730	15314.000	15633.711	262.000
1.740	15467.000	15533.597	306.000
1.750	15622.000	15523.518	301.000
1.760	15777.000	15516.463	294.000
1.770	15932.000	15511.524	286.000
1.780	16095.000	15748.067	132.000
1.790	16239.000	15343.647	355.000
1.800	16392.000	15330.553	360.000
1.810	16544.000	15291.387	381.000
1.820	16695.000	15233.971	415.000
1.830	16846.000	15193.780	441.000
1.840	16996.000	15135.646	480.000
1.850	17146.000	15094.952	512.000
1.860	17296.000	15066.466	537.000
1.870	17445.000	15016.526	577.000
1.880	17595.000	15011.569	592.000
1.890	17746.000	15038.098	588.000
1.900	17896.000	15026.669	606.000
1.910	18046.000	15018.668	623.000
1.920	18197.000	15043.068	620.000
1.930	18348.000	15060.147	620.000
1.940	18501.000	15132.103	587.000
1.950	18652.000	15122.472	599.000
1.960	18806.000	15205.731	556.000
1.970	18959.000	15234.011	543.000
1.980	19112.000	15253.808	533.000
1.990	19265.000	15267.666	525.000
2.000	19420.000	15337.366	484.000
2.010	19574.000	15356.156	470.000
2.020	19729.000	15399.309	440.000
2.030	19883.000	15399.517	435.000
2.040	20039.000	15459.662	393.000
2.050	20194.000	15471.763	377.000
2.060	20349.000	15480.234	363.000
2.070	20505.000	15516.164	332.000
2.080	20660.000	15511.315	324.000
2.090	20815.000	15507.920	316.000
2.100	20970.000	15505.544	307.000
2.110	21124.000	15473.881	316.000
2.120	21279.000	15481.717	302.000
2.130	21435.000	15517.202	271.000
2.140	21587.000	15422.041	318.000
2.150	21740.000	15385.429	333.000
2.160	21892.000	15329.800	362.000
2.170	22043.000	15260.860	401.000
2.180	22194.000	15212.602	431.000
2.190	22344.000	15148.821	473.000
2.200	22493.000	15074.175	524.000
2.210	22643.000	15051.923	546.000
2.220	22790.000	14946.346	621.000
2.230	22940.000	14962.442	626.000
2.240	23089.000	14943.709	652.000
2.250	23238.000	14930.597	675.000
2.260	23389.000	14981.418	660.000
2.270	23539.000	14986.992	671.000
2.280	23690.000	15020.895	664.000
2.290	23842.000	15074.626	643.000
2.300	23995.000	15142.238	611.000
2.310	24148.000	15189.567	589.000
2.320	24301.000	15222.697	573.000
2.330	24454.000	15245.888	562.000
2.340	24610.000	15352.121	499.000
2.350	24765.000	15396.485	469.000
2.360	24921.000	15457.540	427.000
2.370	25078.000	15530.278	375.000
2.380	25234.000	15551.194	351.000
2.390	25390.000	15565.836	329.000
2.400	25546.000	15576.085	310.000
2.410	25703.000	15613.260	274.000
2.420	25858.000	15579.282	279.000
2.430	26016.000	15645.497	225.000
2.440	26172.000	15631.848	217.000
2.450	26328.000	15622.294	206.000
2.460	26483.000	15585.606	213.000
2.470	26637.000	15529.924	232.000
2.480	26790.000	15460.947	263.000
2.490	26944.000	15442.663	265.000
2.500	27097.000	15399.864	284.000
2.510	27247.000	15279.905	350.000
2.520	27399.000	15255.933	365.000
2.530	27549.000	15179.153	412.000
2.540	27697.000	15065.407	485.000
2.550	27845.000	14985.785	543.000
2.560	27994.000	14960.050	572.000
2.570	28143.000	14942.035	598.000
2.580	28292.000	14929.424	621.000
2.590	28441.000	14920.597	642.000
2.600	28590.000	14914.418	662.000
2.610	28739.000	14910.093	682.000
2.620	28889.000	14937.065	682.000
2.630	29041.000	15015.945	650.000
2.640	29193.000	15071.162	629.000
2.650	29346.000	15139.813	597.000
2.660	29495.000	15067.869	647.000
2.670	29648.000	15137.508	614.000
2.680	29801.000	15186.256	591.000
2.690	29954.000	15220.379	575.000
2.700	30107.000	15244.265	563.000
2.710	30262.000	15320.986	519.000
2.720	30416.000	15344.690	502.000
2.730	30572.000	15421.283	453.000
2.740	30727.000	15444.898	432.000
2.750	30883.000	15491.429	397.000
2.760	31039.000	15524.000	367.000
2.770	31195.000	15546.800	342.000
2.780	31351.000	15562.760	320.000
2.790	31507.000	15573.932	301.000
2.800	31663.000	15581.752	282.000
2.810	31818.000	15557.227	283.000
2.820	31973.000	15540.059	281.000
2.830	32127.000	15498.041	294.000
2.840	32281.000	15468.629	302.000
2.850	32433.000	15388.040	342.000
2.860	32585.000	15331.628	371.000
2.870	32736.000	15262.140	411.000
2.880	32887.000	15213.498	441.000
2.890	33039.000	15209.448	446.000
2.900	33189.000	15146.614	487.000
2.910	33338.000	15072.630	538.000
2.920	33487.000	15020.841	579.000
2.930	33638.000	15044.589	576.000
2.940	33788.000	15031.212	595.000
2.950	33939.000	15051.848	594.000
2.960	34089.000	15036.294	614.000
2.970	34241.000	15085.406	595.000
2.980	34391.000	15059.784	619.000
2.990	34545.000	15161.849	568.000
3.000	34697.000	15173.294	566.000
3.010	34853.000	15301.306	494.000
3.020	35005.000	15270.914	511.000
3.030	35158.000	15279.640	506.000
3.040	35312.000	15315.748	484.000
3.050	35466.000	15341.024	467.000
3.060	35620.000	15358.716	454.000
3.070	35777.000	15461.102	388.000
3.080	35931.000	15442.771	391.000
3.090	36089.000	15549.940	319.000
3.100	36242.000	15474.958	352.000
3.110	36397.000	15482.470	338.000
3.120	36551.000	15457.729	344.000
3.130	36706.000	15470.411	328.000
3.140	36861.000	15479.287	314.000
3.150	37016.000	15485.501	301.000
3.160	37171.000	15489.851	289.000
3.170	37325.000	15462.896	296.000
3.180	37476.000	15354.027	353.000
3.190	37629.000	15337.819	359.000
3.200	37781.000	15296.473	381.000
3.210	37932.000	15237.531	416.000
3.220	38083.000	15196.272	443.000
3.230	38233.000	15137.390	482.000
3.240	38384.000	15126.173	496.000
3.250	38533.000	15058.321	544.000
3.260	38684.000	15070.825	546.000
3.270	38834.000	15049.577	568.000
3.280	38984.000	15034.704	588.000
3.290	39133.000	14994.293	623.000
3.300	39283.000	14996.005	635.000
3.310	39435.000	15057.204	611.000
3.320	39587.000	15100.042	596.000
3.330	39740.000	15160.030	568.000
3.340	39891.000	15142.021	584.000
3.350	40044.000	15189.415	562.000
3.360	40197.000	15222.590	546.000
3.370	40352.000	15305.813	498.000
3.380	40504.000	15274.069	516.000
3.390	40659.000	15341.848	475.000
3.400	40816.000	15449.294	408.000
3.410	40969.000	15404.506	427.000
3.420	41123.000	15403.154	422.000
3.430	41278.000	15432.208	399.000
3.440	41434.000	15482.545	361.000
3.450	41590.000	15517.782	331.000
3.460	41744.000	15482.447	341.000
3.470	41899.000	15487.713	329.000
3.480	42056.000	15551.399	281.000
3.490	42211.000	15535.979	277.000
3.500	42364.000	15465.186	308.000
3.510	42521.000	15535.630	257.000
3.520	42675.000	15494.941	270.000
3.530	42827.000	15406.459	314.000
3.540	42980.000	15374.521	327.000
3.550	43131.000	15292.165	372.000
3.560	43282.000	15234.515	407.000
3.570	43432.000	15164.161	451.000
3.580	43584.000	15174.913	450.000
3.590	43735.000	15152.439	468.000
3.600	43882.000	15016.707	556.000
3.610	44030.000	14951.695	607.000
3.620	44179.000	14936.186	631.000
3.630	44330.000	14985.331	617.000
3.640	44478.000	14929.731	664.000
3.650	44628.000	14950.812	668.000
3.660	44779.000	14995.568	656.000
3.670	44930.000	15026.898	650.000
3.680	45083.000	15108.829	612.000
3.690	45234.000	15106.180	621.000
3.700	45387.000	15164.326	594.000
3.710	45540.000	15205.028	575.000
3.720	45692.000	15203.520	579.000
3.730	45846.000	15262.464	547.000
3.740	45999.000	15273.725	541.000
3.750	46153.000	15311.607	518.000
3.760	46308.000	15368.125	483.000
3.770	46462.000	15377.688	473.000
3.780	46615.000	15354.381	482.000
3.790	46771.000	15428.067	434.000
3.800	46925.000	15419.647	433.000
3.810	47082.000	15503.753	375.000
3.820	47239.000	15562.627	330.000
3.830	47395.000	15573.839	310.000
3.840	47550.000	15551.687	310.000
3.850	47707.000	15596.181	270.000
3.860	47861.000	15537.327	291.000
3.870	48016.000	15526.129	286.000
3.880	48172.000	15548.290	262.000
3.890	48324.000	15443.803	312.000
3.900	48476.000	15370.662	349.000
3.910	48627.000	15289.464	394.000
3.920	48778.000	15232.624	427.000
3.930	48929.000	15192.837	454.000
3.940	49079.000	15134.986	492.000
3.950	49228.000	15064.490	542.000
3.960	49377.000	15015.143	581.000
3.970	49525.000	14950.600	632.000
3.980	49674.000	14935.420	656.000
3.990	49823.000	14924.794	679.000
4.000	49973.000	14947.356	681.000
4.010	50122.000	14933.149	705.000
4.020	50271.000	14923.204	727.000
4.030	50422.000	14976.243	711.000
4.040	50574.000	15043.370	684.000
4.050	50727.000	15120.359	649.000
4.060	50879.000	15144.251	641.000
4.070	51033.000	15220.976	601.000
4.080	51188.000	15304.683	553.000
4.090	51342.000	15333.278	535.000
4.100	51496.000	15353.295	520.000
4.110	51652.000	15427.306	472.000
4.120	51809.000	15509.114	416.000
4.130	51965.000	15536.380	389.000
4.140	52122.000	15585.466	348.000
4.150	52278.000	15589.826	331.000
4.160	52437.000	15682.878	261.000
4.170	52593.000	15658.015	257.000
4.180	52749.000	15640.610	250.000
4.190	52905.000	15628.427	241.000
4.200	53061.000	15619.899	230.000
4.210	53217.000	15613.929	218.000
4.220	53373.000	15609.751	205.000
4.230	53532.000	15696.825	138.000
4.240	53681.000	15457.778	263.000
4.250	53834.000	15410.444	283.000
4.260	53985.000	15317.311	333.000
4.270	54136.000	15252.118	371.000
4.280	54286.000	15176.482	418.000
4.290	54436.000	15123.538	455.000
4.300	54584.000	15026.476	520.000
4.310	54733.000	14988.533	555.000
4.320	54883.000	14991.973	566.000
4.330	55032.000	14964.381	596.000
4.340	55181.000	14945.067	622.000
4.350	55331.000	14961.547	627.000
4.360	55481.000	14973.083	635.000
4.370	55632.000	15011.158	626.000
4.380	55783.000	15037.811	622.000
4.390	55935.000	15086.467	604.000
4.400	56087.000	15120.527	592.000
4.410	56240.000	15174.369	567.000
4.420	56395.000	15272.058	512.000
4.430	56545.000	15190.441	562.000
4.440	56699.000	15253.309	528.000
4.450	56853.000	15297.316	503.000
4.460	57009.000	15388.121	447.000
4.470	57162.000	15361.685	458.000
4.480	57317.000	15403.179	429.000
4.490	57472.000	15432.226	406.000
4.500	57627.000	15452.558	387.000
4.510	57783.000	15496.791	352.000
4.520	57939.000	15527.753	323.000
4.530	58095.000	15549.427	299.000
4.540	58251.000	15564.599	277.000
4.550	58406.000	15545.219	276.000
4.560	58560.000	15501.654	290.000
4.570	58714.000	15471.158	298.000
4.580	58867.000	15419.810	320.000
4.590	59020.000	15383.867	336.000
4.600	59172.000	15328.707	364.000
4.610	59323.000	15260.095	403.000
4.620	59474.000	15212.066	433.000
4.630	59624.000	15148.447	474.000
4.640	59774.000	15103.913	507.000
4.650	59923.000	15042.739	552.000
4.660	60072.000	14999.917	589.000
4.670	60222.000	14999.942	602.000
4.680	60372.000	14999.959	614.000
4.690	60522.000	14999.972	627.000
4.700	60674.000	15059.980	604.000
4.710	60822.000	14981.986	661.000
4.720	60974.000	15047.390	635.000
4.730	61127.000	15123.173	600.000
4.740	61279.000	15146.221	593.000
4.750	61432.000	15192.355	571.000
4.760	61586.000	15254.648	538.000
4.770	61739.000	15268.254	531.000
4.780	61893.000	15307.778	507.000
4.790	62048.000	15365.444	471.000
4.800	62202.000	15375.811	461.000
4.810	62357.000	15413.068	434.000
4.820	62512.000	15439.147	412.000
4.830	62667.000	15457.403	394.000
4.840	62822.000	15470.182	378.000
4.850	62977.000	15479.128	364.000
4.860	63133.000	15515.389	333.000
4.870	63288.000	15510.773	324.000
4.880	63441.000	15447.541	352.000
4.890	63596.000	15463.279	335.000
4.900	63751.000	15474.295	320.000
4.910	63904.000	15422.006	342.000
4.920	64057.000	15385.405	358.000
4.930	64212.000	15419.783	332.000
4.940	64362.000	15293.848	402.000
4.950	64522.000	15505.694	273.000
4.960	64665.000	15143.986	481.000
4.970	64816.000	15130.790	495.000
4.980	64965.000	15061.553	544.000
4.990	65116.000	15073.087	547.000
5.000	65265.000	15021.161	2124.000
5.010	65417.000	15074.813	2220.000
5.020	65572.000	15202.369	2269.000
5.030	65732.000	15441.658	2245.000
5.040	65896.000	15729.161	2181.000
5.050	66064.000	16050.413	2083.000
5.060	66238.000	16455.289	1920.000
5.070	66414.000	16798.702	1775.000
5.080	66595.000	17189.091	1587.000
5.090	66778.000	17522.364	1415.000
5.100	66966.000	17905.655	1197.000
5.110	67154.000	18173.958	1031.000
5.120	67343.000	18391.771	884.000
5.130	67534.000	18604.240	730.000
5.140	67727.000	18812.968	568.000
5.150	67920.000	18959.077	435.000
5.160	68116.000	19151.354	267.000
5.170	68307.000	19135.948	216.000
5.180	68501.000	19215.164	108.000
5.190	68693.000	19210.614	47.000
5.200	68885.000	19207.430	-15.000
5.210	69076.000	19175.201	-58.000
5.220	69265.000	19092.641	-70.000
5.230	69452.000	18974.849	-57.000
5.240	69639.000	18892.394	-60.000
5.250	69824.000	18774.676	-38.000
5.260	70006.000	18602.273	22.000
5.270	70190.000	18541.591	24.000
5.280	70369.000	18349.114	107.000
5.290	70549.000	18244.380	146.000
5.300	70727.000	18111.066	207.000
5.310	70904.000	17987.746	269.000
5.320	71081.000	17901.422	313.000
5.330	71256.000	17780.996	383.000
5.340	71434.000	17786.697	381.000
5.350	71610.000	17730.688	417.000
5.360	71785.000	17661.481	463.000
5.370	71961.000	17643.037	481.000
5.380	72137.000	17630.126	498.000
5.390	72313.000	17621.088	512.000
5.400	72491.000	17674.762	489.000
5.410	72669.000	17712.333	473.000
5.420	72845.000	17678.633	499.000
5.430	73023.000	17715.043	483.000
5.440	73200.000	17710.530	491.000
5.450	73377.000	17707.371	498.000
5.460	73556.000	17765.160	469.000
5.470	73735.000	17805.612	447.000
5.480	73914.000	17833.928	431.000
5.490	74095.000	17913.750	382.000
5.500	74274.000	17909.625	381.000
5.510	74454.000	17936.737	361.000
5.520	74633.000	17925.716	362.000
5.530	74811.000	17888.001	380.000
5.540	74988.000	17831.601	412.000
5.550	75165.000	17792.121	435.000
5.560	75343.000	17794.484	435.000
5.570	75519.000	17736.139	472.000
5.580	75694.000	17665.297	519.000
5.590	75870.000	17645.708	538.000
5.600	76046.000	17631.996	554.000
5.610	76219.000	17532.397	623.000
5.620	76393.000	17492.678	661.000
5.630	76567.000	17464.875	693.000
5.640	76741.000	17445.412	721.000
5.650	76915.000	17431.789	747.000
5.660	77092.000	17512.252	716.000
5.670	77269.000	17568.576	696.000
5.680	77447.000	17638.003	666.000
5.690	77624.000	17656.602	664.000
5.700	77803.000	17729.622	627.000
5.710	77982.000	17780.735	601.000
5.720	78162.000	17846.515	563.000
5.730	78342.000	17892.560	534.000
5.740	78523.000	17954.792	494.000
5.750	78703.000	17968.355	480.000
5.760	78884.000	18007.848	449.000
5.770	79068.000	18125.494	370.000
5.780	79250.000	18147.846	343.000
5.790	79432.000	18163.492	318.000
5.800	79615.000	18204.444	278.000
5.810	79796.000	18173.111	280.000
5.820	79979.000	18211.178	241.000
5.830	80161.000	18207.824	225.000
5.840	80339.000	18085.477	282.000
5.850	80521.000	18119.834	249.000
5.860	80697.000	17963.884	329.000
5.870	80874.000	17884.719	371.000
5.880	81049.000	17769.303	438.000
5.890	81225.000	17718.512	471.000
5.900	81405.000	17802.958	425.000
5.910	81576.000	17592.071	553.000
5.920	81751.000	17564.450	581.000
5.930	81926.000	17545.115	604.000
5.940	82101.000	17531.580	625.000
5.950	82278.000	17582.106	608.000
5.960	82452.000	17527.474	652.000
5.970	82610.000	17009.232	979.000
5.980	82788.000	17246.462	873.000
5.990	82968.000	17472.524	763.000
6.000	83144.000	17510.767	756.000
6.010	83325.000	17687.537	664.000
6.020	83507.000	17841.276	577.000
6.030	83689.000	17948.893	512.000
6.040	83871.000	18024.225	460.000
6.050	84055.000	18136.958	383.000
6.060	84236.000	18125.870	376.000
6.070	84422.000	18268.109	276.000
6.080	84605.000	18277.676	250.000
6.090	84787.000	18254.374	243.000
6.100	84970.000	18268.061	216.000
6.110	85152.000	18247.643	208.000
6.120	85333.000	18203.350	215.000
6.130	85513.000	18142.345	235.000
6.140	85695.000	18159.642	210.000
6.150	85873.000	18051.749	259.000
6.160	86052.000	18006.224	276.000
6.170	86232.000	18004.357	269.000
6.180	86408.000	17883.050	334.000
6.190	86580.000	17678.135	455.000
6.200	86757.000	17684.694	458.000
6.210	86932.000	17629.286	498.000
6.220	87108.000	17620.500	512.000
6.230	87282.000	17554.350	562.000
6.240	87459.000	17598.045	548.000
6.250	87634.000	17568.632	576.000
6.260	87810.000	17578.042	582.000
6.270	87987.000	17614.629	571.000
6.280	88164.000	17640.241	565.000
6.290	88343.000	17718.168	527.000
6.300	88520.000	17712.718	535.000
6.310	88700.000	17798.903	488.000
6.320	88880.000	17859.232	453.000
6.330	89059.000	17871.462	444.000
6.340	89240.000	17940.024	400.000
6.350	89418.000	17898.016	421.000
6.360	89598.000	17928.612	399.000
6.370	89778.000	17950.028	381.000
6.380	89957.000	17935.020	384.000
6.390	90138.000	17984.514	350.000
6.400	90317.000	17959.160	358.000
6.410	90496.000	17941.412	362.000
6.420	90676.000	17958.988	346.000
6.430	90852.000	17851.292	405.000
6.440	91031.000	17865.904	395.000
6.450	91208.000	17816.133	423.000
6.460	91385.000	17781.293	445.000
6.470	91562.000	17756.905	461.000
6.480	91736.000	17649.834	529.000
6.490	91911.000	17604.884	564.000
6.500	92087.000	17603.418	575.000
6.510	92262.000	17572.393	604.000
6.520	92437.000	17550.675	629.000
6.530	92615.000	17625.473	596.000
6.540	92790.000	17587.831	628.000
6.550	92966.000	17591.482	637.000
6.560	93143.000	17624.037	628.000
6.570	93320.000	17646.826	623.000
6.580	93498.000	17692.778	604.000
6.590	93676.000	17724.945	590.000
6.600	93854.000	17747.461	582.000
6.610	94032.000	17763.223	576.000
6.620	94211.000	17804.256	554.000
6.630	94391.000	17862.979	519.000
6.640	94572.000	17934.085	475.000
6.650	94752.000	17953.860	458.000
6.660	94933.000	17997.702	425.000
6.670	95113.000	17998.391	417.000
6.680	95293.000	17998.874	409.000
6.690	95474.000	18029.212	382.000
6.700	95655.000	18050.448	360.000
6.710	95833.000	17975.314	395.000
6.720	96016.000	18072.720	330.000
6.730	96195.000	18020.904	350.000
6.740	96374.000	17984.633	363.000
6.750	96553.000	17959.243	371.000
6.760	96731.000	17911.470	393.000
6.770	96912.000	17968.029	355.000
6.780	97086.000	17797.620	452.000
6.790	97261.000	17708.334	507.000
6.800	97439.000	17735.834	495.000
6.810	97615.000	17695.084	524.000
6.820	97792.000	17696.559	529.000
6.830	97968.000	17667.591	553.000
6.840	98144.000	17647.314	572.000
6.850	98323.000	17723.120	534.000
6.860	98501.000	17746.184	525.000
6.870	98678.000	17732.329	537.000
6.880	98856.000	17752.630	529.000
6.890	99034.000	17766.841	524.000
6.900	99211.000	17746.789	539.000
6.910	99391.000	17822.752	496.000
6.920	99570.000	17845.926	483.000
6.930	99748.000	17832.149	490.000
6.940	99927.000	17852.504	477.000
6.950	100107.000	17896.753	449.000
6.960	100286.000	17897.727	446.000
6.970	100466.000	17928.409	424.000
6.980	100648.000	18009.886	370.000
6.990	100828.000	18006.920	363.000
7.000	101008.000	18004.844	356.000
7.010	101189.000	18033.391	331.000
7.020	101368.000	17993.374	345.000
7.030	101546.000	17935.362	373.000
7.040	101724.000	17894.753	392.000
7.050	101903.000	17896.327	388.000
7.060	102081.000	17867.429	402.000
7.070	102258.000	17817.200	431.000
7.080	102434.000	17752.040	470.000
7.090	102610.000	17706.428	501.000
7.100	102787.000	17704.500	508.000
7.110	102961.000	17613.150	568.000
7.120	103136.000	17579.205	599.000
7.130	103311.000	17555.443	624.000
7.140	103488.000	17598.810	610.000
7.150	103664.000	17599.167	621.000
7.160	103840.000	17599.417	631.000
7.170	104018.000	17659.592	605.000
7.180	104196.000	17701.714	587.000
7.190	104375.000	17761.200	557.000
7.200	104553.000	17772.840	553.000
7.210	104735.000	17900.988	478.000
7.220	104915.000	17930.692	456.000
7.230	105095.000	17951.484	439.000
7.240	105275.000	17966.039	424.000
7.250	105454.000	17946.227	430.000
7.260	105635.000	17992.359	396.000
7.270	105816.000	18024.651	369.000
7.280	106000.000	18137.256	292.000
7.290	106181.000	18126.079	285.000
7.300	106363.000	18148.255	258.000
7.310	106544.000	18133.779	252.000
7.320	106724.000	18093.645	262.000
7.330	106904.000	18065.552	266.000
7.340	107082.000	17985.886	303.000
7.350	107259.000	17900.120	348.000
7.360	107436.000	17840.084	381.000
7.370	107612.000	17768.059	423.000
7.380	107788.000	17717.641	456.000
7.390	107963.000	17652.349	501.000
7.400	108138.000	17606.644	536.000
7.410	108312.000	17544.651	584.000
7.420	108487.000	17531.256	605.000
7.430	108660.000	17461.879	660.000
7.440	108837.000	17533.315	633.000
7.450	109012.000	17523.321	653.000
7.460	109188.000	17546.324	653.000
7.470	109363.000	17532.427	674.000
7.480	109540.000	17582.699	657.000
7.490	109717.000	17617.889	647.000
7.500	109894.000	17642.523	642.000
7.510	110074.000	17749.766	585.000
7.520	110253.000	17794.836	561.000
7.530	110431.000	17796.385	562.000
7.540	110612.000	17887.470	508.000
7.550	110792.000	17921.229	485.000
7.560	110973.000	17974.860	448.000
7.570	111154.000	18012.402	419.000
7.580	111337.000	18098.681	358.000
7.590	111518.000	18099.077	345.000
7.600	111698.000	18069.354	351.000
7.610	111878.000	18048.548	352.000
7.620	112060.000	18093.983	315.000
7.630	112241.000	18095.788	301.000
7.640	112420.000	18037.052	324.000
7.650	112598.000	17965.936	357.000
7.660	112775.000	17886.155	399.000
7.670	112952.000	17830.309	430.000
7.680	113130.000	17821.216	435.000
7.690	113305.000	17724.851	494.000
7.700	113481.000	17687.396	521.000
7.710	113656.000	17631.177	561.000
7.720	113833.000	17651.824	558.000
7.730	114008.000	17606.277	593.000
7.740	114183.000	17574.394	622.000
7.750	114360.000	17612.076	611.000
7.760	114540.000	17728.453	551.000
7.770	114717.000	17719.917	560.000
7.780	114896.000	17773.942	532.000
7.790	115074.000	17781.759	530.000
7.800	115254.000	17847.232	492.000
7.810	115433.000	17863.062	482.000
7.820	115611.000	17844.143	492.000
7.830	115792.000	17920.900	444.000
7.840	115972.000	17944.630	426.000
7.850	116153.000	17991.241	392.000
7.860	116334.000	18023.869	365.000
7.870	116514.000	18016.708	360.000
7.880	116694.000	18011.696	354.000
7.890	116875.000	18038.187	330.000
7.900	117055.000	18026.731	327.000
7.910	117234.000	17988.712	341.000
7.920	117413.000	17962.098	349.000
7.930	117593.000	17973.469	336.000
7.940	117770.000	17891.428	379.000
7.950	117949.000	17894.000	374.000
7.960	118127.000	17865.800	388.000
7.970	118304.000	17816.060	416.000
7.980	118479.000	17721.242	474.000
7.990	118654.000	17654.869	519.000
8.000	118829.000	17608.409	555.000
8.010	119002.000	17515.886	620.000
8.020	119180.000	17601.120	583.000
8.030	119356.000	17600.784	594.000
8.040	119532.000	17600.549	604.000
8.050	119708.000	17600.384	614.000
8.060	119885.000	17630.269	607.000
8.070	120062.000	17651.188	603.000
8.080	120240.000	17695.832	584.000
8.090	120418.000	17727.082	571.000
8.100	120597.000	17778.958	544.000
8.110	120776.000	17815.270	524.000
8.120	120955.000	17840.689	510.000
8.130	121136.000	17918.482	462.000
8.140	121316.000	17942.938	443.000
8.150	121496.000	17960.056	427.000
8.160	121679.000	18062.039	359.000
8.170	121859.000	18043.428	360.000
8.180	122041.000	18090.399	322.000
8.190	122221.000	18063.280	326.000
8.200	122400.000	18014.296	344.000
8.210	122581.000	18040.007	320.000
8.220	122761.000	18028.005	318.000
8.230	122938.000	17929.603	368.000
8.240	123118.000	17950.722	350.000
8.250	123295.000	17875.506	390.000
8.260	123473.000	17852.854	401.000
8.270	123651.000	17836.998	410.000
8.280	123825.000	17705.898	488.000
8.290	124000.000	17644.129	531.000
8.300	124175.000	17600.890	565.000
8.310	124350.000	17570.623	594.000
8.320	124525.000	17549.436	618.000
8.330	124702.000	17594.605	604.000
8.340	124879.000	17626.224	595.000
8.350	125056.000	17648.357	591.000
8.360	125232.000	17633.850	608.000
8.370	125416.000	17863.695	478.000
8.380	125588.000	17664.586	596.000
8.390	125766.000	17705.210	579.000
8.400	125943.000	17703.647	586.000
8.410	126120.000	17702.553	592.000
8.420	126306.000	17971.787	435.000
8.430	126480.000	17800.251	532.000
8.440	126660.000	17860.176	497.000
8.450	126839.000	17872.123	488.000
8.460	127020.000	17940.486	444.000
8.470	127199.000	17928.340	447.000
8.480	127381.000	18009.838	393.000
8.490	127562.000	18036.887	368.000
8.500	127742.000	18025.821	365.000
8.510	127922.000	18018.074	360.000
8.520	128101.000	17982.652	373.000
8.530	128281.000	17987.857	363.000
8.540	128460.000	17961.500	371.000
8.550	128639.000	17943.050	376.000
8.560	128817.000	17900.135	396.000
8.570	128992.000	17780.094	465.000
8.580	129170.000	17786.066	464.000
8.590	129345.000	17700.246	518.000
8.600	129521.000	17670.172	541.000
8.610	129695.000	17589.121	597.000
8.620	129869.000	17532.384	642.000
8.630	130045.000	17552.669	644.000
8.640	130221.000	17566.868	648.000
8.650	130399.000	17636.808	617.000
8.660	130576.000	17655.766	614.000
8.670	130751.000	17609.036	650.000
8.680	130928.000	17636.325	644.000
8.690	131107.000	17715.428	605.000
8.700	131285.000	17740.799	594.000
8.710	131464.000	17788.560	569.000
8.720	131644.000	17851.992	533.000
8.730	131825.000	17926.394	487.000
8.740	132005.000	17948.476	469.000
8.750	132187.000	18023.933	418.000
8.760	132369.000	18076.753	377.000
8.770	132550.000	18083.727	361.000
8.780	132730.000	18058.609	364.000
8.790	132913.000	18131.026	310.000
8.800	133094.000	18121.718	301.000
8.810	133275.000	18115.203	292.000
8.820	133457.000	18140.642	263.000
8.830	133635.000	18038.449	310.000
8.840	133815.000	18026.915	308.000
8.850	133994.000	17988.840	321.000
8.860	134171.000	17902.188	366.000
8.870	134352.000	17961.532	327.000
8.880	134522.000	17673.072	495.000
8.890	134701.000	17741.151	461.000
8.900	134877.000	17698.805	490.000
8.910	135052.000	17639.164	532.000
8.920	135229.000	17657.415	529.000
8.930	135403.000	17580.190	584.000
8.940	135582.000	17676.133	537.000
8.950	135758.000	17653.293	558.000
8.960	135935.000	17667.305	557.000
8.970	136114.000	17737.114	522.000
8.980	136288.000	17635.980	587.000
8.990	136468.000	17745.186	530.000
9.000	136648.000	17821.630	487.000
9.010	136827.000	17845.141	473.000
9.020	137007.000	17891.599	444.000
9.030	137185.000	17864.119	458.000
9.040	137365.000	17904.883	432.000
9.050	137546.000	17963.418	393.000
9.060	137726.000	17974.393	380.000
9.070	137906.000	17982.075	368.000
9.080	138087.000	18017.452	340.000
9.090	138267.000	18012.217	334.000
9.100	138448.000	18038.552	310.000
9.110	138627.000	17996.986	325.000
9.120	138806.000	17967.890	335.000
9.130	138984.000	17917.523	359.000
9.140	139161.000	17852.266	394.000
9.150	139339.000	17836.586	402.000
9.160	139515.000	17765.610	444.000
9.170	139692.000	17745.927	459.000
9.180	139866.000	17642.149	525.000
9.190	140043.000	17659.504	523.000
9.200	140219.000	17641.653	541.000
9.210	140395.000	17629.157	557.000
9.220	140569.000	17560.410	608.000
9.230	140746.000	17602.287	595.000
9.240	140922.000	17601.601	605.000
9.250	141098.000	17601.121	616.000
9.260	141276.000	17660.784	590.000
9.270	141454.000	17702.549	572.000
9.280	141631.000	17701.784	578.000
9.290	141808.000	17701.249	584.000
9.300	141986.000	17730.874	572.000
9.310	142167.000	17841.612	510.000
9.320	142346.000	17859.128	498.000
9.330	142525.000	17871.390	489.000
9.340	142705.000	17909.973	464.000
9.350	142885.000	17936.981	444.000
9.360	143066.000	17985.887	409.000
9.370	143246.000	17990.121	399.000
9.380	143427.000	18023.085	372.000
9.390	143605.000	17956.159	403.000
9.400	143787.000	18029.311	353.000
9.410	143967.000	18020.518	349.000
9.420	144146.000	17984.363	362.000
9.430	144325.000	17959.054	370.000
9.440	144503.000	17911.338	393.000
9.450	144681.000	17877.936	409.000
9.460	144858.000	17824.555	439.000
9.470	145035.000	17787.189	461.000
9.480	145211.000	17731.032	497.000
9.490	145384.000	17601.723	579.000
9.500	145561.000	17631.206	572.000
9.510	145737.000	17621.844	586.000
9.520	145912.000	17585.291	618.000
9.530	146088.000	17589.704	626.000
9.540	146263.000	17562.793	653.000
9.550	146441.000	17633.955	622.000
9.560	146618.000	17653.768	619.000
9.570	146796.000	17697.638	600.000
9.580	146974.000	17728.346	588.000
9.590	147152.000	17749.843	579.000
9.600	147331.000	17794.890	555.000
9.610	147511.000	17856.423	520.000
9.620	147692.000	17929.496	474.000
9.630	147872.000	17950.647	456.000
9.640	148052.000	17965.453	442.000
9.650	148233.000	18005.817	411.000
9.660	148416.000	18094.072	349.000
9.670	148596.000	18065.850	354.000
9.680	148777.000	18076.095	337.000
9.690	148956.000	18023.267	357.000
9.700	149136.000	18016.287	353.000
9.710	149318.000	18071.401	311.000
9.720	149499.000	18079.980	294.000
9.730	149678.000	18025.986	315.000
9.740	149856.000	17958.190	347.000
9.750	150034.000	17910.733	369.000
9.760	150212.000	17877.513	385.000
9.770	150388.000	17794.259	433.000
9.780	150564.000	17735.982	470.000
9.790	150738.000	17635.187	535.000
9.800	150915.000	17654.631	532.000
9.810	151093.000	17698.242	513.000
9.820	151269.000	17668.769	537.000
9.830	151445.000	17648.138	557.000
9.840	151622.000	17663.697	555.000
9.850	151808.000	17944.588	393.000
9.860	151977.000	17631.211	577.000
9.870	152155.000	17681.848	555.000
9.880	152333.000	17717.294	540.000
9.890	152511.000	17742.106	530.000
9.900	152690.000	17789.474	505.000
9.910	152869.000	17822.632	487.000
9.920	153049.000	17875.842	455.000
9.930	153229.000	17913.090	430.000
9.940	153409.000	17939.163	411.000
9.950	153588.000	17927.414	412.000
9.960	153769.000	17979.190	377.000
9.970	153949.000	17985.433	366.000
9.980	154127.000	17929.803	392.000
9.990	154309.000	18010.862	338.000
10.000	154488.000	17977.603	350.000
10.010	154669.000	18014.322	321.000
10.020	154848.000	17980.026	333.000
10.030	155027.000	17956.018	340.000
10.040	155205.000	17909.213	362.000
10.050	155381.000	17816.449	415.000
10.060	155557.000	17751.514	454.000
10.070	155732.000	17676.060	503.000
10.080	155907.000	17623.242	542.000
10.090	156082.000	17586.269	573.000
10.100	156255.000	17500.389	636.000
10.110	156430.000	17500.272	651.000
10.120	156605.000	17500.190	666.000
10.130	156780.000	17500.133	681.000
10.140	156956.000	17530.093	678.000
10.150	157131.000	17521.065	697.000
10.160	157308.000	17574.746	678.000
10.170	157486.000	17642.322	649.000
10.180	157664.000	17689.625	629.000
10.190	157840.000	17662.738	651.000
10.200	158020.000	17763.916	598.000
10.210	158200.000	17834.742	558.000
10.220	158380.000	17884.319	527.000
10.230	158560.000	17919.023	504.000
10.240	158741.000	17973.316	467.000
10.250	158921.000	17981.321	455.000
10.260	159103.000	18046.925	408.000
10.270	159284.000	18062.848	388.000
10.280	159467.000	18133.993	335.000
10.290	159648.000	18123.795	327.000
10.300	159829.000	18116.657	317.000
10.310	160011.000	18141.660	289.000
10.320	160192.000	18129.162	282.000
10.330	160373.000	18120.413	273.000
10.340	160550.000	17994.289	336.000
10.350	160727.000	17906.002	381.000
10.360	160904.000	17844.202	415.000
10.370	161082.000	17830.941	422.000
10.380	161257.000	17731.659	482.000
10.390	161435.000	17752.161	474.000
10.400	161611.000	17706.513	505.000
10.410	161786.000	17644.559	548.000
10.420	161963.000	17661.191	546.000
10.430	162139.000	17642.834	564.000
10.440	162316.000	17659.984	562.000
10.450	162493.000	17671.989	563.000
10.460	162669.000	17650.392	583.000
10.470	162847.000	17695.274	564.000
10.480	163024.000	17696.692	569.000
10.490	163202.000	17727.684	556.000
10.500	163381.000	17779.379	529.000
10.510	163558.000	17755.565	546.000
10.520	163738.000	17828.896	505.000
10.530	163918.000	17880.227	473.000
10.540	164097.000	17886.159	467.000
10.550	164278.000	17950.311	426.000
10.560	164458.000	17965.218	411.000
10.570	164638.000	17975.653	398.000
10.580	164820.000	18042.957	351.000
10.590	165001.000	18060.070	331.000
10.600	165181.000	18042.049	331.000
10.610	165360.000	17999.434	347.000
10.620	165540.000	17999.604	339.000
10.630	165718.000	17939.723	367.000
10.640	165897.000	17927.806	369.000
10.650	166076.000	17919.464	369.000
10.660	166253.000	17853.625	404.000
10.670	166430.000	17807.537	431.000
10.680	166606.000	17745.276	469.000
10.690	166783.000	17731.693	481.000
10.700	166958.000	17662.185	527.000
10.710	167136.000	17703.530	510.000
10.720	167313.000	17702.471	516.000
10.730	167490.000	17701.730	522.000
10.740	167668.000	17731.211	510.000
10.750	167845.000	17721.847	520.000
10.760	168030.000	17955.293	384.000
10.770	168201.000	17698.705	533.000
10.780	168378.000	17699.094	538.000
10.790	168558.000	17789.366	490.000
10.800	168737.000	17822.556	471.000
10.810	168918.000	17905.789	421.000
10.820	169097.000	17904.052	418.000
10.830	169275.000	17872.837	434.000
10.840	169457.000	17970.986	372.000
10.850	169636.000	17949.690	379.000
10.860	169816.000	17964.783	364.000
10.870	169996.000	17975.348	351.000
10.880	170176.000	17982.744	340.000
10.890	170357.000	18017.921	311.000
10.900	170533.000	17892.544	378.000
10.910	170712.000	17894.781	374.000
10.920	170890.000	17866.347	388.000
10.930	171068.000	17846.443	398.000
10.940	171245.000	17802.510	423.000
10.950	171420.000	17711.757	479.000
10.960	171596.000	17678.230	504.000
10.970	171771.000	17624.761	543.000
10.980	171947.000	17617.333	557.000
10.990	172123.000	17612.133	570.000
11.000	172296.000	17518.493	636.000
11.010	172472.000	17542.945	635.000
11.020	172648.000	17560.062	638.000
11.030	172823.000	17542.043	661.000
11.040	172999.000	17559.430	663.000
11.050	173177.000	17631.601	632.000
11.060	173353.000	17622.121	647.000
11.070	173530.000	17645.485	642.000
11.080	173708.000	17691.839	622.000
11.090	173886.000	17724.287	609.000
11.100	174066.000	17807.001	563.000
11.110	174244.000	17804.901	565.000
11.120	174421.000	17773.431	585.000
11.130	174603.000	17901.401	511.000
11.140	174783.000	17930.981	489.000
11.150	174964.000	17981.687	454.000
11.160	175143.000	17957.181	461.000
11.170	175324.000	18000.026	430.000
11.180	175516.000	18360.019	204.000
11.190	175686.000	17952.013	426.000
11.200	175867.000	17996.409	393.000
11.210	176047.000	17997.486	385.000
11.220	176227.000	17998.240	377.000
11.230	176409.000	18058.768	332.000
11.240	176587.000	17981.138	368.000
11.250	176766.000	17956.796	376.000
11.260	176944.000	17909.758	398.000
11.270	177122.000	17876.830	414.000
11.280	177299.000	17823.781	444.000
11.290	177474.000	17726.647	503.000
11.300	177651.000	17718.653	512.000
11.310	177828.000	17713.057	520.000
11.320	178003.000	17649.140	564.000
11.330	178179.000	17634.398	581.000
11.340	178356.000	17654.079	578.000
11.350	178533.000	17667.855	577.000
11.360	178710.000	17677.498	579.000
11.370	178888.000	17714.249	563.000
11.380	179064.000	17679.974	589.000
11.390	179245.000	17805.982	520.000
11.400	179423.000	17804.187	522.000
11.410	179603.000	17862.931	487.000
11.420	179783.000	17904.052	461.000
11.430	179962.000	17902.836	458.000
11.440	180141.000	17901.985	455.000
11.450	180323.000	17991.390	397.000
11.460	180504.000	18023.973	370.000
11.470	180684.000	18016.781	365.000
11.480	180864.000	18011.747	359.000
11.490	181047.000	18098.223	299.000
11.500	181224.000	17978.756	358.000
11.510	181406.000	18045.129	311.000
11.520	181586.000	18031.590	309.000
11.530	181765.000	17992.113	324.000
11.540	181943.000	17934.479	351.000
11.550	182120.000	17864.136	388.000
11.560	182297.000	17814.895	416.000
11.570	182473.000	17750.426	456.000
11.580	182648.000	17675.298	504.000
11.590	182825.000	17682.709	507.000
11.600	182998.000	17567.896	583.000
11.610	183173.000	17547.527	607.000
11.620	183347.000	17503.269	646.000
11.630	183521.000	17472.288	680.000
11.640	183697.000	17510.602	673.000
11.650	183882.000	17807.421	508.000
11.660	184052.000	17565.195	655.000
11.670	184237.000	17845.636	498.000
11.680	184408.000	17621.946	632.000
11.690	184586.000	17675.362	609.000
11.700	184769.000	17862.753	502.000
11.710	184947.000	17843.927	512.000
11.720	185127.000	17890.749	483.000
11.730	185308.000	17953.524	442.000
11.740	185490.000	18027.467	392.000
11.750	185670.000	18019.227	387.000
11.760	185853.000	18103.459	328.000
11.770	186034.000	18102.421	316.000
11.780	186215.000	18101.695	303.000
11.790	186397.000	18131.186	273.000
11.800	186577.000	18091.830	283.000
11.810	186756.000	18034.281	305.000
11.820	186935.000	17993.997	320.000
11.830	187114.000	17965.798	329.000
11.840	187291.000	17886.058	371.000
11.850	187469.000	17860.241	384.000
11.860	187645.000	17782.169	429.000
11.870	187822.000	17757.518	446.000
11.880	187997.000	17680.263	496.000
11.890	188173.000	17656.184	517.000
11.900	188347.000	17579.329	571.000
11.910	188522.000	17555.530	597.000
11.920	188697.000	17538.871	619.000
11.930	188873.000	17557.210	621.000
11.940	189050.000	17600.047	608.000
11.950	189226.000	17600.033	618.000
11.960	189402.000	17600.023	628.000
11.970	189579.000	17630.016	620.000
11.980	189757.000	17681.011	599.000
11.990	189933.000	17656.708	620.000
12.000	190113.000	17759.696	565.000
12.010	190292.000	17801.787	0.000
12.020	190470.000	17801.251	0.000
12.030	190647.000	17770.876	0.000
12.040	190824.000	17749.613	0.000
12.050	191001.000	17734.729	0.000
12.060	191175.000	17634.310	0.000
12.070	191351.000	17624.017	0.000
12.080	191521.000	17436.812	0.000
12.090	191694.000	17395.768	0.000
12.100	191866.000	17337.038	0.000
12.110	192035.000	17205.927	0.000
12.120	192204.000	17114.149	0.000
12.130	192370.000	16959.904	0.000
12.140	192536.000	16851.933	0.000
12.150	192698.000	16656.353	0.000
12.160	192861.000	16549.447	0.000
12.170	193022.000	16414.613	0.000
12.180	193182.000	16290.229	0.000
12.190	193338.000	16083.160	0.000
12.200	193496.000	15998.212	0.000
12.210	193652.000	15878.749	0.000
12.220	193805.000	15705.124	0.000
12.230	193959.000	15613.587	0.000
12.240	194111.000	15489.511	0.000
12.250	194262.000	15372.658	0.000
12.260	194411.000	15230.860	0.000
12.270	194561.000	15161.602	0.000
12.280	194707.000	14993.122	0.000
12.290	194854.000	14905.185	0.000
12.300	195000.000	14813.630	0.000
12.310	195145.000	14719.541	0.000
12.320	195288.000	14593.678	0.000
12.330	195432.000	14535.575	0.000
12.340	195573.000	14404.902	0.000
12.350	195714.000	14313.432	0.000
12.360	195854.000	14219.402	0.000
12.370	195993.000	14123.582	0.000
12.380	196131.000	14026.507	0.000
12.390	196268.000	13928.555	0.000
12.400	196404.000	13829.988	0.000
12.410	196539.000	13730.992	0.000
12.420	196673.000	13631.694	0.000
12.430	196806.000	13532.186	0.000
12.440	196938.000	13432.530	0.000
12.450	197069.000	13332.771	0.000
12.460	197199.000	13232.940	0.000
12.470	197327.000	13103.058	0.000
12.480	197454.000	12982.141	0.000
12.490	197581.000	12897.498	0.000
12.500	197705.000	12748.249	0.000
12.510	197829.000	12643.774	0.000
12.520	197951.000	12510.642	0.000
12.530	198071.000	12357.449	0.000
12.540	198189.000	12190.215	0.000
12.550	198306.000	12043.150	0.000
12.560	198423.000	11940.205	0.000
12.570	198537.000	11778.144	0.000
12.580	198650.000	11634.701	0.000
12.590	198762.000	11504.290	0.000
12.600	198873.000	11383.003	0.000
12.610	198981.000	11208.102	0.000
12.620	199089.000	11085.672	0.000
12.630	199194.000	10909.970	0.000
12.640	199300.000	10816.979	0.000
12.650	199404.000	10691.885	0.000
12.660	199508.000	10604.320	0.000
12.670	199610.000	10483.024	0.000
12.680	199711.000	10368.117	0.000
12.690	199811.000	10257.682	0.000
12.700	199910.000	10150.377	0.000
12.710	200008.000	10045.264	0.000
12.720	200105.000	9941.685	0.000
12.730	200201.000	9839.179	0.000
12.740	200296.000	9737.426	0.000
12.750	200391.000	9666.198	0.000
12.760	200484.000	9556.339	0.000
12.770	200577.000	9479.437	0.000
12.780	200669.000	9395.606	0.000
12.790	200759.000	9276.924	0.000
12.800	200849.000	9193.847	0.000
12.810	200939.000	9135.693	0.000
12.820	201028.000	9064.985	0.000
12.830	201115.000	8955.489	0.000
12.840	201201.000	8848.843	0.000
12.850	201286.000	8744.190	0.000
12.860	201372.000	8700.933	0.000
12.870	201456.000	8610.653	0.000
12.880	201540.000	8547.457	0.000
12.890	201622.000	8443.220	0.000
12.900	201704.000	8370.254	0.000
12.910	201785.000	8289.178	0.000
12.920	201865.000	8202.424	0.000
12.930	201944.000	8111.697	0.000
12.940	202023.000	8048.188	0.000
12.950	202099.000	7913.732	0.000
12.960	202176.000	7849.612	0.000
12.970	202250.000	7714.728	0.000
12.980	202325.000	7650.310	0.000
12.990	202399.000	7575.217	0.000
13.000	202470.000	7432.652	0.000
13.010	202541.000	7332.856	0.000
13.020	202610.000	7202.999	0.000
13.030	202678.000	7082.100	0.000
13.040	202745.000	6967.470	0.000
13.050	202810.000	6827.229	0.000
13.060	202874.000	6699.060	0.000
13.070	202937.000	6579.342	0.000
13.080	202998.000	6435.539	0.000
13.090	203057.000	6274.878	0.000
13.100	203115.000	6132.414	0.000
13.110	203172.000	6002.690	0.000
13.120	203227.000	5851.883	0.000
13.130	203280.000	5686.318	0.000
13.140	203332.000	5540.423	0.000
13.150	203383.000	5408.296	0.000
13.160	203431.000	5225.807	0.000
13.170	203480.000	5128.065	0.000
13.180	203526.000	4969.645	0.000
13.190	203571.000	4828.752	0.000
13.200	203614.000	4670.126	0.000
13.210	203656.000	4529.088	0.000
13.220	203697.000	4400.362	0.000
13.230	203736.000	4250.253	0.000
13.240	203775.000	4145.177	0.000
13.250	203810.000	3951.624	0.000
13.260	203845.000	3816.137	0.000
13.270	203878.000	3661.296	0.000
13.280	203909.000	3492.907	0.000
13.290	203939.000	3345.035	0.000
13.300	203968.000	3211.524	0.000
13.310	203996.000	3088.067	0.000
13.320	204022.000	2941.647	0.000
13.330	204047.000	2809.153	0.000
13.340	204070.000	2656.407	0.000
13.350	204092.000	2519.485	0.000
13.360	204112.000	2363.639	0.000
13.370	204131.000	2224.548	0.000
13.380	204149.000	2097.183	0.000
13.390	204165.000	1948.028	0.000
13.400	204180.000	1813.620	0.000
13.410	204195.000	1719.534	0.000
13.420	204208.000	1593.674	0.000
13.430	204220.000	1475.572	0.000
13.440	204231.000	1362.900	0.000
13.450	204241.000	1254.030	0.000
13.460	204250.000	1147.821	0.000
13.470	204258.000	1043.475	0.000
13.480	204264.000	910.432	0.000
13.490	204270.000	817.303	0.000
13.500	204274.000	692.112	0.000
13.510	204278.000	604.478	0.000
13.520	204280.000	483.135	0.000
13.530	204281.000	368.194	0.000
13.540	204281.000	257.736	0.000
13.550	204281.000	180.415	0.000
13.560	204281.000	126.291	0.000
13.570	204278.000	-1.597	0.000
13.580	204274.000	-121.118	0.000
13.590	204270.000	-204.782	0.000
13.600	204265.000	-293.348	0.000
13.610	204259.000	-385.343	0.000
13.620	204253.000	-449.740	0.000
13.630	204246.000	-524.818	0.000
13.640	204240.000	-547.373	0.000
13.650	204233.000	-593.161	0.000
13.660	204226.000	-625.213	0.000
13.670	204219.000	-647.649	0.000
13.680	204211.000	-693.354	0.000
13.690	204204.000	-695.348	0.000
13.700	204196.000	-726.744	0.000
13.710	204189.000	-718.720	0.000
13.720	204181.000	-743.104	0.000
13.730	204174.000	-730.173	0.000
13.740	204166.000	-751.121	0.000
13.750	204159.000	-735.785	0.000
13.760	204152.000	-725.049	0.000
13.770	204145.000	-717.535	0.000
13.780	204138.000	-712.274	0.000
13.790	204131.000	-708.592	0.000
13.800	204123.000	-736.014	0.000
13.810	204116.000	-725.210	0.000
13.820	204109.000	-717.647	0.000
13.830	204102.000	-712.353	0.000
13.840	204094.000	-738.647	0.000
13.850	204087.000	-727.053	0.000
13.860	204080.000	-718.937	0.000
13.870	204072.000	-743.256	0.000
13.880	204064.000	-760.279	0.000
13.890	204056.000	-772.195	0.000
13.900	204048.000	-780.537	0.000
13.910	204040.000	-786.376	0.000
13.920	204032.000	-790.463	0.000
13.930	204024.000	-793.324	0.000
13.940	204016.000	-795.327	0.000
13.950	204008.000	-796.729	0.000
13.960	203999.000	-827.710	0.000
13.970	203991.000	-819.397	0.000
13.980	203983.000	-813.578	0.000
13.990	203975.000	-809.505	0.000
14.000	203967.000	-806.653	0.000
14.010	203960.000	-774.657	0.000
14.020	203952.000	-782.260	0.000
14.030	203945.000	-757.582	0.000
14.040	203938.000	-740.307	0.000
14.050	203931.000	-728.215	0.000
14.060	203924.000	-719.751	0.000
14.070	203917.000	-713.825	0.000
14.080	203911.000	-679.678	0.000
14.090	203904.000	-685.774	0.000
14.100	203898.000	-660.042	0.000
14.110	203892.000	-642.029	0.000
14.120	203886.000	-629.421	0.000
14.130	203880.000	-620.594	0.000
14.140	203874.000	-614.416	0.000
14.150	203869.000	-580.091	0.000
14.160	203863.000	-586.064	0.000
14.170	203858.000	-560.245	0.000
14.180	203852.000	-572.171	0.000
14.190	203847.000	-550.520	0.000
14.200	203842.000	-535.364	0.000
14.210	203836.000	-554.755	0.000
14.220	203830.000	-568.328	0.000
14.230	203825.000	-547.830	0.000
14.240	203819.000	-563.481	0.000
14.250	203814.000	-544.437	0.000
14.260	203808.000	-561.106	0.000
14.270	203802.000	-572.774	0.000
14.280	203796.000	-580.942	0.000
14.290	203790.000	-586.659	0.000
14.300	203783.000	-620.661	0.000
14.310	203777.000	-614.463	0.000
14.320	203771.000	-610.124	0.000
14.330	203765.000	-607.087	0.000
14.340	203758.000	-634.961	0.000
14.350	203752.000	-624.473	0.000
14.360	203746.000	-617.131	0.000
14.370	203739.000	-641.992	0.000
14.380	203733.000	-629.394	0.000
14.390	203727.000	-620.576	0.000
14.400	203722.000	-584.403	0.000
14.410	203716.000	-589.082	0.000
14.420	203710.000	-592.358	0.000
14.430	203705.000	-564.650	0.000
14.440	203700.000	-545.255	0.000
14.450	203695.000	-531.679	0.000
14.460	203690.000	-522.175	0.000
14.470	203686.000	-485.523	0.000
14.480	203681.000	-489.866	0.000
14.490	203677.000	-462.906	0.000
14.500	203674.000	-414.034	0.000
14.510	203670.000	-409.824	0.000
14.520	203666.000	-406.877	0.000
14.530	203663.000	-374.814	0.000
14.540	203660.000	-352.370	0.000
14.550	203658.000	-306.659	0.000
14.560	203655.000	-304.661	0.000
14.570	203653.000	-273.263	0.000
14.580	203651.000	-251.284	0.000
14.590	203649.000	-235.899	0.000
14.600	203647.000	-225.129	0.000
14.610	203646.000	-187.590	0.000
14.620	203645.000	-161.313	0.000
14.630	203644.000	-142.919	0.000
14.640	203643.000	-130.044	0.000
14.650	203642.000	-121.030	0.000
14.660	203642.000	-84.721	0.000
14.670	203642.000	-59.305	0.000
14.680	203642.000	-41.513	0.000
14.690	203642.000	-29.059	0.000
14.700	203642.000	-20.342	0.000
14.710	203642.000	-14.239	0.000
14.720	203642.000	-9.967	0.000
14.730	203643.000	23.023	0.000
14.740	203643.000	16.116	0.000
14.750	203644.000	41.281	0.000
14.760	203645.000	58.897	0.000
14.770	203646.000	71.228	0.000
14.780	203647.000	79.859	0.000
14.790	203648.000	85.902	0.000
14.800	203649.000	90.131	0.000
14.810	203649.000	63.092	0.000
14.820	203650.000	74.164	0.000
14.830	203650.000	51.915	0.000
14.840	203650.000	36.340	0.000
14.850	203651.000	55.438	0.000
14.860	203651.000	38.807	0.000
14.870	203651.000	27.165	0.000
14.880	203651.000	19.015	0.000
14.890	203651.000	13.311	0.000
14.900	203651.000	9.318	0.000
14.910	203651.000	6.522	0.000
14.920	203651.000	4.566	0.000
14.930	203650.000	-26.804	0.000
14.940	203650.000	-18.763	0.000
14.950	203649.000	-43.134	0.000
14.960	203649.000	-30.194	0.000
14.970	203648.000	-51.136	0.000
14.980	203647.000	-65.795	0.000
14.990	203647.000	-46.056	0.000
15.000	203647.000	-32.240	0.000
