0.000	0.000	0.000	0.000
0.010	1.000	30.000	-21.000
0.020	0.000	-9.000	5.000
0.030	-2.000	-66.300	46.000
0.040	-5.000	-136.410	98.000
0.050	-7.000	-155.487	118.000
0.060	-10.000	-198.841	155.000
0.070	-12.000	-199.189	165.000
0.080	-14.000	-199.432	174.000
0.090	-15.000	-169.602	162.000
0.100	-17.000	-178.722	176.000
0.110	-18.000	-155.105	168.000
0.120	-18.000	-108.574	142.000
0.130	-18.000	-76.002	124.000
0.140	-18.000	-53.201	112.000
0.150	-18.000	-37.241	103.000
0.160	-18.000	-26.069	97.000
0.170	-18.000	-18.248	92.000
0.180	-18.000	-12.774	89.000
0.190	-17.000	21.058	66.000
0.200	-17.000	14.741	70.000
0.210	-16.000	40.319	51.000
0.220	-15.000	58.223	37.000
0.230	-14.000	70.756	25.000
0.240	-14.000	49.529	37.000
0.250	-14.000	34.671	45.000
0.260	-14.000	24.269	51.000
0.270	-14.000	16.989	55.000
0.280	-14.000	11.892	58.000
0.290	-14.000	8.324	60.000
0.300	-14.000	5.827	61.000
0.310	-14.000	4.079	62.000
0.320	-14.000	2.855	63.000
0.330	-15.000	-28.001	84.000
0.340	-15.000	-19.601	79.000
0.350	-16.000	-43.721	97.000
0.360	-16.000	-30.604	90.000
0.370	-16.000	-21.423	85.000
0.380	-16.000	-14.996	82.000
0.390	-16.000	-10.497	79.000
0.400	-16.000	-7.348	77.000
0.410	-16.000	-5.144	76.000
0.420	-16.000	-3.601	75.000
0.430	-16.000	-2.520	75.000
0.440	-16.000	-1.764	74.000
0.450	-16.000	-1.235	74.000
0.460	-16.000	-0.864	74.000
0.470	-16.000	-0.605	74.000
0.480	-16.000	-0.424	73.000
0.490	-16.000	-0.297	73.000
0.500	-16.000	-0.208	73.000
0.510	-16.000	-0.145	288.000
0.520	-15.000	29.898	496.000
0.530	-14.000	50.929	723.000
0.540	-11.000	125.650	926.000
0.550	-7.000	207.955	1133.000
0.560	-1.000	325.569	1326.000
0.570	8.000	497.898	1489.000
0.580	20.000	708.529	1631.000
0.590	36.000	975.970	1737.000
0.600	54.000	1223.179	1859.000
0.610	77.000	1546.225	1931.000
0.620	103.000	1862.358	2007.000
0.630	132.000	2173.650	2085.000
0.640	165.000	2511.555	2145.000
0.650	202.000	2868.089	2190.000
0.660	243.000	3237.662	2223.000
0.670	287.000	3586.363	2269.000
0.680	336.000	3980.454	2280.000
0.690	391.000	4436.318	2244.000
0.700	449.000	4845.423	2233.000
0.710	513.000	5311.796	2178.000
0.720	579.000	5698.257	2172.000
0.730	650.000	6118.780	2138.000
0.740	724.000	6503.146	2124.000
0.750	803.000	6922.202	2082.000
0.760	885.000	7305.542	2060.000
0.770	971.000	7693.879	2031.000
0.780	1061.000	8085.715	1996.000
0.790	1155.000	8480.001	1955.000
0.800	1252.000	8846.001	1930.000
0.810	1353.000	9222.200	1895.000
0.820	1457.000	9575.540	1873.000
0.830	1566.000	9972.878	1817.000
0.840	1678.000	10341.015	1778.000
0.850	1792.000	10658.710	1772.000
0.860	1911.000	11031.097	1727.000
0.870	2031.000	11321.768	1736.000
0.880	2155.000	11645.238	1723.000
0.890	2283.000	11991.666	1692.000
0.900	2414.000	12324.166	1670.000
0.910	2545.000	12556.917	1717.000
0.920	2682.000	12899.842	1689.000
0.930	2821.000	13199.889	1690.000
0.940	2963.000	13499.922	1691.000
0.950	3110.000	13859.946	1650.000
0.960	3260.000	14201.962	1620.000
0.970	3411.000	14471.373	1638.000
0.980	3567.000	14809.961	1610.000
0.990	3726.000	15136.973	1589.000
1.000	3887.000	15425.881	1593.000
1.010	4051.000	15718.117	1380.000
1.020	4218.000	16012.682	1153.000
1.030	4387.000	16278.877	932.000
1.040	4557.000	16495.214	734.000
1.050	4728.000	16676.650	550.000
1.060	4899.000	16803.655	397.000
1.070	5068.000	16832.558	307.000
1.080	5238.000	16882.791	200.000
1.090	5406.000	16857.954	144.000
1.100	5572.000	16780.568	126.000
1.110	5737.000	16696.397	117.000
1.120	5901.000	16607.478	115.000
1.130	6063.000	16485.235	140.000
1.140	6225.000	16399.664	145.000
1.150	6385.000	16279.765	178.000
1.160	6543.000	16135.835	233.000
1.170	6702.000	16065.085	244.000
1.180	6860.000	15985.559	264.000
1.190	7017.000	15899.892	292.000
1.200	7176.000	15899.924	264.000
1.210	7332.000	15809.947	298.000
1.220	7487.000	15716.963	340.000
1.230	7643.000	15681.874	344.000
1.240	7800.000	15687.312	322.000
1.250	7956.000	15661.118	322.000
1.260	8112.000	15642.783	317.000
1.270	8268.000	15629.948	310.000
1.280	8424.000	15620.964	300.000
1.290	8581.000	15644.674	267.000
1.300	8737.000	15631.272	260.000
1.310	8892.000	15591.891	272.000
1.320	9048.000	15594.323	256.000
1.330	9202.000	15536.026	282.000
1.340	9358.000	15555.218	257.000
1.350	9512.000	15508.653	277.000
1.360	9666.000	15476.057	290.000
1.370	9823.000	15543.240	233.000
1.380	9977.000	15500.268	251.000
1.390	10130.000	15440.188	283.000
1.400	10284.000	15428.131	285.000
1.410	10434.000	15299.692	368.000
1.420	10585.000	15239.784	409.000
1.430	10735.000	15167.849	462.000
1.440	10886.000	15147.494	481.000
1.450	11037.000	15133.246	497.000
1.460	11185.000	15033.272	574.000
1.470	11336.000	15053.291	572.000
1.480	11487.000	15067.303	572.000
1.490	11637.000	15047.112	596.000
1.500	11787.000	15032.979	616.000
1.510	11939.000	15083.085	592.000
1.520	12090.000	15088.160	598.000
1.530	12243.000	15151.712	562.000
1.540	12395.000	15166.198	557.000
1.550	12548.000	15206.339	534.000
1.560	12702.000	15264.437	497.000
1.570	12856.000	15305.106	469.000
1.580	13010.000	15333.574	447.000
1.590	13164.000	15353.502	431.000
1.600	13319.000	15397.451	397.000
1.610	13475.000	15458.216	348.000
1.620	13630.000	15470.751	331.000
1.630	13785.000	15479.526	316.000
1.640	13940.000	15485.668	303.000
1.650	14095.000	15489.968	290.000
1.660	14252.000	15552.977	236.000
1.670	14406.000	15507.084	256.000
1.680	14562.000	15534.959	226.000
1.690	14717.000	15524.471	222.000
1.700	14870.000	15457.130	258.000
1.710	15024.000	15439.991	262.000
1.720	15176.000	15367.994	305.000
1.730	15328.000	15317.596	336.000
1.740	15479.000	15252.317	381.000
1.750	15630.000	15206.622	414.000
1.760	15782.000	15204.635	419.000
1.770	15932.000	15143.245	465.000
1.780	16081.000	15070.271	523.000
1.790	16231.000	15049.190	547.000
1.800	16380.000	15004.433	589.000
1.810	16531.000	15033.103	582.000
1.820	16680.000	14993.172	621.000
1.830	16829.000	14965.220	654.000
1.840	16979.000	14975.654	661.000
1.850	17130.000	15012.958	649.000
1.860	17282.000	15069.071	621.000
1.870	17433.000	15078.349	624.000
1.880	17585.000	15114.845	608.000
1.890	17737.000	15140.391	597.000
1.900	17891.000	15218.274	549.000
1.910	18044.000	15242.792	534.000
1.920	18196.000	15229.954	545.000
1.930	18349.000	15250.968	532.000
1.940	18502.000	15265.678	523.000
1.950	18656.000	15305.974	496.000
1.960	18812.000	15394.182	432.000
1.970	18965.000	15365.927	447.000
1.980	19120.000	15406.149	415.000
1.990	19274.000	15404.304	410.000
2.000	19428.000	15403.013	405.000
2.010	19582.000	15402.109	400.000
2.020	19735.000	15371.476	416.000
2.030	19890.000	15410.033	385.000
2.040	20043.000	15377.023	402.000
2.050	20197.000	15383.916	393.000
2.060	20350.000	15358.741	405.000
2.070	20503.000	15341.119	414.000
2.080	20656.000	15328.783	420.000
2.090	20808.000	15290.148	445.000
2.100	20962.000	15323.104	421.000
2.110	21113.000	15256.173	466.000
2.120	21264.000	15209.321	500.000
2.130	21415.000	15176.525	527.000
2.140	21565.000	15123.567	569.000
2.150	21715.000	15086.497	602.000
2.160	21866.000	15090.548	608.000
2.170	22017.000	15093.384	614.000
2.180	22168.000	15095.368	621.000
2.190	22319.000	15096.758	629.000
2.200	22471.000	15127.731	615.000
2.210	22625.000	15209.411	565.000
2.220	22776.000	15176.588	591.000
2.230	22929.000	15213.612	570.000
2.240	23083.000	15269.528	533.000
2.250	23238.000	15338.670	485.000
2.260	23391.000	15327.069	491.000
2.270	23544.000	15318.948	494.000
2.280	23698.000	15343.264	475.000
2.290	23852.000	15360.285	460.000
2.300	24007.000	15402.199	427.000
2.310	24161.000	15401.539	422.000
2.320	24316.000	15431.078	395.000
2.330	24471.000	15451.754	374.000
2.340	24627.000	15496.228	335.000
2.350	24784.000	15557.360	282.000
2.360	24937.000	15480.152	323.000
2.370	25092.000	15486.106	310.000
2.380	25249.000	15550.274	255.000
2.390	25403.000	15505.192	274.000
2.400	25557.000	15473.634	286.000
2.410	25712.000	15481.544	272.000
2.420	25864.000	15397.081	322.000
2.430	26017.000	15367.957	337.000
2.440	26171.000	15377.570	326.000
2.450	26324.000	15354.299	338.000
2.460	26476.000	15308.009	367.000
2.470	26628.000	15275.606	389.000
2.480	26779.000	15222.924	426.000
2.490	26932.000	15246.047	412.000
2.500	27082.000	15172.233	466.000
2.510	27232.000	15120.563	507.000
2.520	27383.000	15114.394	519.000
2.530	27534.000	15110.076	529.000
2.540	27685.000	15107.053	539.000
2.550	27836.000	15104.937	548.000
2.560	27988.000	15133.456	536.000
2.570	28140.000	15153.419	529.000
2.580	28293.000	15197.393	504.000
2.590	28445.000	15198.175	507.000
2.600	28598.000	15228.723	489.000
2.610	28750.000	15220.106	497.000
2.620	28903.000	15244.074	483.000
2.630	29056.000	15260.852	473.000
2.640	29209.000	15272.596	465.000
2.650	29364.000	15340.817	418.000
2.660	29518.000	15358.572	402.000
2.670	29672.000	15371.001	390.000
2.680	29825.000	15349.700	401.000
2.690	29979.000	15364.790	387.000
2.700	30135.000	15435.353	333.000
2.710	30289.000	15424.747	334.000
2.720	30443.000	15417.323	332.000
2.730	30597.000	15412.126	329.000
2.740	30750.000	15378.488	347.000
2.750	30905.000	15414.942	317.000
2.760	31058.000	15380.459	335.000
2.770	31211.000	15356.321	347.000
2.780	31364.000	15339.425	355.000
2.790	31515.000	15267.598	403.000
2.800	31666.000	15217.318	439.000
2.810	31817.000	15182.123	467.000
2.820	31966.000	15097.486	531.000
2.830	32115.000	15038.240	581.000
2.840	32264.000	14996.768	621.000
2.850	32413.000	14967.738	654.000
2.860	32563.000	14977.416	662.000
2.870	32711.000	14924.191	713.000
2.880	32861.000	14946.934	713.000
2.890	33009.000	14902.854	760.000
2.900	33158.000	14901.998	777.000
2.910	33309.000	14961.398	753.000
2.920	33460.000	15002.979	738.000
2.930	33612.000	15062.085	709.000
2.940	33764.000	15103.460	690.000
2.950	33917.000	15162.422	656.000
2.960	34071.000	15233.695	612.000
2.970	34225.000	15283.587	578.000
2.980	34380.000	15348.511	533.000
2.990	34535.000	15393.957	497.000
3.000	34690.000	15425.770	470.000
3.010	34845.000	15448.039	447.000
3.020	35000.000	15463.627	429.000
3.030	35156.000	15504.539	391.000
3.040	35311.000	15503.177	382.000
3.050	35468.000	15562.224	330.000
3.060	35625.000	15603.557	288.000
3.070	35780.000	15572.490	295.000
3.080	35935.000	15550.743	297.000
3.090	36090.000	15535.520	295.000
3.100	36245.000	15524.864	291.000
3.110	36400.000	15517.405	285.000
3.120	36553.000	15452.183	320.000
3.130	36707.000	15436.528	323.000
3.140	36859.000	15365.570	366.000
3.150	37010.000	15285.899	418.000
3.160	37162.000	15260.129	436.000
3.170	37313.000	15212.090	470.000
3.180	37464.000	15178.463	497.000
3.190	37615.000	15154.924	518.000
3.200	37764.000	15078.447	578.000
3.210	37915.000	15084.913	582.000
3.220	38064.000	15029.439	630.000
3.230	38214.000	15020.607	648.000
3.240	38365.000	15044.425	643.000
3.250	38516.000	15061.098	642.000
3.260	38667.000	15072.768	644.000
3.270	38819.000	15110.938	626.000
3.280	38971.000	15137.656	615.000
3.290	39125.000	15216.360	566.000
3.300	39278.000	15241.452	551.000
3.310	39433.000	15319.016	499.000
3.320	39586.000	15313.311	501.000
3.330	39741.000	15369.318	460.000
3.340	39895.000	15378.523	449.000
3.350	40052.000	15474.966	377.000
3.360	40206.000	15452.476	383.000
3.370	40361.000	15466.733	365.000
3.380	40517.000	15506.713	329.000
3.390	40672.000	15504.699	320.000
3.400	40829.000	15563.289	268.000
3.410	40985.000	15574.303	247.000
3.420	41138.000	15492.012	292.000
3.430	41292.000	15464.408	301.000
3.440	41448.000	15505.086	264.000
3.450	41603.000	15503.560	255.000
3.460	41757.000	15472.492	267.000
3.470	41910.000	15420.744	294.000
3.480	42063.000	15384.521	313.000
3.490	42216.000	15359.165	326.000
3.500	42367.000	15281.415	377.000
3.510	42518.000	15226.991	415.000
3.520	42669.000	15188.894	445.000
3.530	42819.000	15132.225	489.000
3.540	42969.000	15092.558	523.000
3.550	43120.000	15094.790	530.000
3.560	43269.000	15036.353	580.000
3.570	43420.000	15055.447	577.000
3.580	43571.000	15068.813	578.000
3.590	43722.000	15078.169	581.000
3.600	43875.000	15144.718	544.000
3.610	44025.000	15101.303	580.000
3.620	44177.000	15130.912	568.000
3.630	44330.000	15181.638	539.000
3.640	44484.000	15247.147	497.000
3.650	44638.000	15293.003	466.000
3.660	44791.000	15295.102	464.000
3.670	44944.000	15296.571	462.000
3.680	45099.000	15357.600	419.000
3.690	45253.000	15370.320	406.000
3.700	45408.000	15409.224	374.000
3.710	45563.000	15436.457	349.000
3.720	45717.000	15425.520	350.000
3.730	45872.000	15447.864	327.000
3.740	46025.000	15403.505	351.000
3.750	46180.000	15432.453	325.000
3.760	46335.000	15452.717	303.000
3.770	46488.000	15406.902	328.000
3.780	46641.000	15374.831	344.000
3.790	46797.000	15442.382	292.000
3.800	46947.000	15309.667	378.000
3.810	47101.000	15336.767	358.000
3.820	47252.000	15265.737	405.000
3.830	47403.000	15216.016	441.000
3.840	47554.000	15181.211	468.000
3.850	47707.000	15216.848	448.000
3.860	47856.000	15121.793	517.000
3.870	48006.000	15085.255	550.000
3.880	48156.000	15059.679	577.000
3.890	48306.000	15041.775	600.000
3.900	48456.000	15029.243	619.000
3.910	48607.000	15050.470	616.000
3.920	48756.000	15005.329	658.000
3.930	48905.000	14973.730	693.000
3.940	49057.000	15041.611	659.000
3.950	49207.000	15029.128	679.000
3.960	49359.000	15080.389	654.000
3.970	49510.000	15086.273	659.000
3.980	49662.000	15120.391	644.000
3.990	49816.000	15204.274	592.000
4.000	49971.000	15292.992	533.000
4.010	50124.000	15295.094	531.000
4.020	50277.000	15296.566	529.000
4.030	50431.000	15327.596	506.000
4.040	50585.000	15349.317	489.000
4.050	50741.000	15424.522	433.000
4.060	50895.000	15417.165	431.000
4.070	51049.000	15412.016	429.000
4.080	51204.000	15438.411	404.000
4.090	51359.000	15456.888	384.000
4.100	51515.000	15499.821	345.000
4.110	51671.000	15529.875	314.000
4.120	51824.000	15460.912	351.000
4.130	51981.000	15532.639	292.000
4.140	52134.000	15462.847	330.000
4.150	52288.000	15443.993	334.000
4.160	52443.000	15460.795	315.000
4.170	52595.000	15382.557	362.000
4.180	52749.000	15387.790	353.000
4.190	52902.000	15361.453	367.000
4.200	53054.000	15313.017	397.000
4.210	53205.000	15249.112	441.000
4.220	53357.000	15234.378	452.000
4.230	53507.000	15164.065	504.000
4.240	53660.000	15204.845	481.000
4.250	53811.000	15173.392	506.000
4.260	53961.000	15121.374	548.000
4.270	54112.000	15114.962	559.000
4.280	54261.000	15050.473	612.000
4.290	54413.000	15095.331	591.000
4.300	54566.000	15156.732	556.000
4.310	54716.000	15109.712	595.000
4.320	54867.000	15106.799	605.000
4.330	55023.000	15254.759	508.000
4.340	55172.000	15148.331	584.000
4.350	55324.000	15163.832	579.000
4.360	55477.000	15204.682	556.000
4.370	55630.000	15233.278	539.000
4.380	55783.000	15253.294	527.000
4.390	55938.000	15327.306	476.000
4.400	56092.000	15349.114	459.000
4.410	56247.000	15394.380	424.000
4.420	56400.000	15366.066	438.000
4.430	56555.000	15406.246	406.000
4.440	56709.000	15404.372	401.000
4.450	56864.000	15433.061	376.000
4.460	57019.000	15453.142	354.000
4.470	57174.000	15467.200	336.000
4.480	57329.000	15477.040	321.000
4.490	57485.000	15513.928	286.000
4.500	57641.000	15539.749	257.000
4.510	57794.000	15467.825	296.000
4.520	57949.000	15477.477	280.000
4.530	58101.000	15394.234	330.000
4.540	58253.000	15335.964	365.000
4.550	58406.000	15325.175	370.000
4.560	58556.000	15227.622	437.000
4.570	58707.000	15189.336	466.000
4.580	58857.000	15132.535	510.000
4.590	59006.000	15062.774	566.000
4.600	59157.000	15073.942	568.000
4.610	59306.000	15021.759	614.000
4.620	59455.000	14985.232	652.000
4.630	59606.000	15019.662	641.000
4.640	59755.000	14983.764	678.000
4.650	59906.000	15018.634	667.000
4.660	60058.000	15073.044	641.000
4.670	60210.000	15111.131	623.000
4.680	60360.000	15077.792	654.000
4.690	60515.000	15204.454	575.000
4.700	60668.000	15233.118	558.000
4.710	60822.000	15283.183	525.000
4.720	60977.000	15348.228	479.000
4.730	61132.000	15393.759	443.000
4.740	61288.000	15455.632	395.000
4.750	61445.000	15528.942	335.000
4.760	61600.000	15520.259	329.000
4.770	61755.000	15514.182	323.000
4.780	61911.000	15539.927	294.000
4.790	62068.000	15587.949	248.000
4.800	62223.000	15561.564	252.000
4.810	62378.000	15543.095	253.000
4.820	62533.000	15530.167	250.000
4.830	62688.000	15521.117	244.000
4.840	62843.000	15514.782	238.000
4.850	62997.000	15480.347	251.000
4.860	63151.000	15456.243	259.000
4.870	63303.000	15379.370	305.000
4.880	63455.000	15325.559	338.000
4.890	63606.000	15257.891	384.000
4.900	63758.000	15240.524	397.000
4.910	63907.000	15138.367	471.000
4.920	64056.000	15066.857	527.000
4.930	64206.000	15046.800	551.000
4.940	64355.000	15002.760	593.000
4.950	64505.000	15001.932	606.000
4.960	64654.000	14971.352	640.000
4.970	64803.000	14949.947	669.000
4.980	64953.000	14964.963	674.000
4.990	65103.000	14975.474	681.000
5.000	65253.000	14982.832	2483.000
5.010	65407.000	15107.982	2525.000
5.020	65567.000	15375.588	2461.000
5.030	65729.000	15622.911	2399.000
5.040	65898.000	16006.038	2230.000
5.050	66072.000	16424.227	2019.000
5.060	66248.000	16776.959	1834.000
5.070	66429.000	17173.871	1603.000
5.080	66612.000	17511.710	1395.000
5.090	66799.000	17868.197	1158.000
5.100	66988.000	18177.738	938.000
5.110	67180.000	18484.416	706.000
5.120	67371.000	18669.091	546.000
5.130	67564.000	18858.364	374.000
5.140	67758.000	19020.855	212.000
5.150	67950.000	19074.598	120.000
5.160	68143.000	19142.219	15.000
5.170	68333.000	19099.553	-15.000
5.180	68522.000	19039.687	-32.000
5.190	68711.000	18997.781	-58.000
5.200	68898.000	18908.447	-48.000
5.210	69084.000	18815.913	-33.000
5.220	69267.000	18661.139	31.000
5.230	69448.000	18492.797	111.000
5.240	69631.000	18434.958	121.000
5.250	69809.000	18244.471	227.000
5.260	69986.000	18081.129	323.000
5.270	70164.000	17996.791	371.000
5.280	70340.000	17877.753	447.000
5.290	70518.000	17854.427	461.000
5.300	70696.000	17838.099	471.000
5.310	70873.000	17796.669	500.000
5.320	71050.000	17767.669	521.000
5.330	71227.000	17747.368	538.000
5.340	71405.000	17763.158	531.000
5.350	71585.000	17834.210	484.000
5.360	71763.000	17823.947	490.000
5.370	71941.000	17816.763	496.000
5.380	72120.000	17841.734	478.000
5.390	72300.000	17889.214	444.000
5.400	72480.000	17922.450	418.000
5.410	72661.000	17975.715	376.000
5.420	72839.000	17923.000	406.000
5.430	73019.000	17946.100	385.000
5.440	73197.000	17902.270	411.000
5.450	73377.000	17931.589	387.000
5.460	73558.000	17982.112	346.000
5.470	73736.000	17927.479	377.000
5.480	73916.000	17949.235	357.000
5.490	74094.000	17904.465	383.000
5.500	74273.000	17903.125	381.000
5.510	74451.000	17872.188	399.000
5.520	74626.000	17760.531	475.000
5.530	74803.000	17742.372	491.000
5.540	74980.000	17729.660	504.000
5.550	75155.000	17660.762	557.000
5.560	75331.000	17642.534	577.000
5.570	75508.000	17659.774	573.000
5.580	75684.000	17641.841	593.000
5.590	75860.000	17629.289	611.000
5.600	76038.000	17680.502	584.000
5.610	76215.000	17686.352	586.000
5.620	76393.000	17720.446	569.000
5.630	76570.000	17714.312	578.000
5.640	76750.000	17800.019	522.000
5.650	76929.000	17830.013	502.000
5.660	77109.000	17881.009	466.000
5.670	77289.000	17916.706	439.000
5.680	77470.000	17971.694	396.000
5.690	77649.000	17950.186	404.000
5.700	77830.000	17995.130	367.000
5.710	78010.000	17996.591	358.000
5.720	78191.000	18027.614	328.000
5.730	78372.000	18049.330	304.000
5.740	78553.000	18064.531	283.000
5.750	78735.000	18105.172	243.000
5.760	78914.000	18043.620	274.000
5.770	79092.000	17970.534	315.000
5.780	79270.000	17919.374	345.000
5.790	79448.000	17883.562	365.000
5.800	79626.000	17858.493	380.000
5.810	79803.000	17810.945	412.000
5.820	79981.000	17807.662	415.000
5.830	80156.000	17715.363	481.000
5.840	80332.000	17680.754	511.000
5.850	80508.000	17656.528	534.000
5.860	80684.000	17639.570	554.000
5.870	80859.000	17597.699	592.000
5.880	81035.000	17598.389	602.000
5.890	81211.000	17598.872	612.000
5.900	81387.000	17599.211	622.000
5.910	81563.000	17599.447	632.000
5.920	81741.000	17659.613	600.000
5.930	81919.000	17701.729	578.000
5.940	82095.000	17671.210	605.000
5.950	82273.000	17709.847	585.000
5.960	82452.000	17766.893	550.000
5.970	82630.000	17776.825	546.000
5.980	82810.000	17843.778	501.000
5.990	82988.000	17830.644	509.000
6.000	83170.000	17941.451	431.000
6.010	83348.000	17899.016	456.000
6.020	83527.000	17899.311	452.000
6.030	83706.000	17899.518	449.000
6.040	83886.000	17929.662	424.000
6.050	84067.000	17980.764	383.000
6.060	84247.000	17986.535	372.000
6.070	84426.000	17960.574	383.000
6.080	84606.000	17972.402	368.000
6.090	84784.000	17920.681	398.000
6.100	84963.000	17914.477	398.000
6.110	85140.000	17850.134	439.000
6.120	85317.000	17805.094	470.000
6.130	85495.000	17803.566	472.000
6.140	85669.000	17682.496	558.000
6.150	85844.000	17627.747	603.000
6.160	86020.000	17619.423	618.000
6.170	86194.000	17553.596	674.000
6.180	86370.000	17567.517	677.000
6.190	86546.000	17577.262	681.000
6.200	86723.000	17614.083	667.000
6.210	86900.000	17639.858	658.000
6.220	87080.000	17747.901	591.000
6.230	87256.000	17703.531	626.000
6.240	87436.000	17792.471	569.000
6.250	87616.000	17854.730	526.000
6.260	87794.000	17838.311	536.000
6.270	87973.000	17856.818	523.000
6.280	88154.000	17929.772	470.000
6.290	88333.000	17920.841	472.000
6.300	88514.000	17974.588	429.000
6.310	88697.000	18072.212	354.000
6.320	88877.000	18050.548	358.000
6.330	89058.000	18065.384	337.000
6.340	89239.000	18075.769	319.000
6.350	89421.000	18113.038	281.000
6.360	89602.000	18109.127	271.000
6.370	89781.000	18046.389	302.000
6.380	89962.000	18062.472	280.000
6.390	90140.000	17983.730	325.000
6.400	90320.000	17988.611	314.000
6.410	90496.000	17872.028	389.000
6.420	90674.000	17850.420	402.000
6.430	90851.000	17805.294	432.000
6.440	91027.000	17743.706	477.000
6.450	91206.000	17790.594	447.000
6.460	91383.000	17763.416	468.000
6.470	91557.000	17654.391	548.000
6.480	91733.000	17638.074	567.000
6.490	91911.000	17686.652	541.000
6.500	92087.000	17660.656	566.000
6.510	92265.000	17702.459	544.000
6.520	92442.000	17701.721	550.000
6.530	92621.000	17761.205	514.000
6.540	92800.000	17802.844	488.000
6.550	92979.000	17831.990	468.000
6.560	93158.000	17852.393	454.000
6.570	93337.000	17866.675	442.000
6.580	93517.000	17906.673	412.000
6.590	93697.000	17934.671	389.000
6.600	93878.000	17984.270	349.000
6.610	94059.000	18018.989	317.000
6.620	94238.000	17983.292	333.000
6.630	94418.000	17988.304	323.000
6.640	94599.000	18021.813	292.000
6.650	94778.000	17985.269	308.000
6.660	94959.000	18019.688	277.000
6.670	95137.000	17953.782	314.000
6.680	95316.000	17937.647	320.000
6.690	95493.000	17866.353	365.000
6.700	95670.000	17816.447	398.000
6.710	95846.000	17751.513	444.000
6.720	96022.000	17706.059	480.000
6.730	96197.000	17644.241	529.000
6.740	96373.000	17630.969	546.000
6.750	96549.000	17621.678	562.000
6.760	96723.000	17555.175	618.000
6.770	96898.000	17538.622	642.000
6.780	97074.000	17557.036	642.000
6.790	97250.000	17569.925	645.000
6.800	97425.000	17548.947	672.000
6.810	97602.000	17594.263	652.000
6.820	97780.000	17655.984	620.000
6.830	97958.000	17699.189	597.000
6.840	98136.000	17729.432	581.000
6.850	98315.000	17780.603	550.000
6.860	98493.000	17786.422	548.000
6.870	98673.000	17850.495	504.000
6.880	98854.000	17925.347	450.000
6.890	99032.000	17887.743	472.000
6.900	99213.000	17951.420	425.000
6.910	99392.000	17935.994	430.000
6.920	99571.000	17925.196	432.000
6.930	99751.000	17947.637	412.000
6.940	99931.000	17963.346	395.000
6.950	100111.000	17974.342	381.000
6.960	100290.000	17952.039	390.000
6.970	100471.000	17996.428	353.000
6.980	100647.000	17877.499	429.000
6.990	100826.000	17884.250	422.000
7.000	101006.000	17918.975	395.000
7.010	101182.000	17823.282	458.000
7.020	101358.000	17756.298	505.000
7.030	101534.000	17709.408	541.000
7.040	101710.000	17676.586	570.000
7.050	101885.000	17623.610	614.000
7.060	102063.000	17676.527	586.000
7.070	102239.000	17653.569	609.000
7.080	102414.000	17607.498	649.000
7.090	102590.000	17605.249	660.000
7.100	102768.000	17663.674	629.000
7.110	102947.000	17734.572	587.000
7.120	103124.000	17724.200	598.000
7.130	103303.000	17776.940	566.000
7.140	103481.000	17783.858	563.000
7.150	103662.000	17878.701	498.000
7.160	103840.000	17855.090	512.000
7.170	104020.000	17898.563	480.000
7.180	104200.000	17928.994	456.000
7.190	104381.000	17980.296	415.000
7.200	104562.000	18016.207	382.000
7.210	104743.000	18041.345	356.000
7.220	104925.000	18088.942	313.000
7.230	105105.000	18062.259	319.000
7.240	105285.000	18043.581	322.000
7.250	105467.000	18090.507	279.000
7.260	105648.000	18093.355	264.000
7.270	105828.000	18065.348	272.000
7.280	106008.000	18045.744	275.000
7.290	106187.000	18002.021	295.000
7.300	106364.000	17911.415	351.000
7.310	106543.000	17907.990	350.000
7.320	106720.000	17845.593	390.000
7.330	106897.000	17801.915	420.000
7.340	107074.000	17771.341	442.000
7.350	107249.000	17689.938	502.000
7.360	107426.000	17692.957	506.000
7.370	107603.000	17695.070	511.000
7.380	107779.000	17666.549	537.000
7.390	107957.000	17706.584	516.000
7.400	108133.000	17674.609	544.000
7.410	108312.000	17742.226	503.000
7.420	108488.000	17699.558	537.000
7.430	108666.000	17729.691	521.000
7.440	108843.000	17720.784	532.000
7.450	109023.000	17804.549	478.000
7.460	109201.000	17803.184	480.000
7.470	109380.000	17832.229	460.000
7.480	109558.000	17822.560	467.000
7.490	109738.000	17875.792	429.000
7.500	109917.000	17883.054	422.000
7.510	110096.000	17888.138	416.000
7.520	110276.000	17921.697	389.000
7.530	110456.000	17945.188	368.000
7.540	110637.000	17991.631	330.000
7.550	110815.000	17934.142	363.000
7.560	110995.000	17953.899	344.000
7.570	111174.000	17937.730	350.000
7.580	111353.000	17926.411	352.000
7.590	111531.000	17888.487	374.000
7.600	111709.000	17861.941	390.000
7.610	111885.000	17783.359	444.000
7.620	112061.000	17728.351	485.000
7.630	112237.000	17689.846	516.000
7.640	112413.000	17662.892	541.000
7.650	112588.000	17614.024	583.000
7.660	112759.000	17459.817	701.000
7.670	112934.000	17471.872	710.000
7.680	113109.000	17480.310	720.000
7.690	113284.000	17486.217	732.000
7.700	113460.000	17520.352	723.000
7.710	113636.000	17544.246	720.000
7.720	113813.000	17590.973	700.000
7.730	113990.000	17623.681	688.000
7.740	114170.000	17736.577	618.000
7.750	114347.000	17725.604	629.000
7.760	114528.000	17837.923	555.000
7.770	114707.000	17856.546	541.000
7.780	114887.000	17899.582	509.000
7.790	115068.000	17959.707	464.000
7.800	115250.000	18031.795	407.000
7.810	115430.000	18022.257	404.000
7.820	115609.000	17985.580	421.000
7.830	115790.000	18019.906	389.000
7.840	115971.000	18043.934	364.000
7.850	116151.000	18030.754	363.000
7.860	116332.000	18051.528	339.000
7.870	116512.000	18036.069	339.000
7.880	116692.000	18025.249	337.000
7.890	116872.000	18017.674	333.000
7.900	117049.000	17922.372	392.000
7.910	117227.000	17885.660	413.000
7.920	117404.000	17829.962	450.000
7.930	117581.000	17790.974	477.000
7.940	117758.000	17763.681	498.000
7.950	117934.000	17714.577	535.000
7.960	118111.000	17710.204	543.000
7.970	118287.000	17677.143	572.000
7.980	118464.000	17684.000	574.000
7.990	118643.000	17748.800	535.000
8.000	118819.000	17704.160	569.000
8.010	118997.000	17732.912	555.000
8.020	119175.000	17753.038	545.000
8.030	119352.000	17737.127	559.000
8.040	119532.000	17815.989	508.000
8.050	119710.000	17811.192	512.000
8.060	119890.000	17867.835	472.000
8.070	120069.000	17877.484	464.000
8.080	120250.000	17944.239	414.000
8.090	120428.000	17900.967	439.000
8.100	120611.000	18020.677	352.000
8.110	120788.000	17924.474	410.000
8.120	120968.000	17947.132	390.000
8.130	121148.000	17962.992	373.000
8.140	121329.000	18004.095	338.000
8.150	121510.000	18032.866	309.000
8.160	121691.000	18053.006	286.000
8.170	121869.000	17977.104	329.000
8.180	122047.000	17923.973	359.000
8.190	122226.000	17916.781	360.000
8.200	122407.000	17971.747	317.000
8.210	122582.000	17830.223	410.000
8.220	122758.000	17761.156	458.000
8.230	122934.000	17712.809	495.000
8.240	123111.000	17708.966	503.000
8.250	123288.000	17706.276	510.000
8.260	123465.000	17704.394	517.000
8.270	123641.000	17673.075	545.000
8.280	123818.000	17681.153	546.000
8.290	123997.000	17746.807	506.000
8.300	124173.000	17702.765	541.000
8.310	124351.000	17731.935	526.000
8.320	124529.000	17752.355	516.000
8.330	124709.000	17826.648	467.000
8.340	124887.000	17818.654	472.000
8.350	125068.000	17903.058	413.000
8.360	125246.000	17872.140	432.000
8.370	125425.000	17880.498	423.000
8.380	125605.000	17916.349	396.000
8.390	125784.000	17911.444	395.000
8.400	125965.000	17968.011	351.000
8.410	126143.000	17917.608	380.000
8.420	126322.000	17912.325	380.000
8.430	126502.000	17938.628	357.000
8.440	126681.000	17927.039	360.000
8.450	126862.000	17978.928	319.000
8.460	127040.000	17925.249	350.000
8.470	127216.000	17827.675	414.000
8.480	127393.000	17789.372	441.000
8.490	127570.000	17762.561	461.000
8.500	127745.000	17683.792	520.000
8.510	127922.000	17688.655	523.000
8.520	128098.000	17662.058	548.000
8.530	128273.000	17613.441	589.000
8.540	128450.000	17639.409	581.000
8.550	128623.000	17537.586	661.000
8.560	128799.000	17556.310	661.000
8.570	128975.000	17569.417	664.000
8.580	129150.000	17548.592	690.000
8.590	129327.000	17594.014	671.000
8.600	129508.000	17745.810	575.000
8.610	129681.000	17612.067	673.000
8.620	129860.000	17698.447	622.000
8.630	130037.000	17698.913	627.000
8.640	130215.000	17729.239	611.000
8.650	130397.000	17870.467	516.000
8.660	130574.000	17819.327	550.000
8.670	130754.000	17873.529	512.000
8.680	130934.000	17911.470	484.000
8.690	131114.000	17938.029	461.000
8.700	131296.000	18016.620	400.000
8.710	131474.000	17951.634	437.000
8.720	131655.000	17996.144	400.000
8.730	131836.000	18027.301	371.000
8.740	132017.000	18049.111	346.000
8.750	132199.000	18094.377	304.000
8.760	132379.000	18066.064	311.000
8.770	132557.000	17986.245	357.000
8.780	132738.000	18020.371	325.000
8.790	132915.000	17924.260	384.000
8.800	133094.000	17916.982	385.000
8.810	133271.000	17851.887	426.000
8.820	133448.000	17806.321	457.000
8.830	133624.000	17744.425	501.000
8.840	133800.000	17701.097	536.000
8.850	133978.000	17730.768	520.000
8.860	134154.000	17691.538	552.000
8.870	134329.000	17634.076	599.000
8.880	134507.000	17683.853	573.000
8.890	134683.000	17658.697	597.000
8.900	134860.000	17671.088	596.000
8.910	135036.000	17649.762	618.000
8.920	135214.000	17694.833	594.000
8.930	135392.000	17726.383	578.000
8.940	135571.000	17778.468	546.000
8.950	135752.000	17874.928	480.000
8.960	135930.000	17852.449	494.000
8.970	136109.000	17866.715	482.000
8.980	136288.000	17876.700	473.000
8.990	136471.000	18003.690	382.000
9.000	136649.000	17942.583	416.000
9.010	136830.000	17989.808	378.000
9.020	137010.000	17992.866	368.000
9.030	137190.000	17995.006	359.000
9.040	137372.000	18056.504	308.000
9.050	137551.000	18009.553	330.000
9.060	137735.000	18126.687	239.000
9.070	137914.000	18058.681	274.000
9.080	138093.000	18011.077	296.000
9.090	138271.000	17947.754	332.000
9.100	138448.000	17873.428	379.000
9.110	138626.000	17851.399	393.000
9.120	138802.000	17775.980	444.000
9.130	138977.000	17693.186	505.000
9.140	139152.000	17635.230	552.000
9.150	139327.000	17594.661	589.000
9.160	139503.000	17596.263	599.000
9.170	139677.000	17537.384	650.000
9.180	139852.000	17526.169	672.000
9.190	140028.000	17548.318	670.000
9.200	140205.000	17593.823	650.000
9.210	140381.000	17595.676	660.000
9.220	140558.000	17626.973	648.000
9.230	140736.000	17678.881	621.000
9.240	140916.000	17775.217	559.000
9.250	141094.000	17782.652	557.000
9.260	141276.000	17907.856	470.000
9.270	141455.000	17905.499	468.000
9.280	141636.000	17963.850	423.000
9.290	141818.000	18034.695	367.000
9.300	141998.000	18024.286	365.000
9.310	142181.000	18107.000	298.000
9.320	142362.000	18104.900	286.000
9.330	142543.000	18103.430	274.000
9.340	142724.000	18102.401	262.000
9.350	142906.000	18131.681	229.000
9.360	143084.000	18032.177	285.000
9.370	143263.000	17992.524	304.000
9.380	143442.000	17964.767	316.000
9.390	143620.000	17915.337	344.000
9.400	143797.000	17850.736	385.000
9.410	143974.000	17805.515	416.000
9.420	144149.000	17713.860	481.000
9.430	144325.000	17679.702	511.000
9.440	144501.000	17655.792	534.000
9.450	144676.000	17609.054	575.000
9.460	144851.000	17576.338	608.000
9.470	145027.000	17583.437	614.000
9.480	145203.000	17588.406	622.000
9.490	145378.000	17561.884	651.000
9.500	145554.000	17573.319	655.000
9.510	145731.000	17611.323	640.000
9.520	145909.000	17667.926	610.000
9.530	146087.000	17707.548	589.000
9.540	146265.000	17735.284	575.000
9.550	146444.000	17784.699	544.000
9.560	146622.000	17789.289	543.000
9.570	146802.000	17852.502	500.000
9.580	146982.000	17896.752	468.000
9.590	147162.000	17927.726	443.000
9.600	147342.000	17949.408	423.000
9.610	147522.000	17964.586	406.000
9.620	147703.000	18005.210	371.000
9.630	147884.000	18033.647	343.000
9.640	148064.000	18023.553	341.000
9.650	148245.000	18046.487	315.000
9.660	148422.000	17942.541	379.000
9.670	148601.000	17929.779	382.000
9.680	148780.000	17920.845	384.000
9.690	148958.000	17884.592	405.000
9.700	149135.000	17829.214	441.000
9.710	149313.000	17820.450	447.000
9.720	149490.000	17784.315	473.000
9.730	149667.000	17759.020	492.000
9.740	149843.000	17711.314	529.000
9.750	150017.000	17617.920	600.000
9.760	150195.000	17672.544	571.000
9.770	150372.000	17680.781	572.000
9.780	150550.000	17716.547	554.000
9.790	150727.000	17711.583	562.000
9.800	150904.000	17708.108	570.000
9.810	151085.000	17825.675	492.000
9.820	151262.000	17787.973	519.000
9.830	151441.000	17821.581	497.000
9.840	151621.000	17875.107	459.000
9.850	151797.000	17792.575	515.000
9.860	151977.000	17854.802	473.000
9.870	152157.000	17898.362	441.000
9.880	152337.000	17928.853	416.000
9.890	152516.000	17920.197	418.000
9.900	152695.000	17914.138	417.000
9.910	152876.000	17969.897	374.000
9.920	153056.000	17978.928	361.000
9.930	153235.000	17955.249	371.000
9.940	153415.000	17968.675	355.000
9.950	153595.000	17978.072	342.000
9.960	153773.000	17924.651	373.000
9.970	153952.000	17917.255	373.000
9.980	154129.000	17852.079	415.000
9.990	154307.000	17836.455	425.000
10.000	154485.000	17825.519	432.000
10.010	154661.000	17757.863	480.000
10.020	154837.000	17710.504	516.000
10.030	155013.000	17677.353	545.000
10.040	155190.000	17684.147	547.000
10.050	155370.000	17778.903	487.000
10.060	155543.000	17635.232	590.000
10.070	155719.000	17624.662	606.000
10.080	155896.000	17647.264	599.000
10.090	156074.000	17693.085	575.000
10.100	156250.000	17665.159	601.000
10.110	156430.000	17765.611	537.000
10.120	156608.000	17775.928	533.000
10.130	156787.000	17813.150	509.000
10.140	156969.000	17929.205	428.000
10.150	157148.000	17920.443	429.000
10.160	157326.000	17884.310	450.000
10.170	157506.000	17919.017	423.000
10.180	157686.000	17943.312	402.000
10.190	157866.000	17960.318	384.000
10.200	158048.000	18032.223	328.000
10.210	158227.000	17992.556	346.000
10.220	158407.000	17994.789	337.000
10.230	158588.000	18026.352	307.000
10.240	158767.000	17988.447	324.000
10.250	158948.000	18021.913	293.000
10.260	159127.000	17985.339	310.000
10.270	159305.000	17929.737	342.000
10.280	159482.000	17860.816	386.000
10.290	159662.000	17902.571	355.000
10.300	159845.000	18021.800	267.000
10.310	160015.000	17715.260	474.000
10.320	160189.000	17620.682	546.000
10.330	160365.000	17614.477	559.000
10.340	160540.000	17580.134	593.000
10.350	160725.000	17856.094	410.000
10.360	160892.000	17509.266	653.000
10.370	161067.000	17506.486	669.000
10.380	161243.000	17534.540	664.000
10.390	161419.000	17554.178	664.000
10.400	161596.000	17597.925	645.000
10.410	161773.000	17628.547	634.000
10.420	161951.000	17679.983	607.000
10.430	162128.000	17685.988	609.000
10.440	162307.000	17750.192	570.000
10.450	162485.000	17765.134	563.000
10.460	162664.000	17805.594	538.000
10.470	162843.000	17833.916	519.000
10.480	163023.000	17883.741	483.000
10.490	163202.000	17888.619	477.000
10.500	163382.000	17922.033	451.000
10.510	163565.000	18035.423	366.000
10.520	163743.000	17964.796	406.000
10.530	163923.000	17975.357	393.000
10.540	164103.000	17982.750	381.000
10.550	164283.000	17987.925	370.000
10.560	164463.000	17991.548	360.000
10.570	164642.000	17964.083	371.000
10.580	164821.000	17944.858	379.000
10.590	164999.000	17901.401	404.000
10.600	165176.000	17840.981	443.000
10.610	165353.000	17798.686	472.000
10.620	165529.000	17739.080	515.000
10.630	165704.000	17667.356	569.000
10.640	165879.000	17617.149	612.000
10.650	166056.000	17642.005	604.000
10.660	166229.000	17539.403	685.000
10.670	166404.000	17527.582	706.000
10.680	166579.000	17519.308	726.000
10.690	166755.000	17543.515	723.000
10.700	166933.000	17620.461	681.000
10.710	167110.000	17644.322	674.000
10.720	167289.000	17721.026	628.000
10.730	167468.000	17774.718	595.000
10.740	167647.000	17812.303	571.000
10.750	167828.000	17898.612	511.000
10.760	168008.000	17929.028	486.000
10.770	168190.000	18010.320	424.000
10.780	168370.000	18007.224	418.000
10.790	168554.000	18125.057	326.000
10.800	168735.000	18117.540	318.000
10.810	168916.000	18112.278	308.000
10.820	169096.000	18078.594	319.000
10.830	169278.000	18115.016	282.000
10.840	169458.000	18080.511	293.000
10.850	169638.000	18056.358	298.000
10.860	169820.000	18099.451	257.000
10.870	169999.000	18039.615	287.000
10.880	170179.000	18027.731	285.000
10.890	170358.000	17989.412	303.000
10.900	170535.000	17902.588	357.000
10.910	170712.000	17841.812	396.000
10.920	170888.000	17769.268	446.000
10.930	171063.000	17688.488	506.000
10.940	171239.000	17661.941	531.000
10.950	171416.000	17673.359	530.000
10.960	171592.000	17651.351	552.000
10.970	171768.000	17635.946	571.000
10.980	171945.000	17655.162	566.000
10.990	172122.000	17668.613	565.000
11.000	172299.000	17678.029	565.000
11.010	172477.000	17714.621	546.000
11.020	172655.000	17740.234	533.000
11.030	172832.000	17728.164	546.000
11.040	173012.000	17809.715	493.000
11.050	173192.000	17866.800	453.000
11.060	173371.000	17876.760	444.000
11.070	173551.000	17913.732	416.000
11.080	173731.000	17939.613	394.000
11.090	173911.000	17957.729	376.000
11.100	174093.000	18030.410	318.000
11.110	174273.000	18021.287	315.000
11.120	174453.000	18014.901	311.000
11.130	174633.000	18010.431	305.000
11.140	174813.000	18007.301	299.000
11.150	174992.000	17975.111	313.000
11.160	175171.000	17952.578	322.000
11.170	175349.000	17906.804	349.000
11.180	175527.000	17874.763	368.000
11.190	175705.000	17852.334	381.000
11.200	175881.000	17776.634	433.000
11.210	176057.000	17723.644	473.000
11.220	176233.000	17686.551	504.000
11.230	176408.000	17630.585	549.000
11.240	176583.000	17591.410	586.000
11.250	176758.000	17563.987	616.000
11.260	176933.000	17544.791	641.000
11.270	177109.000	17561.354	643.000
11.280	177286.000	17602.947	625.000
11.290	177462.000	17602.063	636.000
11.300	177641.000	17691.444	583.000
11.310	177817.000	17664.011	609.000
11.320	177995.000	17704.808	588.000
11.330	178174.000	17763.365	552.000
11.340	178352.000	17774.356	547.000
11.350	178533.000	17872.049	480.000
11.360	178711.000	17850.434	494.000
11.370	178890.000	17865.304	482.000
11.380	179069.000	17875.713	473.000
11.390	179250.000	17942.999	423.000
11.400	179429.000	17930.099	427.000
11.410	179609.000	17951.069	407.000
11.420	179789.000	17965.749	391.000
11.430	179967.000	17916.024	420.000
11.440	180147.000	17941.217	398.000
11.450	180326.000	17928.852	401.000
11.460	180504.000	17890.196	424.000
11.470	180683.000	17893.137	419.000
11.480	180861.000	17865.196	435.000
11.490	181038.000	17815.637	468.000
11.500	181216.000	17810.946	472.000
11.510	181392.000	17747.662	517.000
11.520	181569.000	17733.364	531.000
11.530	181745.000	17693.355	563.000
11.540	181922.000	17695.348	568.000
11.550	182098.000	17666.744	594.000
11.560	182274.000	17646.721	615.000
11.570	182451.000	17662.704	612.000
11.580	182629.000	17703.893	591.000
11.590	182806.000	17702.725	597.000
11.600	182984.000	17731.908	582.000
11.610	183164.000	17812.335	530.000
11.620	183341.000	17778.635	554.000
11.630	183520.000	17815.044	531.000
11.640	183699.000	17840.531	513.000
11.650	183878.000	17858.372	500.000
11.660	184057.000	17870.860	490.000
11.670	184237.000	17909.602	460.000
11.680	184420.000	18026.721	374.000
11.690	184599.000	17988.705	391.000
11.700	184778.000	17962.094	403.000
11.710	184960.000	18033.465	346.000
11.720	185139.000	17993.426	365.000
11.730	185319.000	17995.398	356.000
11.740	185500.000	18026.779	326.000
11.750	185681.000	18048.745	301.000
11.760	185860.000	18004.122	322.000
11.770	186039.000	17972.885	336.000
11.780	186218.000	17951.020	345.000
11.790	186398.000	17965.714	329.000
11.800	186575.000	17886.000	378.000
11.810	186753.000	17860.200	394.000
11.820	186929.000	17782.140	447.000
11.830	187106.000	17757.498	467.000
11.840	187284.000	17770.248	461.000
11.850	187460.000	17719.174	499.000
11.860	187636.000	17683.422	529.000
11.870	187815.000	17748.395	490.000
11.880	187992.000	17733.877	504.000
11.890	188168.000	17693.714	536.000
11.900	188345.000	17695.600	541.000
11.910	188522.000	17696.920	546.000
11.920	188702.000	17787.844	488.000
11.930	188879.000	17761.491	508.000
11.940	189058.000	17803.043	482.000
11.950	189236.000	17802.130	483.000
11.960	189417.000	17891.491	421.000
11.970	189594.000	17834.044	459.000
11.980	189775.000	17913.831	402.000
11.990	189954.000	17909.682	401.000
12.000	190134.000	17936.777	378.000
12.010	190314.000	17955.744	0.000
12.020	190493.000	17939.021	0.000
12.030	190672.000	17927.315	0.000
12.040	190851.000	17919.120	0.000
12.050	191028.000	17853.384	0.000
12.060	191202.000	17717.369	0.000
12.070	191375.000	17592.158	0.000
12.080	191549.000	17534.511	0.000
12.090	191718.000	17344.158	0.000
12.100	191888.000	17240.910	0.000
12.110	192055.000	17078.637	0.000
12.120	192220.000	16905.046	0.000
12.130	192384.000	16753.532	0.000
12.140	192547.000	16617.473	0.000
12.150	192707.000	16432.231	0.000
12.160	192866.000	16272.562	0.000
12.170	193023.000	16100.793	0.000
12.180	193178.000	15920.555	0.000
12.190	193334.000	15824.389	0.000
12.200	193487.000	15667.072	0.000
12.210	193639.000	15526.950	0.000
12.220	193791.000	15428.865	0.000
12.230	193941.000	15300.206	0.000
12.240	194090.000	15180.144	0.000
12.250	194239.000	15096.101	0.000
12.260	194385.000	14947.271	0.000
12.270	194530.000	14813.089	0.000
12.280	194677.000	14779.163	0.000
12.290	194820.000	14635.414	0.000
12.300	194962.000	14504.790	0.000
12.310	195105.000	14443.353	0.000
12.320	195245.000	14310.347	0.000
12.330	195386.000	14247.243	0.000
12.340	195524.000	14113.070	0.000
12.350	195663.000	14049.149	0.000
12.360	195800.000	13944.404	0.000
12.370	195936.000	13841.083	0.000
12.380	196072.000	13768.758	0.000
12.390	196206.000	13658.131	0.000
12.400	196339.000	13550.691	0.000
12.410	196471.000	13445.484	0.000
12.420	196602.000	13341.839	0.000
12.430	196731.000	13209.287	0.000
12.440	196859.000	13086.501	0.000
12.450	196985.000	12940.551	0.000
12.460	197111.000	12838.386	0.000
12.470	197234.000	12676.870	0.000
12.480	197357.000	12563.809	0.000
12.490	197477.000	12394.666	0.000
12.500	197596.000	12246.266	0.000
12.510	197713.000	12082.386	0.000
12.520	197829.000	11937.671	0.000
12.530	197944.000	11806.369	0.000
12.540	198058.000	11684.459	0.000
12.550	198170.000	11539.121	0.000
12.560	198281.000	11407.385	0.000
12.570	198390.000	11255.169	0.000
12.580	198499.000	11148.618	0.000
12.590	198606.000	11014.033	0.000
12.600	198712.000	10889.823	0.000
12.610	198817.000	10772.876	0.000
12.620	198923.000	10721.013	0.000
12.630	199024.000	10534.709	0.000
12.640	199127.000	10464.297	0.000
12.650	199229.000	10385.008	0.000
12.660	199329.000	10269.505	0.000
12.670	199430.000	10218.654	0.000
12.680	199527.000	10063.058	0.000
12.690	199625.000	9984.140	0.000
12.700	199722.000	9898.898	0.000
12.710	199819.000	9839.229	0.000
12.720	199912.000	9677.460	0.000
12.730	200006.000	9594.222	0.000
12.740	200099.000	9505.955	0.000
12.750	200191.000	9414.169	0.000
12.760	200283.000	9349.918	0.000
12.770	200374.000	9274.943	0.000
12.780	200463.000	9162.460	0.000
12.790	200552.000	9083.722	0.000
12.800	200640.000	8998.605	0.000
12.810	200727.000	8909.024	0.000
12.820	200815.000	8876.317	0.000
12.830	200901.000	8793.422	0.000
12.840	200986.000	8705.395	0.000
12.850	201070.000	8613.777	0.000
12.860	201152.000	8489.644	0.000
12.870	201234.000	8402.751	0.000
12.880	201316.000	8341.925	0.000
12.890	201397.000	8269.348	0.000
12.900	201476.000	8158.543	0.000
12.910	201554.000	8050.980	0.000
12.920	201632.000	7975.686	0.000
12.930	201708.000	7862.980	0.000
12.940	201784.000	7784.086	0.000
12.950	201860.000	7728.860	0.000
12.960	201932.000	7570.202	0.000
12.970	202003.000	7429.142	0.000
12.980	202073.000	7300.399	0.000
12.990	202143.000	7210.279	0.000
13.000	202210.000	7057.196	0.000
13.010	202276.000	6920.037	0.000
13.020	202342.000	6824.026	0.000
13.030	202405.000	6666.818	0.000
13.040	202467.000	6526.773	0.000
13.050	202528.000	6398.741	0.000
13.060	202588.000	6279.119	0.000
13.070	202646.000	6135.383	0.000
13.080	202703.000	6004.768	0.000
13.090	202758.000	5853.338	0.000
13.100	202812.000	5717.336	0.000
13.110	202865.000	5592.135	0.000
13.120	202916.000	5444.495	0.000
13.130	202966.000	5311.146	0.000
13.140	203015.000	5187.802	0.000
13.150	203063.000	5071.462	0.000
13.160	203110.000	4960.023	0.000
13.170	203155.000	4822.016	0.000
13.180	203199.000	4695.411	0.000
13.190	203242.000	4576.788	0.000
13.200	203284.000	4463.752	0.000
13.210	203325.000	4354.626	0.000
13.220	203365.000	4248.238	0.000
13.230	203404.000	4143.767	0.000
13.240	203443.000	4070.637	0.000
13.250	203479.000	3929.446	0.000
13.260	203515.000	3830.612	0.000
13.270	203549.000	3701.428	0.000
13.280	203582.000	3581.000	0.000
13.290	203615.000	3496.700	0.000
13.300	203647.000	3407.690	0.000
13.310	203677.000	3285.383	0.000
13.320	203707.000	3199.768	0.000
13.330	203736.000	3109.838	0.000
13.340	203764.000	3016.886	0.000
13.350	203791.000	2921.820	0.000
13.360	203816.000	2795.274	0.000
13.370	203841.000	2706.692	0.000
13.380	203865.000	2614.684	0.000
13.390	203889.000	2550.279	0.000
13.400	203912.000	2475.195	0.000
13.410	203934.000	2392.637	0.000
13.420	203955.000	2304.846	0.000
13.430	203975.000	2213.392	0.000
13.440	203994.000	2119.374	0.000
13.450	204012.000	2023.562	0.000
13.460	204028.000	1896.493	0.000
13.470	204044.000	1807.545	0.000
13.480	204059.000	1715.282	0.000
13.490	204072.000	1590.697	0.000
13.500	204085.000	1503.488	0.000
13.510	204097.000	1412.442	0.000
13.520	204109.000	1348.709	0.000
13.530	204120.000	1274.096	0.000
13.540	204130.000	1191.867	0.000
13.550	204140.000	1134.307	0.000
13.560	204148.000	1034.015	0.000
13.570	204157.000	993.811	0.000
13.580	204164.000	905.667	0.000
13.590	204171.000	843.967	0.000
13.600	204177.000	770.777	0.000
13.610	204183.000	719.544	0.000
13.620	204188.000	653.681	0.000
13.630	204192.000	577.577	0.000
13.640	204196.000	524.304	0.000
13.650	204199.000	457.012	0.000
13.660	204201.000	379.909	0.000
13.670	204203.000	325.936	0.000
13.680	204204.000	258.155	0.000
13.690	204204.000	180.709	0.000
13.700	204204.000	126.496	0.000
13.710	204204.000	88.547	0.000
13.720	204203.000	31.983	0.000
13.730	204201.000	-37.612	0.000
13.740	204199.000	-86.328	0.000
13.750	204196.000	-150.430	0.000
13.760	204192.000	-225.301	0.000
13.770	204189.000	-247.711	0.000
13.780	204185.000	-293.397	0.000
13.790	204181.000	-325.378	0.000
13.800	204177.000	-347.765	0.000
13.810	204173.000	-363.435	0.000
13.820	204169.000	-374.405	0.000
13.830	204165.000	-382.083	0.000
13.840	204160.000	-417.458	0.000
13.850	204156.000	-412.221	0.000
13.860	204152.000	-408.555	0.000
13.870	204148.000	-405.988	0.000
13.880	204144.000	-404.192	0.000
13.890	204140.000	-402.934	0.000
13.900	204136.000	-402.054	0.000
13.910	204133.000	-371.438	0.000
13.920	204129.000	-380.006	0.000
13.930	204126.000	-356.005	0.000
13.940	204123.000	-339.203	0.000
13.950	204120.000	-327.442	0.000
13.960	204117.000	-319.210	0.000
13.970	204115.000	-283.447	0.000
13.980	204112.000	-288.413	0.000
13.990	204110.000	-261.889	0.000
14.000	204108.000	-243.322	0.000
14.010	204107.000	-200.326	0.000
14.020	204105.000	-200.228	0.000
14.030	204104.000	-170.160	0.000
14.040	204103.000	-149.112	0.000
14.050	204102.000	-134.378	0.000
14.060	204102.000	-94.065	0.000
14.070	204102.000	-65.845	0.000
14.080	204102.000	-46.092	0.000
14.090	204102.000	-32.264	0.000
14.100	204102.000	-22.585	0.000
14.110	204102.000	-15.809	0.000
14.120	204102.000	-11.067	0.000
14.130	204102.000	-7.747	0.000
14.140	204103.000	24.577	0.000
14.150	204104.000	47.204	0.000
14.160	204106.000	93.043	0.000
14.170	204107.000	95.130	0.000
14.180	204108.000	96.591	0.000
14.190	204109.000	97.614	0.000
14.200	204110.000	98.330	0.000
14.210	204111.000	98.831	0.000
14.220	204112.000	99.182	0.000
14.230	204113.000	99.427	0.000
14.240	204114.000	99.599	0.000
14.250	204115.000	99.719	0.000
14.260	204116.000	99.803	0.000
14.270	204116.000	69.862	0.000
14.280	204116.000	48.904	0.000
14.290	204117.000	64.233	0.000
14.300	204117.000	44.963	0.000
14.310	204117.000	31.474	0.000
14.320	204117.000	22.032	0.000
14.330	204117.000	15.422	0.000
14.340	204117.000	10.796	0.000
14.350	204117.000	7.557	0.000
14.360	204117.000	5.290	0.000
14.370	204116.000	-26.297	0.000
14.380	204116.000	-18.408	0.000
14.390	204115.000	-42.886	0.000
14.400	204114.000	-60.020	0.000
14.410	204114.000	-42.014	0.000
14.420	204113.000	-59.410	0.000
14.430	204112.000	-71.587	0.000
14.440	204112.000	-50.111	0.000
14.450	204112.000	-35.078	0.000
14.460	204111.000	-54.554	0.000
14.470	204111.000	-38.188	0.000
14.480	204111.000	-26.732	0.000
14.490	204111.000	-18.712	0.000
14.500	204110.000	-43.098	0.000
14.510	204110.000	-30.169	0.000
14.520	204110.000	-21.118	0.000
14.530	204110.000	-14.783	0.000
14.540	204110.000	-10.348	0.000
14.550	204110.000	-7.244	0.000
14.560	204110.000	-5.070	0.000
14.570	204110.000	-3.549	0.000
14.580	204111.000	27.515	0.000
14.590	204111.000	19.261	0.000
14.600	204111.000	13.483	0.000
14.610	204112.000	39.438	0.000
14.620	204112.000	27.606	0.000
14.630	204112.000	19.325	0.000
14.640	204112.000	13.527	0.000
14.650	204113.000	39.469	0.000
14.660	204113.000	27.628	0.000
14.670	204113.000	19.340	0.000
14.680	204113.000	13.538	0.000
14.690	204113.000	9.477	0.000
14.700	204113.000	6.634	0.000
14.710	204113.000	4.643	0.000
14.720	204113.000	3.250	0.000
14.730	204113.000	2.275	0.000
14.740	204113.000	1.593	0.000
14.750	204113.000	1.115	0.000
14.760	204113.000	0.780	0.000
14.770	204113.000	0.546	0.000
14.780	204113.000	0.382	0.000
14.790	204113.000	0.268	0.000
14.800	204113.000	0.187	0.000
14.810	204113.000	0.131	0.000
14.820	204112.000	-29.908	0.000
14.830	204112.000	-20.936	0.000
14.840	204112.000	-14.655	0.000
14.850	204112.000	-10.259	0.000
14.860	204112.000	-7.181	0.000
14.870	204112.000	-5.027	0.000
14.880	204112.000	-3.519	0.000
14.890	204112.000	-2.463	0.000
14.900	204112.000	-1.724	0.000
14.910	204112.000	-1.207	0.000
14.920	204112.000	-0.845	0.000
14.930	204112.000	-0.591	0.000
14.940	204112.000	-0.414	0.000
14.950	204112.000	-0.290	0.000
14.960	204112.000	-0.203	0.000
14.970	204112.000	-0.142	0.000
14.980	204112.000	-0.099	0.000
14.990	204112.000	-0.070	0.000
15.000	204112.000	-0.049	0.000
