0.000	0.000	0.000	0.000
0.010	3.000	90.000	-18.000
0.020	3.000	63.000	-13.000
0.030	3.000	44.100	-10.000
0.040	3.000	30.870	-7.000
0.050	1.000	-38.391	6.000
0.060	-1.000	-86.874	16.000
0.070	-3.000	-120.812	23.000
0.080	-6.000	-174.568	35.000
0.090	-9.000	-212.198	43.000
0.100	-11.000	-208.538	44.000
0.110	-14.000	-235.977	51.000
0.120	-17.000	-255.184	56.000
0.130	-20.000	-268.629	60.000
0.140	-22.000	-248.040	58.000
0.150	-25.000	-263.628	62.000
0.160	-27.000	-244.540	60.000
0.170	-29.000	-231.178	59.000
0.180	-32.000	-251.824	64.000
0.190	-33.000	-206.277	57.000
0.200	-35.000	-204.394	57.000
0.210	-36.000	-173.076	52.000
0.220	-38.000	-181.153	55.000
0.230	-39.000	-156.807	51.000
0.240	-40.000	-139.765	49.000
0.250	-40.000	-97.835	41.000
0.260	-41.000	-98.485	42.000
0.270	-41.000	-68.939	37.000
0.280	-41.000	-48.258	33.000
0.290	-41.000	-33.780	30.000
0.300	-41.000	-23.646	29.000
0.310	-41.000	-16.552	27.000
0.320	-41.000	-11.587	26.000
0.330	-41.000	-8.111	26.000
0.340	-41.000	-5.677	25.000
0.350	-41.000	-3.974	25.000
0.360	-40.000	27.218	19.000
0.370	-39.000	49.053	14.000
0.380	-39.000	34.337	17.000
0.390	-38.000	54.036	13.000
0.400	-38.000	37.825	16.000
0.410	-37.000	56.478	12.000
0.420	-37.000	39.534	15.000
0.430	-36.000	57.674	11.000
0.440	-36.000	40.372	14.000
0.450	-36.000	28.260	16.000
0.460	-36.000	19.782	18.000
0.470	-36.000	13.848	19.000
0.480	-36.000	9.693	20.000
0.490	-36.000	6.785	20.000
0.500	-36.000	4.750	21.000
0.510	-36.000	3.325	82.000
0.520	-36.000	2.327	144.000
0.530	-36.000	1.629	209.000
0.540	-36.000	1.140	276.000
0.550	-36.000	0.798	344.000
0.560	-35.000	30.559	408.000
0.570	-32.000	111.391	463.000
0.580	-29.000	167.974	525.000
0.590	-25.000	237.582	585.000
0.600	-20.000	316.307	645.000
0.610	-13.000	431.415	700.000
0.620	-5.000	541.991	756.000
0.630	4.000	649.393	814.000
0.640	14.000	754.575	873.000
0.650	26.000	888.203	929.000
0.660	40.000	1041.742	981.000
0.670	55.000	1179.219	1037.000
0.680	72.000	1335.454	1091.000
0.690	90.000	1474.817	1149.000
0.700	111.000	1662.372	1198.000
0.710	132.000	1793.661	1259.000
0.720	156.000	1975.562	1311.000
0.730	182.000	2162.894	1363.000
0.740	210.000	2354.026	1414.000
0.750	241.000	2577.818	1460.000
0.760	274.000	2794.473	1508.000
0.770	310.000	3036.131	1551.000
0.780	348.000	3265.292	1597.000
0.790	390.000	3545.704	1634.000
0.800	435.000	3831.993	1669.000
0.810	483.000	4122.395	1704.000
0.820	532.000	4355.676	1750.000
0.830	585.000	4638.974	1787.000
0.840	640.000	4897.281	1828.000
0.850	699.000	5198.097	1862.000
0.860	760.000	5468.668	1901.000
0.870	825.000	5778.068	1933.000
0.880	894.000	6114.647	1960.000
0.890	966.000	6440.253	1989.000
0.900	1041.000	6758.177	2019.000
0.910	1118.000	7040.724	2056.000
0.920	1200.000	7388.507	2080.000
0.930	1285.000	7721.955	2107.000
0.940	1374.000	8075.368	2129.000
0.950	1466.000	8412.758	2155.000
0.960	1562.000	8768.930	2176.000
0.970	1662.000	9138.251	2195.000
0.980	1765.000	9486.776	2218.000
0.990	1873.000	9880.743	2231.000
1.000	1984.000	10246.520	2249.000
1.010	2100.000	10652.564	2198.000
1.020	2220.000	11056.795	2145.000
1.030	2345.000	11489.756	2084.000
1.040	2473.000	11882.830	2028.000
1.050	2605.000	12277.981	1969.000
1.060	2740.000	12644.586	1914.000
1.070	2881.000	13081.211	1843.000
1.080	3024.000	13446.847	1783.000
1.090	3171.000	13822.793	1719.000
1.100	3322.000	14205.955	1651.000
1.110	3474.000	14504.169	1598.000
1.120	3630.000	14832.918	1537.000
1.130	3789.000	15153.043	1476.000
1.140	3951.000	15467.130	1414.000
1.150	4116.000	15776.991	1351.000
1.160	4282.000	16023.894	1299.000
1.170	4451.000	16286.726	1243.000
1.180	4623.000	16560.708	1182.000
1.190	4797.000	16812.496	1124.000
1.200	4972.000	17018.747	1074.000
1.210	5148.000	17193.123	1029.000
1.220	5327.000	17405.186	975.000
1.230	5507.000	17583.630	927.000
1.240	5685.000	17648.541	901.000
1.250	5870.000	17903.979	836.000
1.260	6053.000	18022.785	796.000
1.270	6237.000	18135.950	758.000
1.280	6417.000	18095.165	749.000
1.290	6600.000	18156.615	720.000
1.300	6784.000	18229.631	688.000
1.310	6969.000	18310.742	655.000
1.320	7153.000	18337.519	631.000
1.330	7336.000	18326.263	615.000
1.340	7520.000	18348.384	593.000
1.350	7704.000	18363.869	572.000
1.360	7888.000	18374.708	551.000
1.370	8074.000	18442.296	519.000
1.380	8259.000	18459.607	497.000
1.390	8445.000	18501.725	470.000
1.400	8630.000	18501.207	451.000
1.410	8816.000	18530.845	426.000
1.420	9001.000	18521.592	408.000
1.430	9186.000	18515.114	390.000
1.440	9372.000	18540.580	366.000
1.450	9557.000	18528.406	349.000
1.460	9743.000	18549.884	326.000
1.470	9929.000	18564.919	303.000
1.480	10114.000	18545.443	288.000
1.490	10300.000	18561.810	265.000
1.500	10483.000	18483.267	261.000
1.510	10668.000	18488.287	241.000
1.520	10853.000	18491.801	221.000
1.530	11036.000	18434.261	214.000
1.540	11219.000	18393.982	203.000
1.550	11401.000	18335.788	196.000
1.560	11583.000	18295.051	186.000
1.570	11762.000	18176.536	192.000
1.580	11940.000	18063.575	197.000
1.590	12118.000	17984.503	196.000
1.600	12294.000	17869.152	203.000
1.610	12472.000	17848.406	192.000
1.620	12644.000	17653.884	216.000
1.630	12817.000	17547.719	223.000
1.640	12990.000	17473.403	224.000
1.650	13163.000	17421.382	221.000
1.660	13335.000	17354.968	222.000
1.670	13507.000	17308.477	219.000
1.680	13677.000	17215.934	225.000
1.690	13847.000	17151.154	227.000
1.700	14017.000	17105.808	224.000
1.710	14188.000	17104.065	214.000
1.720	14356.000	17012.846	221.000
1.730	14525.000	16978.992	218.000
1.740	14693.000	16925.294	218.000
1.750	14862.000	16917.706	210.000
1.760	15029.000	16852.394	213.000
1.770	15197.000	16836.676	207.000
1.780	15365.000	16825.673	200.000
1.790	15531.000	16757.971	204.000
1.800	15698.000	16740.580	199.000
1.810	15863.000	16668.406	205.000
1.820	16030.000	16677.884	195.000
1.830	16195.000	16624.519	197.000
1.840	16359.000	16557.163	202.000
1.850	16523.000	16510.014	204.000
1.860	16686.000	16447.010	210.000
1.870	16848.000	16372.907	217.000
1.880	17009.000	16291.035	227.000
1.890	17169.000	16203.724	239.000
1.900	17327.000	16082.607	257.000
1.910	17485.000	15997.825	269.000
1.920	17645.000	15998.477	265.000
1.930	17801.000	15878.934	284.000
1.940	17957.000	15795.254	298.000
1.950	18114.000	15766.678	300.000
1.960	18268.000	15656.674	319.000
1.970	18424.000	15639.672	320.000
1.980	18579.000	15597.770	327.000
1.990	18733.000	15538.439	337.000
2.000	18887.000	15496.908	343.000
2.010	19041.000	15467.835	348.000
2.020	19194.000	15417.485	357.000
2.030	19348.000	15412.239	357.000
2.040	19502.000	15408.567	357.000
2.050	19655.000	15375.997	363.000
2.060	19808.000	15353.198	366.000
2.070	19963.000	15397.239	357.000
2.080	20116.000	15368.067	362.000
2.090	20269.000	15347.647	366.000
2.100	20422.000	15333.353	368.000
2.110	20575.000	15323.347	370.000
2.120	20730.000	15376.343	359.000
2.130	20883.000	15353.440	363.000
2.140	21038.000	15397.408	354.000
2.150	21192.000	15398.186	353.000
2.160	21347.000	15428.730	346.000
2.170	21499.000	15360.111	359.000
2.180	21653.000	15372.078	356.000
2.190	21805.000	15320.454	366.000
2.200	21958.000	15314.318	367.000
2.210	22109.000	15250.023	380.000
2.220	22259.000	15175.016	395.000
2.230	22410.000	15152.511	400.000
2.240	22560.000	15106.758	410.000
2.250	22709.000	15044.730	423.000
2.260	22857.000	14971.311	439.000
2.270	23006.000	14949.918	445.000
2.280	23154.000	14904.943	456.000
2.290	23302.000	14873.460	465.000
2.300	23449.000	14821.422	477.000
2.310	23596.000	14784.995	487.000
2.320	23746.000	14849.497	477.000
2.330	23891.000	14744.648	501.000
2.340	24039.000	14761.253	501.000
2.350	24187.000	14772.877	501.000
2.360	24334.000	14751.014	509.000
2.370	24483.000	14795.710	503.000
2.380	24633.000	14856.997	494.000
2.390	24780.000	14809.898	506.000
2.400	24929.000	14836.928	503.000
2.410	25079.000	14885.850	496.000
2.420	25227.000	14860.095	503.000
2.430	25377.000	14902.066	497.000
2.440	25528.000	14961.447	488.000
2.450	25678.000	14973.013	487.000
2.460	25829.000	15011.109	482.000
2.470	25981.000	15067.776	472.000
2.480	26133.000	15107.443	465.000
2.490	26285.000	15135.210	461.000
2.500	26437.000	15154.647	458.000
2.510	26589.000	15168.253	456.000
2.520	26743.000	15237.777	443.000
2.530	26895.000	15226.444	445.000
2.540	27048.000	15248.511	441.000
2.550	27200.000	15233.958	444.000
2.560	27352.000	15223.770	446.000
2.570	27505.000	15246.639	442.000
2.580	27654.000	15142.647	463.000
2.590	27804.000	15099.853	472.000
2.600	27954.000	15069.897	479.000
2.610	28104.000	15048.928	485.000
2.620	28253.000	15004.250	495.000
2.630	28401.000	14942.975	509.000
2.640	28550.000	14930.082	513.000
2.650	28698.000	14891.058	523.000
2.660	28846.000	14863.740	531.000
2.670	28995.000	14874.618	531.000
2.680	29143.000	14852.233	538.000
2.690	29291.000	14836.563	544.000
2.700	29441.000	14885.594	537.000
2.710	29590.000	14889.916	538.000
2.720	29739.000	14892.941	540.000
2.730	29890.000	14955.059	530.000
2.740	30040.000	14968.541	529.000
2.750	30190.000	14977.979	529.000
2.760	30340.000	14984.585	529.000
2.770	30492.000	15049.210	518.000
2.780	30644.000	15094.447	511.000
2.790	30796.000	15126.113	505.000
2.800	30948.000	15148.279	502.000
2.810	31101.000	15193.795	494.000
2.820	31257.000	15315.657	470.000
2.830	31409.000	15280.960	477.000
2.840	31564.000	15346.672	463.000
2.850	31719.000	15392.670	454.000
2.860	31874.000	15424.869	447.000
2.870	32028.000	15417.408	447.000
2.880	32183.000	15442.186	442.000
2.890	32338.000	15459.530	437.000
2.900	32495.000	15531.671	422.000
2.910	32649.000	15492.170	428.000
2.920	32803.000	15464.519	432.000
2.930	32958.000	15475.163	429.000
2.940	33111.000	15422.614	439.000
2.950	33266.000	15445.830	433.000
2.960	33418.000	15372.081	447.000
2.970	33570.000	15320.457	456.000
2.980	33724.000	15344.320	451.000
2.990	33875.000	15271.024	466.000
3.000	34028.000	15279.717	464.000
3.010	34181.000	15285.802	463.000
3.020	34333.000	15260.061	468.000
3.030	34485.000	15242.043	472.000
3.040	34638.000	15259.430	468.000
3.050	34792.000	15301.601	460.000
3.060	34944.000	15271.121	466.000
3.070	35097.000	15279.784	464.000
3.080	35251.000	15315.849	457.000
3.090	35404.000	15311.094	458.000
3.100	35557.000	15307.766	458.000
3.110	35711.000	15335.436	453.000
3.120	35865.000	15354.805	448.000
3.130	36020.000	15398.364	439.000
3.140	36174.000	15398.855	438.000
3.150	36329.000	15429.198	432.000
3.160	36484.000	15450.439	427.000
3.170	36640.000	15495.307	417.000
3.180	36795.000	15496.715	415.000
3.190	36951.000	15527.700	408.000
3.200	37107.000	15549.390	402.000
3.210	37262.000	15534.573	403.000
3.220	37419.000	15584.201	392.000
3.230	37574.000	15558.941	395.000
3.240	37730.000	15571.259	391.000
3.250	37885.000	15549.881	393.000
3.260	38039.000	15504.917	401.000
3.270	38195.000	15533.442	394.000
3.280	38347.000	15433.409	412.000
3.290	38499.000	15363.386	425.000
3.300	38652.000	15344.371	428.000
3.310	38802.000	15241.059	449.000
3.320	38953.000	15198.742	457.000
3.330	39103.000	15139.119	470.000
3.340	39252.000	15067.383	485.000
3.350	39402.000	15047.168	490.000
3.360	39550.000	14973.018	506.000
3.370	39698.000	14921.112	518.000
3.380	39847.000	14914.779	522.000
3.390	39996.000	14910.345	525.000
3.400	40144.000	14877.242	534.000
3.410	40293.000	14884.069	535.000
3.420	40442.000	14888.848	536.000
3.430	40591.000	14892.194	538.000
3.440	40740.000	14894.536	539.000
3.450	40889.000	14896.175	541.000
3.460	41038.000	14897.322	543.000
3.470	41188.000	14928.126	540.000
3.480	41338.000	14949.688	537.000
3.490	41489.000	14994.782	530.000
3.500	41640.000	15026.347	526.000
3.510	41790.000	15018.443	529.000
3.520	41944.000	15132.910	508.000
3.530	42096.000	15153.037	504.000
3.540	42249.000	15197.126	496.000
3.550	42402.000	15227.988	491.000
3.560	42554.000	15219.592	493.000
3.570	42708.000	15273.714	482.000
3.580	42861.000	15281.600	481.000
3.590	43014.000	15287.120	480.000
3.600	43167.000	15290.984	479.000
3.610	43320.000	15293.689	478.000
3.620	43473.000	15295.582	478.000
3.630	43626.000	15296.908	477.000
3.640	43778.000	15267.835	483.000
3.650	43930.000	15247.485	487.000
3.660	44082.000	15233.239	490.000
3.670	44233.000	15193.267	498.000
3.680	44385.000	15195.287	498.000
3.690	44535.000	15136.701	511.000
3.700	44687.000	15155.691	508.000
3.710	44838.000	15138.984	512.000
3.720	44990.000	15157.288	509.000
3.730	45142.000	15170.102	507.000
3.740	45295.000	15209.071	500.000
3.750	45447.000	15206.350	501.000
3.760	45600.000	15234.445	496.000
3.770	45752.000	15224.111	498.000
3.780	45905.000	15246.878	494.000
3.790	46058.000	15262.815	491.000
3.800	46211.000	15273.970	489.000
3.810	46365.000	15311.779	481.000
3.820	46518.000	15308.245	482.000
3.830	46673.000	15365.772	470.000
3.840	46827.000	15376.040	468.000
3.850	46982.000	15413.228	460.000
3.860	47139.000	15499.260	442.000
3.870	47294.000	15499.482	440.000
3.880	47450.000	15529.637	433.000
3.890	47607.000	15580.746	421.000
3.900	47763.000	15586.522	418.000
3.910	47921.000	15650.566	404.000
3.920	48076.000	15605.396	411.000
3.930	48233.000	15633.777	403.000
3.940	48389.000	15623.644	403.000
3.950	48546.000	15646.551	396.000
3.960	48702.000	15632.586	397.000
3.970	48858.000	15622.810	397.000
3.980	49012.000	15555.967	408.000
3.990	49167.000	15539.177	410.000
4.000	49321.000	15497.424	417.000
4.010	49474.000	15438.197	427.000
4.020	49631.000	15516.738	410.000
4.030	49783.000	15421.716	428.000
4.040	49936.000	15385.201	434.000
4.050	50089.000	15359.641	439.000
4.060	50242.000	15341.749	442.000
4.070	50396.000	15359.224	438.000
4.080	50549.000	15341.457	441.000
4.090	50703.000	15359.020	437.000
4.100	50857.000	15371.314	434.000
4.110	51011.000	15379.920	432.000
4.120	51165.000	15385.944	430.000
4.130	51319.000	15390.161	429.000
4.140	51474.000	15423.112	422.000
4.150	51629.000	15446.179	416.000
4.160	51784.000	15462.325	412.000
4.170	51939.000	15473.628	409.000
4.180	52094.000	15481.539	406.000
4.190	52250.000	15517.078	398.000
4.200	52404.000	15481.954	403.000
4.210	52560.000	15517.368	395.000
4.220	52716.000	15542.158	389.000
4.230	52872.000	15559.510	384.000
4.240	53028.000	15571.657	379.000
4.250	53184.000	15580.160	376.000
4.260	53339.000	15556.112	379.000
4.270	53497.000	15629.278	363.000
4.280	53650.000	15530.495	380.000
4.290	53805.000	15521.346	381.000
4.300	53959.000	15484.942	387.000
4.310	54112.000	15429.460	396.000
4.320	54265.000	15390.622	403.000
4.330	54417.000	15333.435	414.000
4.340	54568.000	15263.405	428.000
4.350	54719.000	15214.383	437.000
4.360	54870.000	15180.068	445.000
4.370	55020.000	15126.048	456.000
4.380	55169.000	15058.233	470.000
4.390	55318.000	15010.763	481.000
4.400	55466.000	14947.534	495.000
4.410	55613.000	14873.274	512.000
4.420	55761.000	14851.292	519.000
4.430	55909.000	14835.904	524.000
4.440	56057.000	14825.133	529.000
4.450	56205.000	14817.593	533.000
4.460	56353.000	14812.315	537.000
4.470	56502.000	14838.621	535.000
4.480	56650.000	14827.034	540.000
4.490	56798.000	14818.924	544.000
4.500	56947.000	14843.247	542.000
4.510	57096.000	14860.273	541.000
4.520	57245.000	14872.191	541.000
4.530	57395.000	14910.534	536.000
4.540	57545.000	14937.374	533.000
4.550	57695.000	14956.162	531.000
4.560	57846.000	14999.313	524.000
4.570	57997.000	15029.519	520.000
4.580	58149.000	15080.663	511.000
4.590	58301.000	15116.464	505.000
4.600	58454.000	15171.525	495.000
4.610	58606.000	15180.068	494.000
4.620	58759.000	15216.047	488.000
4.630	58912.000	15241.233	483.000
4.640	59064.000	15228.863	486.000
4.650	59217.000	15250.204	482.000
4.660	59370.000	15265.143	479.000
4.670	59522.000	15245.600	483.000
4.680	59674.000	15231.920	486.000
4.690	59826.000	15222.344	488.000
4.700	59977.000	15185.641	496.000
4.710	60128.000	15159.949	501.000
4.720	60279.000	15141.964	506.000
4.730	60429.000	15099.375	515.000
4.740	60580.000	15099.562	516.000
4.750	60731.000	15099.694	517.000
4.760	60882.000	15099.786	518.000
4.770	61033.000	15099.850	519.000
4.780	61184.000	15099.895	520.000
4.790	61335.000	15099.926	521.000
4.800	61487.000	15129.949	516.000
4.810	61640.000	15180.964	507.000
4.820	61795.000	15276.675	489.000
4.830	61946.000	15223.672	499.000
4.840	62099.000	15246.571	495.000
4.850	62253.000	15292.599	486.000
4.860	62407.000	15324.820	479.000
4.870	62561.000	15347.374	475.000
4.880	62716.000	15393.162	465.000
4.890	62871.000	15425.213	458.000
4.900	63026.000	15447.649	453.000
4.910	63183.000	15523.354	437.000
4.920	63338.000	15516.348	437.000
4.930	63496.000	15601.444	418.000
4.940	63653.000	15631.011	410.000
4.950	63809.000	15621.707	410.000
4.960	63966.000	15645.195	403.000
4.970	64126.000	15751.637	380.000
4.980	64280.000	15646.146	398.000
4.990	64438.000	15692.302	387.000
5.000	64595.000	15694.611	891.000
5.010	64751.000	15666.228	910.000
5.020	64909.000	15706.360	914.000
5.030	65066.000	15704.452	927.000
5.040	65228.000	15853.116	910.000
5.050	65386.000	15837.181	925.000
5.060	65546.000	15886.027	927.000
5.070	65707.000	15950.219	926.000
5.080	65867.000	15965.153	934.000
5.090	66030.000	16065.607	925.000
5.100	66194.000	16165.925	916.000
5.110	66358.000	16236.148	911.000
5.120	66523.000	16315.303	905.000
5.130	66689.000	16400.712	897.000
5.140	66857.000	16520.499	882.000
5.150	67026.000	16634.349	867.000
5.160	67197.000	16774.044	846.000
5.170	67368.000	16871.831	833.000
5.180	67540.000	16970.282	819.000
5.190	67714.000	17099.197	798.000
5.200	67889.000	17219.438	779.000
5.210	68065.000	17333.607	759.000
5.220	68244.000	17503.525	728.000
5.230	68420.000	17532.467	725.000
5.240	68598.000	17612.727	710.000
5.250	68778.000	17728.909	688.000
5.260	68958.000	17810.236	673.000
5.270	69139.000	17897.165	656.000
5.280	69321.000	17988.016	637.000
5.290	69503.000	18051.611	623.000
5.300	69685.000	18096.128	613.000
5.310	69868.000	18157.289	599.000
5.320	70050.000	18170.103	595.000
5.330	70232.000	18179.072	591.000
5.340	70415.000	18215.350	582.000
5.350	70598.000	18240.745	574.000
5.360	70779.000	18198.522	580.000
5.370	70961.000	18198.965	578.000
5.380	71143.000	18199.276	576.000
5.390	71325.000	18199.493	573.000
5.400	71507.000	18199.645	571.000
5.410	71689.000	18199.752	569.000
5.420	71871.000	18199.826	567.000
5.430	72053.000	18199.878	565.000
5.440	72236.000	18229.915	556.000
5.450	72419.000	18250.940	550.000
5.460	72602.000	18265.658	544.000
5.470	72785.000	18275.961	540.000
5.480	72969.000	18313.173	530.000
5.490	73154.000	18369.221	515.000
5.500	73337.000	18348.455	516.000
5.510	73521.000	18363.918	510.000
5.520	73705.000	18374.743	505.000
5.530	73892.000	18472.320	482.000
5.540	74076.000	18450.624	483.000
5.550	74261.000	18465.437	476.000
5.560	74447.000	18505.806	464.000
5.570	74633.000	18534.064	454.000
5.580	74818.000	18523.845	452.000
5.590	75005.000	18576.691	438.000
5.600	75191.000	18583.684	432.000
5.610	75376.000	18558.579	432.000
5.620	75562.000	18571.005	425.000
5.630	75748.000	18579.704	419.000
5.640	75933.000	18555.793	420.000
5.650	76115.000	18449.055	437.000
5.660	76299.000	18434.338	436.000
5.670	76483.000	18424.037	434.000
5.680	76667.000	18416.826	432.000
5.690	76849.000	18351.778	442.000
5.700	77033.000	18366.245	435.000
5.710	77217.000	18376.371	430.000
5.720	77401.000	18383.460	426.000
5.730	77586.000	18418.422	415.000
5.740	77768.000	18352.895	425.000
5.750	77952.000	18367.027	419.000
5.760	78136.000	18376.919	414.000
5.770	78319.000	18353.843	415.000
5.780	78503.000	18367.690	409.000
5.790	78687.000	18377.383	404.000
5.800	78871.000	18384.168	399.000
5.810	79056.000	18418.918	389.000
5.820	79241.000	18443.242	381.000
5.830	79427.000	18490.270	368.000
5.840	79610.000	18433.189	375.000
5.850	79794.000	18423.232	374.000
5.860	79979.000	18446.263	365.000
5.870	80164.000	18462.384	359.000
5.880	80348.000	18443.669	358.000
5.890	80534.000	18490.568	345.000
5.900	80715.000	18373.398	365.000
5.910	80898.000	18351.378	366.000
5.920	81080.000	18305.965	372.000
5.930	81262.000	18274.175	375.000
5.940	81441.000	18161.923	395.000
5.950	81622.000	18143.346	397.000
5.960	81802.000	18100.342	403.000
5.970	81982.000	18070.240	408.000
5.980	82161.000	18019.168	417.000
5.990	82340.000	17983.417	423.000
6.000	82518.000	17928.392	433.000
6.010	82697.000	17919.875	434.000
6.020	82874.000	17853.912	446.000
6.030	83052.000	17837.739	449.000
6.040	83230.000	17826.417	451.000
6.050	83409.000	17848.492	447.000
6.060	83588.000	17863.944	444.000
6.070	83766.000	17844.761	447.000
6.080	83944.000	17831.333	450.000
6.090	84124.000	17881.933	440.000
6.100	84303.000	17887.353	438.000
6.110	84481.000	17861.147	443.000
6.120	84660.000	17872.803	441.000
6.130	84839.000	17880.962	439.000
6.140	85019.000	17916.673	431.000
6.150	85199.000	17941.671	426.000
6.160	85378.000	17929.170	428.000
6.170	85557.000	17920.419	429.000
6.180	85737.000	17944.293	423.000
6.190	85916.000	17931.005	425.000
6.200	86094.000	17891.704	433.000
6.210	86272.000	17864.193	438.000
6.220	86449.000	17814.935	447.000
6.230	86626.000	17780.454	454.000
6.240	86803.000	17756.318	459.000
6.250	86979.000	17709.423	469.000
6.260	87155.000	17676.596	476.000
6.270	87330.000	17623.617	488.000
6.280	87508.000	17676.532	478.000
6.290	87681.000	17563.572	502.000
6.300	87857.000	17574.501	501.000
6.310	88033.000	17582.150	501.000
6.320	88208.000	17557.505	507.000
6.330	88386.000	17630.254	495.000
6.340	88561.000	17591.178	503.000
6.350	88737.000	17593.824	504.000
6.360	88913.000	17595.677	505.000
6.370	89090.000	17626.974	500.000
6.380	89266.000	17618.882	503.000
6.390	89443.000	17643.217	500.000
6.400	89620.000	17660.252	497.000
6.410	89797.000	17672.176	496.000
6.420	89975.000	17710.524	489.000
6.430	90153.000	17737.366	485.000
6.440	90332.000	17786.157	475.000
6.450	90510.000	17790.310	475.000
6.460	90691.000	17883.217	456.000
6.470	90870.000	17888.252	455.000
6.480	91048.000	17861.776	460.000
6.490	91228.000	17903.243	452.000
6.500	91407.000	17902.270	451.000
6.510	91585.000	17871.589	457.000
6.520	91763.000	17850.112	461.000
6.530	91941.000	17835.079	464.000
6.540	92117.000	17764.555	478.000
6.550	92293.000	17715.189	488.000
6.560	92468.000	17650.632	501.000
6.570	92644.000	17635.442	506.000
6.580	92820.000	17624.810	509.000
6.590	92994.000	17557.367	523.000
6.600	93168.000	17510.157	534.000
6.610	93342.000	17477.110	543.000
6.620	93519.000	17543.977	532.000
6.630	93695.000	17560.784	530.000
6.640	93871.000	17572.549	529.000
6.650	94046.000	17550.784	535.000
6.660	94223.000	17595.549	528.000
6.670	94401.000	17656.884	517.000
6.680	94576.000	17609.819	527.000
6.690	94755.000	17696.873	511.000
6.700	94935.000	17787.811	494.000
6.710	95112.000	17761.468	499.000
6.720	95291.000	17803.028	491.000
6.730	95472.000	17892.119	474.000
6.740	95650.000	17864.483	479.000
6.750	95830.000	17905.138	471.000
6.760	96010.000	17933.597	464.000
6.770	96191.000	17983.518	454.000
6.780	96374.000	18078.462	434.000
6.790	96552.000	17994.924	449.000
6.800	96732.000	17996.447	448.000
6.810	96913.000	18027.513	441.000
6.820	97090.000	17929.259	459.000
6.830	97271.000	17980.481	448.000
6.840	97447.000	17866.337	470.000
6.850	97625.000	17846.436	474.000
6.860	97803.000	17832.505	476.000
6.870	97983.000	17882.754	466.000
6.880	98160.000	17827.927	477.000
6.890	98336.000	17759.549	490.000
6.900	98514.000	17771.684	488.000
6.910	98692.000	17780.179	487.000
6.920	98870.000	17786.125	486.000
6.930	99048.000	17790.288	486.000
6.940	99227.000	17823.201	479.000
6.950	99404.000	17786.241	487.000
6.960	99583.000	17820.369	480.000
6.970	99762.000	17844.258	475.000
6.980	99944.000	17950.981	454.000
6.990	100121.000	17875.686	468.000
7.000	100301.000	17912.981	460.000
7.010	100483.000	17999.086	443.000
7.020	100662.000	17969.360	448.000
7.030	100843.000	18008.552	439.000
7.040	101023.000	18005.987	438.000
7.050	101205.000	18064.191	426.000
7.060	101385.000	18044.933	428.000
7.070	101566.000	18061.453	424.000
7.080	101746.000	18043.017	426.000
7.090	101928.000	18090.112	415.000
7.100	102107.000	18033.079	425.000
7.110	102286.000	17993.155	432.000
7.120	102466.000	17995.208	430.000
7.130	102644.000	17936.646	441.000
7.140	102824.000	17955.652	436.000
7.150	103001.000	17878.957	451.000
7.160	103177.000	17795.270	467.000
7.170	103356.000	17826.689	461.000
7.180	103531.000	17728.682	481.000
7.190	103708.000	17720.077	483.000
7.200	103885.000	17714.054	485.000
7.210	104063.000	17739.838	480.000
7.220	104239.000	17697.887	489.000
7.230	104417.000	17728.521	484.000
7.240	104594.000	17719.964	486.000
7.250	104772.000	17743.975	482.000
7.260	104949.000	17730.783	485.000
7.270	105128.000	17781.548	476.000
7.280	105306.000	17787.083	475.000
7.290	105484.000	17790.958	474.000
7.300	105662.000	17793.671	474.000
7.310	105841.000	17825.570	468.000
7.320	106019.000	17817.899	469.000
7.330	106198.000	17842.529	464.000
7.340	106378.000	17889.770	455.000
7.350	106557.000	17892.839	454.000
7.360	106736.000	17894.987	453.000
7.370	106915.000	17896.491	452.000
7.380	107095.000	17927.544	446.000
7.390	107273.000	17889.281	453.000
7.400	107451.000	17862.496	458.000
7.410	107629.000	17843.748	461.000
7.420	107807.000	17830.623	464.000
7.430	107983.000	17761.436	477.000
7.440	108161.000	17773.005	476.000
7.450	108338.000	17751.104	480.000
7.460	108513.000	17675.773	496.000
7.470	108689.000	17653.041	501.000
7.480	108865.000	17637.129	505.000
7.490	109043.000	17685.990	497.000
7.500	109218.000	17630.193	509.000
7.510	109394.000	17621.135	512.000
7.520	109571.000	17644.795	508.000
7.530	109747.000	17631.356	512.000
7.540	109924.000	17651.949	509.000
7.550	110101.000	17666.365	507.000
7.560	110280.000	17736.455	494.000
7.570	110455.000	17665.519	509.000
7.580	110633.000	17705.863	502.000
7.590	110810.000	17704.104	503.000
7.600	110988.000	17732.873	498.000
7.610	111168.000	17813.011	482.000
7.620	111346.000	17809.108	483.000
7.630	111525.000	17836.375	478.000
7.640	111706.000	17915.463	462.000
7.650	111885.000	17910.824	462.000
7.660	112066.000	17967.577	450.000
7.670	112247.000	18007.304	442.000
7.680	112424.000	17915.113	459.000
7.690	112604.000	17940.579	453.000
7.700	112784.000	17958.405	449.000
7.710	112963.000	17940.884	452.000
7.720	113142.000	17928.619	454.000
7.730	113320.000	17890.033	461.000
7.740	113499.000	17893.023	460.000
7.750	113678.000	17895.116	459.000
7.760	113856.000	17866.581	464.000
7.770	114034.000	17846.607	468.000
7.780	114211.000	17802.625	476.000
7.790	114391.000	17861.837	465.000
7.800	114570.000	17873.286	462.000
7.810	114748.000	17851.300	466.000
7.820	114926.000	17835.910	469.000
7.830	115104.000	17825.137	471.000
7.840	115283.000	17847.596	467.000
7.850	115462.000	17863.317	464.000
7.860	115641.000	17874.322	461.000
7.870	115823.000	17972.025	442.000
7.880	116001.000	17920.418	451.000
7.890	116182.000	17974.292	440.000
7.900	116361.000	17952.005	443.000
7.910	116541.000	17966.403	440.000
7.920	116722.000	18006.482	431.000
7.930	116903.000	18034.538	424.000
7.940	117084.000	18054.176	419.000
7.950	117265.000	18067.923	415.000
7.960	117448.000	18137.546	400.000
7.970	117629.000	18126.282	400.000
7.980	117810.000	18118.398	400.000
7.990	117989.000	18052.878	411.000
8.000	118168.000	18007.015	419.000
8.010	118347.000	17974.910	424.000
8.020	118525.000	17922.437	434.000
8.030	118703.000	17885.706	440.000
8.040	118879.000	17799.994	457.000
8.050	119056.000	17769.996	463.000
8.060	119233.000	17748.997	468.000
8.070	119406.000	17614.298	495.000
8.080	119581.000	17580.009	503.000
8.090	119756.000	17556.006	509.000
8.100	119929.000	17479.204	526.000
8.110	120103.000	17455.443	533.000
8.120	120277.000	17438.810	539.000
8.130	120453.000	17487.167	531.000
8.140	120627.000	17461.017	538.000
8.150	120802.000	17472.712	538.000
8.160	120977.000	17480.898	539.000
8.170	121153.000	17516.629	534.000
8.180	121329.000	17541.640	531.000
8.190	121504.000	17529.148	535.000
8.200	121682.000	17610.404	520.000
8.210	121858.000	17607.283	522.000
8.220	122034.000	17605.098	524.000
8.230	122214.000	17723.568	502.000
8.240	122391.000	17716.498	504.000
8.250	122568.000	17711.549	505.000
8.260	122748.000	17798.084	489.000
8.270	122925.000	17768.659	495.000
8.280	123105.000	17838.061	481.000
8.290	123281.000	17766.643	495.000
8.300	123459.000	17776.650	494.000
8.310	123638.000	17813.655	487.000
8.320	123814.000	17749.558	499.000
8.330	123990.000	17704.691	509.000
8.340	124169.000	17763.284	498.000
8.350	124343.000	17654.299	520.000
8.360	124520.000	17668.009	518.000
8.370	124698.000	17707.606	511.000
8.380	124873.000	17645.324	524.000
8.390	125049.000	17631.727	528.000
8.400	125227.000	17682.209	519.000
8.410	125401.000	17597.546	537.000
8.420	125579.000	17658.282	526.000
8.430	125755.000	17640.798	531.000
8.440	125933.000	17688.558	522.000
8.450	126111.000	17721.991	516.000
8.460	126291.000	17805.394	500.000
8.470	126467.000	17743.776	513.000
8.480	126647.000	17820.643	498.000
8.490	126826.000	17844.450	493.000
8.500	127006.000	17891.115	484.000
8.510	127186.000	17923.781	477.000
8.520	127367.000	17976.646	466.000
8.530	127548.000	18013.652	458.000
8.540	127730.000	18069.557	445.000
8.550	127912.000	18108.690	436.000
8.560	128095.000	18166.083	423.000
8.570	128277.000	18176.258	419.000
8.580	128459.000	18183.381	415.000
8.590	128639.000	18128.366	424.000
8.600	128821.000	18149.856	418.000
8.610	129003.000	18164.900	413.000
8.620	129183.000	18115.430	421.000
8.630	129363.000	18080.801	426.000
8.640	129542.000	18026.561	436.000
8.650	129722.000	18018.592	436.000
8.660	129901.000	17983.015	442.000
8.670	130079.000	17928.110	452.000
8.680	130258.000	17919.677	453.000
8.690	130437.000	17913.774	454.000
8.700	130619.000	17999.642	436.000
8.710	130796.000	17909.749	453.000
8.720	130976.000	17936.824	447.000
8.730	131156.000	17955.777	443.000
8.740	131337.000	17999.044	433.000
8.750	131516.000	17969.331	438.000
8.760	131697.000	18008.532	429.000
8.770	131876.000	17975.972	435.000
8.780	132059.000	18073.180	414.000
8.790	132237.000	17991.226	429.000
8.800	132418.000	18023.858	422.000
8.810	132599.000	18046.701	416.000
8.820	132781.000	18092.691	406.000
8.830	132961.000	18064.883	410.000
8.840	133142.000	18075.418	406.000
8.850	133322.000	18052.793	409.000
8.860	133503.000	18066.955	405.000
8.870	133683.000	18046.869	408.000
8.880	133862.000	18002.808	415.000
8.890	134041.000	17971.966	420.000
8.900	134220.000	17950.376	423.000
8.910	134398.000	17905.263	432.000
8.920	134576.000	17873.684	438.000
8.930	134754.000	17851.579	442.000
8.940	134929.000	17746.105	463.000
8.950	135104.000	17672.274	478.000
8.960	135280.000	17650.592	483.000
8.970	135455.000	17605.414	493.000
8.980	135629.000	17543.790	507.000
8.990	135805.000	17560.653	505.000
9.000	135980.000	17542.457	510.000
9.010	136154.000	17499.720	520.000
9.020	136329.000	17499.804	522.000
9.030	136504.000	17499.863	524.000
9.040	136679.000	17499.904	526.000
9.050	136855.000	17529.933	522.000
9.060	137031.000	17550.953	520.000
9.070	137205.000	17505.667	530.000
9.080	137383.000	17593.967	514.000
9.090	137560.000	17625.777	509.000
9.100	137734.000	17558.044	524.000
9.110	137911.000	17600.631	517.000
9.120	138090.000	17690.441	501.000
9.130	138265.000	17633.309	513.000
9.140	138443.000	17683.316	504.000
9.150	138620.000	17688.321	504.000
9.160	138798.000	17721.825	498.000
9.170	138976.000	17745.277	494.000
9.180	139153.000	17731.694	497.000
9.190	139330.000	17722.186	500.000
9.200	139510.000	17805.530	484.000
9.210	139685.000	17713.871	502.000
9.220	139862.000	17709.710	504.000
9.230	140040.000	17736.797	499.000
9.240	140215.000	17665.758	513.000
9.250	140392.000	17676.030	512.000
9.260	140569.000	17683.221	512.000
9.270	140747.000	17718.255	506.000
9.280	140923.000	17682.778	513.000
9.290	141099.000	17657.945	519.000
9.300	141278.000	17730.561	506.000
9.310	141457.000	17781.393	496.000
9.320	141633.000	17726.975	507.000
9.330	141812.000	17778.883	497.000
9.340	141991.000	17815.218	491.000
9.350	142169.000	17810.652	492.000
9.360	142346.000	17777.457	498.000
9.370	142524.000	17784.220	497.000
9.380	142704.000	17848.954	484.000
9.390	142884.000	17894.268	475.000
9.400	143062.000	17865.987	481.000
9.410	143243.000	17936.191	466.000
9.420	143423.000	17955.334	462.000
9.430	143604.000	17998.734	452.000
9.440	143785.000	18029.114	445.000
9.450	143967.000	18080.379	434.000
9.460	144148.000	18086.266	431.000
9.470	144330.000	18120.386	423.000
9.480	144510.000	18084.270	428.000
9.490	144693.000	18148.989	414.000
9.500	144871.000	18044.292	433.000
9.510	145053.000	18091.005	422.000
9.520	145231.000	18003.703	438.000
9.530	145409.000	17942.592	449.000
9.540	145587.000	17899.815	457.000
9.550	145766.000	17899.870	457.000
9.560	145945.000	17899.909	456.000
9.570	146121.000	17809.936	474.000
9.580	146297.000	17746.955	486.000
9.590	146474.000	17732.869	489.000
9.600	146652.000	17753.008	486.000
9.610	146829.000	17737.106	490.000
9.620	147006.000	17725.974	492.000
9.630	147183.000	17718.182	494.000
9.640	147362.000	17772.727	484.000
9.650	147540.000	17780.909	483.000
9.660	147718.000	17786.636	482.000
9.670	147897.000	17820.645	476.000
9.680	148078.000	17904.452	459.000
9.690	148255.000	17843.116	471.000
9.700	148435.000	17890.181	461.000
9.710	148613.000	17863.127	466.000
9.720	148793.000	17904.189	458.000
9.730	148976.000	18022.932	434.000
9.740	149155.000	17986.053	440.000
9.750	149335.000	17990.237	438.000
9.760	149516.000	18023.166	430.000
9.770	149695.000	17986.216	437.000
9.780	149874.000	17960.351	441.000
9.790	150053.000	17942.246	444.000
9.800	150232.000	17929.572	445.000
9.810	150409.000	17860.700	459.000
9.820	150588.000	17872.490	456.000
9.830	150764.000	17790.743	472.000
9.840	150942.000	17793.520	472.000
9.850	151119.000	17765.464	477.000
9.860	151295.000	17715.825	488.000
9.870	151471.000	17681.077	495.000
9.880	151647.000	17656.754	501.000
9.890	151824.000	17669.728	499.000
9.900	152000.000	17648.810	504.000
9.910	152176.000	17634.167	508.000
9.920	152352.000	17623.917	512.000
9.930	152528.000	17616.742	514.000
9.940	152704.000	17611.719	516.000
9.950	152880.000	17608.203	518.000
9.960	153057.000	17635.742	514.000
9.970	153235.000	17685.020	506.000
9.980	153411.000	17659.514	511.000
9.990	153588.000	17671.660	510.000
10.000	153766.000	17710.162	503.000
10.010	153944.000	17737.113	499.000
10.020	154123.000	17785.979	489.000
10.030	154301.000	17790.185	489.000
10.040	154482.000	17883.130	470.000
10.050	154661.000	17888.191	469.000
10.060	154839.000	17861.734	474.000
10.070	155020.000	17933.214	460.000
10.080	155198.000	17893.249	467.000
10.090	155378.000	17925.275	460.000
10.100	155555.000	17857.692	473.000
10.110	155733.000	17840.385	476.000
10.120	155913.000	17888.269	467.000
10.130	156089.000	17801.788	483.000
10.140	156267.000	17801.252	484.000
10.150	156447.000	17860.876	472.000
10.160	156621.000	17722.613	499.000
10.170	156799.000	17745.829	495.000
10.180	156977.000	17762.081	493.000
10.190	157135.000	17173.456	610.000
10.200	157312.000	17331.419	583.000
10.210	157490.000	17471.994	557.000
10.220	157669.000	17600.396	534.000
10.230	157849.000	17720.277	511.000
10.240	158028.000	17774.194	501.000
10.250	158206.000	17781.936	500.000
10.260	158389.000	17937.355	469.000
10.270	158567.000	17896.148	477.000
10.280	158748.000	17957.304	464.000
10.290	158929.000	18000.113	455.000
10.300	159110.000	18030.079	448.000
10.310	159293.000	18111.055	431.000
10.320	159475.000	18137.739	424.000
10.330	159657.000	18156.417	418.000
10.340	159838.000	18139.492	419.000
10.350	160019.000	18127.644	420.000
10.360	160202.000	18179.351	408.000
10.370	160384.000	18185.546	405.000
10.380	160567.000	18219.882	396.000
10.390	160747.000	18153.917	406.000
10.400	160928.000	18137.742	408.000
10.410	161109.000	18126.420	408.000
10.420	161289.000	18088.494	414.000
10.430	161470.000	18091.946	412.000
10.440	161646.000	17944.362	439.000
10.450	161826.000	17961.053	435.000
10.460	162002.000	17852.737	456.000
10.470	162180.000	17836.916	459.000
10.480	162357.000	17795.841	467.000
10.490	162537.000	17857.089	455.000
10.500	162712.000	17749.962	476.000
10.510	162889.000	17734.974	480.000
10.520	163066.000	17724.481	482.000
10.530	163244.000	17747.137	478.000
10.540	163421.000	17732.996	482.000
10.550	163599.000	17753.097	478.000
10.560	163777.000	17767.168	476.000
10.570	163955.000	17777.018	474.000
10.580	164134.000	17813.912	467.000
10.590	164312.000	17809.739	468.000
10.600	164491.000	17836.817	463.000
10.610	164670.000	17855.772	459.000
10.620	164850.000	17899.040	450.000
10.630	165029.000	17899.328	450.000
10.640	165208.000	17899.530	449.000
10.650	165387.000	17899.671	449.000
10.660	165569.000	17989.770	430.000
10.670	165747.000	17932.839	441.000
10.680	165926.000	17922.987	442.000
10.690	166105.000	17916.091	443.000
10.700	166282.000	17851.264	455.000
10.710	166461.000	17865.885	452.000
10.720	166639.000	17846.119	456.000
10.730	166816.000	17802.283	464.000
10.740	166992.000	17741.598	477.000
10.750	167168.000	17699.119	486.000
10.760	167345.000	17699.383	486.000
10.770	167521.000	17669.568	493.000
10.780	167697.000	17648.698	498.000
10.790	167874.000	17664.088	496.000
10.800	168050.000	17644.862	501.000
10.810	168226.000	17631.403	505.000
10.820	168403.000	17651.982	502.000
10.830	168580.000	17666.388	500.000
10.840	168756.000	17646.471	505.000
10.850	168933.000	17662.530	503.000
10.860	169109.000	17643.771	507.000
10.870	169286.000	17660.640	505.000
10.880	169464.000	17702.448	498.000
10.890	169641.000	17701.713	499.000
10.900	169820.000	17761.199	487.000
10.910	169997.000	17742.840	491.000
10.920	170176.000	17789.988	483.000
10.930	170354.000	17792.991	482.000
10.940	170533.000	17825.094	476.000
10.950	170712.000	17847.566	472.000
10.960	170890.000	17833.296	474.000
10.970	171069.000	17853.307	470.000
10.980	171248.000	17867.315	467.000
10.990	171426.000	17847.121	471.000
11.000	171606.000	17892.984	462.000
11.010	171784.000	17865.089	467.000
11.020	171960.000	17785.562	483.000
11.030	172135.000	17699.894	500.000
11.040	172312.000	17699.926	501.000
11.050	172495.000	17879.948	465.000
11.060	172665.000	17615.964	518.000
11.070	172840.000	17581.174	526.000
11.080	173015.000	17556.822	532.000
11.090	173192.000	17599.775	525.000
11.100	173369.000	17629.843	521.000
11.110	173544.000	17590.890	529.000
11.120	173721.000	17623.623	524.000
11.130	173897.000	17616.536	527.000
11.140	174074.000	17641.575	523.000
11.150	174252.000	17689.103	515.000
11.160	174428.000	17662.372	521.000
11.170	174607.000	17733.660	508.000
11.180	174784.000	17723.562	510.000
11.190	174963.000	17776.494	500.000
11.200	175143.000	17843.545	487.000
11.210	175321.000	17830.482	490.000
11.220	175501.000	17881.337	480.000
11.230	175681.000	17916.936	472.000
11.240	175863.000	18001.855	455.000
11.250	176042.000	17971.299	460.000
11.260	176222.000	17979.909	457.000
11.270	176402.000	17985.936	455.000
11.280	176582.000	17990.155	453.000
11.290	176762.000	17993.109	452.000
11.300	176941.000	17965.176	456.000
11.310	177120.000	17945.623	459.000
11.320	177300.000	17961.936	455.000
11.330	177478.000	17913.355	464.000
11.340	177656.000	17879.349	470.000
11.350	177835.000	17885.544	469.000
11.360	178014.000	17889.881	468.000
11.370	178192.000	17862.917	473.000
11.380	178370.000	17844.042	476.000
11.390	178549.000	17860.829	473.000
11.400	178727.000	17842.580	476.000
11.410	178905.000	17829.806	479.000
11.420	179083.000	17820.864	480.000
11.430	179262.000	17844.605	476.000
11.440	179441.000	17861.224	472.000
11.450	179621.000	17902.856	464.000
11.460	179800.000	17902.000	463.000
11.470	179981.000	17961.400	451.000
11.480	180161.000	17972.980	448.000
11.490	180341.000	17981.086	446.000
11.500	180521.000	17986.760	444.000
11.510	180702.000	18020.732	436.000
11.520	180883.000	18044.512	430.000
11.530	181064.000	18061.159	425.000
11.540	181246.000	18102.811	416.000
11.550	181427.000	18101.968	414.000
11.560	181608.000	18101.377	413.000
11.570	181791.000	18160.964	399.000
11.580	181970.000	18082.675	413.000
11.590	182150.000	18057.872	416.000
11.600	182329.000	18010.511	424.000
11.610	182507.000	17947.358	436.000
11.620	182687.000	17963.150	432.000
11.630	182865.000	17914.205	441.000
11.640	183042.000	17849.944	453.000
11.650	183219.000	17804.961	462.000
11.660	183396.000	17773.472	468.000
11.670	183573.000	17751.431	473.000
11.680	183752.000	17796.001	464.000
11.690	183926.000	17677.201	488.000
11.700	184104.000	17714.041	482.000
11.710	184281.000	17709.829	483.000
11.720	184457.000	17676.880	491.000
11.730	184635.000	17713.816	484.000
11.740	184812.000	17709.671	486.000
11.750	184989.000	17706.770	487.000
11.760	185167.000	17734.739	482.000
11.770	185344.000	17724.317	485.000
11.780	185522.000	17747.022	481.000
11.790	185700.000	17762.915	478.000
11.800	185878.000	17774.041	476.000
11.810	186057.000	17811.829	469.000
11.820	186236.000	17838.280	464.000
11.830	186416.000	17886.796	454.000
11.840	186595.000	17890.757	453.000
11.850	186774.000	17893.530	452.000
11.860	186953.000	17895.471	451.000
11.870	187132.000	17896.830	450.000
11.880	187310.000	17867.781	456.000
11.890	187488.000	17847.447	460.000
11.900	187666.000	17833.213	462.000
11.910	187843.000	17793.249	470.000
11.920	188020.000	17765.274	476.000
11.930	188196.000	17715.692	486.000
11.940	188371.000	17650.984	500.000
11.950	188546.000	17605.689	510.000
11.960	188722.000	17603.982	511.000
11.970	188896.000	17542.788	525.000
11.980	189072.000	17559.951	523.000
11.990	189246.000	17511.966	534.000
12.000	189421.000	17508.376	537.000
12.010	189599.000	17595.863	0.000
12.020	189774.000	17567.104	0.000
12.030	189947.000	17486.973	0.000
12.040	190119.000	17400.881	0.000
12.050	190292.000	17370.617	0.000
12.060	190463.000	17289.432	0.000
12.070	190633.000	17202.602	0.000
12.080	190803.000	17141.822	0.000
12.090	190972.000	17069.275	0.000
12.100	191140.000	16988.493	0.000
12.110	191307.000	16901.945	0.000
12.120	191474.000	16841.361	0.000
12.130	191639.000	16738.953	0.000
12.140	191803.000	16637.267	0.000
12.150	191966.000	16536.087	0.000
12.160	192129.000	16465.261	0.000
12.170	192289.000	16325.683	0.000
12.180	192453.000	16347.978	0.000
12.190	192610.000	16153.584	0.000
12.200	192768.000	16047.509	0.000
12.210	192924.000	15913.256	0.000
12.220	193078.000	15759.279	0.000
12.230	193232.000	15651.496	0.000
12.240	193384.000	15516.047	0.000
12.250	193534.000	15361.233	0.000
12.260	193683.000	15222.863	0.000
12.270	193830.000	15066.004	0.000
12.280	193976.000	14926.203	0.000
12.290	194122.000	14828.342	0.000
12.300	194265.000	14669.839	0.000
12.310	194408.000	14558.888	0.000
12.320	194549.000	14421.221	0.000
12.330	194690.000	14324.855	0.000
12.340	194829.000	14197.398	0.000
12.350	194969.000	14138.179	0.000
12.360	195106.000	14006.725	0.000
12.370	195244.000	13944.708	0.000
12.380	195380.000	13841.295	0.000
12.390	195515.000	13738.907	0.000
12.400	195649.000	13637.235	0.000
12.410	195782.000	13536.064	0.000
12.420	195915.000	13465.245	0.000
12.430	196047.000	13385.672	0.000
12.440	196177.000	13269.970	0.000
12.450	196307.000	13188.979	0.000
12.460	196438.000	13162.285	0.000
12.470	196564.000	12993.600	0.000
12.480	196691.000	12905.520	0.000
12.490	196819.000	12873.864	0.000
12.500	196943.000	12731.705	0.000
12.510	197067.000	12632.193	0.000
12.520	197192.000	12592.535	0.000
12.530	197314.000	12474.775	0.000
12.540	197435.000	12362.342	0.000
12.550	197556.000	12283.640	0.000
12.560	197675.000	12168.548	0.000
12.570	197794.000	12087.983	0.000
12.580	197910.000	11941.588	0.000
12.590	198025.000	11809.112	0.000
12.600	198139.000	11686.378	0.000
12.610	198251.000	11540.465	0.000
12.620	198361.000	11378.325	0.000
12.630	198470.000	11234.828	0.000
12.640	198576.000	11044.379	0.000
12.650	198682.000	10911.066	0.000
12.660	198785.000	10727.746	0.000
12.670	198887.000	10569.422	0.000
12.680	198986.000	10368.596	0.000
12.690	199085.000	10228.017	0.000
12.700	199181.000	10039.612	0.000
12.710	199276.000	9877.728	0.000
12.720	199369.000	9704.410	0.000
12.730	199461.000	9553.087	0.000
12.740	199551.000	9387.161	0.000
12.750	199639.000	9211.013	0.000
12.760	199727.000	9087.709	0.000
12.770	199813.000	8941.396	0.000
12.780	199898.000	8808.977	0.000
12.790	199981.000	8656.284	0.000
12.800	200064.000	8549.399	0.000
12.810	200145.000	8414.579	0.000
12.820	200226.000	8320.205	0.000
12.830	200304.000	8164.144	0.000
12.840	200382.000	8054.901	0.000
12.850	200459.000	7948.430	0.000
12.860	200535.000	7843.901	0.000
12.870	200609.000	7710.731	0.000
12.880	200683.000	7617.512	0.000
12.890	200756.000	7522.258	0.000
12.900	200828.000	7425.581	0.000
12.910	200898.000	7297.906	0.000
12.920	200969.000	7238.535	0.000
12.930	201036.000	7076.974	0.000
12.940	201104.000	6993.882	0.000
12.950	201171.000	6905.717	0.000
12.960	201237.000	6814.002	0.000
12.970	201302.000	6719.802	0.000
12.980	201366.000	6623.861	0.000
12.990	201429.000	6526.703	0.000
13.000	201491.000	6428.692	0.000
13.010	201553.000	6360.084	0.000
13.020	201613.000	6252.059	0.000
13.030	201673.000	6176.441	0.000
13.040	201732.000	6093.509	0.000
13.050	201790.000	6005.456	0.000
13.060	201847.000	5913.819	0.000
13.070	201904.000	5849.674	0.000
13.080	201959.000	5744.771	0.000
13.090	202013.000	5641.340	0.000
13.100	202067.000	5568.938	0.000
13.110	202119.000	5458.257	0.000
13.120	202170.000	5350.780	0.000
13.130	202221.000	5275.546	0.000
13.140	202270.000	5162.882	0.000
13.150	202319.000	5084.017	0.000
13.160	202367.000	4998.812	0.000
13.170	202414.000	4909.169	0.000
13.180	202460.000	4816.418	0.000
13.190	202506.000	4751.493	0.000
13.200	202550.000	4646.045	0.000
13.210	202594.000	4572.231	0.000
13.220	202636.000	4460.562	0.000
13.230	202677.000	4352.393	0.000
13.240	202717.000	4246.675	0.000
13.250	202756.000	4142.673	0.000
13.260	202794.000	4039.871	0.000
13.270	202831.000	3937.910	0.000
13.280	202866.000	3806.537	0.000
13.290	202900.000	3684.576	0.000
13.300	202933.000	3569.203	0.000
13.310	202965.000	3458.442	0.000
13.320	202996.000	3350.909	0.000
13.330	203024.000	3185.637	0.000
13.340	203053.000	3099.946	0.000
13.350	203080.000	2979.962	0.000
13.360	203106.000	2865.973	0.000
13.370	203131.000	2756.181	0.000
13.380	203155.000	2649.327	0.000
13.390	203177.000	2514.529	0.000
13.400	203198.000	2390.170	0.000
13.410	203218.000	2273.119	0.000
13.420	203237.000	2161.183	0.000
13.430	203254.000	2022.828	0.000
13.440	203271.000	1925.980	0.000
13.450	203286.000	1798.186	0.000
13.460	203300.000	1678.730	0.000
13.470	203313.000	1565.111	0.000
13.480	203325.000	1455.578	0.000
13.490	203336.000	1348.904	0.000
13.500	203346.000	1244.233	0.000
13.510	203355.000	1140.963	0.000
13.520	203362.000	1008.674	0.000
13.530	203369.000	916.072	0.000
13.540	203374.000	791.250	0.000
13.550	203378.000	673.875	0.000
13.560	203381.000	561.713	0.000
13.570	203383.000	453.199	0.000
13.580	203384.000	347.239	0.000
13.590	203384.000	243.067	0.000
13.600	203384.000	170.147	0.000
13.610	203381.000	29.103	0.000
13.620	203378.000	-69.628	0.000
13.630	203373.000	-198.740	0.000
13.640	203368.000	-289.118	0.000
13.650	203362.000	-382.382	0.000
13.660	203356.000	-447.668	0.000
13.670	203349.000	-523.367	0.000
13.680	203342.000	-576.357	0.000
13.690	203334.000	-643.450	0.000
13.700	203326.000	-690.415	0.000
13.710	203318.000	-723.291	0.000
13.720	203309.000	-776.303	0.000
13.730	203301.000	-783.412	0.000
13.740	203292.000	-818.389	0.000
13.750	203283.000	-842.872	0.000
13.760	203274.000	-860.010	0.000
13.770	203265.000	-872.007	0.000
13.780	203256.000	-880.405	0.000
13.790	203247.000	-886.284	0.000
13.800	203238.000	-890.399	0.000
13.810	203229.000	-893.279	0.000
13.820	203220.000	-895.295	0.000
13.830	203210.000	-926.707	0.000
13.840	203201.000	-918.695	0.000
13.850	203192.000	-913.086	0.000
13.860	203183.000	-909.160	0.000
13.870	203174.000	-906.412	0.000
13.880	203165.000	-904.489	0.000
13.890	203155.000	-933.142	0.000
13.900	203147.000	-893.199	0.000
13.910	203138.000	-895.240	0.000
13.920	203129.000	-896.668	0.000
13.930	203120.000	-897.667	0.000
13.940	203111.000	-898.367	0.000
13.950	203103.000	-868.857	0.000
13.960	203095.000	-848.200	0.000
13.970	203087.000	-833.740	0.000
13.980	203080.000	-793.618	0.000
13.990	203072.000	-795.533	0.000
14.000	203065.000	-766.873	0.000
14.010	203059.000	-716.811	0.000
14.020	203052.000	-711.768	0.000
14.030	203046.000	-678.237	0.000
14.040	203040.000	-654.766	0.000
14.050	203034.000	-638.336	0.000
14.060	203029.000	-596.835	0.000
14.070	203024.000	-567.785	0.000
14.080	203019.000	-547.449	0.000
14.090	203014.000	-533.215	0.000
14.100	203010.000	-493.250	0.000
14.110	203006.000	-465.275	0.000
14.120	203002.000	-445.693	0.000
14.130	202998.000	-431.985	0.000
14.140	202995.000	-392.389	0.000
14.150	202991.000	-394.673	0.000
14.160	202989.000	-336.271	0.000
14.170	202986.000	-325.390	0.000
14.180	202983.000	-317.773	0.000
14.190	202981.000	-282.441	0.000
14.200	202979.000	-257.709	0.000
14.210	202977.000	-240.396	0.000
14.220	202976.000	-198.277	0.000
14.230	202974.000	-198.794	0.000
14.240	202973.000	-169.156	0.000
14.250	202972.000	-148.409	0.000
14.260	202972.000	-103.886	0.000
14.270	202971.000	-102.720	0.000
14.280	202971.000	-71.904	0.000
14.290	202971.000	-50.333	0.000
14.300	202971.000	-35.233	0.000
14.310	202971.000	-24.663	0.000
14.320	202971.000	-17.264	0.000
14.330	202971.000	-12.085	0.000
14.340	202971.000	-8.459	0.000
14.350	202971.000	-5.922	0.000
14.360	202972.000	25.855	0.000
14.370	202973.000	48.098	0.000
14.380	202974.000	63.669	0.000
14.390	202975.000	74.568	0.000
14.400	202976.000	82.198	0.000
14.410	202977.000	87.538	0.000
14.420	202978.000	91.277	0.000
14.430	202979.000	93.894	0.000
14.440	202979.000	65.726	0.000
14.450	202980.000	76.008	0.000
14.460	202980.000	53.206	0.000
14.470	202981.000	67.244	0.000
14.480	202981.000	47.071	0.000
14.490	202981.000	32.950	0.000
14.500	202981.000	23.065	0.000
14.510	202981.000	16.145	0.000
14.520	202981.000	11.302	0.000
14.530	202981.000	7.911	0.000
14.540	202981.000	5.538	0.000
14.550	202981.000	3.876	0.000
14.560	202981.000	2.714	0.000
14.570	202980.000	-28.101	0.000
14.580	202980.000	-19.670	0.000
14.590	202979.000	-43.769	0.000
14.600	202978.000	-60.638	0.000
14.610	202978.000	-42.447	0.000
14.620	202977.000	-59.713	0.000
14.630	202977.000	-41.799	0.000
14.640	202976.000	-59.259	0.000
14.650	202976.000	-41.482	0.000
14.660	202976.000	-29.037	0.000
14.670	202975.000	-50.326	0.000
14.680	202975.000	-35.228	0.000
14.690	202975.000	-24.660	0.000
14.700	202975.000	-17.262	0.000
14.710	202975.000	-12.083	0.000
14.720	202975.000	-8.458	0.000
14.730	202975.000	-5.921	0.000
14.740	202975.000	-4.145	0.000
14.750	202975.000	-2.901	0.000
14.760	202975.000	-2.031	0.000
14.770	202976.000	28.578	0.000
14.780	202976.000	20.005	0.000
14.790	202977.000	44.003	0.000
14.800	202977.000	30.802	0.000
14.810	202977.000	21.562	0.000
14.820	202977.000	15.093	0.000
14.830	202978.000	40.565	0.000
14.840	202978.000	28.396	0.000
14.850	202978.000	19.877	0.000
14.860	202978.000	13.914	0.000
14.870	202978.000	9.740	0.000
14.880	202978.000	6.818	0.000
14.890	202978.000	4.772	0.000
14.900	202978.000	3.341	0.000
14.910	202978.000	2.339	0.000
14.920	202978.000	1.637	0.000
14.930	202978.000	1.146	0.000
14.940	202978.000	0.802	0.000
14.950	202978.000	0.561	0.000
14.960	202978.000	0.393	0.000
14.970	202978.000	0.275	0.000
14.980	202978.000	0.193	0.000
14.990	202977.000	-29.865	0.000
15.000	202977.000	-20.906	0.000
