0.000	0.000	0.000	0.000
0.010	1.000	30.000	-77.000
0.020	1.000	21.000	-67.000
0.030	1.000	14.700	-59.000
0.040	1.000	10.290	-54.000
0.050	-1.000	-52.797	105.000
0.060	-3.000	-96.958	241.000
0.070	-5.000	-127.871	360.000
0.080	-7.000	-149.509	469.000
0.090	-7.000	-104.657	415.000
0.100	-7.000	-73.260	377.000
0.110	-7.000	-51.282	350.000
0.120	-7.000	-35.897	332.000
0.130	-5.000	34.872	164.000
0.140	-2.000	114.410	-56.000
0.150	0.000	140.087	-169.000
0.160	1.000	128.061	-196.000
0.170	2.000	119.643	-227.000
0.180	2.000	83.750	-184.000
0.190	2.000	58.625	-153.000
0.200	0.000	-18.963	23.000
0.210	-3.000	-103.274	248.000
0.220	-5.000	-132.292	366.000
0.230	-7.000	-152.604	473.000
0.240	-9.000	-166.823	572.000
0.250	-9.000	-116.776	512.000
0.260	-9.000	-81.743	470.000
0.270	-8.000	-27.220	362.000
0.280	-5.000	70.946	120.000
0.290	-2.000	139.662	-86.000
0.300	1.000	187.763	-268.000
0.310	2.000	161.434	-277.000
0.320	3.000	143.004	-296.000
0.330	3.000	100.103	-244.000
0.340	3.000	70.072	-208.000
0.350	1.000	-10.950	-28.000
0.360	-2.000	-97.665	200.000
0.370	-5.000	-158.365	397.000
0.380	-8.000	-200.856	572.000
0.390	-10.000	-200.599	654.000
0.400	-10.000	-140.419	582.000
0.410	-10.000	-98.294	531.000
0.420	-8.000	-8.805	340.000
0.430	-5.000	83.836	105.000
0.440	-2.000	148.685	-97.000
0.450	1.000	194.080	-276.000
0.460	4.000	225.856	-438.000
0.470	4.000	158.099	-356.000
0.480	4.000	110.669	-298.000
0.490	4.000	77.469	-258.000
0.500	1.000	-35.772	2.000
0.510	-2.000	-115.040	1010.000
0.520	-5.000	-170.528	2115.000
0.530	-5.000	-119.370	3094.000
0.540	2.000	126.441	3675.000
0.550	16.000	508.509	3929.000
0.560	40.000	1075.956	3673.000
0.570	71.000	1683.169	3207.000
0.580	109.000	2318.219	2544.000
0.590	153.000	2942.753	1773.000
0.600	201.000	3499.927	1044.000
0.610	251.000	3949.949	489.000
0.620	302.000	4294.964	144.000
0.630	353.000	4536.475	51.000
0.640	402.000	4645.532	326.000
0.650	451.000	4721.873	766.000
0.660	500.000	4775.311	1360.000
0.670	548.000	4782.718	2176.000
0.680	600.000	4907.902	2812.000
0.690	657.000	5145.532	3231.000
0.700	720.000	5491.872	3398.000
0.710	791.000	5974.311	3197.000
0.720	869.000	6522.017	2754.000
0.730	951.000	7025.412	2326.000
0.740	1039.000	7557.789	1742.000
0.750	1131.000	8050.452	1167.000
0.760	1224.000	8425.316	819.000
0.770	1318.000	8717.721	655.000
0.780	1413.000	8952.405	646.000
0.790	1508.000	9116.684	847.000
0.800	1605.000	9291.678	1079.000
0.810	1703.000	9444.175	1423.000
0.820	1801.000	9550.922	1948.000
0.830	1903.000	9745.646	2328.000
0.840	2008.000	9971.952	2672.000
0.850	2120.000	10340.366	2682.000
0.860	2235.000	10688.256	2719.000
0.870	2359.000	11201.780	2311.000
0.880	2485.000	11621.246	2060.000
0.890	2617.000	12094.872	1622.000
0.900	2752.000	12516.410	1250.000
0.910	2891.000	12931.487	846.000
0.920	3029.000	13192.041	797.000
0.930	3170.000	13464.429	735.000
0.940	3311.000	13655.100	898.000
0.950	3454.000	13848.570	1101.000
0.960	3597.000	13983.999	1500.000
0.970	3742.000	14138.799	1919.000
0.980	3892.000	14397.160	2132.000
0.990	4046.000	14698.012	2256.000
1.000	4203.000	14998.608	2382.000
1.010	4367.000	15419.026	1413.000
1.020	4533.000	15773.318	441.000
1.030	4701.000	16081.323	-558.000
1.040	4868.000	16266.926	-1368.000
1.050	5032.000	16306.848	-1878.000
1.060	5191.000	16184.794	-1986.000
1.070	5344.000	15919.356	-1675.000
1.080	5490.000	15523.549	-917.000
1.090	5632.000	15126.484	7.000
1.100	5771.000	14758.539	1019.000
1.110	5910.000	14500.977	1899.000
1.120	6050.000	14350.684	2607.000
1.130	6194.000	14365.479	2951.000
1.140	6344.000	14555.835	2836.000
1.150	6500.000	14869.085	2326.000
1.160	6659.000	15178.359	1696.000
1.170	6822.000	15514.851	869.000
1.180	6988.000	15840.396	-68.000
1.190	7153.000	16038.277	-810.000
1.200	7316.000	16116.794	-1326.000
1.210	7475.000	16051.756	-1503.000
1.220	7629.000	15856.229	-1317.000
1.230	7778.000	15569.360	-815.000
1.240	7925.000	15308.552	-261.000
1.250	8069.000	15035.987	430.000
1.260	8212.000	14815.191	1100.000
1.270	8355.000	14660.633	1690.000
1.280	8502.000	14672.443	1914.000
1.290	8653.000	14800.710	1833.000
1.300	8806.000	14950.497	1643.000
1.310	8964.000	15205.348	1121.000
1.320	9124.000	15443.744	536.000
1.330	9284.000	15610.621	37.000
1.340	9447.000	15817.434	-633.000
1.350	9607.000	15872.204	-997.000
1.360	9765.000	15850.543	-1185.000
1.370	9918.000	15685.380	-994.000
1.380	10068.000	15479.766	-631.000
1.390	10214.000	15215.836	-33.000
1.400	10360.000	15031.085	470.000
1.410	10503.000	14811.760	1138.000
1.420	10648.000	14718.232	1572.000
1.430	10795.000	14712.762	1817.000
1.440	10945.000	14798.934	1828.000
1.450	11098.000	14949.254	1638.000
1.460	11254.000	15144.477	1270.000
1.470	11412.000	15341.134	817.000
1.480	11570.000	15478.794	436.000
1.490	11729.000	15605.156	28.000
1.500	11887.000	15663.609	-257.000
1.510	12044.000	15674.526	-444.000
1.520	12197.000	15562.168	-317.000
1.530	12349.000	15453.518	-153.000
1.540	12499.000	15317.463	126.000
1.550	12648.000	15192.224	433.000
1.560	12797.000	15104.557	695.000
1.570	12945.000	15013.190	1003.000
1.580	13095.000	15009.233	1122.000
1.590	13246.000	15036.463	1163.000
1.600	13399.000	15115.524	1059.000
1.610	13554.000	15230.867	828.000
1.620	13711.000	15371.607	485.000
1.630	13867.000	15440.125	270.000
1.640	14023.000	15488.087	80.000
1.650	14181.000	15581.661	-248.000
1.660	14336.000	15557.163	-310.000
1.670	14489.000	15480.014	-225.000
1.680	14641.000	15396.010	-91.000
1.690	14792.000	15307.207	90.000
1.700	14942.000	15215.045	316.000
1.710	15091.000	15120.531	586.000
1.720	15241.000	15084.372	745.000
1.730	15392.000	15089.060	813.000
1.740	15543.000	15092.342	882.000
1.750	15695.000	15124.640	876.000
1.760	15849.000	15207.248	726.000
1.770	16003.000	15265.073	606.000
1.780	16159.000	15365.551	353.000
1.790	16313.000	15375.886	290.000
1.800	16466.000	15353.120	309.000
1.810	16619.000	15337.184	320.000
1.820	16772.000	15326.029	324.000
1.830	16923.000	15258.220	480.000
1.840	17075.000	15240.754	534.000
1.850	17225.000	15168.528	736.000
1.860	17378.000	15207.970	679.000
1.870	17528.000	15145.579	870.000
1.880	17681.000	15191.905	805.000
1.890	17834.000	15224.334	757.000
1.900	17990.000	15337.033	489.000
1.910	18145.000	15385.923	338.000
1.920	18299.000	15390.146	283.000
1.930	18455.000	15453.102	75.000
1.940	18609.000	15437.172	44.000
1.950	18762.000	15396.020	85.000
1.960	18914.000	15337.214	189.000
1.970	19066.000	15296.050	271.000
1.980	19216.000	15207.235	493.000
1.990	19367.000	15175.064	606.000
2.000	19518.000	15152.545	707.000
2.010	19670.000	15166.782	722.000
2.020	19822.000	15176.747	742.000
2.030	19976.000	15243.723	612.000
2.040	20131.000	15320.606	428.000
2.050	20286.000	15374.424	271.000
2.060	20440.000	15382.097	212.000
2.070	20594.000	15387.468	156.000
2.080	20750.000	15451.228	-53.000
2.090	20901.000	15345.859	147.000
2.100	21053.000	15302.101	233.000
2.110	21203.000	15211.471	457.000
2.120	21355.000	15208.030	494.000
2.130	21504.000	15115.621	761.000
2.140	21656.000	15140.935	763.000
2.150	21806.000	15098.654	929.000
2.160	21958.000	15129.058	925.000
2.170	22112.000	15210.341	777.000
2.180	22266.000	15267.238	658.000
2.190	22417.000	15217.067	793.000
2.200	22571.000	15271.947	676.000
2.210	22726.000	15340.363	503.000
2.220	22881.000	15388.254	354.000
2.230	23035.000	15391.778	300.000
2.240	23190.000	15424.244	169.000
2.250	23344.000	15416.971	128.000
2.260	23497.000	15381.880	162.000
2.270	23648.000	15297.316	338.000
2.280	23800.000	15268.121	405.000
2.290	23951.000	15217.685	540.000
2.300	24102.000	15182.379	656.000
2.310	24255.000	15217.666	605.000
2.320	24407.000	15212.366	644.000
2.330	24561.000	15268.656	526.000
2.340	24715.000	15308.059	428.000
2.350	24870.000	15365.641	268.000
2.360	25024.000	15375.949	205.000
2.370	25180.000	15443.164	-8.000
2.380	25332.000	15370.215	112.000
2.390	25486.000	15379.151	52.000
2.400	25638.000	15325.405	149.000
2.410	25789.000	15257.784	304.000
2.420	25941.000	15240.449	358.000
2.430	26093.000	15228.314	405.000
2.440	26244.000	15189.820	525.000
2.450	26396.000	15192.874	554.000
2.460	26548.000	15195.012	584.000
2.470	26700.000	15196.508	615.000
2.480	26851.000	15167.556	723.000
2.490	27005.000	15237.289	589.000
2.500	27156.000	15196.102	712.000
2.510	27309.000	15227.272	666.000
2.520	27461.000	15219.090	708.000
2.530	27615.000	15273.363	593.000
2.540	27768.000	15281.354	575.000
2.550	27922.000	15316.948	482.000
2.560	28074.000	15281.864	557.000
2.570	28229.000	15347.304	386.000
2.580	28379.000	15243.113	627.000
2.590	28531.000	15230.179	675.000
2.600	28684.000	15251.125	641.000
2.610	28837.000	15265.788	615.000
2.620	28990.000	15276.051	594.000
2.630	29145.000	15343.236	421.000
2.640	29300.000	15390.265	274.000
2.650	29454.000	15393.186	220.000
2.660	29608.000	15395.230	168.000
2.670	29760.000	15336.661	271.000
2.680	29912.000	15295.663	353.000
2.690	30063.000	15236.964	497.000
2.700	30215.000	15225.875	543.000
2.710	30367.000	15218.112	585.000
2.720	30519.000	15212.679	624.000
2.730	30674.000	15298.875	429.000
2.740	30827.000	15299.213	420.000
2.750	30981.000	15329.449	333.000
2.760	31137.000	15410.614	103.000
2.770	31289.000	15347.430	212.000
2.780	31443.000	15363.201	143.000
2.790	31596.000	15344.241	157.000
2.800	31748.000	15300.968	242.000
2.810	31899.000	15240.678	388.000
2.820	32049.000	15168.475	590.000
2.830	32200.000	15147.932	689.000
2.840	32350.000	15103.553	857.000
2.850	32502.000	15132.487	855.000
2.860	32655.000	15182.741	786.000
2.870	32805.000	15127.919	967.000
2.880	32958.000	15179.543	896.000
2.890	33111.000	15215.680	843.000
2.900	33264.000	15240.976	804.000
2.910	33418.000	15288.683	696.000
2.920	33575.000	15412.078	374.000
2.930	33726.000	15318.455	561.000
2.940	33880.000	15342.918	481.000
2.950	34033.000	15330.043	488.000
2.960	34187.000	15351.030	413.000
2.970	34342.000	15395.721	268.000
2.980	34494.000	15337.005	371.000
2.990	34648.000	15355.903	298.000
3.000	34802.000	15369.132	232.000
3.010	34954.000	15318.393	326.000
3.020	35106.000	15282.875	402.000
3.030	35259.000	15288.012	387.000
3.040	35412.000	15291.609	374.000
3.050	35565.000	15294.126	362.000
3.060	35718.000	15295.888	351.000
3.070	35873.000	15357.122	186.000
3.080	36025.000	15309.985	275.000
3.090	36176.000	15246.990	425.000
3.100	36329.000	15262.893	397.000
3.110	36482.000	15274.025	375.000
3.120	36635.000	15281.817	357.000
3.130	36788.000	15287.272	342.000
3.140	36939.000	15231.091	483.000
3.150	37091.000	15221.763	527.000
3.160	37245.000	15275.234	412.000
3.170	37400.000	15342.664	240.000
3.180	37549.000	15209.865	556.000
3.190	37702.000	15236.905	515.000
3.200	37854.000	15225.834	561.000
3.210	38006.000	15218.084	603.000
3.220	38156.000	15152.659	796.000
3.230	38310.000	15226.861	657.000
3.240	38461.000	15188.803	777.000
3.250	38613.000	15192.162	805.000
3.260	38767.000	15254.513	680.000
3.270	38921.000	15298.159	577.000
3.280	39075.000	15328.712	490.000
3.290	39229.000	15350.098	415.000
3.300	39383.000	15365.069	347.000
3.310	39540.000	15465.548	52.000
3.320	39692.000	15385.884	180.000
3.330	39846.000	15390.119	125.000
3.340	39998.000	15333.083	227.000
3.350	40150.000	15293.158	307.000
3.360	40303.000	15295.211	296.000
3.370	40454.000	15236.647	441.000
3.380	40605.000	15195.653	564.000
3.390	40757.000	15196.957	595.000
3.400	40910.000	15227.870	549.000
3.410	41063.000	15249.509	514.000
3.420	41217.000	15294.656	409.000
3.430	41372.000	15356.259	244.000
3.440	41525.000	15339.382	256.000
3.450	41679.000	15357.567	184.000
3.460	41834.000	15400.297	41.000
3.470	41985.000	15310.208	223.000
3.480	42138.000	15307.146	218.000
3.490	42290.000	15275.002	290.000
3.500	42440.000	15192.501	504.000
3.510	42591.000	15164.751	611.000
3.520	42743.000	15175.326	631.000
3.530	42892.000	15092.728	887.000
3.540	43045.000	15154.910	803.000
3.550	43199.000	15228.437	664.000
3.560	43350.000	15189.906	785.000
3.570	43505.000	15282.934	581.000
3.580	43657.000	15258.054	644.000
3.590	43811.000	15300.638	542.000
3.600	43964.000	15300.446	534.000
3.610	44117.000	15300.312	525.000
3.620	44271.000	15330.219	439.000
3.630	44424.000	15321.153	441.000
3.640	44578.000	15344.807	363.000
3.650	44730.000	15301.365	448.000
3.660	44883.000	15300.956	440.000
3.670	45035.000	15270.669	509.000
3.680	45190.000	15339.468	335.000
3.690	45343.000	15327.628	340.000
3.700	45495.000	15289.339	419.000
3.710	45649.000	15322.538	329.000
3.720	45801.000	15285.776	406.000
3.730	45954.000	15290.043	392.000
3.740	46105.000	15233.030	534.000
3.750	46258.000	15253.121	501.000
3.760	46411.000	15267.185	476.000
3.770	46563.000	15247.029	533.000
3.780	46716.000	15262.921	505.000
3.790	46870.000	15304.044	405.000
3.800	47025.000	15362.831	243.000
3.810	47177.000	15313.982	334.000
3.820	47329.000	15279.787	408.000
3.830	47483.000	15315.851	315.000
3.840	47636.000	15311.096	312.000
3.850	47788.000	15277.767	384.000
3.860	47939.000	15224.437	523.000
3.870	48090.000	15187.106	641.000
3.880	48244.000	15250.974	514.000
3.890	48395.000	15205.682	643.000
3.900	48547.000	15203.977	677.000
3.910	48697.000	15142.784	866.000
3.920	48848.000	15129.949	955.000
3.930	49003.000	15240.964	730.000
3.940	49155.000	15228.675	777.000
3.950	49309.000	15280.072	665.000
3.960	49465.000	15376.051	417.000
3.970	49619.000	15383.236	358.000
3.980	49773.000	15388.265	302.000
3.990	49928.000	15421.785	171.000
4.000	50081.000	15385.250	206.000
4.010	50233.000	15329.675	306.000
4.020	50386.000	15320.772	308.000
4.030	50538.000	15284.541	384.000
4.040	50691.000	15289.178	370.000
4.050	50842.000	15232.425	512.000
4.060	50993.000	15192.697	634.000
4.070	51145.000	15194.888	664.000
4.080	51298.000	15226.422	617.000
4.090	51453.000	15308.495	427.000
4.100	51605.000	15275.947	498.000
4.110	51759.000	15313.163	403.000
4.120	51913.000	15339.214	322.000
4.130	52070.000	15447.450	18.000
4.140	52223.000	15403.215	63.000
4.150	52377.000	15402.250	14.000
4.160	52529.000	15341.575	120.000
4.170	52680.000	15269.103	281.000
4.180	52833.000	15278.372	261.000
4.190	52983.000	15194.860	477.000
4.200	53135.000	15196.402	507.000
4.210	53286.000	15167.482	616.000
4.220	53439.000	15207.237	559.000
4.230	53588.000	15115.066	826.000
4.240	53741.000	15170.546	751.000
4.250	53892.000	15149.382	850.000
4.260	54045.000	15194.568	787.000
4.270	54199.000	15256.197	662.000
4.280	54354.000	15329.338	483.000
4.290	54509.000	15380.537	330.000
4.300	54661.000	15326.376	428.000
4.310	54815.000	15348.463	351.000
4.320	54968.000	15333.924	360.000
4.330	55121.000	15323.747	364.000
4.340	55272.000	15256.623	518.000
4.350	55426.000	15299.636	417.000
4.360	55579.000	15299.745	408.000
4.370	55732.000	15299.822	399.000
4.380	55883.000	15239.875	545.000
4.390	56036.000	15257.913	514.000
4.400	56189.000	15270.539	490.000
4.410	56343.000	15309.377	394.000
4.420	56496.000	15306.564	388.000
4.430	56651.000	15364.595	227.000
4.440	56802.000	15285.216	397.000
4.450	56956.000	15319.651	305.000
4.460	57109.000	15313.756	304.000
4.470	57264.000	15369.629	145.000
4.480	57414.000	15258.740	394.000
4.490	57567.000	15271.118	370.000
4.500	57720.000	15279.783	351.000
4.510	57873.000	15285.848	335.000
4.520	58027.000	15320.094	244.000
4.530	58177.000	15224.066	474.000
4.540	58330.000	15246.846	438.000
4.550	58484.000	15292.792	333.000
4.560	58636.000	15264.954	399.000
4.570	58788.000	15245.468	455.000
4.580	58939.000	15201.828	581.000
4.590	59090.000	15171.279	692.000
4.600	59239.000	15089.896	946.000
4.610	59389.000	15062.927	1094.000
4.620	59543.000	15164.049	922.000
4.630	59693.000	15114.834	1096.000
4.640	59847.000	15200.384	943.000
4.650	60001.000	15260.269	821.000
4.660	60156.000	15332.188	643.000
4.670	60309.000	15322.532	646.000
4.680	60465.000	15405.772	413.000
4.690	60619.000	15404.041	365.000
4.700	60774.000	15432.828	239.000
4.710	60928.000	15422.980	201.000
4.720	61082.000	15416.086	159.000
4.730	61235.000	15381.260	193.000
4.740	61388.000	15356.882	213.000
4.750	61539.000	15279.817	380.000
4.760	61691.000	15255.872	442.000
4.770	61842.000	15209.111	572.000
4.780	61994.000	15206.377	607.000
4.790	62147.000	15234.464	565.000
4.800	62300.000	15254.125	532.000
4.810	62453.000	15267.887	507.000
4.820	62608.000	15337.521	332.000
4.830	62762.000	15356.265	259.000
4.840	62914.000	15309.385	348.000
4.850	63068.000	15336.570	266.000
4.860	63222.000	15355.599	193.000
4.870	63376.000	15368.919	127.000
4.880	63528.000	15318.243	220.000
4.890	63680.000	15282.770	296.000
4.900	63831.000	15227.939	436.000
4.910	63982.000	15189.557	556.000
4.920	64133.000	15162.690	662.000
4.930	64284.000	15143.883	758.000
4.940	64435.000	15130.718	848.000
4.950	64586.000	15121.503	933.000
4.960	64739.000	15175.052	859.000
4.970	64892.000	15212.536	805.000
4.980	65045.000	15238.775	765.000
4.990	65200.000	15317.143	579.000
5.000	65354.000	15342.000	7071.000
5.010	65517.000	15629.400	7353.000
5.020	65695.000	16280.580	6577.000
5.030	65890.000	17246.406	4720.000
5.040	66097.000	18282.484	2285.000
5.050	66313.000	19277.739	-472.000
5.060	66531.000	20034.417	-3024.000
5.070	66744.000	20414.092	-4914.000
5.080	66944.000	20289.864	-5660.000
5.090	67130.000	19782.905	-5366.000
5.100	67303.000	19038.034	-4251.000
5.110	67465.000	18186.624	-2553.000
5.120	67616.000	17260.636	-312.000
5.130	67762.000	16462.446	1981.000
5.140	67909.000	15933.712	3907.000
5.150	68065.000	15833.598	4945.000
5.160	68229.000	16003.519	5327.000
5.170	68405.000	16482.463	4841.000
5.180	68594.000	17207.724	3523.000
5.190	68788.000	17865.407	2080.000
5.200	68992.000	18625.785	101.000
5.210	69198.000	19218.049	-1758.000
5.220	69401.000	19542.635	-3169.000
5.230	69596.000	19529.844	-3844.000
5.240	69781.000	19220.891	-3749.000
5.250	69956.000	18704.624	-2991.000
5.260	70119.000	17983.237	-1491.000
5.270	70275.000	17268.266	289.000
5.280	70430.000	16737.786	1887.000
5.290	70586.000	16396.450	3217.000
5.300	70745.000	16247.515	4190.000
5.310	70913.000	16413.261	4412.000
5.320	71092.000	16859.282	3842.000
5.330	71277.000	17351.498	2970.000
5.340	71472.000	17996.048	1502.000
5.350	71671.000	18567.234	-43.000
5.360	71872.000	19027.064	-1535.000
5.370	72069.000	19228.945	-2552.000
5.380	72261.000	19220.261	-3107.000
5.390	72443.000	18914.183	-2892.000
5.400	72620.000	18549.928	-2401.000
5.410	72785.000	17934.950	-1112.000
5.420	72947.000	17414.465	186.000
5.430	73108.000	17020.125	1373.000
5.440	73268.000	16714.088	2495.000
5.450	73434.000	16679.861	3041.000
5.460	73603.000	16745.903	3343.000
5.470	73781.000	17062.132	2971.000
5.480	73965.000	17463.492	2250.000
5.490	74155.000	17924.445	1209.000
5.500	74348.000	18337.111	103.000
5.510	74543.000	18685.978	-1008.000
5.520	74731.000	18720.185	-1451.000
5.530	74918.000	18714.129	-1804.000
5.540	75099.000	18529.890	-1695.000
5.550	75274.000	18220.923	-1188.000
5.560	75443.000	17824.646	-328.000
5.570	75609.000	17457.252	621.000
5.580	75774.000	17170.077	1513.000
5.590	75941.000	17029.054	2147.000
5.600	76110.000	16990.338	2575.000
5.610	76285.000	17143.236	2525.000
5.620	76463.000	17340.265	2297.000
5.630	76647.000	17658.186	1677.000
5.640	76833.000	17940.730	1016.000
5.650	77023.000	18258.511	148.000
5.660	77214.000	18510.958	-682.000
5.670	77403.000	18627.670	-1265.000
5.680	77586.000	18529.369	-1342.000
5.690	77766.000	18370.558	-1222.000
5.700	77942.000	18139.391	-850.000
5.710	78115.000	17887.574	-330.000
5.720	78285.000	17621.302	332.000
5.730	78453.000	17374.911	1052.000
5.740	78623.000	17262.438	1528.000
5.750	78797.000	17303.706	1653.000
5.760	78972.000	17362.595	1716.000
5.770	79149.000	17463.816	1645.000
5.780	79333.000	17744.671	1069.000
5.790	79514.000	17851.270	827.000
5.800	79699.000	18045.889	314.000
5.810	79884.000	18182.122	-128.000
5.820	80069.000	18277.486	-521.000
5.830	80251.000	18254.240	-648.000
5.840	80432.000	18207.968	-705.000
5.850	80608.000	18025.578	-392.000
5.860	80781.000	17807.904	88.000
5.870	80953.000	17625.533	565.000
5.880	81124.000	17467.873	1055.000
5.890	81297.000	17417.511	1332.000
5.900	81469.000	17352.258	1668.000
5.910	81644.000	17396.580	1749.000
5.920	81824.000	17577.606	1458.000
5.930	82007.000	17794.324	1001.000
5.940	82191.000	17976.027	545.000
5.950	82375.000	18103.219	154.000
5.960	82560.000	18222.253	-267.000
5.970	82743.000	18245.577	-491.000
5.980	82923.000	18171.904	-474.000
5.990	83102.000	18090.333	-406.000
6.000	83279.000	17973.233	-213.000
6.010	83454.000	17831.263	92.000
6.020	83627.000	17671.884	501.000
6.030	83800.000	17560.319	852.000
6.040	83975.000	17542.223	1008.000
6.050	84151.000	17559.556	1080.000
6.060	84328.000	17601.689	1081.000
6.070	84507.000	17691.183	942.000
6.080	84689.000	17843.828	603.000
6.090	84869.000	17890.679	475.000
6.100	85051.000	17983.476	208.000
6.110	85234.000	18078.433	-102.000
6.120	85413.000	18024.903	-68.000
6.130	85594.000	18047.432	-208.000
6.140	85772.000	17973.202	-108.000
6.150	85945.000	17771.242	352.000
6.160	86120.000	17689.869	584.000
6.170	86293.000	17572.908	942.000
6.180	86467.000	17521.036	1180.000
6.190	86642.000	17514.725	1321.000
6.200	86819.000	17570.308	1306.000
6.210	86998.000	17669.215	1156.000
6.220	87180.000	17828.451	809.000
6.230	87360.000	17879.916	675.000
6.240	87544.000	18035.941	250.000
6.250	87725.000	18055.159	113.000
6.260	87906.000	18068.611	-16.000
6.270	88087.000	18078.028	-141.000
6.280	88267.000	18054.619	-184.000
6.290	88449.000	18098.234	-391.000
6.300	88625.000	17948.764	-118.000
6.310	88800.000	17814.134	179.000
6.320	88975.000	17719.894	426.000
6.330	89150.000	17653.926	640.000
6.340	89327.000	17667.748	675.000
6.350	89502.000	17617.424	870.000
6.360	89678.000	17612.197	969.000
6.370	89856.000	17668.538	911.000
6.380	90036.000	17767.976	719.000
6.390	90216.000	17837.583	563.000
6.400	90398.000	17946.308	278.000
6.410	90579.000	17992.416	109.000
6.420	90759.000	17994.691	34.000
6.430	90938.000	17966.284	38.000
6.440	91116.000	17916.399	108.000
6.450	91292.000	17821.479	316.000
6.460	91467.000	17725.035	566.000
6.470	91642.000	17657.525	782.000
6.480	91816.000	17580.267	1050.000
6.490	91992.000	17586.187	1136.000
6.500	92168.000	17590.331	1224.000
6.510	92348.000	17713.232	1003.000
6.520	92526.000	17739.262	982.000
6.530	92707.000	17847.484	739.000
6.540	92888.000	17923.238	534.000
6.550	93073.000	18096.267	47.000
6.560	93254.000	18097.387	-68.000
6.570	93436.000	18128.171	-259.000
6.580	93614.000	18029.720	-130.000
6.590	93792.000	17960.804	-36.000
6.600	93970.000	17912.563	33.000
6.610	94145.000	17788.794	316.000
6.620	94320.000	17702.156	555.000
6.630	94495.000	17641.509	762.000
6.640	94671.000	17629.056	870.000
6.650	94848.000	17650.339	896.000
6.660	95027.000	17725.238	775.000
6.670	95207.000	17807.666	603.000
6.680	95387.000	17865.366	461.000
6.690	95568.000	17935.756	263.000
6.700	95748.000	17955.030	168.000
6.710	95929.000	17998.521	2.000
6.720	96107.000	17938.964	85.000
6.730	96284.000	17867.275	223.000
6.740	96461.000	17817.093	335.000
6.750	96636.000	17721.965	584.000
6.760	96812.000	17685.375	721.000
6.770	96986.000	17599.763	1000.000
6.780	97164.000	17659.834	937.000
6.790	97339.000	17611.884	1129.000
6.800	97516.000	17638.319	1149.000
6.810	97696.000	17746.823	946.000
6.820	97877.000	17852.776	705.000
6.830	98058.000	17926.943	502.000
6.840	98241.000	18038.860	171.000
6.850	98423.000	18087.202	-41.000
6.860	98604.000	18091.042	-159.000
6.870	98784.000	18063.729	-198.000
6.880	98962.000	17984.610	-92.000
6.890	99142.000	17989.227	-170.000
6.900	99316.000	17812.459	219.000
6.910	99493.000	17778.721	311.000
6.920	99666.000	17635.105	701.000
6.930	99842.000	17624.573	807.000
6.940	100021.000	17707.201	676.000
6.950	100196.000	17645.041	885.000
6.960	100377.000	17781.529	607.000
6.970	100553.000	17727.070	766.000
6.980	100732.000	17778.949	673.000
6.990	100912.000	17845.264	520.000
7.000	101093.000	17921.685	315.000
7.010	101274.000	17975.180	137.000
7.020	101454.000	17982.626	56.000
7.030	101633.000	17957.838	55.000
7.040	101813.000	17970.487	-32.000
7.050	101987.000	17799.341	350.000
7.060	102162.000	17709.538	593.000
7.070	102336.000	17616.677	880.000
7.080	102511.000	17581.674	1056.000
7.090	102686.000	17557.172	1220.000
7.100	102866.000	17690.020	987.000
7.110	103044.000	17723.014	958.000
7.120	103222.000	17746.110	941.000
7.130	103403.000	17852.277	699.000
7.140	103585.000	17956.594	419.000
7.150	103769.000	18089.616	21.000
7.160	103950.000	18092.731	-95.000
7.170	104130.000	18064.912	-134.000
7.180	104312.000	18105.438	-337.000
7.190	104488.000	17953.807	-61.000
7.200	104666.000	17907.665	5.000
7.210	104841.000	17785.365	287.000
7.220	105016.000	17699.756	524.000
7.230	105191.000	17639.829	730.000
7.240	105366.000	17597.880	915.000
7.250	105545.000	17688.516	775.000
7.260	105724.000	17751.961	668.000
7.270	105903.000	17796.373	583.000
7.280	106084.000	17887.461	360.000
7.290	106265.000	17951.223	170.000
7.300	106444.000	17935.856	158.000
7.310	106622.000	17895.099	217.000
7.320	106801.000	17896.569	185.000
7.330	106977.000	17807.599	385.000
7.340	107153.000	17745.319	553.000
7.350	107331.000	17761.723	544.000
7.360	107505.000	17653.206	850.000
7.370	107681.000	17637.244	962.000
7.380	107860.000	17716.071	836.000
7.390	108035.000	17651.250	1048.000
7.400	108214.000	17725.875	927.000
7.410	108394.000	17808.112	756.000
7.420	108573.000	17835.679	692.000
7.430	108754.000	17914.975	483.000
7.440	108935.000	17970.483	303.000
7.450	109117.000	18039.338	65.000
7.460	109298.000	18057.536	-70.000
7.470	109476.000	17980.276	34.000
7.480	109655.000	17956.193	32.000
7.490	109831.000	17849.335	254.000
7.500	110008.000	17804.535	360.000
7.510	110183.000	17713.174	604.000
7.520	110360.000	17709.222	661.000
7.530	110537.000	17706.455	716.000
7.540	110714.000	17704.519	770.000
7.550	110893.000	17763.163	668.000
7.560	111073.000	17834.214	510.000
7.570	111252.000	17853.950	456.000
7.580	111433.000	17927.765	253.000
7.590	111612.000	17919.435	233.000
7.600	111791.000	17913.605	209.000
7.610	111970.000	17909.523	183.000
7.620	112149.000	17906.666	156.000
7.630	112326.000	17844.666	282.000
7.640	112501.000	17741.267	541.000
7.650	112675.000	17638.887	840.000
7.660	112851.000	17627.221	947.000
7.670	113026.000	17589.054	1127.000
7.680	113203.000	17622.338	1138.000
7.690	113382.000	17705.637	1007.000
7.700	113560.000	17733.946	983.000
7.710	113740.000	17813.762	815.000
7.720	113921.000	17899.633	598.000
7.730	114103.000	17989.743	335.000
7.740	114284.000	18022.820	182.000
7.750	114466.000	18075.974	-37.000
7.760	114646.000	18053.182	-81.000
7.770	114824.000	17977.227	21.000
7.780	115004.000	17984.059	-59.000
7.790	115181.000	17898.841	95.000
7.800	115357.000	17809.189	296.000
7.810	115533.000	17746.432	465.000
7.820	115710.000	17732.503	533.000
7.830	115885.000	17662.752	752.000
7.840	116060.000	17613.926	945.000
7.850	116239.000	17699.748	810.000
7.860	116418.000	17759.824	707.000
7.870	116599.000	17861.877	471.000
7.880	116780.000	17933.314	271.000
7.890	116960.000	17953.320	175.000
7.900	117141.000	17997.324	9.000
7.910	117320.000	17968.127	13.000
7.920	117498.000	17917.689	84.000
7.930	117674.000	17822.382	292.000
7.940	117850.000	17755.667	466.000
7.950	118025.000	17678.967	692.000
7.960	118201.000	17655.277	814.000
7.970	118375.000	17578.694	1082.000
7.980	118552.000	17615.086	1089.000
7.990	118731.000	17700.560	955.000
8.000	118911.000	17790.392	775.000
8.010	119090.000	17823.274	704.000
8.020	119270.000	17876.292	568.000
8.030	119452.000	17973.404	297.000
8.040	119634.000	18041.383	60.000
8.050	119814.000	18028.968	3.000
8.060	119994.000	18020.278	-58.000
8.070	120173.000	17984.194	-45.000
8.080	120353.000	17988.936	-123.000
8.090	120530.000	17902.255	33.000
8.100	120705.000	17781.579	313.000
8.110	120882.000	17757.105	394.000
8.120	121057.000	17679.974	621.000
8.130	121233.000	17655.981	743.000
8.140	121409.000	17639.187	856.000
8.150	121587.000	17687.431	808.000
8.160	121766.000	17751.202	701.000
8.170	121946.000	17825.841	539.000
8.180	122126.000	17878.089	403.000
8.190	122307.000	17944.662	210.000
8.200	122487.000	17961.264	118.000
8.210	122667.000	17972.884	32.000
8.220	122846.000	17951.019	27.000
8.230	123021.000	17815.713	325.000
8.240	123196.000	17720.999	573.000
8.250	123372.000	17684.700	710.000
8.260	123547.000	17629.290	911.000
8.270	123723.000	17620.503	1014.000
8.280	123900.000	17644.352	1037.000
8.290	124077.000	17661.046	1069.000
8.300	124256.000	17732.732	951.000
8.310	124437.000	17842.913	705.000
8.320	124618.000	17920.039	499.000
8.330	124799.000	17974.027	320.000
8.340	124979.000	17981.819	239.000
8.350	125162.000	18077.273	-72.000
8.360	125342.000	18054.091	-116.000
8.370	125521.000	18007.864	-91.000
8.380	125698.000	17915.505	72.000
8.390	125874.000	17820.853	280.000
8.400	126050.000	17754.597	452.000
8.410	126227.000	17738.218	524.000
8.420	126402.000	17666.753	744.000
8.430	126578.000	17646.727	861.000
8.440	126755.000	17662.709	893.000
8.450	126933.000	17703.896	854.000
8.460	127114.000	17822.727	598.000
8.470	127294.000	17875.909	461.000
8.480	127475.000	17943.136	267.000
8.490	127655.000	17960.195	174.000
8.500	127834.000	17942.137	165.000
8.510	128013.000	17929.496	150.000
8.520	128191.000	17890.647	207.000
8.530	128368.000	17833.453	328.000
8.540	128544.000	17763.417	505.000
8.550	128719.000	17684.392	735.000
8.560	128895.000	17659.074	858.000
8.570	129070.000	17611.352	1050.000
8.580	129247.000	17637.946	1069.000
8.590	129425.000	17686.563	1021.000
8.600	129604.000	17750.594	913.000
8.610	129783.000	17795.416	828.000
8.620	129964.000	17886.791	605.000
8.630	130146.000	17980.754	337.000
8.640	130328.000	18046.528	103.000
8.650	130509.000	18062.569	-30.000
8.660	130689.000	18043.799	-79.000
8.670	130868.000	18000.659	-58.000
8.680	131046.000	17940.461	26.000
8.690	131224.000	17898.323	87.000
8.700	131399.000	17778.826	365.000
8.710	131575.000	17725.178	523.000
8.720	131751.000	17687.625	661.000
8.730	131928.000	17691.337	708.000
8.740	132108.000	17783.936	524.000
8.750	132284.000	17728.755	684.000
8.760	132463.000	17780.129	591.000
8.770	132642.000	17816.090	517.000
8.780	132822.000	17871.263	378.000
8.790	133003.000	17939.884	182.000
8.800	133181.000	17897.919	243.000
8.810	133361.000	17928.543	134.000
8.820	133539.000	17889.980	191.000
8.830	133717.000	17862.986	234.000
8.840	133901.000	18024.090	-197.000
8.850	134068.000	17626.863	746.000
8.860	134243.000	17588.804	926.000
8.870	134418.000	17562.163	1093.000
8.880	134593.000	17543.514	1249.000
8.890	134770.000	17590.460	1244.000
8.900	134951.000	17743.322	946.000
8.910	135132.000	17850.325	704.000
8.920	135314.000	17955.228	423.000
8.930	135496.000	18028.659	180.000
8.940	135678.000	18080.062	-37.000
8.950	135859.000	18086.043	-157.000
8.960	136039.000	18060.230	-198.000
8.970	136217.000	17982.161	-93.000
8.980	136394.000	17897.513	61.000
8.990	136571.000	17838.259	184.000
9.000	136746.000	17736.781	440.000
9.010	136922.000	17695.747	583.000
9.020	137097.000	17637.023	788.000
9.030	137273.000	17625.916	894.000
9.040	137451.000	17678.141	841.000
9.050	137631.000	17774.699	653.000
9.060	137810.000	17812.289	577.000
9.070	137991.000	17898.602	359.000
9.080	138171.000	17929.022	251.000
9.090	138351.000	17950.315	153.000
9.100	138531.000	17965.221	63.000
9.110	138709.000	17915.654	133.000
9.120	138885.000	17820.958	340.000
9.130	139063.000	17814.671	358.000
9.140	139239.000	17750.269	529.000
9.150	139414.000	17675.189	754.000
9.160	139588.000	17592.632	1029.000
9.170	139763.000	17564.842	1196.000
9.180	139940.000	17605.390	1199.000
9.190	140117.000	17633.773	1216.000
9.200	140297.000	17743.641	1012.000
9.210	140477.000	17820.549	847.000
9.220	140660.000	17964.384	477.000
9.230	140841.000	18005.069	315.000
9.240	141023.000	18063.548	90.000
9.250	141204.000	18074.484	-36.000
9.260	141384.000	18052.139	-81.000
9.270	141563.000	18006.497	-57.000
9.280	141741.000	17944.548	28.000
9.290	141917.000	17841.184	246.000
9.300	142093.000	17768.828	426.000
9.310	142269.000	17718.180	580.000
9.320	142445.000	17682.726	716.000
9.330	142621.000	17657.908	839.000
9.340	142800.000	17730.536	720.000
9.350	142979.000	17781.375	628.000
9.360	143159.000	17846.963	477.000
9.370	143337.000	17832.874	504.000
9.380	143517.000	17883.012	372.000
9.390	143696.000	17888.108	335.000
9.400	143875.000	17891.676	300.000
9.410	144055.000	17924.173	189.000
9.420	144232.000	17856.921	321.000
9.430	144410.000	17839.845	352.000
9.440	144587.000	17797.891	455.000
9.450	144763.000	17738.524	619.000
9.460	144939.000	17696.967	762.000
9.470	145118.000	17757.877	658.000
9.480	145293.000	17680.514	885.000
9.490	145470.000	17686.360	930.000
9.500	145649.000	17750.452	822.000
9.510	145827.000	17765.316	814.000
9.520	146008.000	17865.721	580.000
9.530	146189.000	17936.005	382.000
9.540	146370.000	17985.203	209.000
9.550	146551.000	18019.642	54.000
9.560	146731.000	18013.750	-10.000
9.570	146910.000	17979.625	0.000
9.580	147090.000	17985.737	-79.000
9.590	147265.000	17840.016	231.000
9.600	147441.000	17768.011	410.000
9.610	147617.000	17717.608	564.000
9.620	147793.000	17682.326	700.000
9.630	147970.000	17687.628	745.000
9.640	148151.000	17811.340	482.000
9.650	148327.000	17747.938	652.000
9.660	148506.000	17793.556	566.000
9.670	148685.000	17825.489	496.000
9.680	148866.000	17907.843	284.000
9.690	149045.000	17905.490	256.000
9.700	149226.000	17963.843	72.000
9.710	149403.000	17884.690	219.000
9.720	149581.000	17859.283	261.000
9.730	149758.000	17811.498	370.000
9.740	149934.000	17748.049	539.000
9.750	150110.000	17703.634	686.000
9.760	150286.000	17672.544	816.000
9.770	150463.000	17680.781	858.000
9.780	150641.000	17716.546	825.000
9.790	150819.000	17741.583	805.000
9.800	150998.000	17789.108	717.000
9.810	151177.000	17822.375	646.000
9.820	151359.000	17935.663	355.000
9.830	151540.000	17984.964	182.000
9.840	151721.000	18019.475	27.000
9.850	151899.000	17953.632	117.000
9.860	152078.000	17937.543	106.000
9.870	152256.000	17896.280	166.000
9.880	152434.000	17867.396	212.000
9.890	152612.000	17847.177	246.000
9.900	152789.000	17803.024	351.000
9.910	152966.000	17772.117	440.000
9.920	153143.000	17750.482	518.000
9.930	153320.000	17735.337	588.000
9.940	153496.000	17694.736	730.000
9.950	153674.000	17726.315	702.000
9.960	153853.000	17778.421	608.000
9.970	154032.000	17814.894	534.000
9.980	154212.000	17870.426	395.000
9.990	154391.000	17879.298	353.000
10.000	154570.000	17885.509	315.000
10.010	154748.000	17859.856	356.000
10.020	154926.000	17841.899	388.000
10.030	155103.000	17799.330	491.000
10.040	155279.000	17739.531	656.000
10.050	155457.000	17757.671	645.000
10.060	155634.000	17740.370	718.000
10.070	155811.000	17728.259	784.000
10.080	155988.000	17719.781	846.000
10.090	156165.000	17713.847	904.000
10.100	156344.000	17769.693	806.000
10.110	156523.000	17808.785	728.000
10.120	156702.000	17836.149	664.000
10.130	156882.000	17885.305	533.000
10.140	157063.000	17949.713	342.000
10.150	157244.000	17994.799	175.000
10.160	157425.000	18026.359	23.000
10.170	157603.000	17958.452	116.000
10.180	157782.000	17940.916	106.000
10.190	157959.000	17868.641	245.000
10.200	158136.000	17818.049	358.000
10.210	158312.000	17752.634	530.000
10.220	158488.000	17706.844	678.000
10.230	158666.000	17734.791	654.000
10.240	158844.000	17754.354	641.000
10.250	159023.000	17798.047	558.000
10.260	159203.000	17858.633	412.000
10.270	159383.000	17901.043	289.000
10.280	159562.000	17900.730	259.000
10.290	159741.000	17900.511	228.000
10.300	159920.000	17900.358	198.000
10.310	160098.000	17870.250	245.000
10.320	160274.000	17789.175	435.000
10.330	160451.000	17762.423	519.000
10.340	160627.000	17713.696	671.000
10.350	160804.000	17709.587	728.000
10.360	160980.000	17676.711	860.000
10.370	161156.000	17653.698	981.000
10.380	161334.000	17697.588	938.000
10.390	161513.000	17758.312	834.000
10.400	161692.000	17800.818	752.000
10.410	161872.000	17860.573	608.000
10.420	162052.000	17902.401	485.000
10.430	162232.000	17931.681	378.000
10.440	162413.000	17982.176	204.000
10.450	162593.000	17987.524	125.000
10.460	162774.000	18021.266	-29.000
10.470	162952.000	17954.887	62.000
10.480	163130.000	17908.421	129.000
10.490	163308.000	17875.894	178.000
10.500	163485.000	17823.126	294.000
10.510	163661.000	17756.188	467.000
10.520	163837.000	17709.332	617.000
10.530	164015.000	17736.532	594.000
10.540	164192.000	17725.573	659.000
10.550	164370.000	17747.901	643.000
10.560	164551.000	17853.531	402.000
10.570	164727.000	17777.471	587.000
10.580	164907.000	17844.230	434.000
10.590	165087.000	17890.961	306.000
10.600	165268.000	17953.673	117.000
10.610	165446.000	17907.571	183.000
10.620	165625.000	17905.300	155.000
10.630	165802.000	17843.710	281.000
10.640	165977.000	17740.597	539.000
10.650	166153.000	17698.418	683.000
10.660	166327.000	17608.892	966.000
10.670	166503.000	17606.225	1062.000
10.680	166678.000	17574.357	1235.000
10.690	166856.000	17642.050	1164.000
10.700	167036.000	17749.435	962.000
10.710	167219.000	17914.605	567.000
10.720	167398.000	17910.223	541.000
10.730	167580.000	17997.156	282.000
10.740	167761.000	18028.009	132.000
10.750	167943.000	18079.607	-85.000
10.760	168123.000	18055.725	-128.000
10.770	168302.000	18009.007	-102.000
10.780	168480.000	17946.305	-16.000
10.790	168657.000	17872.414	125.000
10.800	168833.000	17790.689	316.000
10.810	169009.000	17733.483	478.000
10.820	169185.000	17693.438	619.000
10.830	169362.000	17695.406	668.000
10.840	169539.000	17696.785	718.000
10.850	169717.000	17727.749	691.000
10.860	169897.000	17809.424	521.000
10.870	170075.000	17806.597	535.000
10.880	170255.000	17864.618	393.000
10.890	170434.000	17875.233	349.000
10.900	170613.000	17882.663	309.000
10.910	170795.000	17977.864	40.000
10.920	170970.000	17834.505	347.000
10.930	171147.000	17794.153	447.000
10.940	171323.000	17735.907	611.000
10.950	171499.000	17695.135	753.000
10.960	171675.000	17666.595	880.000
10.970	171851.000	17646.616	997.000
10.980	172029.000	17692.631	952.000
10.990	172208.000	17754.842	846.000
11.000	172387.000	17798.389	763.000
11.010	172567.000	17858.873	618.000
11.020	172748.000	17931.211	417.000
11.030	172929.000	17981.848	243.000
11.040	173109.000	17987.293	164.000
11.050	173289.000	17991.105	88.000
11.060	173468.000	17963.774	90.000
11.070	173647.000	17944.642	82.000
11.080	173824.000	17871.249	222.000
11.090	174000.000	17789.874	413.000
11.100	174177.000	17762.912	498.000
11.110	174355.000	17774.038	495.000
11.120	174530.000	17691.827	728.000
11.130	174707.000	17694.279	777.000
11.140	174886.000	17755.995	671.000
11.150	175064.000	17769.197	666.000
11.160	175246.000	17898.438	355.000
11.170	175424.000	17868.906	401.000
11.180	175604.000	17908.234	282.000
11.190	175784.000	17935.764	177.000
11.200	175963.000	17925.035	159.000
11.210	176143.000	17947.524	60.000
11.220	176318.000	17813.267	356.000
11.230	176493.000	17719.287	604.000
11.240	176669.000	17683.501	740.000
11.250	176845.000	17658.451	863.000
11.260	177023.000	17700.915	822.000
11.270	177199.000	17670.641	951.000
11.280	177377.000	17709.449	915.000
11.290	177556.000	17766.614	815.000
11.300	177736.000	17836.630	658.000
11.310	177919.000	17975.641	295.000
11.320	178098.000	17952.949	292.000
11.330	178279.000	17997.064	125.000
11.340	178461.000	18057.945	-103.000
11.350	178639.000	17980.561	1.000
11.360	178818.000	17956.393	0.000
11.370	178994.000	17849.475	222.000
11.380	179169.000	17744.633	482.000
11.390	179345.000	17701.243	627.000
11.400	179522.000	17700.870	679.000
11.410	179698.000	17670.609	809.000
11.420	179876.000	17709.426	772.000
11.430	180055.000	17766.598	673.000
11.440	180235.000	17836.619	516.000
11.450	180414.000	17855.633	462.000
11.460	180597.000	17988.943	106.000
11.470	180776.000	17962.260	107.000
11.480	180955.000	17943.582	99.000
11.490	181134.000	17930.508	84.000
11.500	181310.000	17831.355	297.000
11.510	181488.000	17821.949	318.000
11.520	181662.000	17695.364	646.000
11.530	181838.000	17666.755	774.000
11.540	182015.000	17676.728	813.000
11.550	182190.000	17623.710	1011.000
11.560	182369.000	17706.597	881.000
11.570	182545.000	17674.618	1012.000
11.580	182724.000	17742.232	900.000
11.590	182905.000	17849.563	657.000
11.600	183085.000	17894.694	530.000
11.610	183269.000	18046.286	111.000
11.620	183448.000	18002.400	133.000
11.630	183628.000	18001.680	62.000
11.640	183806.000	17941.176	145.000
11.650	183985.000	17928.823	129.000
11.660	184162.000	17860.176	264.000
11.670	184339.000	17812.123	373.000
11.680	184499.000	17268.486	1782.000
11.690	184678.000	17457.940	1522.000
11.700	184860.000	17680.558	1099.000
11.710	185046.000	17956.391	447.000
11.720	185229.000	18059.474	127.000
11.730	185416.000	18251.632	-466.000
11.740	185599.000	18266.142	-679.000
11.750	185780.000	18216.299	-732.000
11.760	185968.000	18391.410	-1345.000
11.770	186135.000	17883.987	-268.000
11.780	186308.000	17708.791	160.000
11.790	186480.000	17556.153	602.000
11.800	186650.000	17389.307	1143.000
11.810	186823.000	17362.515	1392.000
11.820	186996.000	17343.761	1631.000
11.830	187171.000	17390.632	1709.000
11.840	187349.000	17513.443	1571.000
11.850	187531.000	17719.410	1168.000
11.860	187713.000	17863.587	839.000
11.870	187897.000	18024.511	408.000
11.880	188081.000	18137.158	35.000
11.890	188264.000	18186.010	-219.000
11.900	188445.000	18160.207	-301.000
11.910	188624.000	18082.145	-238.000
11.920	188804.000	18057.502	-280.000
11.930	188978.000	17860.251	133.000
11.940	189153.000	17752.176	398.000
11.950	189327.000	17646.523	701.000
11.960	189501.000	17572.566	965.000
11.970	189676.000	17550.796	1126.000
11.980	189853.000	17595.557	1123.000
11.990	190031.000	17656.890	1059.000
12.000	190211.000	17759.823	863.000
12.010	190394.000	17921.876	0.000
12.020	190573.000	17915.313	0.000
12.030	190753.000	17940.719	0.000
12.040	190932.000	17928.504	0.000
12.050	191112.000	17949.952	0.000
12.060	191290.000	17904.967	0.000
12.070	191468.000	17873.477	0.000
12.080	191643.000	17761.434	0.000
12.090	191816.000	17623.004	0.000
12.100	191991.000	17586.103	0.000
12.110	192162.000	17440.272	0.000
12.120	192333.000	17338.190	0.000
12.130	192503.000	17236.733	0.000
12.140	192670.000	17075.713	0.000
12.150	192836.000	16932.999	0.000
12.160	192999.000	16743.099	0.000
12.170	193161.000	16580.170	0.000
12.180	193322.000	16436.119	0.000
12.190	193481.000	16275.283	0.000
12.200	193637.000	16072.698	0.000
12.210	193792.000	15900.889	0.000
12.220	193946.000	15750.622	0.000
12.230	194099.000	15615.435	0.000
12.240	194251.000	15490.805	0.000
12.250	194402.000	15373.563	0.000
12.260	194552.000	15261.494	0.000
12.270	194701.000	15153.046	0.000
12.280	194850.000	15077.132	0.000
12.290	194999.000	15023.993	0.000
12.300	195143.000	14836.795	0.000
12.310	195289.000	14765.756	0.000
12.320	195434.000	14686.029	0.000
12.330	195578.000	14600.221	0.000
12.340	195721.000	14510.154	0.000
12.350	195862.000	14387.108	0.000
12.360	196003.000	14300.976	0.000
12.370	196144.000	14240.683	0.000
12.380	196283.000	14138.478	0.000
12.390	196424.000	14126.935	0.000
12.400	196559.000	13938.854	0.000
12.410	196695.000	13837.198	0.000
12.420	196832.000	13796.039	0.000
12.430	196966.000	13677.227	0.000
12.440	197099.000	13564.059	0.000
12.450	197232.000	13484.841	0.000
12.460	197365.000	13429.389	0.000
12.470	197494.000	13270.572	0.000
12.480	197622.000	13129.401	0.000
12.490	197751.000	13060.580	0.000
12.500	197876.000	12892.406	0.000
12.510	198000.000	12744.684	0.000
12.520	198123.000	12611.279	0.000
12.530	198245.000	12487.895	0.000
12.540	198365.000	12341.527	0.000
12.550	198483.000	12179.069	0.000
12.560	198600.000	12035.348	0.000
12.570	198716.000	11904.744	0.000
12.580	198832.000	11813.321	0.000
12.590	198945.000	11659.324	0.000
12.600	199057.000	11521.527	0.000
12.610	199168.000	11395.069	0.000
12.620	199279.000	11306.548	0.000
12.630	199388.000	11184.584	0.000
12.640	199496.000	11069.209	0.000
12.650	199603.000	10958.446	0.000
12.660	199709.000	10850.912	0.000
12.670	199814.000	10745.639	0.000
12.680	199919.000	10671.947	0.000
12.690	200022.000	10560.363	0.000
12.700	200125.000	10482.254	0.000
12.710	200226.000	10367.578	0.000
12.720	200327.000	10287.304	0.000
12.730	200428.000	10231.113	0.000
12.740	200527.000	10131.779	0.000
12.750	200625.000	10032.245	0.000
12.760	200722.000	9932.572	0.000
12.770	200819.000	9862.800	0.000
12.780	200915.000	9783.960	0.000
12.790	201010.000	9698.772	0.000
12.800	201104.000	9609.140	0.000
12.810	201197.000	9516.398	0.000
12.820	201290.000	9451.479	0.000
12.830	201382.000	9376.035	0.000
12.840	201473.000	9293.225	0.000
12.850	201563.000	9205.257	0.000
12.860	201654.000	9173.680	0.000
12.870	201742.000	9061.576	0.000
12.880	201830.000	8983.103	0.000
12.890	201916.000	8868.172	0.000
12.900	202002.000	8787.721	0.000
12.910	202087.000	8701.404	0.000
12.920	202171.000	8610.983	0.000
12.930	202253.000	8487.688	0.000
12.940	202335.000	8401.382	0.000
12.950	202416.000	8310.967	0.000
12.960	202495.000	8187.677	0.000
12.970	202573.000	8071.374	0.000
12.980	202651.000	7989.962	0.000
12.990	202726.000	7842.973	0.000
13.000	202802.000	7770.081	0.000
13.010	202874.000	7599.057	0.000
13.020	202946.000	7479.340	0.000
13.030	203017.000	7365.538	0.000
13.040	203086.000	7225.877	0.000
13.050	203154.000	7098.114	0.000
13.060	203220.000	6948.679	0.000
13.070	203285.000	6814.076	0.000
13.080	203348.000	6659.853	0.000
13.090	203411.000	6551.897	0.000
13.100	203471.000	6386.328	0.000
13.110	203530.000	6240.430	0.000
13.120	203587.000	6078.301	0.000
13.130	203643.000	5934.810	0.000
13.140	203697.000	5774.367	0.000
13.150	203751.000	5662.057	0.000
13.160	203802.000	5493.440	0.000
13.170	203853.000	5375.408	0.000
13.180	203902.000	5232.786	0.000
13.190	203949.000	5072.950	0.000
13.200	203996.000	4961.065	0.000
13.210	204041.000	4822.745	0.000
13.220	204084.000	4665.922	0.000
13.230	204127.000	4556.145	0.000
13.240	204168.000	4419.302	0.000
13.250	204208.000	4293.511	0.000
13.260	204248.000	4205.458	0.000
13.270	204285.000	4053.820	0.000
13.280	204322.000	3947.674	0.000
13.290	204357.000	3813.372	0.000
13.300	204391.000	3689.360	0.000
13.310	204424.000	3572.552	0.000
13.320	204456.000	3460.787	0.000
13.330	204488.000	3382.551	0.000
13.340	204518.000	3267.785	0.000
13.350	204547.000	3157.450	0.000
13.360	204575.000	3050.215	0.000
13.370	204601.000	2915.150	0.000
13.380	204627.000	2820.605	0.000
13.390	204652.000	2724.424	0.000
13.400	204675.000	2597.097	0.000
13.410	204698.000	2507.968	0.000
13.420	204721.000	2445.577	0.000
13.430	204742.000	2341.904	0.000
13.440	204762.000	2239.333	0.000
13.450	204782.000	2167.533	0.000
13.460	204800.000	2057.273	0.000
13.470	204817.000	1950.091	0.000
13.480	204833.000	1845.064	0.000
13.490	204848.000	1741.545	0.000
13.500	204863.000	1669.081	0.000
13.510	204875.000	1528.357	0.000
13.520	204888.000	1459.850	0.000
13.530	204899.000	1351.895	0.000
13.540	204909.000	1246.326	0.000
13.550	204919.000	1172.428	0.000
13.560	204928.000	1090.700	0.000
13.570	204936.000	1003.490	0.000
13.580	204944.000	942.443	0.000
13.590	204951.000	869.710	0.000
13.600	204957.000	788.797	0.000
13.610	204963.000	732.158	0.000
13.620	204969.000	692.511	0.000
13.630	204973.000	604.757	0.000
13.640	204977.000	543.330	0.000
13.650	204981.000	500.331	0.000
13.660	204984.000	440.232	0.000
13.670	204986.000	368.162	0.000
13.680	204988.000	317.714	0.000
13.690	204989.000	252.400	0.000
13.700	204989.000	176.680	0.000
13.710	204989.000	123.676	0.000
13.720	204989.000	86.573	0.000
13.730	204989.000	60.601	0.000
13.740	204987.000	-17.579	0.000
13.750	204985.000	-72.305	0.000
13.760	204982.000	-140.614	0.000
13.770	204979.000	-188.430	0.000
13.780	204976.000	-221.901	0.000
13.790	204973.000	-245.331	0.000
13.800	204969.000	-291.731	0.000
13.810	204966.000	-294.212	0.000
13.820	204962.000	-325.948	0.000
13.830	204958.000	-348.164	0.000
13.840	204955.000	-333.715	0.000
13.850	204951.000	-353.600	0.000
13.860	204948.000	-337.520	0.000
13.870	204945.000	-326.264	0.000
13.880	204942.000	-318.385	0.000
13.890	204939.000	-312.869	0.000
13.900	204937.000	-279.009	0.000
13.910	204934.000	-285.306	0.000
13.920	204932.000	-259.714	0.000
13.930	204931.000	-211.800	0.000
13.940	204929.000	-208.260	0.000
13.950	204928.000	-175.782	0.000
13.960	204927.000	-153.047	0.000
13.970	204927.000	-107.133	0.000
13.980	204926.000	-104.993	0.000
13.990	204926.000	-73.495	0.000
14.000	204926.000	-51.447	0.000
14.010	204926.000	-36.013	0.000
14.020	204926.000	-25.209	0.000
14.030	204927.000	12.354	0.000
14.040	204928.000	38.648	0.000
14.050	204929.000	57.053	0.000
14.060	204930.000	69.937	0.000
14.070	204932.000	108.956	0.000
14.080	204933.000	106.269	0.000
14.090	204935.000	134.389	0.000
14.100	204936.000	124.072	0.000
14.110	204938.000	146.850	0.000
14.120	204939.000	132.795	0.000
14.130	204941.000	152.957	0.000
14.140	204942.000	137.070	0.000
14.150	204943.000	125.949	0.000
14.160	204944.000	118.164	0.000
14.170	204945.000	112.715	0.000
14.180	204945.000	78.900	0.000
14.190	204946.000	85.230	0.000
14.200	204946.000	59.661	0.000
14.210	204946.000	41.763	0.000
14.220	204946.000	29.234	0.000
14.230	204946.000	20.464	0.000
14.240	204946.000	14.325	0.000
14.250	204946.000	10.027	0.000
14.260	204946.000	7.019	0.000
14.270	204946.000	4.913	0.000
14.280	204946.000	3.439	0.000
14.290	204945.000	-27.592	0.000
14.300	204944.000	-49.315	0.000
14.310	204943.000	-64.520	0.000
14.320	204942.000	-75.164	0.000
14.330	204942.000	-52.615	0.000
14.340	204941.000	-66.830	0.000
14.350	204940.000	-76.781	0.000
14.360	204940.000	-53.747	0.000
14.370	204939.000	-67.623	0.000
14.380	204939.000	-47.336	0.000
14.390	204939.000	-33.135	0.000
14.400	204938.000	-53.195	0.000
14.410	204938.000	-37.236	0.000
14.420	204938.000	-26.065	0.000
14.430	204938.000	-18.246	0.000
14.440	204938.000	-12.772	0.000
14.450	204938.000	-8.940	0.000
14.460	204938.000	-6.258	0.000
14.470	204938.000	-4.381	0.000
14.480	204939.000	26.933	0.000
14.490	204939.000	18.853	0.000
14.500	204939.000	13.197	0.000
14.510	204940.000	39.238	0.000
14.520	204940.000	27.467	0.000
14.530	204941.000	49.227	0.000
14.540	204941.000	34.459	0.000
14.550	204942.000	54.121	0.000
14.560	204942.000	37.885	0.000
14.570	204942.000	26.519	0.000
14.580	204942.000	18.564	0.000
14.590	204942.000	12.994	0.000
14.600	204942.000	9.096	0.000
14.610	204942.000	6.367	0.000
14.620	204942.000	4.457	0.000
14.630	204942.000	3.120	0.000
14.640	204942.000	2.184	0.000
14.650	204942.000	1.529	0.000
14.660	204942.000	1.070	0.000
14.670	204942.000	0.749	0.000
14.680	204942.000	0.524	0.000
14.690	204942.000	0.367	0.000
14.700	204942.000	0.257	0.000
14.710	204941.000	-29.820	0.000
14.720	204941.000	-20.874	0.000
14.730	204941.000	-14.612	0.000
14.740	204941.000	-10.228	0.000
14.750	204941.000	-7.160	0.000
14.760	204941.000	-5.012	0.000
14.770	204941.000	-3.508	0.000
14.780	204941.000	-2.456	0.000
14.790	204941.000	-1.719	0.000
14.800	204941.000	-1.203	0.000
14.810	204941.000	-0.842	0.000
14.820	204941.000	-0.590	0.000
14.830	204941.000	-0.413	0.000
14.840	204941.000	-0.289	0.000
14.850	204941.000	-0.202	0.000
14.860	204941.000	-0.142	0.000
14.870	204941.000	-0.099	0.000
14.880	204941.000	-0.069	0.000
14.890	204941.000	-0.049	0.000
14.900	204941.000	-0.034	0.000
14.910	204941.000	-0.024	0.000
14.920	204941.000	-0.017	0.000
14.930	204941.000	-0.012	0.000
14.940	204941.000	-0.008	0.000
14.950	204941.000	-0.006	0.000
14.960	204941.000	-0.004	0.000
14.970	204941.000	-0.003	0.000
14.980	204941.000	-0.002	0.000
14.990	204941.000	-0.001	0.000
15.000	204941.000	-0.001	0.000
