0.000	0.000	0.000	0.000
0.010	7.000	210.000	-359.000
0.020	9.000	207.000	-392.000
0.030	9.000	144.900	-324.000
0.040	9.000	101.430	-276.000
0.050	8.000	41.001	-192.000
0.060	6.000	-31.299	-75.000
0.070	3.000	-111.910	68.000
0.080	-1.000	-198.337	236.000
0.090	-3.000	-198.836	274.000
0.100	-5.000	-199.185	311.000
0.110	-7.000	-199.429	347.000
0.120	-8.000	-169.601	333.000
0.130	-8.000	-118.720	277.000
0.140	-8.000	-83.104	238.000
0.150	-7.000	-28.173	159.000
0.160	-5.000	40.279	47.000
0.170	-3.000	88.195	-42.000
0.180	-1.000	121.737	-116.000
0.190	0.000	115.216	-127.000
0.200	2.000	140.651	-191.000
0.210	2.000	98.456	-145.000
0.220	2.000	68.919	-112.000
0.230	2.000	48.243	-90.000
0.240	2.000	33.770	-74.000
0.250	2.000	23.639	-63.000
0.260	0.000	-43.453	48.000
0.270	-1.000	-60.417	85.000
0.280	-3.000	-102.292	167.000
0.290	-4.000	-101.604	185.000
0.300	-5.000	-101.123	203.000
0.310	-5.000	-70.786	169.000
0.320	-5.000	-49.550	146.000
0.330	-5.000	-34.685	130.000
0.340	-5.000	-24.280	118.000
0.350	-4.000	13.004	59.000
0.360	-3.000	39.103	12.000
0.370	-2.000	57.372	-26.000
0.380	-1.000	70.160	-59.000
0.390	0.000	79.112	-87.000
0.400	1.000	85.379	-112.000
0.410	1.000	59.765	-84.000
0.420	1.000	41.836	-64.000
0.430	1.000	29.285	-51.000
0.440	1.000	20.499	-41.000
0.450	0.000	-15.650	17.000
0.460	-1.000	-40.955	63.000
0.470	-2.000	-58.669	101.000
0.480	-3.000	-71.068	133.000
0.490	-4.000	-79.748	161.000
0.500	-4.000	-55.823	135.000
0.510	-4.000	-39.076	639.000
0.520	-4.000	-27.353	1204.000
0.530	-3.000	10.853	1779.000
0.540	3.000	187.597	2165.000
0.550	14.000	461.318	2409.000
0.560	28.000	742.922	2645.000
0.570	49.000	1150.046	2671.000
0.580	75.000	1585.032	2631.000
0.590	108.000	2099.522	2431.000
0.600	146.000	2609.666	2200.000
0.610	189.000	3116.766	1937.000
0.620	237.000	3621.736	1641.000
0.630	290.000	4125.215	1311.000
0.640	345.000	4537.651	1100.000
0.650	397.000	4736.356	1235.000
0.660	457.000	5115.449	1082.000
0.670	518.000	5410.814	1058.000
0.680	581.000	5677.570	1085.000
0.690	646.000	5924.299	1153.000
0.700	714.000	6187.009	1204.000
0.710	782.000	6370.906	1399.000
0.720	854.000	6619.635	1504.000
0.730	927.000	6823.744	1697.000
0.740	1004.000	7086.621	1807.000
0.750	1083.000	7330.635	1958.000
0.760	1167.000	7651.444	1988.000
0.770	1254.000	7966.011	2027.000
0.780	1342.000	8216.208	2174.000
0.790	1441.000	8721.345	1894.000
0.800	1538.000	9014.942	1941.000
0.810	1640.000	9370.459	1883.000
0.820	1747.000	9769.321	1742.000
0.830	1855.000	10078.525	1738.000
0.840	1969.000	10474.968	1583.000
0.850	2082.000	10722.477	1667.000
0.860	2200.000	11045.734	1632.000
0.870	2318.000	11272.014	1759.000
0.880	2440.000	11550.410	1812.000
0.890	2565.000	11835.287	1859.000
0.900	2692.000	12094.701	1953.000
0.910	2823.000	12396.291	1983.000
0.920	2958.000	12727.403	1964.000
0.930	3098.000	13109.182	1853.000
0.940	3240.000	13436.428	1821.000
0.950	3385.000	13755.499	1800.000
0.960	3533.000	14068.850	1786.000
0.970	3687.000	14468.195	1623.000
0.980	3840.000	14717.736	1700.000
0.990	3999.000	15072.415	1607.000
1.000	4159.000	15350.691	1635.000
1.010	4323.000	15665.484	1084.000
1.020	4489.000	15945.838	533.000
1.030	4657.000	16202.087	-27.000
1.040	4825.000	16381.461	-503.000
1.050	4991.000	16447.023	-817.000
1.060	5153.000	16372.916	-904.000
1.070	5313.000	16261.041	-913.000
1.080	5469.000	16062.729	-754.000
1.090	5623.000	15863.910	-557.000
1.100	5774.000	15634.737	-272.000
1.110	5923.000	15414.316	39.000
1.120	6071.000	15230.021	330.000
1.130	6218.000	15071.015	610.000
1.140	6366.000	14989.710	788.000
1.150	6513.000	14902.797	989.000
1.160	6662.000	14901.958	1059.000
1.170	6813.000	14961.371	1027.000
1.180	6965.000	15032.959	963.000
1.190	7117.000	15083.072	922.000
1.200	7271.000	15178.150	795.000
1.210	7426.000	15274.705	648.000
1.220	7579.000	15282.294	636.000
1.230	7733.000	15317.605	575.000
1.240	7887.000	15342.324	526.000
1.250	8043.000	15419.627	382.000
1.260	8197.000	15413.739	366.000
1.270	8351.000	15409.617	349.000
1.280	8504.000	15376.732	381.000
1.290	8658.000	15383.712	351.000
1.300	8809.000	15298.599	477.000
1.310	8961.000	15269.019	524.000
1.320	9114.000	15278.313	510.000
1.330	9267.000	15284.819	499.000
1.340	9420.000	15289.374	490.000
1.350	9577.000	15412.561	278.000
1.360	9728.000	15318.793	414.000
1.370	9881.000	15313.155	416.000
1.380	10034.000	15309.209	416.000
1.390	10187.000	15306.446	416.000
1.400	10340.000	15304.512	414.000
1.410	10492.000	15273.159	463.000
1.420	10645.000	15281.211	450.000
1.430	10797.000	15256.848	491.000
1.440	10950.000	15269.793	473.000
1.450	11105.000	15338.855	357.000
1.460	11258.000	15327.199	366.000
1.470	11412.000	15349.039	319.000
1.480	11565.000	15334.327	332.000
1.490	11719.000	15354.029	288.000
1.500	11871.000	15307.820	353.000
1.510	12025.000	15335.474	301.000
1.520	12176.000	15264.832	411.000
1.530	12328.000	15245.382	447.000
1.540	12480.000	15231.768	476.000
1.550	12631.000	15192.237	552.000
1.560	12782.000	15164.566	616.000
1.570	12933.000	15145.196	670.000
1.580	13086.000	15191.637	615.000
1.590	13237.000	15164.146	678.000
1.600	13390.000	15204.902	629.000
1.610	13541.000	15173.432	696.000
1.620	13694.000	15211.402	651.000
1.630	13845.000	15177.982	720.000
1.640	13998.000	15214.587	676.000
1.650	14151.000	15240.211	644.000
1.660	14305.000	15288.148	569.000
1.670	14459.000	15321.703	510.000
1.680	14613.000	15345.192	462.000
1.690	14767.000	15361.635	422.000
1.700	14922.000	15403.144	336.000
1.710	15077.000	15432.201	263.000
1.720	15233.000	15482.541	149.000
1.730	15385.000	15397.778	257.000
1.740	15539.000	15398.445	234.000
1.750	15692.000	15368.911	262.000
1.760	15845.000	15348.238	281.000
1.770	15997.000	15303.767	345.000
1.780	16149.000	15272.637	393.000
1.790	16301.000	15250.846	432.000
1.800	16456.000	15325.592	309.000
1.810	16608.000	15287.914	365.000
1.820	16762.000	15321.540	306.000
1.830	16914.000	15285.078	360.000
1.840	17066.000	15259.555	403.000
1.850	17219.000	15271.688	385.000
1.860	17371.000	15250.182	424.000
1.870	17523.000	15235.127	455.000
1.880	17676.000	15254.589	429.000
1.890	17829.000	15268.212	410.000
1.900	17980.000	15217.749	499.000
1.910	18132.000	15212.424	519.000
1.920	18283.000	15178.697	589.000
1.930	18434.000	15155.088	648.000
1.940	18587.000	15198.561	596.000
1.950	18737.000	15138.993	712.000
1.960	18889.000	15157.295	707.000
1.970	19041.000	15170.107	707.000
1.980	19194.000	15209.075	660.000
1.990	19348.000	15266.352	575.000
2.000	19501.000	15276.447	560.000
2.010	19654.000	15283.513	549.000
2.020	19809.000	15348.459	437.000
2.030	19963.000	15363.921	397.000
2.040	20118.000	15404.745	312.000
2.050	20272.000	15403.321	291.000
2.060	20426.000	15402.325	270.000
2.070	20580.000	15401.627	249.000
2.080	20734.000	15401.139	227.000
2.090	20888.000	15400.797	205.000
2.100	21040.000	15340.558	286.000
2.110	21192.000	15298.391	347.000
2.120	21344.000	15268.874	394.000
2.130	21497.000	15278.211	380.000
2.140	21649.000	15254.748	420.000
2.150	21800.000	15208.324	504.000
2.160	21953.000	15235.827	470.000
2.170	22106.000	15255.079	445.000
2.180	22259.000	15268.555	426.000
2.190	22414.000	15337.989	309.000
2.200	22566.000	15296.592	369.000
2.210	22719.000	15297.614	364.000
2.220	22871.000	15268.330	411.000
2.230	23024.000	15277.831	396.000
2.240	23176.000	15254.482	436.000
2.250	23327.000	15208.137	520.000
2.260	23478.000	15175.696	589.000
2.270	23629.000	15152.987	646.000
2.280	23780.000	15137.091	696.000
2.290	23933.000	15185.964	639.000
2.300	24081.000	15070.175	854.000
2.310	24232.000	15079.122	877.000
2.320	24384.000	15115.386	851.000
2.330	24536.000	15140.770	838.000
2.340	24688.000	15158.539	833.000
2.350	24842.000	15230.977	731.000
2.360	24996.000	15281.684	653.000
2.370	25150.000	15317.179	592.000
2.380	25305.000	15372.025	491.000
2.390	25460.000	15410.418	408.000
2.400	25617.000	15497.292	236.000
2.410	25772.000	15498.105	194.000
2.420	25926.000	15468.673	204.000
2.430	26080.000	15448.071	205.000
2.440	26233.000	15403.650	250.000
2.450	26387.000	15402.555	229.000
2.460	26541.000	15401.788	207.000
2.470	26693.000	15341.252	288.000
2.480	26847.000	15358.876	247.000
2.490	26998.000	15281.213	365.000
2.500	27150.000	15256.849	406.000
2.510	27302.000	15239.795	439.000
2.520	27453.000	15197.856	518.000
2.530	27605.000	15198.499	532.000
2.540	27758.000	15228.950	495.000
2.550	27910.000	15220.265	519.000
2.560	28063.000	15244.185	489.000
2.570	28215.000	15230.930	518.000
2.580	28368.000	15251.651	491.000
2.590	28521.000	15266.156	471.000
2.600	28672.000	15216.309	559.000
2.610	28824.000	15211.416	578.000
2.620	28975.000	15177.991	648.000
2.630	29127.000	15184.594	655.000
2.640	29278.000	15159.216	716.000
2.650	29431.000	15201.451	665.000
2.660	29583.000	15201.016	680.000
2.670	29738.000	15290.711	541.000
2.680	29890.000	15263.498	586.000
2.690	30043.000	15274.448	570.000
2.700	30197.000	15312.114	506.000
2.710	30352.000	15368.480	404.000
2.720	30506.000	15377.936	371.000
2.730	30659.000	15354.555	393.000
2.740	30814.000	15398.189	304.000
2.750	30967.000	15368.732	333.000
2.760	31121.000	15378.112	300.000
2.770	31273.000	15324.679	374.000
2.780	31426.000	15317.275	378.000
2.790	31579.000	15312.093	380.000
2.800	31733.000	15338.465	328.000
2.810	31885.000	15296.925	389.000
2.820	32039.000	15327.848	332.000
2.830	32191.000	15289.493	389.000
2.840	32345.000	15322.645	330.000
2.850	32499.000	15345.852	283.000
2.860	32651.000	15302.096	345.000
2.870	32806.000	15361.467	239.000
2.880	32957.000	15283.027	358.000
2.890	33109.000	15258.119	400.000
2.900	33263.000	15300.683	331.000
2.910	33415.000	15270.478	379.000
2.920	33567.000	15249.335	417.000
2.930	33719.000	15234.534	447.000
2.940	33870.000	15194.174	524.000
2.950	34022.000	15195.922	537.000
2.960	34174.000	15197.145	550.000
2.970	34325.000	15168.002	615.000
2.980	34476.000	15147.601	670.000
2.990	34628.000	15163.321	667.000
3.000	34779.000	15144.325	721.000
3.010	34932.000	15191.027	666.000
3.020	35085.000	15223.719	626.000
3.030	35239.000	15276.603	545.000
3.040	35392.000	15283.622	534.000
3.050	35546.000	15318.536	473.000
3.060	35700.000	15342.975	424.000
3.070	35856.000	15420.082	281.000
3.080	36010.000	15414.058	265.000
3.090	36164.000	15409.840	247.000
3.100	36318.000	15406.888	229.000
3.110	36472.000	15404.822	209.000
3.120	36627.000	15433.375	137.000
3.130	36779.000	15363.363	228.000
3.140	36930.000	15284.354	348.000
3.150	37082.000	15259.048	390.000
3.160	37235.000	15271.333	373.000
3.170	37389.000	15309.933	308.000
3.180	37539.000	15216.953	461.000
3.190	37691.000	15211.867	481.000
3.200	37844.000	15238.307	448.000
3.210	37995.000	15196.815	527.000
3.220	38148.000	15227.771	489.000
3.230	38303.000	15309.439	359.000
3.240	38454.000	15246.608	460.000
3.250	38608.000	15292.625	388.000
3.260	38760.000	15264.838	433.000
3.270	38912.000	15245.386	468.000
3.280	39064.000	15231.770	498.000
3.290	39215.000	15192.239	574.000
3.300	39367.000	15194.568	586.000
3.310	39518.000	15166.197	650.000
3.320	39669.000	15146.338	704.000
3.330	39820.000	15132.437	753.000
3.340	39973.000	15182.706	693.000
3.350	40124.000	15157.894	753.000
3.360	40276.000	15170.526	754.000
3.370	40431.000	15269.368	605.000
3.380	40582.000	15218.558	693.000
3.390	40734.000	15212.990	714.000
3.400	40888.000	15269.093	630.000
3.410	41042.000	15308.365	565.000
3.420	41195.000	15305.856	564.000
3.430	41350.000	15364.099	459.000
3.440	41504.000	15374.869	425.000
3.450	41659.000	15412.409	343.000
3.460	41815.000	15468.686	222.000
3.470	41967.000	15388.080	326.000
3.480	42120.000	15361.656	351.000
3.490	42274.000	15373.159	316.000
3.500	42426.000	15321.211	387.000
3.510	42580.000	15344.848	339.000
3.520	42732.000	15301.394	402.000
3.530	42885.000	15300.976	398.000
3.540	43038.000	15300.683	395.000
3.550	43190.000	15270.478	442.000
3.560	43343.000	15279.335	429.000
3.570	43497.000	15315.534	367.000
3.580	43649.000	15280.874	419.000
3.590	43803.000	15316.612	358.000
3.600	43957.000	15341.628	308.000
3.610	44109.000	15299.140	369.000
3.620	44261.000	15269.398	416.000
3.630	44414.000	15278.578	402.000
3.640	44566.000	15255.005	443.000
3.650	44717.000	15208.503	527.000
3.660	44868.000	15175.952	595.000
3.670	45019.000	15153.167	653.000
3.680	45170.000	15137.217	703.000
3.690	45321.000	15126.052	748.000
3.700	45474.000	15178.236	687.000
3.710	45625.000	15154.765	746.000
3.720	45777.000	15168.336	745.000
3.730	45930.000	15207.835	698.000
3.740	46084.000	15265.485	612.000
3.750	46238.000	15305.839	546.000
3.760	46392.000	15334.087	492.000
3.770	46546.000	15353.861	448.000
3.780	46701.000	15397.703	360.000
3.790	46856.000	15428.392	285.000
3.800	47011.000	15449.874	221.000
3.810	47165.000	15434.912	216.000
3.820	47318.000	15394.438	256.000
3.830	47472.000	15396.107	232.000
3.840	47626.000	15397.275	209.000
3.850	47779.000	15368.092	237.000
3.860	47931.000	15317.665	307.000
3.870	48082.000	15252.365	411.000
3.880	48234.000	15236.656	443.000
3.890	48387.000	15255.659	418.000
3.900	48539.000	15238.961	451.000
3.910	48693.000	15287.273	376.000
3.920	48846.000	15291.091	368.000
3.930	48998.000	15263.764	412.000
3.940	49150.000	15244.635	448.000
3.950	49304.000	15291.244	374.000
3.960	49457.000	15293.871	367.000
3.970	49612.000	15355.710	259.000
3.980	49764.000	15308.997	325.000
3.990	49916.000	15276.298	375.000
4.000	50068.000	15253.408	415.000
4.010	50222.000	15297.386	344.000
4.020	50369.000	15118.170	647.000
4.030	50520.000	15112.719	686.000
4.040	50668.000	15018.903	877.000
4.050	50820.000	15073.232	832.000
4.060	50971.000	15081.263	856.000
4.070	51123.000	15116.884	831.000
4.080	51275.000	15141.819	818.000
4.090	51428.000	15189.273	762.000
4.100	51582.000	15252.491	670.000
4.110	51738.000	15356.744	497.000
4.120	51891.000	15339.721	511.000
4.130	52046.000	15387.804	418.000
4.140	52201.000	15421.463	341.000
4.150	52357.000	15475.024	223.000
4.160	52512.000	15482.517	174.000
4.170	52666.000	15457.762	179.000
4.180	52819.000	15410.433	227.000
4.190	52973.000	15407.303	209.000
4.200	53126.000	15375.112	240.000
4.210	53279.000	15352.579	261.000
4.220	53433.000	15366.805	223.000
4.230	53585.000	15316.764	293.000
4.240	53738.000	15311.734	294.000
4.250	53889.000	15248.214	397.000
4.260	54041.000	15233.750	427.000
4.270	54193.000	15223.625	453.000
4.280	54345.000	15216.537	475.000
4.290	54497.000	15211.576	495.000
4.300	54649.000	15208.103	513.000
4.310	54800.000	15175.672	582.000
4.320	54953.000	15212.971	537.000
4.330	55104.000	15179.079	607.000
4.340	55257.000	15215.356	563.000
4.350	55409.000	15210.749	582.000
4.360	55560.000	15177.524	652.000
4.370	55714.000	15244.267	556.000
4.380	55864.000	15170.987	688.000
4.390	56015.000	15149.691	744.000
4.400	56167.000	15164.784	742.000
4.410	56320.000	15205.349	693.000
4.420	56473.000	15233.744	658.000
4.430	56627.000	15283.621	581.000
4.440	56779.000	15258.535	623.000
4.450	56932.000	15270.974	606.000
4.460	57086.000	15309.682	541.000
4.470	57239.000	15306.777	540.000
4.480	57394.000	15364.744	436.000
4.490	57548.000	15375.321	402.000
4.500	57701.000	15352.725	423.000
4.510	57857.000	15426.907	283.000
4.520	58009.000	15358.835	372.000
4.530	58162.000	15341.185	388.000
4.540	58315.000	15328.829	397.000
4.550	58469.000	15350.180	352.000
4.560	58621.000	15305.126	416.000
4.570	58776.000	15363.588	311.000
4.580	58928.000	15314.512	379.000
4.590	59082.000	15340.158	329.000
4.600	59236.000	15358.111	287.000
4.610	59388.000	15310.678	354.000
4.620	59542.000	15337.474	302.000
4.630	59693.000	15266.232	413.000
4.640	59845.000	15246.362	449.000
4.650	59999.000	15292.454	376.000
4.660	60150.000	15234.718	473.000
4.670	60303.000	15254.302	447.000
4.680	60455.000	15238.012	480.000
4.690	60608.000	15256.608	455.000
4.700	60759.000	15209.626	540.000
4.710	60912.000	15236.738	506.000
4.720	61063.000	15195.717	584.000
4.730	61214.000	15167.002	648.000
4.740	61367.000	15206.901	600.000
4.750	61518.000	15174.831	668.000
4.760	61671.000	15212.382	623.000
4.770	61822.000	15178.667	693.000
4.780	61976.000	15245.067	598.000
4.790	62128.000	15231.547	627.000
4.800	62284.000	15342.083	447.000
4.810	62437.000	15329.458	457.000
4.820	62593.000	15410.621	309.000
4.830	62747.000	15407.434	290.000
4.840	62902.000	15435.204	219.000
4.850	63057.000	15454.643	157.000
4.860	63210.000	15408.250	204.000
4.870	63363.000	15375.775	236.000
4.880	63514.000	15293.043	360.000
4.890	63667.000	15295.130	354.000
4.900	63819.000	15266.591	399.000
4.910	63973.000	15306.614	333.000
4.920	64123.000	15214.630	486.000
4.930	64275.000	15210.241	505.000
4.940	64428.000	15237.168	471.000
4.950	64582.000	15286.018	395.000
4.960	64734.000	15260.213	438.000
4.970	64887.000	15272.149	421.000
4.980	65040.000	15280.504	408.000
4.990	65193.000	15286.353	398.000
5.000	65346.000	15290.447	4744.000
5.010	65504.000	15443.313	4947.000
5.020	65672.000	15850.319	4687.000
5.030	65853.000	16525.223	3895.000
5.040	66042.000	17237.656	2914.000
5.050	66239.000	17976.359	1759.000
5.060	66440.000	18613.452	641.000
5.070	66643.000	19119.416	-368.000
5.080	66846.000	19473.591	-1211.000
5.090	67046.000	19631.514	-1783.000
5.100	67239.000	19532.060	-1943.000
5.110	67425.000	19252.442	-1778.000
5.120	67609.000	18996.709	-1602.000
5.130	67784.000	18547.696	-1048.000
5.140	67958.000	18203.388	-592.000
5.150	68126.000	17782.371	59.000
5.160	68294.000	17487.660	571.000
5.170	68459.000	17191.362	1139.000
5.180	68627.000	17073.953	1456.000
5.190	68798.000	17081.767	1580.000
5.200	68971.000	17147.237	1605.000
5.210	69148.000	17313.066	1445.000
5.220	69327.000	17489.146	1238.000
5.230	69508.000	17672.402	986.000
5.240	69692.000	17890.682	641.000
5.250	69875.000	18013.477	419.000
5.260	70060.000	18159.434	135.000
5.270	70244.000	18231.604	-50.000
5.280	70428.000	18282.123	-211.000
5.290	70610.000	18257.486	-252.000
5.300	70791.000	18210.240	-250.000
5.310	70970.000	18117.168	-162.000
5.320	71148.000	18022.018	-52.000
5.330	71321.000	17805.412	282.000
5.340	71495.000	17683.789	494.000
5.350	71668.000	17568.652	716.000
5.360	71842.000	17518.056	850.000
5.370	72017.000	17512.640	915.000
5.380	72190.000	17448.848	1082.000
5.390	72365.000	17464.193	1124.000
5.400	72541.000	17504.935	1121.000
5.410	72718.000	17563.455	1079.000
5.420	72898.000	17694.418	903.000
5.430	73079.000	17816.093	719.000
5.440	73260.000	17901.265	575.000
5.450	73443.000	18020.885	357.000
5.460	73624.000	18044.620	281.000
5.470	73806.000	18091.234	161.000
5.480	73987.000	18093.864	107.000
5.490	74168.000	18095.705	55.000
5.500	74349.000	18096.993	3.000
5.510	74527.000	18007.895	106.000
5.520	74706.000	17975.527	128.000
5.530	74880.000	17802.869	396.000
5.540	75057.000	17772.008	453.000
5.550	75234.000	17750.406	499.000
5.560	75410.000	17705.284	590.000
5.570	75590.000	17793.699	461.000
5.580	75766.000	17735.589	566.000
5.590	75944.000	17754.912	550.000
5.600	76122.000	17768.439	539.000
5.610	76300.000	17777.907	533.000
5.620	76481.000	17874.535	377.000
5.630	76657.000	17792.174	509.000
5.640	76835.000	17794.522	511.000
5.650	77012.000	17766.165	565.000
5.660	77189.000	17746.316	610.000
5.670	77366.000	17732.421	648.000
5.680	77542.000	17692.695	733.000
5.690	77720.000	17724.886	702.000
5.700	77896.000	17687.420	785.000
5.710	78072.000	17661.194	855.000
5.720	78250.000	17702.836	814.000
5.730	78430.000	17791.985	683.000
5.740	78608.000	17794.390	685.000
5.750	78790.000	17916.073	483.000
5.760	78968.000	17881.251	526.000
5.770	79150.000	17976.876	352.000
5.780	79331.000	18013.813	261.000
5.790	79513.000	18069.669	131.000
5.800	79692.000	18018.768	174.000
5.810	79872.000	18013.138	148.000
5.820	80054.000	18069.196	17.000
5.830	80231.000	17958.438	162.000
5.840	80410.000	17940.906	168.000
5.850	80588.000	17898.634	219.000
5.860	80765.000	17839.044	307.000
5.870	80943.000	17827.331	325.000
5.880	81120.000	17789.132	390.000
5.890	81296.000	17732.392	494.000
5.900	81472.000	17692.674	579.000
5.910	81649.000	17694.872	599.000
5.920	81828.000	17756.410	518.000
5.930	82005.000	17739.487	559.000
5.940	82184.000	17787.641	493.000
5.950	82359.000	17701.349	647.000
5.960	82535.000	17670.944	722.000
5.970	82714.000	17739.661	633.000
5.980	82891.000	17727.763	669.000
5.990	83068.000	17719.434	701.000
6.000	83246.000	17743.604	679.000
6.010	83425.000	17790.523	613.000
6.020	83604.000	17823.366	564.000
6.030	83782.000	17816.356	576.000
6.040	83962.000	17871.449	483.000
6.050	84141.000	17880.014	460.000
6.060	84322.000	17946.010	337.000
6.070	84501.000	17932.207	339.000
6.080	84681.000	17952.545	285.000
6.090	84861.000	17966.781	237.000
6.100	85040.000	17946.747	245.000
6.110	85220.000	17962.723	196.000
6.120	85398.000	17913.906	254.000
6.130	85579.000	17969.734	142.000
6.140	85755.000	17858.814	306.000
6.150	85933.000	17841.170	330.000
6.160	86112.000	17858.819	297.000
6.170	86288.000	17781.173	423.000
6.180	86466.000	17786.821	422.000
6.190	86645.000	17820.775	371.000
6.200	86821.000	17754.542	485.000
6.210	86999.000	17768.180	474.000
6.220	87175.000	17717.726	571.000
6.230	87352.000	17712.408	600.000
6.240	87529.000	17708.686	627.000
6.250	87705.000	17676.080	704.000
6.260	87884.000	17743.256	617.000
6.270	88060.000	17700.279	705.000
6.280	88237.000	17700.195	728.000
6.290	88415.000	17730.137	700.000
6.300	88593.000	17751.096	681.000
6.310	88772.000	17795.767	619.000
6.320	88952.000	17857.037	519.000
6.330	89130.000	17839.926	543.000
6.340	89310.000	17887.948	458.000
6.350	89489.000	17891.564	440.000
6.360	89670.000	17954.095	321.000
6.370	89849.000	17937.866	325.000
6.380	90027.000	17896.506	375.000
6.390	90206.000	17897.554	361.000
6.400	90385.000	17898.288	346.000
6.410	90565.000	17928.802	281.000
6.420	90743.000	17890.161	328.000
6.430	90923.000	17923.113	259.000
6.440	91099.000	17826.179	407.000
6.450	91277.000	17818.325	421.000
6.460	91456.000	17842.828	380.000
6.470	91634.000	17829.979	399.000
6.480	91810.000	17760.986	516.000
6.490	91988.000	17772.690	508.000
6.500	92165.000	17750.883	555.000
6.510	92343.000	17765.618	543.000
6.520	92519.000	17715.933	639.000
6.530	92697.000	17741.153	616.000
6.540	92875.000	17758.807	601.000
6.550	93053.000	17771.165	592.000
6.560	93231.000	17779.815	587.000
6.570	93408.000	17755.871	636.000
6.580	93586.000	17769.110	627.000
6.590	93764.000	17778.377	621.000
6.600	93942.000	17784.864	618.000
6.610	94120.000	17789.405	618.000
6.620	94299.000	17822.583	568.000
6.630	94479.000	17875.808	477.000
6.640	94657.000	17853.066	507.000
6.650	94837.000	17897.146	427.000
6.660	95016.000	17898.002	412.000
6.670	95197.000	17958.602	295.000
6.680	95376.000	17941.021	301.000
6.690	95554.000	17898.715	352.000
6.700	95732.000	17869.100	389.000
6.710	95912.000	17908.370	314.000
6.720	96089.000	17845.859	406.000
6.730	96267.000	17832.101	425.000
6.740	96448.000	17912.471	287.000
6.750	96625.000	17848.730	380.000
6.760	96804.000	17864.111	349.000
6.770	96982.000	17844.878	375.000
6.780	97161.000	17861.414	343.000
6.790	97340.000	17872.990	317.000
6.800	97518.000	17851.093	345.000
6.810	97695.000	17805.765	418.000
6.820	97874.000	17834.036	373.000
6.830	98050.000	17763.825	492.000
6.840	98227.000	17744.677	536.000
6.850	98403.000	17701.274	625.000
6.860	98579.000	17670.892	700.000
6.870	98756.000	17679.624	713.000
6.880	98934.000	17715.737	678.000
6.890	99112.000	17741.016	655.000
6.900	99289.000	17728.711	691.000
6.910	99468.000	17780.098	621.000
6.920	99647.000	17816.068	568.000
6.930	99828.000	17901.248	424.000
6.940	100008.000	17930.874	359.000
6.950	100186.000	17891.611	407.000
6.960	100367.000	17954.128	288.000
6.970	100546.000	17937.890	292.000
6.980	100725.000	17926.523	291.000
6.990	100904.000	17918.566	286.000
7.000	101083.000	17912.996	278.000
7.010	101262.000	17909.097	269.000
7.020	101440.000	17876.368	310.000
7.030	101618.000	17853.458	339.000
7.040	101795.000	17807.420	413.000
7.050	101973.000	17805.194	420.000
7.060	102152.000	17833.636	375.000
7.070	102330.000	17823.545	391.000
7.080	102509.000	17846.482	352.000
7.090	102687.000	17832.537	372.000
7.100	102865.000	17822.776	387.000
7.110	103043.000	17815.943	400.000
7.120	103221.000	17811.160	409.000
7.130	103396.000	17717.812	572.000
7.140	103572.000	17682.469	652.000
7.150	103748.000	17657.728	720.000
7.160	103924.000	17640.410	781.000
7.170	104100.000	17628.287	835.000
7.180	104276.000	17619.801	886.000
7.190	104453.000	17643.860	882.000
7.200	104631.000	17690.702	835.000
7.210	104809.000	17723.492	804.000
7.220	104987.000	17746.444	783.000
7.230	105167.000	17822.511	668.000
7.240	105347.000	17875.758	577.000
7.250	105529.000	17973.030	402.000
7.260	105708.000	17951.121	412.000
7.270	105888.000	17965.785	364.000
7.280	106069.000	18006.049	269.000
7.290	106249.000	18004.235	239.000
7.300	106429.000	18002.964	209.000
7.310	106609.000	18002.075	178.000
7.320	106789.000	18001.452	146.000
7.330	106966.000	17911.017	269.000
7.340	107143.000	17847.712	361.000
7.350	107322.000	17863.398	330.000
7.360	107499.000	17814.379	407.000
7.370	107676.000	17780.065	468.000
7.380	107854.000	17786.046	466.000
7.390	108031.000	17760.232	517.000
7.400	108209.000	17772.162	509.000
7.410	108386.000	17750.514	556.000
7.420	108564.000	17765.360	544.000
7.430	108741.000	17745.752	588.000
7.440	108919.000	17762.026	575.000
7.450	109096.000	17743.418	619.000
7.460	109273.000	17730.393	656.000
7.470	109450.000	17721.275	689.000
7.480	109628.000	17744.892	667.000
7.490	109806.000	17761.425	654.000
7.500	109983.000	17742.997	697.000
7.510	110161.000	17760.098	683.000
7.520	110341.000	17832.069	572.000
7.530	110520.000	17852.448	536.000
7.540	110698.000	17836.714	558.000
7.550	110878.000	17885.700	472.000
7.560	111059.000	17949.990	351.000
7.570	111239.000	17964.993	302.000
7.580	111420.000	18005.495	207.000
7.590	111598.000	17943.846	280.000
7.600	111779.000	17990.693	178.000
7.610	111958.000	17963.485	194.000
7.620	112136.000	17914.439	253.000
7.630	112315.000	17910.108	244.000
7.640	112493.000	17877.075	285.000
7.650	112671.000	17853.953	315.000
7.660	112850.000	17867.767	286.000
7.670	113027.000	17817.437	364.000
7.680	113204.000	17782.206	426.000
7.690	113382.000	17787.544	425.000
7.700	113561.000	17821.281	374.000
7.710	113739.000	17814.897	386.000
7.720	113916.000	17780.428	447.000
7.730	114093.000	17756.299	496.000
7.740	114269.000	17709.410	589.000
7.750	114445.000	17676.587	666.000
7.760	114622.000	17683.611	682.000
7.770	114799.000	17688.527	699.000
7.780	114975.000	17661.969	770.000
7.790	115153.000	17703.378	729.000
7.800	115332.000	17762.365	650.000
7.810	115511.000	17803.655	591.000
7.820	115692.000	17892.559	443.000
7.830	115870.000	17864.791	478.000
7.840	116050.000	17905.354	401.000
7.850	116231.000	17963.748	287.000
7.860	116411.000	17974.623	243.000
7.870	116592.000	18012.236	151.000
7.880	116772.000	18008.565	123.000
7.890	116949.000	17915.996	248.000
7.900	117127.000	17881.197	291.000
7.910	117307.000	17916.838	220.000
7.920	117485.000	17881.787	263.000
7.930	117663.000	17857.251	295.000
7.940	117838.000	17750.075	472.000
7.950	118015.000	17735.053	512.000
7.960	118193.000	17754.537	495.000
7.970	118370.000	17738.176	536.000
7.980	118547.000	17726.723	571.000
7.990	118725.000	17748.706	552.000
8.000	118903.000	17764.094	539.000
8.010	119080.000	17744.866	584.000
8.020	119258.000	17761.406	570.000
8.030	119435.000	17742.984	613.000
8.040	119613.000	17760.089	599.000
8.050	119791.000	17772.062	590.000
8.060	119969.000	17780.444	586.000
8.070	120145.000	17726.311	687.000
8.080	120324.000	17778.417	616.000
8.090	120499.000	17694.892	767.000
8.100	120677.000	17726.425	737.000
8.110	120855.000	17748.497	717.000
8.120	121033.000	17763.948	705.000
8.130	121215.000	17894.764	493.000
8.140	121393.000	17866.335	529.000
8.150	121572.000	17876.434	504.000
8.160	121752.000	17913.504	431.000
8.170	121933.000	17969.453	319.000
8.180	122114.000	18008.617	226.000
8.190	122291.000	17916.032	351.000
8.200	122470.000	17911.222	342.000
8.210	122649.000	17907.856	332.000
8.220	122828.000	17905.499	321.000
8.230	123007.000	17903.849	309.000
8.240	123184.000	17842.694	399.000
8.250	123363.000	17859.886	367.000
8.260	123541.000	17841.920	391.000
8.270	123720.000	17859.344	358.000
8.280	123897.000	17811.541	434.000
8.290	124073.000	17748.079	545.000
8.300	124252.000	17793.655	481.000
8.310	124429.000	17765.559	535.000
8.320	124608.000	17805.891	477.000
8.330	124783.000	17714.124	637.000
8.340	124961.000	17739.887	614.000
8.350	125139.000	17757.921	599.000
8.360	125316.000	17740.544	641.000
8.370	125494.000	17758.381	626.000
8.380	125672.000	17770.867	617.000
8.390	125850.000	17779.607	612.000
8.400	126028.000	17785.725	609.000
8.410	126207.000	17820.007	558.000
8.420	126387.000	17874.005	467.000
8.430	126566.000	17881.804	444.000
8.440	126747.000	17947.263	322.000
8.450	126926.000	17933.084	324.000
8.460	127107.000	17983.159	219.000
8.470	127284.000	17898.211	335.000
8.480	127462.000	17868.748	372.000
8.490	127641.000	17878.123	348.000
8.500	127819.000	17854.686	379.000
8.510	127998.000	17868.280	350.000
8.520	128176.000	17847.796	377.000
8.530	128353.000	17803.457	449.000
8.540	128532.000	17832.420	403.000
8.550	128710.000	17822.694	419.000
8.560	128888.000	17815.886	431.000
8.570	129067.000	17841.120	389.000
8.580	129246.000	17858.784	356.000
8.590	129425.000	17871.149	329.000
8.600	129604.000	17879.804	306.000
8.610	129781.000	17825.863	388.000
8.620	129959.000	17818.104	401.000
8.630	130138.000	17842.673	360.000
8.640	130312.000	17709.871	584.000
8.650	130488.000	17676.910	662.000
8.660	130664.000	17653.837	729.000
8.670	130840.000	17637.686	788.000
8.680	131019.000	17716.380	687.000
8.690	131195.000	17681.466	767.000
8.700	131371.000	17657.026	835.000
8.710	131549.000	17699.918	793.000
8.720	131728.000	17759.943	713.000
8.730	131908.000	17831.960	602.000
8.740	132089.000	17912.372	463.000
8.750	132268.000	17908.660	453.000
8.760	132451.000	18026.062	237.000
8.770	132632.000	18048.244	163.000
8.780	132810.000	17973.771	249.000
8.790	132991.000	18011.639	157.000
8.800	133171.000	18008.148	129.000
8.810	133350.000	17975.703	151.000
8.820	133529.000	17952.992	162.000
8.830	133708.000	17937.095	166.000
8.840	133884.000	17835.966	319.000
8.850	134062.000	17825.176	335.000
8.860	134238.000	17757.623	451.000
8.870	134417.000	17800.336	390.000
8.880	134594.000	17770.235	446.000
8.890	134769.000	17689.165	595.000
8.900	134946.000	17692.415	614.000
8.910	135123.000	17694.691	635.000
8.920	135301.000	17726.284	605.000
8.930	135476.000	17658.398	739.000
8.940	135654.000	17700.879	697.000
8.950	135831.000	17700.615	720.000
8.960	136009.000	17730.431	692.000
8.970	136186.000	17721.301	725.000
8.980	136364.000	17744.911	703.000
8.990	136542.000	17761.438	690.000
9.000	136721.000	17803.006	631.000
9.010	136899.000	17802.104	636.000
9.020	137078.000	17831.473	590.000
9.030	137258.000	17882.031	503.000
9.040	137437.000	17887.422	483.000
9.050	137617.000	17921.195	414.000
9.060	137799.000	18004.837	253.000
9.070	137977.000	17943.386	325.000
9.080	138159.000	18020.370	172.000
9.090	138335.000	17894.259	352.000
9.100	138515.000	17925.981	285.000
9.110	138692.000	17858.187	383.000
9.120	138871.000	17870.731	355.000
9.130	139049.000	17849.512	383.000
9.140	139225.000	17774.658	507.000
9.150	139403.000	17782.261	503.000
9.160	139583.000	17847.582	399.000
9.170	139761.000	17833.308	420.000
9.180	139941.000	17883.315	333.000
9.190	140118.000	17828.321	416.000
9.200	140297.000	17849.825	379.000
9.210	140474.000	17804.877	451.000
9.220	140652.000	17803.414	457.000
9.230	140829.000	17772.390	514.000
9.240	141006.000	17750.673	561.000
9.250	141183.000	17735.471	601.000
9.260	141360.000	17724.830	636.000
9.270	141536.000	17687.381	718.000
9.280	141716.000	17781.167	583.000
9.290	141892.000	17726.817	684.000
9.300	142069.000	17718.772	716.000
9.310	142247.000	17743.140	694.000
9.320	142426.000	17790.198	628.000
9.330	142605.000	17823.139	578.000
9.340	142787.000	17936.197	385.000
9.350	142966.000	17925.338	384.000
9.360	143147.000	17977.737	276.000
9.370	143327.000	17984.416	236.000
9.380	143507.000	17989.091	199.000
9.390	143686.000	17962.364	215.000
9.400	143865.000	17943.655	222.000
9.410	144044.000	17930.558	223.000
9.420	144222.000	17891.391	270.000
9.430	144401.000	17893.974	254.000
9.440	144578.000	17835.781	341.000
9.450	144756.000	17825.047	357.000
9.460	144932.000	17757.533	473.000
9.470	145108.000	17710.273	566.000
9.480	145287.000	17767.191	490.000
9.490	145464.000	17747.034	535.000
9.500	145642.000	17762.924	522.000
9.510	145820.000	17774.047	514.000
9.520	145998.000	17781.833	510.000
9.530	146175.000	17757.283	560.000
9.540	146353.000	17770.098	551.000
9.550	146531.000	17779.069	546.000
9.560	146707.000	17725.348	646.000
9.570	146886.000	17777.744	575.000
9.580	147063.000	17754.421	623.000
9.590	147239.000	17708.094	715.000
9.600	147417.000	17735.666	690.000
9.610	147596.000	17784.966	622.000
9.620	147774.000	17789.476	621.000
9.630	147953.000	17822.633	571.000
9.640	148134.000	17905.843	430.000
9.650	148313.000	17904.090	418.000
9.660	148492.000	17902.863	405.000
9.670	148672.000	17932.004	341.000
9.680	148852.000	17952.403	287.000
9.690	149033.000	17996.682	188.000
9.700	149212.000	17967.677	206.000
9.710	149390.000	17917.374	266.000
9.720	149568.000	17882.162	310.000
9.730	149749.000	17947.513	187.000
9.740	149926.000	17873.259	292.000
9.750	150102.000	17791.282	423.000
9.760	150281.000	17823.897	374.000
9.770	150457.000	17756.728	489.000
9.780	150634.000	17739.710	531.000
9.790	150812.000	17757.797	515.000
9.800	150990.000	17770.458	506.000
9.810	151167.000	17749.320	552.000
9.820	151345.000	17764.524	540.000
9.830	151521.000	17715.167	636.000
9.840	151700.000	17770.617	561.000
9.850	151877.000	17749.432	607.000
9.860	152054.000	17734.602	647.000
9.870	152231.000	17724.222	681.000
9.880	152408.000	17716.955	712.000
9.890	152587.000	17771.869	638.000
9.900	152765.000	17780.308	633.000
9.910	152945.000	17846.216	529.000
9.920	153123.000	17832.351	549.000
9.930	153302.000	17852.646	513.000
9.940	153483.000	17926.852	381.000
9.950	153660.000	17858.796	478.000
9.960	153840.000	17901.157	400.000
9.970	154020.000	17930.810	335.000
9.980	154197.000	17861.567	434.000
9.990	154376.000	17873.097	408.000
10.000	154556.000	17911.168	334.000
10.010	154734.000	17877.818	375.000
10.020	154912.000	17854.472	406.000
10.030	155091.000	17868.131	377.000
10.040	155270.000	17877.691	353.000
10.050	155448.000	17854.384	383.000
10.060	155626.000	17838.069	406.000
10.070	155805.000	17856.648	372.000
10.080	155981.000	17779.654	498.000
10.090	156162.000	17875.758	342.000
10.100	156340.000	17853.030	371.000
10.110	156516.000	17777.121	496.000
10.120	156695.000	17813.985	442.000
10.130	156869.000	17689.789	656.000
10.140	157047.000	17722.853	624.000
10.150	157225.000	17745.997	604.000
10.160	157400.000	17672.198	744.000
10.170	157576.000	17650.538	809.000
10.180	157752.000	17635.377	867.000
10.190	157931.000	17714.764	766.000
10.200	158108.000	17710.335	794.000
10.210	158287.000	17767.234	718.000
10.220	158467.000	17837.064	609.000
10.230	158647.000	17885.945	523.000
10.240	158829.000	17980.161	351.000
10.250	159009.000	17986.113	313.000
10.260	159190.000	18020.279	225.000
10.270	159369.000	17984.195	251.000
10.280	159548.000	17958.937	265.000
10.290	159728.000	17971.256	219.000
10.300	159907.000	17949.879	229.000
10.310	160086.000	17934.915	232.000
10.320	160264.000	17894.441	281.000
10.330	160443.000	17896.108	266.000
10.340	160623.000	17927.276	199.000
10.350	160799.000	17829.093	349.000
10.360	160976.000	17790.365	414.000
10.370	161154.000	17793.256	416.000
10.380	161331.000	17765.279	469.000
10.390	161507.000	17715.695	565.000
10.400	161684.000	17710.987	593.000
10.410	161861.000	17707.691	620.000
10.420	162039.000	17735.383	594.000
10.430	162217.000	17754.768	577.000
10.440	162394.000	17738.338	618.000
10.450	162570.000	17696.837	705.000
10.460	162748.000	17727.786	676.000
10.470	162928.000	17809.450	554.000
10.480	163106.000	17806.615	562.000
10.490	163284.000	17804.630	569.000
10.500	163462.000	17803.241	575.000
10.510	163641.000	17832.269	529.000
10.520	163821.000	17882.588	442.000
10.530	164002.000	17947.812	320.000
10.540	164180.000	17903.468	373.000
10.550	164358.000	17872.428	412.000
10.560	164538.000	17910.699	338.000
10.570	164718.000	17937.490	276.000
10.580	164898.000	17956.243	224.000
10.590	165075.000	17879.370	331.000
10.600	165254.000	17885.559	311.000
10.610	165432.000	17859.891	344.000
10.620	165611.000	17871.924	317.000
10.630	165797.000	18090.347	-65.000
10.640	165966.000	17733.243	497.000
10.650	166144.000	17753.270	480.000
10.660	166323.000	17797.289	417.000
10.670	166500.000	17768.102	472.000
10.680	166679.000	17807.672	415.000
10.690	166856.000	17775.370	474.000
10.700	167035.000	17812.759	419.000
10.710	167211.000	17748.931	530.000
10.720	167388.000	17734.252	569.000
10.730	167565.000	17723.976	604.000
10.740	167741.000	17686.783	686.000
10.750	167919.000	17720.748	653.000
10.760	168096.000	17714.524	683.000
10.770	168273.000	17710.167	711.000
10.780	168450.000	17707.117	737.000
10.790	168630.000	17794.982	608.000
10.800	168807.000	17766.487	663.000
10.810	168985.000	17776.541	656.000
10.820	169166.000	17873.579	499.000
10.830	169344.000	17851.505	528.000
10.840	169526.000	17956.054	345.000
10.850	169705.000	17939.238	349.000
10.860	169885.000	17957.466	297.000
10.870	170064.000	17940.226	303.000
10.880	170243.000	17928.158	302.000
10.890	170421.000	17889.711	349.000
10.900	170600.000	17892.798	332.000
10.910	170778.000	17864.958	367.000
10.920	170957.000	17875.471	342.000
10.930	171134.000	17822.830	423.000
10.940	171312.000	17815.981	435.000
10.950	171491.000	17841.187	394.000
10.960	171668.000	17798.831	463.000
10.970	171846.000	17799.181	467.000
10.980	172024.000	17799.427	472.000
10.990	172201.000	17769.599	528.000
11.000	172382.000	17868.719	368.000
11.010	172556.000	17728.103	601.000
11.020	172733.000	17719.672	633.000
11.030	172910.000	17713.771	662.000
11.040	173087.000	17709.639	690.000
11.050	173266.000	17766.748	613.000
11.060	173442.000	17716.723	710.000
11.070	173620.000	17741.706	687.000
11.080	173798.000	17759.194	672.000
11.090	173975.000	17741.436	715.000
11.100	174155.000	17819.005	597.000
11.110	174334.000	17843.304	557.000
11.120	174512.000	17830.313	576.000
11.130	174691.000	17851.219	539.000
11.140	174874.000	17985.853	304.000
11.150	175051.000	17900.097	422.000
11.160	175233.000	17990.068	254.000
11.170	175411.000	17933.048	321.000
11.180	175590.000	17923.133	319.000
11.190	175769.000	17916.193	313.000
11.200	175949.000	17941.335	253.000
11.210	176129.000	17958.935	202.000
11.220	176308.000	17941.254	207.000
11.230	176485.000	17868.878	310.000
11.240	176663.000	17848.215	337.000
11.250	176842.000	17863.750	306.000
11.260	177018.000	17784.625	435.000
11.270	177195.000	17759.238	486.000
11.280	177373.000	17771.466	477.000
11.290	177551.000	17780.026	472.000
11.300	177731.000	17846.019	367.000
11.310	177907.000	17772.213	490.000
11.320	178087.000	17840.549	383.000
11.330	178262.000	17738.384	555.000
11.340	178439.000	17726.869	590.000
11.350	178617.000	17748.808	571.000
11.360	178793.000	17704.166	661.000
11.370	178971.000	17732.916	634.000
11.380	179149.000	17753.041	617.000
11.390	179325.000	17707.129	708.000
11.400	179504.000	17764.990	631.000
11.410	179682.000	17775.493	624.000
11.420	179862.000	17842.845	518.000
11.430	180042.000	17889.992	434.000
11.440	180221.000	17892.994	417.000
11.450	180401.000	17925.096	350.000
11.460	180580.000	17917.567	345.000
11.470	180760.000	17942.297	285.000
11.480	180941.000	17989.608	183.000
11.490	181120.000	17962.726	199.000
11.500	181298.000	17913.908	257.000
11.510	181476.000	17879.736	300.000
11.520	181656.000	17915.815	228.000
11.530	181832.000	17821.070	373.000
11.540	182010.000	17814.749	385.000
11.550	182188.000	17810.324	394.000
11.560	182368.000	17867.227	300.000
11.570	182544.000	17787.059	429.000
11.580	182721.000	17760.941	481.000
11.590	182898.000	17742.659	524.000
11.600	183076.000	17759.861	510.000
11.610	183254.000	17771.903	501.000
11.620	183430.000	17720.332	599.000
11.630	183607.000	17714.232	629.000
11.640	183784.000	17709.963	656.000
11.650	183959.000	17646.974	785.000
11.660	184136.000	17662.882	791.000
11.670	184313.000	17674.017	801.000
11.680	184490.000	17681.812	816.000
11.690	184667.000	17687.268	833.000
11.700	184847.000	17781.088	698.000
11.710	185024.000	17756.762	747.000
11.720	185203.000	17799.733	686.000
11.730	185383.000	17859.813	588.000
11.740	185565.000	17961.869	407.000
11.750	185743.000	17913.308	465.000
11.760	185925.000	17999.316	302.000
11.770	186104.000	17969.521	321.000
11.780	186284.000	17978.665	279.000
11.790	186464.000	17985.065	240.000
11.800	186643.000	17959.546	255.000
11.810	186822.000	17941.682	261.000
11.820	187001.000	17929.177	261.000
11.830	187180.000	17920.424	257.000
11.840	187358.000	17884.297	301.000
11.850	187535.000	17829.008	385.000
11.860	187713.000	17820.305	399.000
11.870	187891.000	17814.214	410.000
11.880	188067.000	17749.950	522.000
11.890	188244.000	17734.965	562.000
11.900	188423.000	17784.475	494.000
11.910	188598.000	17699.133	647.000
11.920	188776.000	17729.393	618.000
11.930	188953.000	17720.575	651.000
11.940	189131.000	17744.403	629.000
11.950	189307.000	17701.082	718.000
11.960	189485.000	17730.757	690.000
11.970	189663.000	17751.530	672.000
11.980	189841.000	17766.071	661.000
11.990	190020.000	17806.250	603.000
12.000	190199.000	17834.375	558.000
12.010	190379.000	17884.062	0.000
12.020	190557.000	17858.844	0.000
12.030	190736.000	17871.191	0.000
12.040	190912.000	17789.833	0.000
12.050	191089.000	17762.883	0.000
12.060	191263.000	17654.018	0.000
12.070	191439.000	17637.813	0.000
12.080	191610.000	17476.469	0.000
12.090	191783.000	17423.528	0.000
12.100	191955.000	17356.470	0.000
12.110	192123.000	17189.529	0.000
12.120	192292.000	17102.670	0.000
12.130	192460.000	17011.869	0.000
12.140	192627.000	16918.308	0.000
12.150	192793.000	16822.816	0.000
12.160	192960.000	16785.971	0.000
12.170	193126.000	16730.180	0.000
12.180	193288.000	16571.126	0.000
12.190	193451.000	16489.788	0.000
12.200	193612.000	16372.852	0.000
12.210	193773.000	16290.996	0.000
12.220	193931.000	16143.697	0.000
12.230	194088.000	16010.588	0.000
12.240	194244.000	15887.412	0.000
12.250	194401.000	15831.188	0.000
12.260	194552.000	15611.832	0.000
12.270	194706.000	15548.282	0.000
12.280	194854.000	15323.798	0.000
12.290	195004.000	15226.658	0.000
12.300	195152.000	15098.661	0.000
12.310	195299.000	14979.063	0.000
12.320	195445.000	14865.344	0.000
12.330	195591.000	14785.741	0.000
12.340	195734.000	14640.018	0.000
12.350	195879.000	14598.013	0.000
12.360	196019.000	14418.609	0.000
12.370	196161.000	14353.026	0.000
12.380	196300.000	14217.118	0.000
12.390	196441.000	14181.983	0.000
12.400	196578.000	14037.388	0.000
12.410	196716.000	13966.172	0.000
12.420	196853.000	13886.320	0.000
12.430	196989.000	13800.424	0.000
12.440	197123.000	13680.297	0.000
12.450	197258.000	13626.208	0.000
12.460	197391.000	13528.345	0.000
12.470	197523.000	13429.842	0.000
12.480	197653.000	13300.889	0.000
12.490	197784.000	13240.622	0.000
12.500	197912.000	13108.436	0.000
12.510	198040.000	13015.905	0.000
12.520	198166.000	12891.134	0.000
12.530	198292.000	12803.793	0.000
12.540	198417.000	12712.655	0.000
12.550	198539.000	12558.859	0.000
12.560	198662.000	12481.201	0.000
12.570	198784.000	12396.841	0.000
12.580	198903.000	12247.789	0.000
12.590	199021.000	12113.452	0.000
12.600	199138.000	11989.416	0.000
12.610	199254.000	11872.591	0.000
12.620	199368.000	11730.814	0.000
12.630	199481.000	11601.570	0.000
12.640	199592.000	11451.099	0.000
12.650	199701.000	11285.769	0.000
12.660	199809.000	11140.038	0.000
12.670	199916.000	11008.027	0.000
12.680	200020.000	10825.619	0.000
12.690	200124.000	10697.933	0.000
12.700	200226.000	10548.553	0.000
12.710	200326.000	10383.987	0.000
12.720	200425.000	10238.791	0.000
12.730	200523.000	10107.154	0.000
12.740	200618.000	9925.008	0.000
12.750	200713.000	9797.505	0.000
12.760	200806.000	9648.254	0.000
12.770	200898.000	9513.778	0.000
12.780	200989.000	9389.644	0.000
12.790	201079.000	9272.751	0.000
12.800	201167.000	9130.926	0.000
12.810	201254.000	9001.648	0.000
12.820	201341.000	8911.154	0.000
12.830	201427.000	8817.808	0.000
12.840	201512.000	8722.465	0.000
12.850	201594.000	8565.726	0.000
12.860	201676.000	8456.008	0.000
12.870	201759.000	8409.206	0.000
12.880	201838.000	8256.444	0.000
12.890	201916.000	8119.511	0.000
12.900	201994.000	8023.658	0.000
12.910	202071.000	7926.560	0.000
12.920	202147.000	7828.592	0.000
12.930	202221.000	7700.015	0.000
12.940	202295.000	7610.010	0.000
12.950	202367.000	7487.007	0.000
12.960	202439.000	7400.905	0.000
12.970	202509.000	7280.633	0.000
12.980	202579.000	7196.443	0.000
12.990	202648.000	7107.510	0.000
13.000	202715.000	6985.257	0.000
13.010	202782.000	6899.680	0.000
13.020	202847.000	6779.776	0.000
13.030	202912.000	6695.843	0.000
13.040	202977.000	6637.090	0.000
13.050	203040.000	6535.963	0.000
13.060	203102.000	6435.174	0.000
13.070	203163.000	6334.622	0.000
13.080	203224.000	6264.235	0.000
13.090	203283.000	6154.965	0.000
13.100	203342.000	6078.475	0.000
13.110	203400.000	5994.933	0.000
13.120	203457.000	5906.453	0.000
13.130	203513.000	5814.517	0.000
13.140	203568.000	5720.162	0.000
13.150	203622.000	5624.113	0.000
13.160	203675.000	5526.879	0.000
13.170	203727.000	5428.816	0.000
13.180	203779.000	5360.171	0.000
13.190	203829.000	5252.120	0.000
13.200	203878.000	5146.484	0.000
13.210	203926.000	5042.539	0.000
13.220	203973.000	4939.777	0.000
13.230	204019.000	4837.844	0.000
13.240	204064.000	4736.491	0.000
13.250	204108.000	4635.544	0.000
13.260	204151.000	4534.880	0.000
13.270	204193.000	4434.416	0.000
13.280	204233.000	4304.091	0.000
13.290	204273.000	4212.864	0.000
13.300	204311.000	4089.005	0.000
13.310	204348.000	3972.303	0.000
13.320	204384.000	3860.612	0.000
13.330	204418.000	3722.429	0.000
13.340	204452.000	3625.700	0.000
13.350	204484.000	3497.990	0.000
13.360	204515.000	3378.593	0.000
13.370	204544.000	3235.015	0.000
13.380	204573.000	3134.511	0.000
13.390	204600.000	3004.157	0.000
13.400	204626.000	2882.910	0.000
13.410	204650.000	2738.037	0.000
13.420	204673.000	2606.626	0.000
13.430	204695.000	2484.638	0.000
13.440	204715.000	2339.247	0.000
13.450	204733.000	2177.473	0.000
13.460	204751.000	2064.231	0.000
13.470	204767.000	1924.962	0.000
13.480	204781.000	1767.473	0.000
13.490	204795.000	1657.231	0.000
13.500	204807.000	1520.062	0.000
13.510	204818.000	1394.043	0.000
13.520	204828.000	1275.830	0.000
13.530	204837.000	1163.081	0.000
13.540	204845.000	1054.157	0.000
13.550	204851.000	917.910	0.000
13.560	204856.000	792.537	0.000
13.570	204860.000	674.776	0.000
13.580	204862.000	532.343	0.000
13.590	204864.000	432.640	0.000
13.600	204864.000	302.848	0.000
13.610	204864.000	211.994	0.000
13.620	204862.000	88.396	0.000
13.630	204859.000	-28.123	0.000
13.640	204855.000	-139.686	0.000
13.650	204850.000	-247.780	0.000
13.660	204844.000	-353.446	0.000
13.670	204837.000	-457.412	0.000
13.680	204830.000	-530.189	0.000
13.690	204822.000	-611.132	0.000
13.700	204814.000	-667.792	0.000
13.710	204806.000	-707.455	0.000
13.720	204797.000	-765.218	0.000
13.730	204788.000	-805.653	0.000
13.740	204779.000	-833.957	0.000
13.750	204770.000	-853.770	0.000
13.760	204760.000	-897.639	0.000
13.770	204750.000	-928.347	0.000
13.780	204740.000	-949.843	0.000
13.790	204730.000	-964.890	0.000
13.800	204719.000	-1005.423	0.000
13.810	204709.000	-1003.796	0.000
13.820	204698.000	-1032.657	0.000
13.830	204687.000	-1052.860	0.000
13.840	204676.000	-1067.002	0.000
13.850	204664.000	-1106.901	0.000
13.860	204653.000	-1104.831	0.000
13.870	204641.000	-1133.382	0.000
13.880	204630.000	-1123.367	0.000
13.890	204618.000	-1146.357	0.000
13.900	204606.000	-1162.450	0.000
13.910	204594.000	-1173.715	0.000
13.920	204583.000	-1151.600	0.000
13.930	204571.000	-1166.120	0.000
13.940	204560.000	-1146.284	0.000
13.950	204549.000	-1132.399	0.000
13.960	204538.000	-1122.679	0.000
13.970	204527.000	-1115.875	0.000
13.980	204516.000	-1111.113	0.000
13.990	204506.000	-1077.779	0.000
14.000	204495.000	-1084.445	0.000
14.010	204485.000	-1059.112	0.000
14.020	204475.000	-1041.378	0.000
14.030	204466.000	-998.965	0.000
14.040	204456.000	-999.275	0.000
14.050	204447.000	-969.493	0.000
14.060	204437.000	-978.645	0.000
14.070	204429.000	-925.051	0.000
14.080	204420.000	-917.536	0.000
14.090	204412.000	-882.275	0.000
14.100	204404.000	-857.593	0.000
14.110	204396.000	-840.315	0.000
14.120	204389.000	-798.220	0.000
14.130	204382.000	-768.754	0.000
14.140	204375.000	-748.128	0.000
14.150	204369.000	-703.690	0.000
14.160	204363.000	-672.583	0.000
14.170	204357.000	-650.808	0.000
14.180	204352.000	-605.566	0.000
14.190	204347.000	-573.896	0.000
14.200	204342.000	-551.727	0.000
14.210	204338.000	-506.209	0.000
14.220	204334.000	-474.346	0.000
14.230	204330.000	-452.042	0.000
14.240	204327.000	-406.430	0.000
14.250	204324.000	-374.501	0.000
14.260	204321.000	-352.151	0.000
14.270	204318.000	-336.505	0.000
14.280	204316.000	-295.554	0.000
14.290	204314.000	-266.888	0.000
14.300	204313.000	-216.821	0.000
14.310	204311.000	-211.775	0.000
14.320	204310.000	-178.242	0.000
14.330	204310.000	-124.770	0.000
14.340	204309.000	-117.339	0.000
14.350	204309.000	-82.137	0.000
14.360	204309.000	-57.496	0.000
14.370	204309.000	-40.247	0.000
14.380	204309.000	-28.173	0.000
14.390	204309.000	-19.721	0.000
14.400	204309.000	-13.805	0.000
14.410	204311.000	50.337	0.000
14.420	204312.000	65.236	0.000
14.430	204313.000	75.665	0.000
14.440	204314.000	82.965	0.000
14.450	204316.000	118.076	0.000
14.460	204317.000	112.653	0.000
14.470	204319.000	138.857	0.000
14.480	204320.000	127.200	0.000
14.490	204321.000	119.040	0.000
14.500	204323.000	143.328	0.000
14.510	204324.000	130.330	0.000
14.520	204325.000	121.231	0.000
14.530	204326.000	114.862	0.000
14.540	204327.000	110.403	0.000
14.550	204328.000	107.282	0.000
14.560	204328.000	75.097	0.000
14.570	204329.000	82.568	0.000
14.580	204329.000	57.798	0.000
14.590	204329.000	40.458	0.000
14.600	204329.000	28.321	0.000
14.610	204329.000	19.825	0.000
14.620	204329.000	13.877	0.000
14.630	204329.000	9.714	0.000
14.640	204329.000	6.800	0.000
14.650	204329.000	4.760	0.000
14.660	204329.000	3.332	0.000
14.670	204328.000	-27.668	0.000
14.680	204327.000	-49.367	0.000
14.690	204327.000	-34.557	0.000
14.700	204326.000	-54.190	0.000
14.710	204325.000	-67.933	0.000
14.720	204325.000	-47.553	0.000
14.730	204324.000	-63.287	0.000
14.740	204323.000	-74.301	0.000
14.750	204323.000	-52.011	0.000
14.760	204322.000	-66.407	0.000
14.770	204322.000	-46.485	0.000
14.780	204322.000	-32.540	0.000
14.790	204322.000	-22.778	0.000
14.800	204322.000	-15.944	0.000
14.810	204322.000	-11.161	0.000
14.820	204322.000	-7.813	0.000
14.830	204322.000	-5.469	0.000
14.840	204322.000	-3.828	0.000
14.850	204322.000	-2.680	0.000
14.860	204322.000	-1.876	0.000
14.870	204322.000	-1.313	0.000
14.880	204322.000	-0.919	0.000
14.890	204322.000	-0.643	0.000
14.900	204323.000	29.550	0.000
14.910	204323.000	20.685	0.000
14.920	204324.000	44.479	0.000
14.930	204324.000	31.136	0.000
14.940	204324.000	21.795	0.000
14.950	204325.000	45.256	0.000
14.960	204325.000	31.679	0.000
14.970	204325.000	22.176	0.000
14.980	204325.000	15.523	0.000
14.990	204325.000	10.866	0.000
15.000	204325.000	7.606	0.000
