0.000	0.000	0.000	0.000
0.010	3.000	90.000	-146.000
0.020	3.000	63.000	-118.000
0.030	3.000	44.100	-99.000
0.040	2.000	0.870	-37.000
0.050	0.000	-59.391	60.000
0.060	-2.000	-101.574	139.000
0.070	-5.000	-161.102	254.000
0.080	-7.000	-172.771	302.000
0.090	-9.000	-180.940	347.000
0.100	-9.000	-126.658	293.000
0.110	-10.000	-118.660	303.000
0.120	-10.000	-83.062	267.000
0.130	-10.000	-58.144	242.000
0.140	-9.000	-10.701	176.000
0.150	-7.000	52.510	75.000
0.160	-5.000	96.757	-6.000
0.170	-4.000	97.730	-25.000
0.180	-2.000	128.411	-93.000
0.190	-2.000	89.888	-54.000
0.200	-1.000	92.921	-75.000
0.210	-1.000	65.045	-47.000
0.220	-1.000	45.531	-28.000
0.230	-2.000	1.872	35.000
0.240	-3.000	-28.690	84.000
0.250	-5.000	-80.083	172.000
0.260	-7.000	-116.058	245.000
0.270	-8.000	-111.241	259.000
0.280	-9.000	-107.868	274.000
0.290	-9.000	-75.508	241.000
0.300	-9.000	-52.856	218.000
0.310	-9.000	-36.999	202.000
0.320	-8.000	4.101	142.000
0.330	-7.000	32.871	95.000
0.340	-6.000	53.009	56.000
0.350	-4.000	97.107	-25.000
0.360	-3.000	97.975	-44.000
0.370	-3.000	68.582	-14.000
0.380	-3.000	48.008	7.000
0.390	-3.000	33.605	21.000
0.400	-3.000	23.524	31.000
0.410	-3.000	16.467	38.000
0.420	-3.000	11.527	43.000
0.430	-4.000	-21.931	95.000
0.440	-5.000	-45.352	137.000
0.450	-6.000	-61.746	172.000
0.460	-7.000	-73.222	202.000
0.470	-8.000	-81.256	228.000
0.480	-8.000	-56.879	204.000
0.490	-8.000	-39.815	187.000
0.500	-8.000	-27.871	175.000
0.510	-8.000	-19.509	661.000
0.520	-6.000	46.343	1108.000
0.530	-3.000	122.440	1583.000
0.540	4.000	295.708	1943.000
0.550	15.000	536.996	2217.000
0.560	30.000	825.897	2425.000
0.570	51.000	1208.128	2485.000
0.580	78.000	1655.690	2426.000
0.590	111.000	2148.983	2267.000
0.600	150.000	2674.288	2021.000
0.610	194.000	3192.002	1748.000
0.620	241.000	3644.401	1541.000
0.630	292.000	4081.081	1333.000
0.640	344.000	4416.757	1264.000
0.650	399.000	4741.730	1207.000
0.660	455.000	4999.211	1256.000
0.670	513.000	5239.447	1342.000
0.680	573.000	5467.613	1459.000
0.690	635.000	5687.329	1604.000
0.700	702.000	5991.130	1629.000
0.710	772.000	6293.791	1655.000
0.720	842.000	6505.654	1830.000
0.730	917.000	6803.958	1881.000
0.740	996.000	7132.770	1885.000
0.750	1079.000	7482.939	1849.000
0.760	1167.000	7878.058	1733.000
0.770	1255.000	8154.640	1792.000
0.780	1348.000	8498.248	1748.000
0.790	1444.000	8828.774	1718.000
0.800	1545.000	9210.142	1602.000
0.810	1648.000	9537.099	1559.000
0.820	1753.000	9825.969	1575.000
0.830	1862.000	10148.179	1539.000
0.840	1974.000	10463.725	1511.000
0.850	2089.000	10774.608	1489.000
0.860	2205.000	11022.225	1568.000
0.870	2324.000	11285.558	1633.000
0.880	2445.000	11529.890	1736.000
0.890	2571.000	11850.923	1726.000
0.900	2700.000	12165.646	1723.000
0.910	2829.000	12385.952	1872.000
0.920	2963.000	12690.167	1900.000
0.930	3101.000	13023.117	1882.000
0.940	3241.000	13316.182	1924.000
0.950	3386.000	13671.327	1867.000
0.960	3534.000	14009.929	1828.000
0.970	3682.000	14246.950	1948.000
0.980	3835.000	14562.865	1952.000
0.990	3991.000	14874.006	1962.000
1.000	4151.000	15211.804	1928.000
1.010	4315.000	15568.263	1363.000
1.020	4479.000	15817.784	906.000
1.030	4645.000	16052.449	428.000
1.040	4816.000	16366.714	-222.000
1.050	4979.000	16346.700	-389.000
1.060	5143.000	16362.690	-611.000
1.070	5303.000	16253.883	-633.000
1.080	5465.000	16237.718	-785.000
1.090	5619.000	15986.403	-554.000
1.100	5774.000	15840.482	-447.000
1.110	5923.000	15558.337	-94.000
1.120	6074.000	15420.836	78.000
1.130	6218.000	15114.585	548.000
1.140	6366.000	15020.210	730.000
1.150	6514.000	14954.147	885.000
1.160	6663.000	14937.903	970.000
1.170	6813.000	14956.532	1003.000
1.180	6966.000	15059.572	895.000
1.190	7118.000	15101.701	867.000
1.200	7272.000	15191.190	754.000
1.210	7428.000	15313.833	572.000
1.220	7584.000	15399.683	427.000
1.230	7740.000	15459.778	307.000
1.240	7895.000	15471.845	255.000
1.250	8050.000	15480.291	206.000
1.260	8205.000	15486.204	159.000
1.270	8359.000	15460.343	163.000
1.280	8512.000	15412.240	208.000
1.290	8666.000	15408.568	189.000
1.300	8815.000	15255.998	412.000
1.310	8966.000	15209.198	492.000
1.320	9115.000	15116.439	655.000
1.330	9267.000	15141.507	644.000
1.340	9416.000	15069.055	787.000
1.350	9568.000	15108.339	762.000
1.360	9721.000	15165.837	700.000
1.370	9875.000	15236.086	607.000
1.380	10028.000	15255.260	584.000
1.390	10181.000	15268.682	566.000
1.400	10336.000	15338.077	456.000
1.410	10490.000	15356.654	415.000
1.420	10644.000	15369.658	379.000
1.430	10799.000	15408.761	299.000
1.440	10953.000	15406.132	280.000
1.450	11107.000	15404.293	260.000
1.460	11263.000	15463.005	142.000
1.470	11414.000	15354.103	284.000
1.480	11568.000	15367.872	248.000
1.490	11719.000	15287.511	362.000
1.500	11872.000	15291.257	354.000
1.510	12024.000	15263.880	396.000
1.520	12176.000	15244.716	430.000
1.530	12328.000	15231.301	458.000
1.540	12481.000	15251.911	433.000
1.550	12635.000	15296.338	366.000
1.560	12788.000	15297.436	361.000
1.570	12943.000	15358.205	260.000
1.580	13097.000	15370.744	225.000
1.590	13248.000	15289.521	339.000
1.600	13401.000	15292.664	332.000
1.610	13553.000	15264.865	375.000
1.620	13706.000	15275.406	360.000
1.630	13859.000	15282.784	349.000
1.640	14008.000	15167.949	534.000
1.650	14159.000	15147.564	587.000
1.660	14309.000	15103.295	683.000
1.670	14459.000	15072.306	765.000
1.680	14611.000	15110.614	741.000
1.690	14761.000	15077.430	826.000
1.700	14913.000	15114.201	803.000
1.710	15066.000	15169.941	743.000
1.720	15218.000	15178.959	748.000
1.730	15371.000	15215.271	708.000
1.740	15525.000	15270.690	630.000
1.750	15680.000	15339.483	520.000
1.760	15835.000	15387.638	431.000
1.770	15992.000	15481.347	259.000
1.780	16145.000	15426.943	310.000
1.790	16300.000	15448.860	248.000
1.800	16455.000	15464.202	192.000
1.810	16609.000	15444.941	189.000
1.820	16766.000	15521.459	35.000
1.830	16918.000	15425.021	146.000
1.840	17069.000	15327.515	277.000
1.850	17222.000	15319.260	282.000
1.860	17374.000	15283.482	332.000
1.870	17527.000	15288.438	324.000
1.880	17677.000	15201.906	462.000
1.890	17829.000	15201.334	477.000
1.900	17981.000	15200.934	492.000
1.910	18134.000	15230.654	458.000
1.920	18286.000	15221.458	482.000
1.930	18439.000	15245.020	454.000
1.940	18594.000	15321.514	336.000
1.950	18745.000	15255.060	436.000
1.960	18897.000	15238.542	467.000
1.970	19048.000	15196.979	542.000
1.980	19200.000	15197.886	555.000
1.990	19352.000	15198.520	569.000
2.000	19502.000	15138.964	680.000
2.010	19655.000	15187.275	628.000
2.020	19805.000	15131.092	735.000
2.030	19955.000	15091.765	826.000
2.040	20109.000	15184.235	711.000
2.050	20260.000	15158.965	769.000
2.060	20413.000	15201.275	722.000
2.070	20567.000	15260.893	640.000
2.080	20719.000	15242.625	673.000
2.090	20873.000	15289.837	603.000
2.100	21027.000	15322.886	548.000
2.110	21182.000	15376.020	454.000
2.120	21337.000	15413.214	376.000
2.130	21493.000	15469.250	260.000
2.140	21646.000	15418.475	308.000
2.150	21800.000	15412.932	291.000
2.160	21953.000	15379.053	321.000
2.170	22107.000	15385.337	293.000
2.180	22259.000	15329.736	363.000
2.190	22413.000	15350.815	320.000
2.200	22565.000	15305.571	380.000
2.210	22718.000	15303.899	378.000
2.220	22871.000	15302.730	375.000
2.230	23023.000	15271.911	420.000
2.240	23176.000	15280.337	408.000
2.250	23330.000	15316.236	350.000
2.260	23484.000	15341.365	302.000
2.270	23637.000	15328.956	311.000
2.280	23789.000	15290.269	364.000
2.290	23943.000	15323.188	309.000
2.300	24094.000	15256.232	409.000
2.310	24246.000	15239.362	441.000
2.320	24398.000	15227.554	467.000
2.330	24548.000	15159.288	587.000
2.340	24700.000	15171.501	589.000
2.350	24851.000	15150.051	643.000
2.360	25002.000	15135.036	691.000
2.370	25154.000	15154.525	686.000
2.380	25307.000	15198.167	638.000
2.390	25458.000	15168.717	701.000
2.400	25611.000	15208.102	657.000
2.410	25764.000	15235.671	625.000
2.420	25918.000	15284.970	553.000
2.430	26072.000	15319.479	496.000
2.440	26226.000	15343.635	450.000
2.450	26380.000	15360.545	411.000
2.460	26535.000	15402.381	328.000
2.470	26690.000	15431.667	258.000
2.480	26844.000	15422.167	245.000
2.490	26999.000	15445.517	181.000
2.500	27152.000	15401.862	221.000
2.510	27305.000	15371.303	248.000
2.520	27458.000	15349.912	266.000
2.530	27609.000	15274.939	374.000
2.540	27763.000	15312.457	314.000
2.550	27915.000	15278.720	363.000
2.560	28068.000	15285.104	353.000
2.570	28219.000	15229.573	441.000
2.580	28371.000	15220.701	465.000
2.590	28523.000	15214.491	485.000
2.600	28677.000	15270.143	407.000
2.610	28828.000	15219.100	491.000
2.620	28980.000	15213.370	511.000
2.630	29131.000	15179.359	579.000
2.640	29285.000	15245.551	490.000
2.650	29439.000	15291.886	421.000
2.660	29593.000	15324.320	366.000
2.670	29745.000	15287.024	418.000
2.680	29898.000	15290.917	410.000
2.690	30050.000	15263.642	452.000
2.700	30201.000	15214.549	534.000
2.710	30354.000	15240.184	505.000
2.720	30504.000	15168.129	628.000
2.730	30655.000	15147.690	682.000
2.740	30806.000	15133.383	729.000
2.750	30957.000	15123.368	772.000
2.760	31109.000	15146.358	763.000
2.770	31263.000	15222.450	664.000
2.780	31416.000	15245.715	637.000
2.790	31570.000	15292.001	568.000
2.800	31724.000	15324.401	513.000
2.810	31879.000	15377.080	419.000
2.820	32034.000	15413.956	342.000
2.830	32189.000	15439.769	275.000
2.840	32343.000	15427.839	265.000
2.850	32497.000	15419.487	251.000
2.860	32651.000	15413.641	235.000
2.870	32805.000	15409.549	217.000
2.880	32959.000	15406.684	198.000
2.890	33111.000	15344.679	274.000
2.900	33264.000	15331.275	284.000
2.910	33416.000	15291.893	338.000
2.920	33569.000	15294.325	332.000
2.930	33726.000	15416.027	132.000
2.940	33872.000	15171.219	503.000
2.950	34024.000	15179.853	509.000
2.960	34176.000	15185.897	517.000
2.970	34328.000	15190.128	527.000
2.980	34488.000	15433.090	150.000
2.990	34632.000	15123.163	624.000
3.000	34785.000	15176.214	567.000
3.010	34936.000	15153.350	622.000
3.020	35088.000	15167.345	623.000
3.030	35241.000	15207.141	579.000
3.040	35394.000	15234.999	547.000
3.050	35546.000	15224.499	572.000
3.060	35699.000	15247.149	545.000
3.070	35851.000	15233.005	574.000
3.080	36004.000	15253.103	550.000
3.090	36156.000	15237.172	580.000
3.100	36309.000	15256.021	557.000
3.110	36462.000	15269.214	540.000
3.120	36614.000	15248.450	575.000
3.130	36767.000	15263.915	556.000
3.140	36921.000	15304.741	493.000
3.150	37074.000	15303.318	490.000
3.160	37227.000	15302.323	487.000
3.170	37381.000	15331.626	435.000
3.180	37536.000	15382.138	344.000
3.190	37687.000	15297.497	462.000
3.200	37840.000	15298.248	458.000
3.210	37995.000	15358.773	356.000
3.220	38146.000	15281.141	467.000
3.230	38299.000	15286.799	457.000
3.240	38451.000	15260.759	498.000
3.250	38605.000	15302.531	434.000
3.260	38757.000	15271.772	479.000
3.270	38911.000	15310.240	418.000
3.280	39064.000	15307.168	418.000
3.290	39218.000	15335.018	367.000
3.300	39372.000	15354.512	325.000
3.310	39525.000	15338.159	338.000
3.320	39679.000	15356.711	297.000
3.330	39831.000	15309.698	359.000
3.340	39986.000	15366.788	261.000
3.350	40136.000	15256.752	423.000
3.360	40288.000	15239.726	455.000
3.370	40441.000	15257.808	432.000
3.380	40593.000	15240.466	464.000
3.390	40743.000	15168.326	588.000
3.400	40895.000	15177.828	593.000
3.410	41045.000	15124.480	698.000
3.420	41195.000	15087.136	787.000
3.430	41346.000	15090.995	815.000
3.440	41497.000	15093.697	845.000
3.450	41649.000	15125.588	828.000
3.460	41803.000	15207.911	723.000
3.470	41954.000	15175.538	788.000
3.480	42107.000	15212.877	746.000
3.490	42261.000	15269.014	668.000
3.500	42417.000	15368.310	509.000
3.510	42571.000	15377.817	477.000
3.520	42727.000	15444.472	351.000
3.530	42882.000	15461.130	294.000
3.540	43035.000	15412.791	338.000
3.550	43191.000	15468.954	223.000
3.560	43345.000	15448.268	222.000
3.570	43499.000	15433.787	214.000
3.580	43653.000	15423.651	202.000
3.590	43806.000	15386.556	236.000
3.600	43958.000	15330.589	307.000
3.610	44111.000	15321.412	312.000
3.620	44264.000	15314.989	315.000
3.630	44417.000	15310.492	315.000
3.640	44568.000	15247.344	412.000
3.650	44721.000	15263.141	392.000
3.660	44873.000	15244.199	425.000
3.670	45026.000	15260.939	405.000
3.680	45179.000	15272.657	389.000
3.690	45331.000	15250.860	425.000
3.700	45483.000	15235.602	455.000
3.710	45637.000	15284.921	383.000
3.720	45787.000	15199.445	520.000
3.730	45939.000	15199.612	535.000
3.740	46090.000	15169.728	598.000
3.750	46242.000	15178.810	603.000
3.760	46394.000	15185.167	611.000
3.770	46547.000	15219.617	572.000
3.780	46697.000	15153.732	690.000
3.790	46850.000	15197.612	642.000
3.800	47004.000	15258.329	558.000
3.810	47157.000	15270.830	542.000
3.820	47310.000	15279.581	529.000
3.830	47466.000	15375.707	373.000
3.840	47618.000	15322.995	441.000
3.850	47772.000	15346.096	395.000
3.860	47926.000	15362.267	357.000
3.870	48079.000	15343.587	372.000
3.880	48234.000	15390.511	284.000
3.890	48387.000	15363.358	308.000
3.900	48540.000	15344.350	323.000
3.910	48694.000	15361.045	284.000
3.920	48847.000	15342.732	298.000
3.930	49000.000	15329.912	308.000
3.940	49153.000	15320.939	313.000
3.950	49306.000	15314.657	315.000
3.960	49458.000	15280.260	364.000
3.970	49611.000	15286.182	354.000
3.980	49764.000	15290.327	346.000
3.990	49916.000	15263.229	388.000
4.000	50069.000	15274.260	373.000
4.010	50223.000	15311.982	313.000
4.020	50376.000	15308.388	313.000
4.030	50527.000	15245.871	408.000
4.040	50680.000	15262.110	388.000
4.050	50832.000	15243.477	421.000
4.060	50984.000	15230.434	449.000
4.070	51136.000	15221.304	473.000
4.080	51287.000	15184.913	542.000
4.090	51438.000	15159.439	601.000
4.100	51588.000	15111.607	700.000
4.110	51739.000	15108.125	736.000
4.120	51891.000	15135.688	723.000
4.130	52044.000	15184.981	669.000
4.140	52195.000	15159.487	728.000
4.150	52347.000	15171.641	730.000
4.160	52501.000	15240.149	639.000
4.170	52655.000	15288.104	568.000
4.180	52809.000	15321.673	512.000
4.190	52963.000	15345.171	466.000
4.200	53116.000	15331.620	476.000
4.210	53273.000	15442.134	287.000
4.220	53427.000	15429.494	278.000
4.230	53581.000	15420.646	265.000
4.240	53734.000	15384.452	297.000
4.250	53888.000	15389.116	270.000
4.260	54040.000	15332.381	342.000
4.270	54193.000	15322.667	348.000
4.280	54345.000	15285.867	399.000
4.290	54496.000	15230.107	488.000
4.300	54648.000	15221.075	512.000
4.310	54800.000	15214.752	533.000
4.320	54952.000	15210.327	552.000
4.330	55106.000	15267.229	472.000
4.340	55257.000	15217.060	555.000
4.350	55413.000	15331.942	381.000
4.360	55564.000	15262.359	484.000
4.370	55718.000	15303.652	420.000
4.380	55871.000	15302.556	417.000
4.390	56023.000	15271.789	463.000
4.400	56175.000	15250.252	499.000
4.410	56328.000	15265.177	480.000
4.420	56479.000	15215.624	563.000
4.430	56632.000	15240.937	533.000
4.440	56784.000	15228.656	560.000
4.450	56936.000	15220.059	583.000
4.460	57087.000	15184.041	652.000
4.470	57239.000	15188.829	662.000
4.480	57390.000	15162.180	721.000
4.490	57542.000	15173.526	724.000
4.500	57694.000	15181.468	731.000
4.510	57847.000	15217.028	691.000
4.520	58001.000	15271.919	613.000
4.530	58153.000	15250.344	650.000
4.540	58305.000	15235.241	679.000
4.550	58461.000	15344.668	510.000
4.560	58617.000	15421.268	374.000
4.570	58772.000	15444.888	310.000
4.580	58929.000	15521.421	156.000
4.590	59082.000	15454.995	219.000
4.600	59236.000	15438.496	213.000
4.610	59390.000	15426.947	203.000
4.620	59544.000	15418.863	189.000
4.630	59697.000	15383.204	221.000
4.640	59848.000	15298.243	339.000
4.650	60000.000	15268.770	383.000
4.660	60152.000	15248.139	418.000
4.670	60305.000	15263.697	399.000
4.680	60458.000	15274.588	384.000
4.690	60613.000	15342.212	275.000
4.700	60763.000	15239.548	430.000
4.710	60916.000	15257.684	408.000
4.720	61068.000	15240.379	440.000
4.730	61223.000	15318.265	321.000
4.740	61375.000	15282.786	371.000
4.750	61528.000	15287.950	362.000
4.760	61681.000	15291.565	354.000
4.770	61833.000	15264.095	396.000
4.780	61985.000	15244.867	430.000
4.790	62135.000	15171.407	555.000
4.800	62287.000	15179.985	561.000
4.810	62438.000	15155.989	618.000
4.820	62590.000	15169.193	619.000
4.830	62742.000	15178.435	624.000
4.840	62894.000	15184.904	632.000
4.850	63046.000	15189.433	642.000
4.860	63200.000	15252.603	556.000
4.870	63353.000	15266.822	538.000
4.880	63508.000	15336.776	427.000
4.890	63661.000	15325.743	434.000
4.900	63814.000	15318.020	438.000
4.910	63969.000	15372.614	343.000
4.920	64123.000	15380.830	312.000
4.930	64276.000	15356.581	333.000
4.940	64429.000	15339.607	346.000
4.950	64583.000	15357.725	305.000
4.960	64737.000	15370.407	270.000
4.970	64889.000	15319.285	336.000
4.980	65041.000	15283.500	387.000
4.990	65193.000	15258.450	427.000
5.000	65345.000	15240.915	4581.000
5.010	65504.000	15438.640	4734.000
5.020	65673.000	15877.048	4461.000
5.030	65853.000	16513.934	3787.000
5.040	66042.000	17229.754	2869.000
5.050	66239.000	17970.828	1778.000
5.060	66444.000	18729.579	523.000
5.070	66644.000	19110.705	-259.000
5.080	66847.000	19467.494	-1072.000
5.090	67046.000	19597.246	-1583.000
5.100	67244.000	19658.072	-2006.000
5.110	67429.000	19310.650	-1779.000
5.120	67611.000	18977.455	-1512.000
5.130	67788.000	18594.219	-1102.000
5.140	67960.000	18175.953	-566.000
5.150	68126.000	17703.167	135.000
5.160	68292.000	17372.217	693.000
5.170	68456.000	17080.552	1248.000
5.180	68622.000	16936.386	1618.000
5.190	68789.000	16865.470	1895.000
5.200	68960.000	16935.829	1957.000
5.210	69134.000	17075.081	1895.000
5.220	69312.000	17292.556	1680.000
5.230	69493.000	17534.789	1386.000
5.240	69677.000	17794.353	1019.000
5.250	69862.000	18006.047	682.000
5.260	70049.000	18214.233	311.000
5.270	70236.000	18359.963	4.000
5.280	70422.000	18431.974	-210.000
5.290	70608.000	18482.382	-403.000
5.300	70791.000	18427.667	-435.000
5.310	70972.000	18329.367	-386.000
5.320	71152.000	18230.557	-318.000
5.330	71329.000	18071.390	-135.000
5.340	71505.000	17929.973	49.000
5.350	71678.000	17740.981	336.000
5.360	71852.000	17638.687	517.000
5.370	72026.000	17567.081	667.000
5.380	72200.000	17516.956	796.000
5.390	72375.000	17511.870	860.000
5.400	72549.000	17478.309	972.000
5.410	72726.000	17544.816	928.000
5.420	72902.000	17561.371	952.000
5.430	73080.000	17632.960	885.000
5.440	73258.000	17683.072	839.000
5.450	73437.000	17748.150	760.000
5.460	73617.000	17823.705	651.000
5.470	73798.000	17906.594	518.000
5.480	73978.000	17934.616	457.000
5.490	74159.000	17984.231	357.000
5.500	74340.000	18018.962	272.000
5.510	74520.000	18013.273	245.000
5.520	74700.000	18009.291	217.000
5.530	74880.000	18006.504	188.000
5.540	75058.000	17944.553	255.000
5.550	75238.000	17961.187	207.000
5.560	75414.000	17852.831	357.000
5.570	75592.000	17836.982	378.000
5.580	75769.000	17795.887	442.000
5.590	75946.000	17767.121	494.000
5.600	76124.000	17776.985	489.000
5.610	76303.000	17813.889	438.000
5.620	76481.000	17809.722	447.000
5.630	76660.000	17836.806	406.000
5.640	76840.000	17885.764	324.000
5.650	77020.000	17920.035	258.000
5.660	77198.000	17884.024	299.000
5.670	77377.000	17888.817	280.000
5.680	77554.000	17832.172	360.000
5.690	77732.000	17822.520	375.000
5.700	77909.000	17785.764	435.000
5.710	78086.000	17760.035	484.000
5.720	78264.000	17772.024	476.000
5.730	78441.000	17750.417	521.000
5.740	78617.000	17705.292	608.000
5.750	78795.000	17733.704	584.000
5.760	78971.000	17693.593	665.000
5.770	79149.000	17725.515	638.000
5.780	79326.000	17717.861	668.000
5.790	79506.000	17802.502	551.000
5.800	79688.000	17921.752	362.000
5.810	79866.000	17885.226	404.000
5.820	80045.000	17889.658	386.000
5.830	80224.000	17892.761	369.000
5.840	80404.000	17924.933	304.000
5.850	80582.000	17887.453	347.000
5.860	80764.000	17981.217	184.000
5.870	80941.000	17896.852	292.000
5.880	81120.000	17897.796	277.000
5.890	81298.000	17868.457	311.000
5.900	81476.000	17847.920	337.000
5.910	81653.000	17803.544	404.000
5.920	81830.000	17772.481	459.000
5.930	82007.000	17750.737	503.000
5.940	82185.000	17765.516	493.000
5.950	82362.000	17745.861	536.000
5.960	82540.000	17762.103	524.000
5.970	82718.000	17773.472	517.000
5.980	82896.000	17781.430	514.000
5.990	83073.000	17757.001	562.000
6.000	83252.000	17799.901	505.000
6.010	83428.000	17739.931	606.000
6.020	83604.000	17697.951	690.000
6.030	83782.000	17728.566	664.000
6.040	83959.000	17719.996	695.000
6.050	84137.000	17743.997	676.000
6.060	84315.000	17760.798	663.000
6.070	84493.000	17772.559	656.000
6.080	84671.000	17780.791	653.000
6.090	84849.000	17786.554	651.000
6.100	85028.000	17820.588	603.000
6.110	85206.000	17814.411	614.000
6.120	85386.000	17870.088	526.000
6.130	85566.000	17909.062	455.000
6.140	85745.000	17906.343	444.000
6.150	85924.000	17904.440	432.000
6.160	86104.000	17933.108	371.000
6.170	86284.000	17953.176	319.000
6.180	86463.000	17937.223	321.000
6.190	86641.000	17896.056	368.000
6.200	86820.000	17897.239	353.000
6.210	86998.000	17868.067	387.000
6.220	87176.000	17847.647	412.000
6.230	87356.000	17893.353	334.000
6.240	87534.000	17865.347	367.000
6.250	87712.000	17845.743	391.000
6.260	87890.000	17832.020	410.000
6.270	88068.000	17822.414	424.000
6.280	88247.000	17845.690	387.000
6.290	88424.000	17801.983	454.000
6.300	88601.000	17771.388	508.000
6.310	88778.000	17749.972	552.000
6.320	88955.000	17734.980	590.000
6.330	89132.000	17724.486	624.000
6.340	89308.000	17687.140	703.000
6.350	89485.000	17690.998	722.000
6.360	89662.000	17693.699	742.000
6.370	89840.000	17725.589	714.000
6.380	90019.000	17777.912	648.000
6.390	90198.000	17814.539	597.000
6.400	90378.000	17870.177	509.000
6.410	90557.000	17879.124	487.000
6.420	90737.000	17915.387	418.000
6.430	90917.000	17940.771	360.000
6.440	91098.000	17988.540	262.000
6.450	91276.000	17931.978	324.000
6.460	91457.000	17982.384	223.000
6.470	91636.000	17957.669	234.000
6.480	91816.000	17970.368	189.000
6.490	91994.000	17919.258	245.000
6.500	92172.000	17883.480	286.000
6.510	92350.000	17858.436	316.000
6.520	92529.000	17870.905	290.000
6.530	92707.000	17849.634	316.000
6.540	92884.000	17804.744	384.000
6.550	93061.000	17773.321	438.000
6.560	93239.000	17781.324	435.000
6.570	93416.000	17756.927	483.000
6.580	93595.000	17799.849	426.000
6.590	93772.000	17769.894	479.000
6.600	93950.000	17778.926	474.000
6.610	94127.000	17755.248	521.000
6.620	94303.000	17708.674	609.000
6.630	94481.000	17736.072	586.000
6.640	94656.000	17665.250	717.000
6.650	94832.000	17645.675	778.000
6.660	95007.000	17601.973	882.000
6.670	95185.000	17661.381	827.000
6.680	95364.000	17732.967	741.000
6.690	95542.000	17753.077	725.000
6.700	95720.000	17767.154	716.000
6.710	95901.000	17867.008	565.000
6.720	96083.000	17966.905	395.000
6.730	96263.000	17976.834	353.000
6.740	96444.000	18013.784	266.000
6.750	96624.000	18009.649	238.000
6.760	96806.000	18066.754	112.000
6.770	96986.000	18046.728	100.000
6.780	97166.000	18032.709	82.000
6.790	97344.000	17962.897	157.000
6.800	97522.000	17914.028	211.000
6.810	97700.000	17879.819	250.000
6.820	97877.000	17825.874	327.000
6.830	98056.000	17848.111	291.000
6.840	98231.000	17743.678	456.000
6.850	98408.000	17730.575	492.000
6.860	98584.000	17691.402	573.000
6.870	98761.000	17693.982	594.000
6.880	98938.000	17695.787	615.000
6.890	99115.000	17697.051	636.000
6.900	99293.000	17727.936	610.000
6.910	99470.000	17719.555	641.000
6.920	99648.000	17743.688	621.000
6.930	99825.000	17730.582	658.000
6.940	100002.000	17721.407	690.000
6.950	100179.000	17714.985	719.000
6.960	100357.000	17740.490	698.000
6.970	100535.000	17758.343	685.000
6.980	100714.000	17800.840	628.000
6.990	100893.000	17830.588	585.000
7.000	101074.000	17911.412	453.000
7.010	101253.000	17907.988	443.000
7.020	101432.000	17905.592	431.000
7.030	101611.000	17903.914	419.000
7.040	101791.000	17932.740	358.000
7.050	101972.000	17982.918	257.000
7.060	102150.000	17928.043	317.000
7.070	102328.000	17889.630	361.000
7.080	102507.000	17892.741	344.000
7.090	102686.000	17894.919	328.000
7.100	102865.000	17896.443	313.000
7.110	103044.000	17897.510	298.000
7.120	103221.000	17838.257	381.000
7.130	103398.000	17796.780	446.000
7.140	103576.000	17797.746	449.000
7.150	103755.000	17828.422	405.000
7.160	103931.000	17759.896	515.000
7.170	104109.000	17771.927	507.000
7.180	104287.000	17780.349	504.000
7.190	104464.000	17756.244	551.000
7.200	104642.000	17769.371	542.000
7.210	104819.000	17748.560	586.000
7.220	104996.000	17733.992	624.000
7.230	105174.000	17753.794	608.000
7.240	105351.000	17737.656	648.000
7.250	105529.000	17756.359	633.000
7.260	105708.000	17799.451	576.000
7.270	105886.000	17799.616	581.000
7.280	106066.000	17859.731	488.000
7.290	106246.000	17901.812	414.000
7.300	106426.000	17931.268	352.000
7.310	106607.000	17981.888	251.000
7.320	106785.000	17927.321	310.000
7.330	106964.000	17919.125	305.000
7.340	107143.000	17913.388	297.000
7.350	107321.000	17879.371	336.000
7.360	107499.000	17855.560	365.000
7.370	107677.000	17838.892	386.000
7.380	107854.000	17797.224	451.000
7.390	108032.000	17798.057	455.000
7.400	108210.000	17798.640	459.000
7.410	108388.000	17799.048	463.000
7.420	108566.000	17799.334	468.000
7.430	108745.000	17829.533	423.000
7.440	108922.000	17790.673	486.000
7.450	109101.000	17823.471	439.000
7.460	109280.000	17846.430	402.000
7.470	109458.000	17832.501	421.000
7.480	109636.000	17822.751	435.000
7.490	109813.000	17785.925	495.000
7.500	109990.000	17760.148	544.000
7.510	110168.000	17772.103	537.000
7.520	110345.000	17750.472	581.000
7.530	110522.000	17735.331	620.000
7.540	110700.000	17754.731	605.000
7.550	110878.000	17768.312	596.000
7.560	111055.000	17747.818	639.000
7.570	111233.000	17763.473	628.000
7.580	111411.000	17774.431	622.000
7.590	111589.000	17782.102	619.000
7.600	111769.000	17847.471	521.000
7.610	111949.000	17893.230	443.000
7.620	112127.000	17865.261	475.000
7.630	112307.000	17905.683	403.000
7.640	112487.000	17933.978	342.000
7.650	112667.000	17953.784	290.000
7.660	112847.000	17967.649	244.000
7.670	113026.000	17947.354	251.000
7.680	113206.000	17963.148	203.000
7.690	113384.000	17914.204	257.000
7.700	113562.000	17879.943	296.000
7.710	113740.000	17855.960	325.000
7.720	113918.000	17839.172	347.000
7.730	114096.000	17827.420	363.000
7.740	114274.000	17819.194	376.000
7.750	114452.000	17813.436	387.000
7.760	114630.000	17809.405	395.000
7.770	114807.000	17776.584	451.000
7.780	114984.000	17753.609	497.000
7.790	115161.000	17737.526	537.000
7.800	115338.000	17726.268	571.000
7.810	115515.000	17718.388	602.000
7.820	115691.000	17682.871	679.000
7.830	115868.000	17688.010	697.000
7.840	116046.000	17721.607	667.000
7.850	116222.000	17685.125	745.000
7.860	116399.000	17689.587	764.000
7.870	116578.000	17752.711	686.000
7.880	116756.000	17766.898	677.000
7.890	116936.000	17836.828	574.000
7.900	117114.000	17825.780	590.000
7.910	117294.000	17878.046	505.000
7.920	117474.000	17914.632	437.000
7.930	117654.000	17940.243	379.000
7.940	117833.000	17928.170	377.000
7.950	118014.000	17979.719	275.000
7.960	118192.000	17925.803	334.000
7.970	118371.000	17918.062	328.000
7.980	118549.000	17882.644	368.000
7.990	118727.000	17857.850	398.000
8.000	118906.000	17870.495	372.000
8.010	119085.000	17879.347	349.000
8.020	119263.000	17855.543	378.000
8.030	119444.000	17928.880	253.000
8.040	119620.000	17830.216	394.000
8.050	119798.000	17821.151	408.000
8.060	119976.000	17814.806	419.000
8.070	120154.000	17810.364	428.000
8.080	120332.000	17807.255	436.000
8.090	120509.000	17775.078	491.000
8.100	120686.000	17752.555	537.000
8.110	120863.000	17736.788	576.000
8.120	121039.000	17695.752	658.000
8.130	121215.000	17667.026	729.000
8.140	121391.000	17646.918	790.000
8.150	121567.000	17632.843	846.000
8.160	121743.000	17622.990	897.000
8.170	121920.000	17646.093	896.000
8.180	122098.000	17692.265	854.000
8.190	122276.000	17724.586	827.000
8.200	122456.000	17807.210	711.000
8.210	122637.000	17895.047	572.000
8.220	122817.000	17926.533	509.000
8.230	122999.000	18008.573	357.000
8.240	123180.000	18036.001	279.000
8.250	123363.000	18115.201	113.000
8.260	123543.000	18080.641	115.000
8.270	123723.000	18056.448	108.000
8.280	123904.000	18069.514	44.000
8.290	124082.000	17988.660	131.000
8.300	124260.000	17932.062	192.000
8.310	124439.000	17922.443	188.000
8.320	124616.000	17855.710	278.000
8.330	124793.000	17808.997	349.000
8.340	124969.000	17746.298	453.000
8.350	125146.000	17732.409	490.000
8.360	125323.000	17722.686	523.000
8.370	125501.000	17745.880	504.000
8.380	125679.000	17762.116	492.000
8.390	125858.000	17803.481	437.000
8.400	126033.000	17712.437	588.000
8.410	126210.000	17708.706	615.000
8.420	126385.000	17646.094	738.000
8.430	126563.000	17692.266	696.000
8.440	126741.000	17724.586	668.000
8.450	126920.000	17777.210	601.000
8.460	127097.000	17754.047	647.000
8.470	127277.000	17827.833	541.000
8.480	127454.000	17789.483	603.000
8.490	127634.000	17852.638	507.000
8.500	127814.000	17896.847	430.000
8.510	127995.000	17957.793	319.000
8.520	128172.000	17880.455	419.000
8.530	128353.000	17946.318	303.000
8.540	128532.000	17932.423	303.000
8.550	128711.000	17922.696	299.000
8.560	128891.000	17945.887	244.000
8.570	129070.000	17932.121	244.000
8.580	129248.000	17892.485	289.000
8.590	129426.000	17864.739	321.000
8.600	129605.000	17875.318	297.000
8.610	129783.000	17852.722	324.000
8.620	129961.000	17836.906	345.000
8.630	130138.000	17795.834	409.000
8.640	130316.000	17797.084	413.000
8.650	130494.000	17797.959	416.000
8.660	130671.000	17768.571	469.000
8.670	130849.000	17778.000	464.000
8.680	131026.000	17754.600	511.000
8.690	131203.000	17738.220	550.000
8.700	131380.000	17726.754	585.000
8.710	131557.000	17718.728	616.000
8.720	131736.000	17773.109	547.000
8.730	131911.000	17691.177	689.000
8.740	132089.000	17723.824	661.000
8.750	132265.000	17686.677	740.000
8.760	132443.000	17720.674	710.000
8.770	132621.000	17744.471	691.000
8.780	132800.000	17791.130	630.000
8.790	132962.000	17313.791	1409.000
8.800	133143.000	17549.654	1121.000
8.810	133326.000	17774.758	807.000
8.820	133510.000	17962.330	513.000
8.830	133695.000	18123.631	226.000
8.840	133880.000	18236.542	-11.000
8.850	134063.000	18255.579	-117.000
8.860	134245.000	18238.906	-169.000
8.870	134427.000	18227.234	-226.000
8.880	134606.000	18129.064	-140.000
8.890	134786.000	18090.345	-133.000
8.900	134961.000	17913.241	105.000
8.910	135136.000	17789.269	289.000
8.920	135311.000	17702.488	436.000
8.930	135484.000	17581.742	654.000
8.940	135658.000	17527.219	787.000
8.950	135835.000	17579.053	758.000
8.960	136009.000	17525.337	890.000
8.970	136185.000	17547.736	909.000
8.980	136363.000	17623.415	837.000
8.990	136541.000	17676.391	788.000
9.000	136720.000	17743.474	707.000
9.010	136899.000	17790.431	646.000
9.020	137079.000	17853.302	550.000
9.030	137257.000	17837.311	571.000
9.040	137439.000	17946.118	393.000
9.050	137616.000	17872.283	490.000
9.060	137795.000	17880.598	468.000
9.070	137974.000	17886.418	449.000
9.080	138152.000	17860.493	479.000
9.090	138331.000	17872.345	454.000
9.100	138511.000	17910.642	383.000
9.110	138689.000	17877.449	421.000
9.120	138868.000	17884.214	401.000
9.130	139046.000	17858.950	431.000
9.140	139224.000	17841.265	453.000
9.150	139402.000	17828.886	471.000
9.160	139581.000	17850.220	435.000
9.170	139761.000	17895.154	358.000
9.180	139939.000	17866.608	391.000
9.190	140117.000	17846.625	416.000
9.200	140296.000	17862.638	386.000
9.210	140475.000	17873.846	361.000
9.220	140653.000	17851.693	388.000
9.230	140833.000	17896.185	312.000
9.240	141012.000	17897.329	297.000
9.250	141190.000	17868.131	331.000
9.260	141369.000	17877.691	307.000
9.270	141546.000	17824.384	384.000
9.280	141724.000	17817.069	396.000
9.290	141901.000	17781.948	455.000
9.300	142078.000	17757.364	502.000
9.310	142255.000	17740.155	543.000
9.320	142432.000	17728.108	578.000
9.330	142609.000	17719.676	609.000
9.340	142786.000	17713.773	638.000
9.350	142964.000	17739.641	617.000
9.360	143145.000	17847.749	457.000
9.370	143318.000	17683.424	719.000
9.380	143498.000	17778.397	591.000
9.390	143678.000	17844.878	492.000
9.400	143860.000	17951.414	316.000
9.410	144037.000	17875.990	415.000
9.420	144215.000	17853.193	443.000
9.430	144395.000	17897.235	367.000
9.440	144575.000	17928.065	303.000
9.450	144756.000	17979.645	201.000
9.460	144935.000	17955.752	212.000
9.470	145111.000	17849.026	360.000
9.480	145290.000	17864.318	331.000
9.490	145467.000	17815.023	404.000
9.500	145646.000	17840.516	365.000
9.510	145824.000	17828.361	382.000
9.520	146001.000	17789.853	443.000
9.530	146181.000	17852.897	348.000
9.540	146360.000	17867.028	320.000
9.550	146538.000	17846.920	345.000
9.560	146717.000	17862.844	315.000
9.570	146894.000	17813.991	387.000
9.580	147071.000	17779.793	445.000
9.590	147248.000	17755.855	492.000
9.600	147424.000	17709.099	580.000
9.610	147599.000	17646.369	703.000
9.620	147774.000	17602.458	807.000
9.630	147949.000	17571.721	897.000
9.640	148126.000	17610.205	881.000
9.650	148303.000	17637.143	877.000
9.660	148478.000	17596.000	978.000
9.670	148655.000	17627.200	970.000
9.680	148834.000	17709.040	874.000
9.690	149013.000	17766.328	802.000
9.700	149195.000	17896.430	602.000
9.710	149376.000	17957.501	490.000
9.720	149556.000	17970.251	446.000
9.730	149738.000	18039.175	308.000
9.740	149919.000	18057.423	239.000
9.750	150100.000	18070.196	176.000
9.760	150281.000	18079.137	116.000
9.770	150461.000	18055.396	108.000
9.780	150639.000	17978.777	190.000
9.790	150817.000	17925.144	249.000
9.800	150996.000	17917.601	243.000
9.810	151173.000	17852.321	332.000
9.820	151351.000	17836.624	352.000
9.830	151528.000	17795.637	416.000
9.840	151707.000	17826.946	371.000
9.850	151882.000	17728.862	530.000
9.860	152059.000	17720.204	561.000
9.870	152236.000	17714.142	590.000
9.880	152412.000	17679.900	666.000
9.890	152590.000	17715.930	634.000
9.900	152767.000	17711.151	662.000
9.910	152944.000	17707.806	688.000
9.920	153123.000	17765.464	617.000
9.930	153300.000	17745.825	659.000
9.940	153477.000	17732.077	696.000
9.950	153655.000	17752.454	680.000
9.960	153834.000	17796.718	622.000
9.970	154013.000	17827.703	577.000
9.980	154190.000	17789.392	639.000
9.990	154369.000	17822.574	592.000
10.000	154550.000	17905.802	457.000
10.010	154731.000	17964.061	348.000
10.020	154911.000	17974.843	305.000
10.030	155089.000	17922.390	363.000
10.040	155268.000	17915.673	356.000
10.050	155449.000	17970.971	250.000
10.060	155628.000	17949.680	258.000
10.070	155808.000	17964.776	211.000
10.080	155987.000	17945.343	216.000
10.090	156166.000	17931.740	217.000
10.100	156344.000	17892.218	261.000
10.110	156523.000	17894.553	245.000
10.120	156702.000	17896.187	230.000
10.130	156878.000	17807.331	361.000
10.140	157056.000	17805.132	367.000
10.150	157233.000	17773.592	422.000
10.160	157411.000	17781.514	419.000
10.170	157591.000	17847.060	321.000
10.180	157766.000	17742.942	485.000
10.190	157943.000	17730.059	521.000
10.200	158120.000	17721.042	553.000
10.210	158297.000	17714.729	583.000
10.220	158473.000	17680.310	658.000
10.230	158652.000	17746.217	578.000
10.240	158827.000	17672.352	712.000
10.250	159004.000	17680.646	727.000
10.260	159183.000	17746.453	647.000
10.270	159371.000	18062.517	150.000
10.280	159540.000	17713.762	671.000
10.290	159719.000	17769.633	601.000
10.300	159898.000	17808.743	548.000
10.310	160078.000	17866.120	458.000
10.320	160258.000	17906.284	385.000
10.330	160438.000	17934.399	325.000
10.340	160618.000	17954.079	273.000
10.350	160798.000	17967.855	227.000
10.360	160978.000	17977.499	186.000
10.370	161157.000	17954.249	195.000
10.380	161336.000	17937.974	198.000
10.390	161514.000	17896.582	245.000
10.400	161692.000	17867.607	278.000
10.410	161869.000	17817.325	352.000
10.420	162047.000	17812.128	362.000
10.430	162224.000	17778.489	419.000
10.440	162400.000	17724.943	514.000
10.450	162578.000	17747.460	496.000
10.460	162752.000	17643.222	679.000
10.470	162928.000	17630.255	733.000
10.480	163105.000	17651.179	735.000
10.490	163283.000	17695.825	695.000
10.500	163460.000	17697.078	716.000
10.510	163638.000	17727.954	690.000
10.520	163816.000	17749.568	673.000
10.530	163994.000	17764.698	662.000
10.540	164172.000	17775.288	656.000
10.550	164349.000	17752.702	702.000
10.560	164528.000	17796.891	644.000
10.570	164706.000	17797.824	647.000
10.580	164886.000	17858.477	554.000
10.590	165065.000	17870.934	528.000
10.600	165244.000	17879.654	505.000
10.610	165424.000	17915.758	437.000
10.620	165603.000	17911.030	428.000
10.630	165783.000	17937.721	369.000
10.640	165962.000	17926.405	367.000
10.650	166140.000	17888.483	410.000
10.660	166319.000	17891.938	393.000
10.670	166497.000	17864.357	425.000
10.680	166676.000	17875.050	401.000
10.690	166854.000	17852.535	428.000
10.700	167033.000	17866.774	400.000
10.710	167212.000	17876.742	376.000
10.720	167390.000	17853.719	404.000
10.730	167568.000	17837.604	425.000
10.740	167748.000	17886.323	344.000
10.750	167924.000	17800.426	472.000
10.760	168104.000	17860.298	379.000
10.770	168280.000	17782.209	499.000
10.780	168458.000	17787.546	499.000
10.790	168636.000	17791.282	499.000
10.800	168813.000	17763.898	550.000
10.810	168990.000	17744.728	592.000
10.820	169170.000	17821.310	483.000
10.830	169345.000	17724.917	640.000
10.840	169523.000	17747.442	622.000
10.850	169700.000	17733.209	659.000
10.860	169878.000	17753.246	644.000
10.870	170059.000	17857.273	488.000
10.880	170235.000	17780.091	607.000
10.890	170414.000	17816.064	557.000
10.900	170594.000	17871.244	470.000
10.910	170774.000	17909.871	399.000
10.920	170953.000	17906.910	388.000
10.930	171133.000	17934.837	328.000
10.940	171312.000	17924.386	325.000
10.950	171491.000	17917.070	319.000
10.960	171671.000	17941.949	262.000
10.970	171848.000	17869.364	358.000
10.980	172026.000	17848.555	383.000
10.990	172206.000	17893.989	305.000
11.000	172383.000	17835.792	387.000
11.010	172563.000	17885.054	305.000
11.020	172740.000	17829.538	384.000
11.030	172918.000	17820.677	398.000
11.040	173099.000	17904.474	263.000
11.050	173275.000	17813.132	397.000
11.060	173454.000	17839.192	357.000
11.070	173634.000	17887.434	276.000
11.080	173808.000	17741.204	501.000
11.090	173985.000	17728.843	537.000
11.100	174163.000	17750.190	520.000
11.110	174337.000	17645.133	704.000
11.120	174516.000	17721.593	613.000
11.130	174690.000	17625.115	788.000
11.140	174866.000	17617.581	837.000
11.150	175043.000	17642.306	835.000
11.160	175222.000	17719.615	743.000
11.170	175399.000	17713.730	772.000
11.180	175579.000	17799.611	654.000
11.190	175759.000	17859.728	561.000
11.200	175939.000	17901.809	486.000
11.210	176119.000	17931.267	425.000
11.220	176300.000	17981.887	323.000
11.230	176483.000	18077.321	140.000
11.240	176661.000	17994.124	229.000
11.250	176841.000	17995.887	195.000
11.260	177020.000	17967.121	210.000
11.270	177200.000	17976.985	168.000
11.280	177378.000	17923.889	227.000
11.290	177558.000	17946.722	172.000
11.300	177734.000	17842.706	318.000
11.310	177911.000	17799.894	384.000
11.320	178088.000	17769.926	437.000
11.330	178266.000	17778.948	433.000
11.340	178443.000	17755.264	479.000
11.350	178622.000	17798.685	422.000
11.360	178798.000	17739.079	523.000
11.370	178977.000	17787.355	461.000
11.380	179152.000	17701.149	607.000
11.390	179328.000	17670.804	679.000
11.400	179507.000	17739.563	596.000
11.410	179682.000	17667.694	728.000
11.420	179859.000	17677.386	742.000
11.430	180036.000	17684.170	758.000
11.440	180214.000	17718.919	727.000
11.450	180392.000	17743.243	707.000
11.460	180571.000	17790.270	646.000
11.470	180749.000	17793.189	648.000
11.480	180930.000	17885.232	505.000
11.490	181107.000	17829.663	584.000
11.500	181287.000	17880.764	500.000
11.510	181467.000	17916.535	432.000
11.520	181648.000	17971.574	326.000
11.530	181826.000	17920.102	383.000
11.540	182006.000	17944.071	327.000
11.550	182185.000	17930.850	326.000
11.560	182364.000	17921.595	322.000
11.570	182542.000	17885.116	364.000
11.580	182721.000	17889.582	345.000
11.590	182900.000	17892.707	329.000
11.600	183078.000	17864.895	361.000
11.610	183257.000	17875.426	337.000
11.620	183437.000	17912.799	267.000
11.630	183613.000	17818.959	403.000
11.640	183791.000	17813.271	413.000
11.650	183970.000	17839.290	374.000
11.660	184147.000	17797.503	439.000
11.670	184323.000	17738.252	540.000
11.680	184502.000	17786.776	477.000
11.690	184678.000	17730.744	575.000
11.700	184855.000	17721.520	607.000
11.710	185031.000	17685.064	685.000
11.720	185209.000	17719.545	655.000
11.730	185386.000	17713.682	684.000
11.740	185563.000	17709.577	711.000
11.750	185741.000	17736.704	688.000
11.760	185921.000	17815.693	577.000
11.770	186098.000	17780.985	634.000
11.780	186277.000	17816.689	585.000
11.790	186457.000	17871.683	497.000
11.800	186637.000	17910.178	427.000
11.810	186817.000	17937.124	367.000
11.820	186999.000	18015.987	219.000
11.830	187178.000	17981.191	241.000
11.840	187357.000	17956.834	252.000
11.850	187537.000	17969.784	207.000
11.860	187716.000	17948.849	214.000
11.870	187894.000	17904.194	264.000
11.880	188072.000	17872.936	300.000
11.890	188251.000	17881.055	278.000
11.900	188428.000	17826.739	356.000
11.910	188605.000	17788.717	417.000
11.920	188783.000	17792.102	418.000
11.930	188961.000	17794.471	420.000
11.940	189136.000	17706.130	569.000
11.950	189313.000	17704.291	594.000
11.960	189492.000	17763.004	521.000
11.970	189669.000	17744.103	563.000
11.980	189847.000	17760.872	551.000
11.990	190025.000	17772.610	543.000
12.000	190203.000	17780.827	540.000
12.010	190381.000	17786.579	0.000
12.020	190556.000	17700.605	0.000
12.030	190731.000	17640.424	0.000
12.040	190906.000	17598.297	0.000
12.050	191076.000	17418.808	0.000
12.060	191249.000	17383.165	0.000
12.070	191418.000	17238.216	0.000
12.080	191588.000	17166.751	0.000
12.090	191753.000	16966.726	0.000
12.100	191921.000	16916.708	0.000
12.110	192085.000	16761.696	0.000
12.120	192250.000	16683.187	0.000
12.130	192414.000	16598.231	0.000
12.140	192576.000	16478.762	0.000
12.150	192739.000	16425.133	0.000
12.160	192899.000	16297.593	0.000
12.170	193059.000	16208.315	0.000
12.180	193218.000	16115.821	0.000
12.190	193376.000	16021.074	0.000
12.200	193533.000	15924.752	0.000
12.210	193689.000	15827.326	0.000
12.220	193844.000	15729.129	0.000
12.230	193998.000	15630.390	0.000
12.240	194152.000	15561.273	0.000
12.250	194304.000	15452.891	0.000
12.260	194455.000	15347.024	0.000
12.270	194607.000	15302.917	0.000
12.280	194754.000	15122.042	0.000
12.290	194905.000	15115.429	0.000
12.300	195049.000	14900.800	0.000
12.310	195194.000	14780.560	0.000
12.320	195338.000	14666.392	0.000
12.330	195481.000	14556.475	0.000
12.340	195621.000	14389.532	0.000
12.350	195761.000	14272.673	0.000
12.360	195898.000	14100.871	0.000
12.370	196035.000	13980.610	0.000
12.380	196170.000	13836.427	0.000
12.390	196303.000	13675.499	0.000
12.400	196435.000	13532.849	0.000
12.410	196566.000	13402.994	0.000
12.420	196696.000	13282.096	0.000
12.430	196826.000	13197.467	0.000
12.440	196951.000	12988.227	0.000
12.450	197077.000	12871.759	0.000
12.460	197203.000	12790.231	0.000
12.470	197327.000	12673.162	0.000
12.480	197449.000	12531.213	0.000
12.490	197571.000	12431.849	0.000
12.500	197692.000	12332.295	0.000
12.510	197812.000	12232.606	0.000
12.520	197931.000	12132.824	0.000
12.530	198047.000	11972.977	0.000
12.540	198163.000	11861.084	0.000
12.550	198279.000	11782.759	0.000
12.560	198393.000	11667.931	0.000
12.570	198508.000	11617.552	0.000
12.580	198619.000	11462.286	0.000
12.590	198730.000	11353.600	0.000
12.600	198841.000	11277.520	0.000
12.610	198950.000	11164.264	0.000
12.620	199059.000	11084.985	0.000
12.630	199166.000	10969.489	0.000
12.640	199274.000	10918.643	0.000
12.650	199380.000	10823.050	0.000
12.660	199484.000	10696.135	0.000
12.670	199588.000	10607.294	0.000
12.680	199691.000	10515.106	0.000
12.690	199793.000	10420.574	0.000
12.700	199894.000	10324.402	0.000
12.710	199994.000	10227.081	0.000
12.720	200093.000	10128.957	0.000
12.730	200190.000	10000.270	0.000
12.740	200286.000	9880.189	0.000
12.750	200383.000	9826.132	0.000
12.760	200475.000	9638.293	0.000
12.770	200569.000	9566.805	0.000
12.780	200659.000	9396.763	0.000
12.790	200749.000	9277.734	0.000
12.800	200837.000	9134.414	0.000
12.810	200923.000	8974.090	0.000
12.820	201007.000	8801.863	0.000
12.830	201090.000	8651.304	0.000
12.840	201170.000	8455.913	0.000
12.850	201250.000	8319.139	0.000
12.860	201328.000	8163.397	0.000
12.870	201404.000	7994.378	0.000
12.880	201479.000	7846.065	0.000
12.890	201552.000	7682.245	0.000
12.900	201623.000	7507.572	0.000
12.910	201692.000	7325.300	0.000
12.920	201761.000	7197.710	0.000
12.930	201828.000	7048.397	0.000
12.940	201894.000	6913.878	0.000
12.950	201957.000	6729.715	0.000
12.960	202020.000	6600.800	0.000
12.970	202083.000	6510.560	0.000
12.980	202143.000	6357.392	0.000
12.990	202203.000	6250.174	0.000
13.000	202262.000	6145.122	0.000
13.010	202319.000	6011.585	0.000
13.020	202376.000	5918.110	0.000
13.030	202431.000	5792.677	0.000
13.040	202485.000	5674.874	0.000
13.050	202538.000	5562.412	0.000
13.060	202591.000	5483.688	0.000
13.070	202643.000	5398.582	0.000
13.080	202695.000	5339.007	0.000
13.090	202744.000	5207.305	0.000
13.100	202793.000	5115.114	0.000
13.110	202842.000	5050.579	0.000
13.120	202889.000	4945.406	0.000
13.130	202935.000	4841.784	0.000
13.140	202980.000	4739.249	0.000
13.150	203025.000	4667.474	0.000
13.160	203068.000	4557.232	0.000
13.170	203110.000	4450.062	0.000
13.180	203152.000	4375.044	0.000
13.190	203192.000	4262.531	0.000
13.200	203232.000	4183.771	0.000
13.210	203271.000	4098.640	0.000
13.220	203309.000	4009.048	0.000
13.230	203347.000	3946.334	0.000
13.240	203384.000	3872.434	0.000
13.250	203420.000	3790.703	0.000
13.260	203456.000	3733.492	0.000
13.270	203491.000	3663.445	0.000
13.280	203524.000	3554.411	0.000
13.290	203557.000	3478.088	0.000
13.300	203588.000	3364.662	0.000
13.310	203620.000	3315.263	0.000
13.320	203651.000	3250.684	0.000
13.330	203681.000	3175.479	0.000
13.340	203709.000	3062.835	0.000
13.350	203738.000	3013.985	0.000
13.360	203765.000	2919.789	0.000
13.370	203791.000	2823.852	0.000
13.380	203817.000	2756.697	0.000
13.390	203841.000	2649.688	0.000
13.400	203865.000	2574.781	0.000
13.410	203889.000	2522.347	0.000
13.420	203911.000	2425.643	0.000
13.430	203933.000	2357.950	0.000
13.440	203954.000	2280.565	0.000
13.450	203974.000	2196.396	0.000
13.460	203993.000	2107.477	0.000
13.470	204011.000	2015.234	0.000
13.480	204028.000	1920.664	0.000
13.490	204045.000	1854.465	0.000
13.500	204060.000	1748.125	0.000
13.510	204075.000	1673.688	0.000
13.520	204089.000	1591.581	0.000
13.530	204102.000	1504.107	0.000
13.540	204115.000	1442.875	0.000
13.550	204126.000	1340.012	0.000
13.560	204137.000	1268.009	0.000
13.570	204148.000	1217.606	0.000
13.580	204158.000	1152.324	0.000
13.590	204167.000	1076.627	0.000
13.600	204175.000	993.639	0.000
13.610	204183.000	935.547	0.000
13.620	204191.000	894.883	0.000
13.630	204197.000	806.418	0.000
13.640	204203.000	744.493	0.000
13.650	204208.000	671.145	0.000
13.660	204213.000	619.801	0.000
13.670	204217.000	553.861	0.000
13.680	204220.000	477.703	0.000
13.690	204222.000	394.392	0.000
13.700	204224.000	336.074	0.000
13.710	204225.000	265.252	0.000
13.720	204225.000	185.676	0.000
13.730	204225.000	129.973	0.000
13.740	204225.000	90.981	0.000
13.750	204224.000	33.687	0.000
13.760	204222.000	-36.419	0.000
13.770	204220.000	-85.493	0.000
13.780	204217.000	-149.845	0.000
13.790	204213.000	-224.892	0.000
13.800	204209.000	-277.424	0.000
13.810	204205.000	-314.197	0.000
13.820	204201.000	-339.938	0.000
13.830	204197.000	-357.957	0.000
13.840	204193.000	-370.570	0.000
13.850	204188.000	-409.399	0.000
13.860	204184.000	-406.579	0.000
13.870	204180.000	-404.605	0.000
13.880	204175.000	-433.224	0.000
13.890	204171.000	-423.257	0.000
13.900	204167.000	-416.280	0.000
13.910	204164.000	-381.396	0.000
13.920	204160.000	-386.977	0.000
13.930	204157.000	-360.884	0.000
13.940	204153.000	-372.619	0.000
13.950	204150.000	-350.833	0.000
13.960	204148.000	-305.583	0.000
13.970	204146.000	-273.908	0.000
13.980	204143.000	-281.736	0.000
13.990	204142.000	-227.215	0.000
14.000	204140.000	-219.051	0.000
14.010	204139.000	-183.335	0.000
14.020	204138.000	-158.335	0.000
14.030	204137.000	-140.834	0.000
14.040	204137.000	-98.584	0.000
14.050	204136.000	-99.009	0.000
14.060	204136.000	-69.306	0.000
14.070	204136.000	-48.514	0.000
14.080	204136.000	-33.960	0.000
14.090	204136.000	-23.772	0.000
14.100	204137.000	13.360	0.000
14.110	204139.000	69.352	0.000
14.120	204140.000	78.546	0.000
14.130	204141.000	84.982	0.000
14.140	204143.000	119.488	0.000
14.150	204144.000	113.641	0.000
14.160	204146.000	139.549	0.000
14.170	204147.000	127.684	0.000
14.180	204149.000	149.379	0.000
14.190	204150.000	134.565	0.000
14.200	204151.000	124.196	0.000
14.210	204152.000	116.937	0.000
14.220	204154.000	141.856	0.000
14.230	204155.000	129.299	0.000
14.240	204155.000	90.509	0.000
14.250	204156.000	93.357	0.000
14.260	204156.000	65.350	0.000
14.270	204157.000	75.745	0.000
14.280	204157.000	53.021	0.000
14.290	204157.000	37.115	0.000
14.300	204157.000	25.980	0.000
14.310	204157.000	18.186	0.000
14.320	204157.000	12.730	0.000
14.330	204157.000	8.911	0.000
14.340	204157.000	6.238	0.000
14.350	204156.000	-25.633	0.000
14.360	204155.000	-47.943	0.000
14.370	204154.000	-63.560	0.000
14.380	204154.000	-44.492	0.000
14.390	204153.000	-61.145	0.000
14.400	204152.000	-72.801	0.000
14.410	204151.000	-80.961	0.000
14.420	204150.000	-86.673	0.000
14.430	204150.000	-60.671	0.000
14.440	204149.000	-72.470	0.000
14.450	204149.000	-50.729	0.000
14.460	204149.000	-35.510	0.000
14.470	204148.000	-54.857	0.000
14.480	204148.000	-38.400	0.000
14.490	204148.000	-26.880	0.000
14.500	204148.000	-18.816	0.000
14.510	204148.000	-13.171	0.000
14.520	204148.000	-9.220	0.000
14.530	204148.000	-6.454	0.000
14.540	204148.000	-4.518	0.000
14.550	204148.000	-3.162	0.000
14.560	204148.000	-2.214	0.000
14.570	204149.000	28.450	0.000
14.580	204149.000	19.915	0.000
14.590	204150.000	43.941	0.000
14.600	204150.000	30.758	0.000
14.610	204151.000	51.531	0.000
14.620	204151.000	36.072	0.000
14.630	204152.000	55.250	0.000
14.640	204152.000	38.675	0.000
14.650	204152.000	27.073	0.000
14.660	204152.000	18.951	0.000
14.670	204152.000	13.266	0.000
14.680	204152.000	9.286	0.000
14.690	204152.000	6.500	0.000
14.700	204152.000	4.550	0.000
14.710	204152.000	3.185	0.000
14.720	204152.000	2.230	0.000
14.730	204152.000	1.561	0.000
14.740	204152.000	1.092	0.000
14.750	204152.000	0.765	0.000
14.760	204152.000	0.535	0.000
14.770	204152.000	0.375	0.000
14.780	204152.000	0.262	0.000
14.790	204152.000	0.184	0.000
14.800	204151.000	-29.871	0.000
14.810	204151.000	-20.910	0.000
14.820	204151.000	-14.637	0.000
14.830	204151.000	-10.246	0.000
14.840	204151.000	-7.172	0.000
14.850	204151.000	-5.020	0.000
14.860	204151.000	-3.514	0.000
14.870	204151.000	-2.460	0.000
14.880	204151.000	-1.722	0.000
14.890	204151.000	-1.205	0.000
14.900	204151.000	-0.844	0.000
14.910	204151.000	-0.591	0.000
14.920	204151.000	-0.413	0.000
14.930	204151.000	-0.289	0.000
14.940	204151.000	-0.203	0.000
14.950	204151.000	-0.142	0.000
14.960	204151.000	-0.099	0.000
14.970	204151.000	-0.069	0.000
14.980	204151.000	-0.049	0.000
14.990	204151.000	-0.034	0.000
15.000	204151.000	-0.024	0.000
