0.000	0.000	0.000	0.000	0.000
0.010	-2.000	9.000	20.000	253.000
0.020	-2.000	10.000	22.000	270.000
0.030	-3.000	10.000	23.000	442.000
0.040	-3.000	11.000	24.000	508.000
0.050	-1.000	11.000	25.000	369.000
0.060	2.000	11.000	25.000	177.000
0.070	6.000	11.000	25.000	-66.000
0.080	10.000	12.000	25.000	-239.000
0.090	12.000	13.000	25.000	-130.000
0.100	14.000	14.000	25.000	-31.000
0.110	15.000	16.000	24.000	174.000
0.120	16.000	17.000	23.000	343.000
0.130	16.000	19.000	22.000	595.000
0.140	18.000	20.000	21.000	562.000
0.150	20.000	21.000	20.000	523.000
0.160	24.000	21.000	20.000	241.000
0.170	27.000	22.000	20.000	100.000
0.180	30.000	22.000	20.000	-49.000
0.190	33.000	22.000	20.000	-212.000
0.200	34.000	23.000	20.000	-161.000
0.210	34.000	23.000	21.000	-57.000
0.220	34.000	24.000	23.000	-29.000
0.230	33.000	25.000	24.000	50.000
0.240	30.000	26.000	26.000	285.000
0.250	27.000	28.000	29.000	414.000
0.260	25.000	29.000	32.000	341.000
0.270	23.000	30.000	34.000	219.000
0.280	22.000	31.000	37.000	-59.000
0.290	22.000	31.000	40.000	-466.000
0.300	20.000	32.000	42.000	-629.000
0.310	18.000	32.000	44.000	-826.000
0.320	13.000	32.000	46.000	-700.000
0.330	7.000	32.000	47.000	-539.000
0.340	0.000	32.000	48.000	-341.000
0.350	-7.000	32.000	48.000	-221.000
0.360	-14.000	29.000	48.000	-155.000
0.370	-20.000	26.000	48.000	-241.000
0.380	-26.000	22.000	48.000	-327.000
0.390	-31.000	17.000	46.000	-520.000
0.400	-35.000	10.000	43.000	-793.000
0.410	-41.000	3.000	39.000	-775.000
0.420	-47.000	-4.000	35.000	-745.000
0.430	-53.000	-12.000	28.000	-693.000
0.440	-60.000	-20.000	20.000	-498.000
0.450	-68.000	-28.000	11.000	-175.000
0.460	-75.000	-37.000	0.000	31.000
0.470	-81.000	-46.000	-11.000	154.000
0.480	-85.000	-56.000	-23.000	103.000
0.490	-88.000	-65.000	-36.000	35.000
0.500	-90.000	-75.000	-50.000	-42.000
0.510	-92.000	-85.000	-63.000	-4.000
0.520	-92.000	-95.000	-77.000	-99.000
0.530	-93.000	-105.000	-92.000	50.000
0.540	-93.000	-114.000	-106.000	168.000
0.550	-93.000	-122.000	-120.000	382.000
0.560	-93.000	-130.000	-134.000	675.000
0.570	-93.000	-137.000	-147.000	1036.000
0.580	-91.000	-143.000	-159.000	1221.000
0.590	-87.000	-148.000	-170.000	1262.000
0.600	-80.000	-152.000	-179.000	1068.000
0.610	-72.000	-155.000	-187.000	906.000
0.620	-63.000	-156.000	-192.000	763.000
0.630	-55.000	-156.000	-196.000	859.000
0.640	-47.000	-154.000	-197.000	1023.000
0.650	-39.000	-149.000	-197.000	1235.000
0.660	-31.000	-142.000	-196.000	1475.000
0.670	-22.000	-132.000	-191.000	1614.000
0.680	-13.000	-122.000	-184.000	1775.000
0.690	-2.000	-109.000	-173.000	1709.000
0.700	11.000	-95.000	-157.000	1445.000
0.710	24.000	-80.000	-140.000	1236.000
0.720	38.000	-62.000	-120.000	938.000
0.730	51.000	-43.000	-96.000	782.000
0.740	63.000	-23.000	-71.000	726.000
0.750	75.000	-1.000	-45.000	619.000
0.760	85.000	22.000	-17.000	687.000
0.770	94.000	46.000	13.000	768.000
0.780	103.000	71.000	46.000	731.000
0.790	113.000	97.000	81.000	470.000
0.800	122.000	122.000	115.000	246.000
0.810	131.000	147.000	150.000	-78.000
0.820	140.000	171.000	184.000	-495.000
0.830	148.000	195.000	216.000	-883.000
0.840	154.000	219.000	249.000	-1142.000
0.850	159.000	240.000	280.000	-1420.000
0.860	162.000	261.000	309.000	-1603.000
0.870	163.000	279.000	334.000	-1712.000
0.880	163.000	294.000	359.000	-1878.000
0.890	160.000	308.000	378.000	-1858.000
0.900	156.000	317.000	394.000	-1916.000
0.910	150.000	324.000	407.000	-1915.000
0.920	143.000	326.000	414.000	-1977.000
0.930	136.000	326.000	419.000	-2196.000
0.940	129.000	322.000	419.000	-2536.000
0.950	120.000	312.000	417.000	-2732.000
0.960	109.000	300.000	410.000	-2799.000
0.970	97.000	284.000	397.000	-2865.000
0.980	82.000	264.000	377.000	-2682.000
0.990	65.000	242.000	352.000	-2393.000
1.000	45.000	216.000	323.000	-1883.000
1.010	25.000	188.000	289.000	-1517.000
1.020	4.000	157.000	252.000	-1129.000
1.030	-17.000	123.000	210.000	-817.000
1.040	-36.000	87.000	164.000	-774.000
1.050	-55.000	48.000	117.000	-697.000
1.060	-73.000	7.000	66.000	-688.000
1.070	-90.000	-34.000	14.000	-715.000
1.080	-108.000	-77.000	-37.000	-519.000
1.090	-126.000	-120.000	-90.000	-238.000
1.100	-144.000	-162.000	-143.000	131.000
1.110	-163.000	-203.000	-199.000	709.000
1.120	-181.000	-244.000	-255.000	1245.000
1.130	-197.000	-283.000	-309.000	1650.000
1.140	-211.000	-320.000	-359.000	1965.000
1.150	-223.000	-355.000	-409.000	2220.000
1.160	-232.000	-387.000	-457.000	2323.000
1.170	-238.000	-417.000	-499.000	2309.000
1.180	-242.000	-442.000	-532.000	2322.000
1.190	-244.000	-464.000	-565.000	2358.000
1.200	-245.000	-482.000	-597.000	2532.000
1.210	-246.000	-496.000	-618.000	2931.000
1.220	-246.000	-505.000	-636.000	3399.000
1.230	-242.000	-510.000	-646.000	3570.000
1.240	-236.000	-510.000	-650.000	3729.000
1.250	-227.000	-507.000	-651.000	3750.000
1.260	-214.000	-497.000	-644.000	3533.000
1.270	-200.000	-482.000	-631.000	3453.000
1.280	-182.000	-462.000	-609.000	3119.000
1.290	-163.000	-436.000	-579.000	2905.000
1.300	-142.000	-406.000	-545.000	2651.000
1.310	-120.000	-371.000	-503.000	2457.000
1.320	-98.000	-332.000	-457.000	2402.000
1.330	-75.000	-288.000	-406.000	2321.000
1.340	-50.000	-239.000	-347.000	2076.000
1.350	-25.000	-189.000	-286.000	1903.000
1.360	1.000	-135.000	-224.000	1646.000
1.370	28.000	-80.000	-154.000	1293.000
1.380	55.000	-23.000	-78.000	947.000
1.390	83.000	36.000	-6.000	463.000
1.400	110.000	94.000	66.000	70.000
1.410	137.000	151.000	146.000	-394.000
1.420	162.000	209.000	224.000	-710.000
1.430	187.000	264.000	297.000	-1165.000
1.440	210.000	319.000	372.000	-1523.000
1.450	232.000	372.000	446.000	-1942.000
1.460	251.000	421.000	510.000	-2199.000
1.470	269.000	469.000	574.000	-2574.000
1.480	284.000	511.000	631.000	-2829.000
1.490	295.000	550.000	684.000	-2882.000
1.500	305.000	585.000	731.000	-3129.000
1.510	311.000	614.000	770.000	-3192.000
1.520	315.000	637.000	802.000	-3342.000
1.530	317.000	655.000	827.000	-3563.000
1.540	317.000	665.000	844.000	-3841.000
1.550	314.000	669.000	853.000	-4046.000
1.560	307.000	668.000	854.000	-4069.000
1.570	297.000	658.000	850.000	-4051.000
1.580	283.000	641.000	837.000	-3870.000
1.590	268.000	617.000	813.000	-3886.000
1.600	250.000	588.000	780.000	-3811.000
1.610	229.000	551.000	740.000	-3641.000
1.620	207.000	510.000	692.000	-3601.000
1.630	183.000	463.000	635.000	-3526.000
1.640	156.000	412.000	572.000	-3278.000
1.650	128.000	357.000	505.000	-3092.000
1.660	97.000	298.000	429.000	-2692.000
1.670	64.000	235.000	347.000	-2202.000
1.680	30.000	171.000	264.000	-1717.000
1.690	-6.000	105.000	175.000	-1086.000
1.700	-43.000	35.000	83.000	-413.000
1.710	-80.000	-35.000	-7.000	215.000
1.720	-116.000	-106.000	-96.000	726.000
1.730	-150.000	-178.000	-185.000	1063.000
1.740	-182.000	-251.000	-279.000	1290.000
1.750	-212.000	-322.000	-369.000	1459.000
1.760	-241.000	-391.000	-451.000	1724.000
1.770	-269.000	-457.000	-534.000	2093.000
1.780	-296.000	-520.000	-613.000	2574.000
1.790	-322.000	-577.000	-685.000	3170.000
1.800	-347.000	-630.000	-744.000	3882.000
1.810	-370.000	-678.000	-801.000	4595.000
1.820	-389.000	-718.000	-858.000	5094.000
1.830	-404.000	-753.000	-903.000	5434.000
1.840	-412.000	-781.000	-941.000	5305.000
1.850	-416.000	-802.000	-976.000	5147.000
1.860	-416.000	-815.000	-1008.000	4963.000
1.870	-410.000	-821.000	-1029.000	4519.000
1.880	-402.000	-822.000	-1033.000	4318.000
1.890	-392.000	-812.000	-1030.000	4302.000
1.900	-381.000	-795.000	-1019.000	4538.000
1.910	-368.000	-771.000	-995.000	4849.000
1.920	-354.000	-739.000	-959.000	5321.000
1.930	-337.000	-702.000	-918.000	5672.000
1.940	-315.000	-658.000	-866.000	5672.000
1.950	-289.000	-609.000	-801.000	5476.000
1.960	-258.000	-556.000	-730.000	4973.000
1.970	-221.000	-498.000	-654.000	4068.000
1.980	-179.000	-434.000	-576.000	2911.000
1.990	-134.000	-367.000	-483.000	1736.000
2.000	-89.000	-295.000	-385.000	847.000
2.010	-45.000	-218.000	-291.000	219.000
2.020	-4.000	-138.000	-194.000	-8.000
2.030	34.000	-54.000	-90.000	53.000
2.040	69.000	32.000	14.000	313.000
2.050	103.000	119.000	114.000	471.000
2.060	138.000	206.000	222.000	284.000
2.070	170.000	281.000	313.000	249.000
2.080	209.000	362.000	412.000	-853.000
2.090	250.000	440.000	512.000	-2275.000
2.100	290.000	512.000	604.000	-3646.000
2.110	326.000	579.000	692.000	-4661.000
2.120	357.000	642.000	778.000	-5300.000
2.130	379.000	698.000	856.000	-5189.000
2.140	394.000	748.000	925.000	-4714.000
2.150	403.000	791.000	987.000	-4063.000
2.160	408.000	827.000	1041.000	-3498.000
2.170	412.000	855.000	1085.000	-3348.000
2.180	415.000	874.000	1118.000	-3529.000
2.190	420.000	885.000	1141.000	-4325.000
2.200	423.000	888.000	1153.000	-5153.000
2.210	424.000	885.000	1154.000	-6002.000
2.220	422.000	873.000	1145.000	-6747.000
2.230	411.000	853.000	1123.000	-6697.000
2.240	392.000	827.000	1087.000	-6098.000
2.250	365.000	794.000	1042.000	-5024.000
2.260	333.000	752.000	985.000	-3876.000
2.270	298.000	704.000	919.000	-2859.000
2.280	264.000	647.000	845.000	-2372.000
2.290	232.000	584.000	765.000	-2393.000
2.300	201.000	513.000	674.000	-2677.000
2.310	171.000	434.000	575.000	-3141.000
2.320	141.000	352.000	476.000	-3604.000
2.330	108.000	266.000	369.000	-3685.000
2.340	70.000	177.000	258.000	-3190.000
2.350	27.000	87.000	145.000	-2185.000
2.360	-22.000	-4.000	30.000	-605.000
2.370	-75.000	-95.000	-84.000	1260.000
2.380	-126.000	-184.000	-194.000	2711.000
2.390	-174.000	-273.000	-311.000	3757.000
2.400	-214.000	-359.000	-423.000	3935.000
2.410	-247.000	-443.000	-528.000	3556.000
2.420	-276.000	-522.000	-629.000	3097.000
2.430	-302.000	-598.000	-726.000	2706.000
2.440	-327.000	-668.000	-806.000	2621.000
2.450	-353.000	-731.000	-892.000	3033.000
2.460	-381.000	-785.000	-985.000	3983.000
2.470	-409.000	-833.000	-1052.000	5159.000
2.480	-435.000	-873.000	-1099.000	6307.000
2.490	-455.000	-905.000	-1150.000	6983.000
2.500	-468.000	-930.000	-1187.000	7170.000
2.510	-472.000	-947.000	-1208.000	6729.000
2.520	-470.000	-956.000	-1221.000	6118.000
2.530	-461.000	-957.000	-1223.000	5239.000
2.540	-447.000	-951.000	-1213.000	4355.000
2.550	-432.000	-933.000	-1193.000	3907.000
2.560	-418.000	-906.000	-1157.000	4025.000
2.570	-405.000	-870.000	-1112.000	4581.000
2.580	-391.000	-826.000	-1058.000	5242.000
2.590	-376.000	-772.000	-993.000	5971.000
2.600	-357.000	-713.000	-922.000	6384.000
2.610	-331.000	-647.000	-837.000	6168.000
2.620	-299.000	-578.000	-744.000	5523.000
2.630	-260.000	-503.000	-645.000	4374.000
2.640	-214.000	-425.000	-549.000	2770.000
2.650	-164.000	-342.000	-434.000	1095.000
2.660	-114.000	-258.000	-321.000	-226.000
2.670	-66.000	-169.000	-213.000	-1077.000
2.680	-22.000	-79.000	-99.000	-1358.000
2.690	17.000	14.000	22.000	-1100.000
2.700	52.000	107.000	132.000	-552.000
2.710	86.000	197.000	244.000	-147.000
2.720	121.000	286.000	358.000	-116.000
2.730	159.000	372.000	465.000	-653.000
2.740	199.000	452.000	564.000	-1567.000
2.750	242.000	527.000	660.000	-2940.000
2.760	285.000	596.000	751.000	-4375.000
2.770	325.000	660.000	834.000	-5547.000
2.780	358.000	716.000	909.000	-6073.000
2.790	383.000	767.000	974.000	-5980.000
2.800	400.000	811.000	1033.000	-5398.000
2.810	410.000	847.000	1081.000	-4539.000
2.820	416.000	877.000	1119.000	-3803.000
2.830	420.000	896.000	1144.000	-3394.000
2.840	425.000	907.000	1160.000	-3595.000
2.850	430.000	909.000	1164.000	-4173.000
2.860	436.000	904.000	1160.000	-5172.000
2.870	439.000	889.000	1144.000	-6048.000
2.880	439.000	866.000	1116.000	-6820.000
2.890	429.000	836.000	1076.000	-6684.000
2.900	410.000	799.000	1028.000	-5911.000
2.910	384.000	757.000	970.000	-4822.000
2.920	350.000	706.000	901.000	-3325.000
2.930	315.000	651.000	829.000	-2270.000
2.940	279.000	588.000	748.000	-1532.000
2.950	245.000	519.000	658.000	-1362.000
2.960	213.000	444.000	563.000	-1618.000
2.970	183.000	365.000	466.000	-2189.000
2.980	152.000	282.000	363.000	-2638.000
2.990	120.000	197.000	257.000	-2957.000
3.000	82.000	111.000	149.000	-2556.000
3.010	39.000	26.000	41.000	-1649.000
3.020	-10.000	-60.000	-65.000	-170.000
3.030	-62.000	-143.000	-167.000	1474.000
3.040	-115.000	-227.000	-275.000	3071.000
3.050	-163.000	-306.000	-379.000	3980.000
3.060	-205.000	-385.000	-475.000	4257.000
3.070	-240.000	-459.000	-566.000	3938.000
3.080	-269.000	-530.000	-656.000	3275.000
3.090	-295.000	-597.000	-733.000	2702.000
3.100	-321.000	-657.000	-798.000	2567.000
3.110	-347.000	-711.000	-874.000	2804.000
3.120	-375.000	-758.000	-945.000	3597.000
3.130	-404.000	-798.000	-993.000	4745.000
3.140	-431.000	-830.000	-1031.000	5856.000
3.150	-453.000	-855.000	-1068.000	6608.000
3.160	-467.000	-873.000	-1089.000	6732.000
3.170	-472.000	-884.000	-1103.000	6234.000
3.180	-471.000	-887.000	-1107.000	5573.000
3.190	-462.000	-885.000	-1103.000	4535.000
3.200	-449.000	-874.000	-1090.000	3638.000
3.210	-435.000	-854.000	-1065.000	3182.000
3.220	-421.000	-826.000	-1030.000	3181.000
3.230	-409.000	-790.000	-990.000	3763.000
3.240	-397.000	-747.000	-939.000	4571.000
3.250	-382.000	-698.000	-878.000	5197.000
3.260	-363.000	-642.000	-808.000	5540.000
3.270	-338.000	-584.000	-733.000	5398.000
3.280	-306.000	-522.000	-652.000	4713.000
3.290	-268.000	-454.000	-572.000	3666.000
3.300	-225.000	-386.000	-478.000	2397.000
3.310	-177.000	-315.000	-379.000	901.000
3.320	-129.000	-241.000	-288.000	-249.000
3.330	-83.000	-164.000	-194.000	-932.000
3.340	-40.000	-84.000	-91.000	-1164.000
3.350	-1.000	-4.000	9.000	-952.000
3.360	33.000	76.000	100.000	-296.000
3.370	67.000	157.000	200.000	110.000
3.380	102.000	235.000	296.000	170.000
3.390	139.000	311.000	384.000	-200.000
3.400	181.000	384.000	473.000	-1301.000
3.410	223.000	450.000	554.000	-2453.000
3.420	266.000	513.000	630.000	-3800.000
3.430	305.000	571.000	702.000	-4763.000
3.440	339.000	623.000	769.000	-5329.000
3.450	364.000	670.000	827.000	-5133.000
3.460	381.000	711.000	878.000	-4449.000
3.470	392.000	746.000	922.000	-3607.000
3.480	399.000	773.000	957.000	-2871.000
3.490	406.000	793.000	986.000	-2683.000
3.500	413.000	806.000	1006.000	-2941.000
3.510	421.000	811.000	1017.000	-3679.000
3.520	427.000	811.000	1020.000	-4460.000
3.530	431.000	802.000	1017.000	-5277.000
3.540	432.000	786.000	1003.000	-6006.000
3.550	424.000	766.000	978.000	-5957.000
3.560	407.000	740.000	945.000	-5263.000
3.570	383.000	709.000	904.000	-4250.000
3.580	353.000	673.000	855.000	-3062.000
3.590	321.000	631.000	799.000	-2159.000
3.600	288.000	582.000	734.000	-1568.000
3.610	257.000	528.000	664.000	-1542.000
3.620	228.000	468.000	587.000	-1942.000
3.630	201.000	403.000	507.000	-2660.000
3.640	173.000	334.000	422.000	-3258.000
3.650	141.000	262.000	334.000	-3383.000
3.660	105.000	187.000	243.000	-3089.000
3.670	63.000	111.000	150.000	-2184.000
3.680	16.000	34.000	57.000	-854.000
3.690	-34.000	-43.000	-35.000	638.000
3.700	-85.000	-120.000	-126.000	2078.000
3.710	-132.000	-196.000	-217.000	2944.000
3.720	-174.000	-271.000	-310.000	3271.000
3.730	-210.000	-345.000	-397.000	3078.000
3.740	-240.000	-415.000	-480.000	2491.000
3.750	-266.000	-483.000	-563.000	1839.000
3.760	-292.000	-544.000	-640.000	1618.000
3.770	-319.000	-601.000	-708.000	1880.000
3.780	-348.000	-651.000	-766.000	2675.000
3.790	-378.000	-695.000	-830.000	3808.000
3.800	-407.000	-732.000	-894.000	5009.000
3.810	-432.000	-764.000	-940.000	5939.000
3.820	-450.000	-790.000	-975.000	6318.000
3.830	-459.000	-810.000	-1007.000	6024.000
3.840	-461.000	-824.000	-1028.000	5416.000
3.850	-456.000	-833.000	-1038.000	4543.000
3.860	-445.000	-835.000	-1040.000	3556.000
3.870	-432.000	-832.000	-1037.000	2922.000
3.880	-420.000	-819.000	-1024.000	2904.000
3.890	-409.000	-799.000	-1000.000	3369.000
3.900	-400.000	-771.000	-965.000	4327.000
3.910	-389.000	-736.000	-923.000	5208.000
3.920	-376.000	-695.000	-874.000	6012.000
3.930	-355.000	-648.000	-815.000	6035.000
3.940	-328.000	-596.000	-748.000	5631.000
3.950	-295.000	-540.000	-677.000	4844.000
3.960	-254.000	-479.000	-606.000	3473.000
3.970	-210.000	-416.000	-524.000	2161.000
3.980	-162.000	-347.000	-431.000	733.000
3.990	-117.000	-275.000	-346.000	-26.000
4.000	-73.000	-200.000	-258.000	-520.000
4.010	-34.000	-122.000	-164.000	-373.000
4.020	2.000	-41.000	-66.000	25.000
4.030	35.000	40.000	27.000	597.000
4.040	69.000	120.000	121.000	815.000
4.050	105.000	198.000	220.000	600.000
4.060	144.000	274.000	314.000	-117.000
4.070	187.000	346.000	405.000	-1393.000
4.080	230.000	415.000	496.000	-2700.000
4.090	271.000	479.000	579.000	-3838.000
4.100	308.000	538.000	656.000	-4642.000
4.110	338.000	593.000	730.000	-4854.000
4.120	360.000	645.000	798.000	-4492.000
4.130	375.000	690.000	858.000	-3790.000
4.140	386.000	731.000	911.000	-3165.000
4.150	394.000	765.000	955.000	-2722.000
4.160	402.000	791.000	991.000	-2775.000
4.170	410.000	810.000	1019.000	-3231.000
4.180	418.000	822.000	1038.000	-4018.000
4.190	426.000	826.000	1048.000	-5075.000
4.200	429.000	825.000	1049.000	-5773.000
4.210	429.000	816.000	1042.000	-6406.000
4.220	419.000	800.000	1024.000	-6165.000
4.230	401.000	778.000	995.000	-5428.000
4.240	376.000	749.000	957.000	-4375.000
4.250	345.000	713.000	912.000	-3148.000
4.260	313.000	670.000	858.000	-2322.000
4.270	282.000	621.000	798.000	-2018.000
4.280	253.000	564.000	728.000	-2217.000
4.290	225.000	502.000	652.000	-2680.000
4.300	198.000	434.000	570.000	-3326.000
4.310	169.000	361.000	483.000	-3745.000
4.320	136.000	286.000	391.000	-3715.000
4.330	98.000	208.000	295.000	-3170.000
4.340	55.000	129.000	195.000	-2163.000
4.350	6.000	49.000	92.000	-620.000
4.360	-43.000	-30.000	-8.000	711.000
4.370	-94.000	-111.000	-108.000	2153.000
4.380	-139.000	-190.000	-207.000	2802.000
4.390	-180.000	-269.000	-310.000	3080.000
4.400	-214.000	-348.000	-409.000	2742.000
4.410	-243.000	-422.000	-499.000	2163.000
4.420	-270.000	-494.000	-589.000	1756.000
4.430	-297.000	-562.000	-676.000	1743.000
4.440	-325.000	-624.000	-747.000	2184.000
4.450	-356.000	-681.000	-817.000	3250.000
4.460	-387.000	-731.000	-895.000	4500.000
4.470	-415.000	-774.000	-957.000	5576.000
4.480	-439.000	-811.000	-1002.000	6414.000
4.490	-455.000	-840.000	-1044.000	6609.000
4.500	-463.000	-864.000	-1077.000	6287.000
4.510	-463.000	-880.000	-1099.000	5541.000
4.520	-457.000	-889.000	-1113.000	4673.000
4.530	-446.000	-890.000	-1116.000	3804.000
4.540	-434.000	-884.000	-1110.000	3381.000
4.550	-423.000	-867.000	-1096.000	3532.000
4.560	-413.000	-842.000	-1068.000	4133.000
4.570	-404.000	-810.000	-1029.000	5085.000
4.580	-392.000	-769.000	-986.000	5843.000
4.590	-375.000	-722.000	-931.000	6193.000
4.600	-353.000	-671.000	-865.000	6190.000
4.610	-323.000	-614.000	-791.000	5520.000
4.620	-287.000	-552.000	-708.000	4504.000
4.630	-246.000	-487.000	-626.000	3279.000
4.640	-201.000	-418.000	-538.000	1954.000
4.650	-154.000	-344.000	-434.000	731.000
4.660	-108.000	-267.000	-335.000	-108.000
4.670	-66.000	-187.000	-238.000	-332.000
4.680	-27.000	-103.000	-134.000	-211.000
4.690	9.000	-18.000	-26.000	154.000
4.700	44.000	69.000	75.000	454.000
4.710	80.000	155.000	180.000	439.000
4.720	118.000	239.000	287.000	18.000
4.730	157.000	318.000	384.000	-650.000
4.740	200.000	395.000	479.000	-1903.000
4.750	243.000	468.000	572.000	-3206.000
4.760	284.000	537.000	658.000	-4354.000
4.770	320.000	599.000	739.000	-5063.000
4.780	349.000	657.000	814.000	-5209.000
4.790	370.000	709.000	882.000	-4801.000
4.800	385.000	753.000	940.000	-4185.000
4.810	395.000	791.000	991.000	-3521.000
4.820	403.000	822.000	1034.000	-3166.000
4.830	410.000	844.000	1068.000	-3179.000
4.840	419.000	858.000	1091.000	-3837.000
4.850	427.000	864.000	1104.000	-4675.000
4.860	433.000	864.000	1108.000	-5544.000
4.870	434.000	855.000	1103.000	-6088.000
4.880	432.000	839.000	1086.000	-6593.000
4.890	419.000	817.000	1058.000	-6127.000
4.900	398.000	788.000	1018.000	-5197.000
4.910	372.000	753.000	971.000	-4209.000
4.920	340.000	711.000	914.000	-3023.000
4.930	308.000	662.000	849.000	-2334.000
4.940	276.000	606.000	777.000	-2012.000
4.950	246.000	544.000	697.000	-2186.000
4.960	217.000	475.000	610.000	-2614.000
4.970	189.000	402.000	519.000	-3220.000
4.980	158.000	324.000	423.000	-3475.000
4.990	123.000	242.000	322.000	-3298.000
5.000	84.000	160.000	220.000	-2731.000
5.010	39.000	76.000	114.000	-1573.000
5.020	-10.000	-7.000	10.000	-123.000
5.030	-61.000	-91.000	-92.000	1384.000
5.040	-111.000	-174.000	-193.000	2637.000
5.050	-157.000	-256.000	-299.000	3381.000
5.060	-196.000	-337.000	-400.000	3403.000
5.070	-230.000	-414.000	-493.000	3103.000
5.080	-259.000	-489.000	-585.000	2566.000
5.090	-286.000	-558.000	-674.000	2205.000
5.100	-314.000	-623.000	-749.000	2355.000
5.110	-342.000	-680.000	-821.000	2825.000
5.120	-372.000	-731.000	-899.000	3808.000
5.130	-401.000	-775.000	-962.000	4883.000
5.140	-428.000	-812.000	-1010.000	5938.000
5.150	-449.000	-842.000	-1053.000	6531.000
5.160	-463.000	-865.000	-1087.000	6645.000
5.170	-467.000	-882.000	-1111.000	6023.000
5.180	-467.000	-891.000	-1123.000	5494.000
5.190	-458.000	-894.000	-1125.000	4448.000
5.200	-446.000	-890.000	-1120.000	3661.000
5.210	-434.000	-876.000	-1105.000	3412.000
5.220	-422.000	-853.000	-1077.000	3583.000
5.230	-411.000	-822.000	-1037.000	4192.000
5.240	-400.000	-783.000	-993.000	5027.000
5.250	-387.000	-739.000	-940.000	5797.000
5.260	-368.000	-687.000	-873.000	6031.000
5.270	-343.000	-630.000	-800.000	5805.000
5.280	-311.000	-569.000	-719.000	5056.000
5.290	-272.000	-503.000	-635.000	3843.000
5.300	-230.000	-435.000	-551.000	2673.000
5.310	-182.000	-361.000	-449.000	1143.000
5.320	-136.000	-286.000	-351.000	199.000
5.330	-91.000	-206.000	-255.000	-431.000
5.340	-48.000	-123.000	-154.000	-732.000
5.350	-10.000	-39.000	-47.000	-457.000
5.360	26.000	45.000	52.000	-96.000
5.370	60.000	129.000	152.000	305.000
5.380	96.000	212.000	256.000	242.000
5.390	135.000	291.000	354.000	-343.000
5.400	177.000	368.000	449.000	-1390.000
5.410	219.000	439.000	539.000	-2500.000
5.420	262.000	506.000	624.000	-3817.000
5.430	301.000	568.000	703.000	-4756.000
5.440	334.000	626.000	778.000	-5188.000
5.450	359.000	677.000	845.000	-5000.000
5.460	378.000	723.000	904.000	-4554.000
5.470	390.000	762.000	954.000	-3792.000
5.480	398.000	794.000	996.000	-3122.000
5.490	406.000	819.000	1031.000	-2993.000
5.500	414.000	836.000	1056.000	-3301.000
5.510	422.000	844.000	1070.000	-3968.000
5.520	430.000	846.000	1075.000	-4927.000
5.530	434.000	841.000	1074.000	-5660.000
5.540	435.000	828.000	1061.000	-6324.000
5.550	428.000	808.000	1038.000	-6343.000
5.560	411.000	783.000	1003.000	-5590.000
5.570	387.000	751.000	960.000	-4531.000
5.580	357.000	713.000	909.000	-3308.000
5.590	325.000	668.000	851.000	-2379.000
5.600	293.000	617.000	784.000	-1882.000
5.610	262.000	559.000	710.000	-1819.000
5.620	234.000	494.000	629.000	-2306.000
5.630	206.000	425.000	544.000	-2864.000
5.640	177.000	351.000	455.000	-3333.000
5.650	145.000	274.000	360.000	-3469.000
5.660	108.000	196.000	263.000	-3066.000
5.670	65.000	116.000	163.000	-2071.000
5.680	17.000	34.000	61.000	-666.000
5.690	-32.000	-45.000	-37.000	657.000
5.700	-83.000	-125.000	-135.000	2079.000
5.710	-131.000	-205.000	-234.000	3048.000
5.720	-172.000	-283.000	-334.000	3226.000
5.730	-208.000	-359.000	-426.000	3031.000
5.740	-240.000	-434.000	-516.000	2675.000
5.750	-267.000	-503.000	-602.000	2096.000
5.760	-294.000	-568.000	-683.000	1936.000
5.770	-322.000	-628.000	-752.000	2253.000
5.780	-352.000	-680.000	-821.000	3095.000
5.790	-382.000	-727.000	-892.000	4155.000
5.800	-411.000	-767.000	-947.000	5300.000
5.810	-436.000	-800.000	-990.000	6187.000
5.820	-454.000	-827.000	-1028.000	6532.000
5.830	-463.000	-848.000	-1058.000	6213.000
5.840	-465.000	-862.000	-1076.000	5585.000
5.850	-460.000	-869.000	-1084.000	4696.000
5.860	-450.000	-870.000	-1086.000	3813.000
5.870	-438.000	-862.000	-1078.000	3265.000
5.880	-426.000	-846.000	-1060.000	3203.000
5.890	-416.000	-822.000	-1032.000	3749.000
5.900	-406.000	-789.000	-995.000	4544.000
5.910	-394.000	-750.000	-948.000	5292.000
5.920	-379.000	-705.000	-893.000	5872.000
5.930	-358.000	-653.000	-829.000	5944.000
5.940	-330.000	-598.000	-757.000	5460.000
5.950	-295.000	-538.000	-678.000	4489.000
5.960	-255.000	-474.000	-601.000	3313.000
5.970	-211.000	-407.000	-514.000	2041.000
5.980	-164.000	-336.000	-416.000	759.000
5.990	-118.000	-262.000	-324.000	-115.000
6.000	-75.000	-184.000	-231.000	-470.000
6.010	-35.000	-104.000	-131.000	-443.000
6.020	2.000	-21.000	-28.000	-143.000
6.030	36.000	60.000	65.000	346.000
6.040	71.000	142.000	164.000	496.000
6.050	108.000	222.000	265.000	222.000
6.060	147.000	299.000	359.000	-429.000
6.070	189.000	373.000	450.000	-1540.000
6.080	233.000	442.000	538.000	-2945.000
6.090	274.000	507.000	619.000	-4049.000
6.100	311.000	567.000	696.000	-4826.000
6.110	342.000	623.000	768.000	-5134.000
6.120	364.000	673.000	833.000	-4734.000
6.130	379.000	717.000	890.000	-4004.000
6.140	390.000	755.000	939.000	-3357.000
6.150	398.000	786.000	980.000	-2897.000
6.160	405.000	809.000	1013.000	-2819.000
6.170	413.000	824.000	1037.000	-3286.000
6.180	422.000	831.000	1052.000	-4197.000
6.190	429.000	832.000	1057.000	-5122.000
6.200	433.000	827.000	1056.000	-5945.000
6.210	432.000	813.000	1044.000	-6447.000
6.220	421.000	794.000	1020.000	-6100.000
6.230	401.000	768.000	986.000	-5158.000
6.240	375.000	737.000	944.000	-4052.000
6.250	345.000	699.000	895.000	-3011.000
6.260	313.000	655.000	837.000	-2217.000
6.270	281.000	603.000	770.000	-1820.000
6.280	252.000	546.000	698.000	-2059.000
6.290	224.000	482.000	617.000	-2552.000
6.300	197.000	413.000	533.000	-3221.000
6.310	168.000	341.000	445.000	-3658.000
6.320	134.000	264.000	351.000	-3525.000
6.330	96.000	186.000	255.000	-3011.000
6.340	52.000	107.000	155.000	-1912.000
6.350	4.000	27.000	55.000	-525.000
6.360	-47.000	-53.000	-44.000	1029.000
6.370	-98.000	-133.000	-140.000	2421.000
6.380	-144.000	-212.000	-239.000	3149.000
6.390	-184.000	-291.000	-339.000	3260.000
6.400	-217.000	-368.000	-431.000	2789.000
6.410	-246.000	-442.000	-521.000	2217.000
6.420	-273.000	-511.000	-607.000	1816.000
6.430	-300.000	-576.000	-689.000	1806.000
6.440	-328.000	-635.000	-757.000	2250.000
6.450	-358.000	-687.000	-829.000	3202.000
6.460	-389.000	-733.000	-898.000	4474.000
6.470	-418.000	-772.000	-953.000	5682.000
6.480	-442.000	-806.000	-998.000	6512.000
6.490	-457.000	-832.000	-1036.000	6584.000
6.500	-464.000	-852.000	-1066.000	6162.000
6.510	-464.000	-866.000	-1084.000	5449.000
6.520	-456.000	-872.000	-1093.000	4374.000
6.530	-445.000	-873.000	-1094.000	3566.000
6.540	-433.000	-865.000	-1086.000	3189.000
6.550	-421.000	-847.000	-1067.000	3260.000
6.560	-411.000	-822.000	-1036.000	3909.000
6.570	-402.000	-789.000	-999.000	4898.000
6.580	-390.000	-749.000	-952.000	5685.000
6.590	-374.000	-703.000	-895.000	6174.000
6.600	-352.000	-651.000	-829.000	6166.000
6.610	-322.000	-595.000	-755.000	5493.000
6.620	-286.000	-534.000	-675.000	4474.000
6.630	-244.000	-469.000	-597.000	3132.000
6.640	-197.000	-400.000	-506.000	1594.000
6.650	-150.000	-328.000	-407.000	429.000
6.660	-104.000	-251.000	-312.000	-365.000
6.670	-62.000	-172.000	-219.000	-555.000
6.680	-24.000	-89.000	-117.000	-292.000
6.690	11.000	-6.000	-14.000	188.000
6.700	45.000	78.000	82.000	583.000
6.710	80.000	161.000	184.000	647.000
6.720	118.000	242.000	286.000	177.000
6.730	158.000	319.000	381.000	-644.000
6.740	202.000	393.000	474.000	-2021.000
6.750	245.000	462.000	563.000	-3309.000
6.760	286.000	527.000	645.000	-4445.000
6.770	322.000	587.000	724.000	-5144.000
6.780	350.000	642.000	797.000	-5167.000
6.790	370.000	692.000	862.000	-4658.000
6.800	383.000	736.000	918.000	-3843.000
6.810	392.000	773.000	967.000	-3129.000
6.820	399.000	802.000	1008.000	-2731.000
6.830	407.000	824.000	1039.000	-2935.000
6.840	416.000	838.000	1062.000	-3632.000
6.850	425.000	845.000	1074.000	-4614.000
6.860	432.000	845.000	1077.000	-5600.000
6.870	434.000	837.000	1073.000	-6240.000
6.880	431.000	822.000	1057.000	-6594.000
6.890	418.000	801.000	1030.000	-6120.000
6.900	396.000	773.000	992.000	-5070.000
6.910	368.000	739.000	946.000	-3867.000
6.920	336.000	698.000	893.000	-2736.000
6.930	303.000	651.000	832.000	-1974.000
6.940	272.000	596.000	762.000	-1822.000
6.950	244.000	535.000	686.000	-2248.000
6.960	216.000	467.000	602.000	-2767.000
6.970	189.000	396.000	516.000	-3448.000
6.980	159.000	320.000	423.000	-3767.000
6.990	124.000	241.000	327.000	-3528.000
7.000	84.000	161.000	227.000	-2799.000
7.010	37.000	79.000	123.000	-1395.000
7.020	-13.000	-2.000	21.000	141.000
7.030	-64.000	-82.000	-78.000	1602.000
7.040	-113.000	-162.000	-177.000	2705.000
7.050	-158.000	-244.000	-281.000	3327.000
7.060	-195.000	-322.000	-381.000	3134.000
7.070	-227.000	-399.000	-473.000	2656.000
7.080	-255.000	-472.000	-563.000	2087.000
7.090	-282.000	-541.000	-651.000	1812.000
7.100	-310.000	-605.000	-729.000	2027.000
7.110	-339.000	-662.000	-800.000	2663.000
7.120	-370.000	-714.000	-873.000	3780.000
7.130	-401.000	-758.000	-936.000	5080.000
7.140	-428.000	-796.000	-987.000	6087.000
7.150	-449.000	-827.000	-1030.000	6645.000
7.160	-461.000	-852.000	-1065.000	6498.000
7.170	-465.000	-870.000	-1090.000	5897.000
7.180	-463.000	-881.000	-1104.000	5152.000
7.190	-454.000	-885.000	-1109.000	4161.000
7.200	-443.000	-883.000	-1106.000	3532.000
7.210	-431.000	-870.000	-1093.000	3295.000
7.220	-421.000	-848.000	-1069.000	3706.000
7.230	-411.000	-819.000	-1032.000	4397.000
7.240	-400.000	-781.000	-992.000	5184.000
7.250	-386.000	-737.000	-940.000	5802.000
7.260	-368.000	-688.000	-878.000	6145.000
7.270	-342.000	-632.000	-807.000	5776.000
7.280	-310.000	-574.000	-730.000	5029.000
7.290	-272.000	-510.000	-648.000	3933.000
7.300	-228.000	-442.000	-565.000	2511.000
7.310	-183.000	-372.000	-468.000	1356.000
7.320	-136.000	-297.000	-368.000	253.000
7.330	-91.000	-219.000	-273.000	-388.000
7.340	-50.000	-138.000	-175.000	-466.000
7.350	-11.000	-54.000	-69.000	-356.000
7.360	24.000	30.000	33.000	105.000
7.370	58.000	113.000	130.000	472.000
7.380	94.000	196.000	235.000	384.000
7.390	133.000	276.000	334.000	-221.000
7.400	175.000	354.000	429.000	-1283.000
7.410	218.000	426.000	521.000	-2522.000
7.420	259.000	494.000	606.000	-3594.000
7.430	299.000	558.000	686.000	-4682.000
7.440	332.000	616.000	762.000	-5119.000
7.450	358.000	669.000	831.000	-5050.000
7.460	376.000	717.000	892.000	-4471.000
7.470	388.000	757.000	945.000	-3715.000
7.480	397.000	791.000	989.000	-3168.000
7.490	405.000	817.000	1026.000	-3022.000
7.500	413.000	835.000	1054.000	-3318.000
7.510	421.000	845.000	1072.000	-3975.000
7.520	429.000	847.000	1079.000	-4927.000
7.530	434.000	844.000	1080.000	-5771.000
7.540	434.000	832.000	1070.000	-6294.000
7.550	426.000	814.000	1048.000	-6198.000
7.560	410.000	789.000	1016.000	-5584.000
7.570	387.000	759.000	974.000	-4638.000
7.580	358.000	721.000	925.000	-3507.000
7.590	327.000	678.000	867.000	-2655.000
7.600	295.000	627.000	802.000	-2107.000
7.610	263.000	569.000	728.000	-1888.000
7.620	235.000	507.000	649.000	-2367.000
7.630	206.000	437.000	562.000	-2801.000
7.640	177.000	365.000	473.000	-3287.000
7.650	146.000	288.000	378.000	-3550.000
7.660	109.000	208.000	280.000	-3136.000
7.670	68.000	128.000	180.000	-2364.000
7.680	21.000	47.000	78.000	-1026.000
7.690	-30.000	-35.000	-24.000	588.000
7.700	-81.000	-116.000	-122.000	2013.000
7.710	-128.000	-196.000	-221.000	2868.000
7.720	-172.000	-277.000	-324.000	3419.000
7.730	-208.000	-355.000	-420.000	3178.000
7.740	-239.000	-429.000	-509.000	2671.000
7.750	-266.000	-501.000	-598.000	2087.000
7.760	-293.000	-567.000	-681.000	1924.000
7.770	-321.000	-629.000	-756.000	2237.000
7.780	-351.000	-684.000	-827.000	3077.000
7.790	-381.000	-730.000	-894.000	4135.000
7.800	-410.000	-772.000	-953.000	5279.000
7.810	-435.000	-806.000	-1000.000	6165.000
7.820	-453.000	-833.000	-1039.000	6510.000
7.830	-463.000	-855.000	-1071.000	6307.000
7.840	-466.000	-870.000	-1091.000	5774.000
7.850	-462.000	-877.000	-1101.000	4964.000
7.860	-452.000	-879.000	-1102.000	4032.000
7.870	-439.000	-872.000	-1095.000	3330.000
7.880	-427.000	-856.000	-1078.000	3259.000
7.890	-416.000	-833.000	-1048.000	3684.000
7.900	-406.000	-801.000	-1011.000	4494.000
7.910	-395.000	-762.000	-966.000	5372.000
7.920	-380.000	-716.000	-910.000	5939.000
7.930	-359.000	-665.000	-844.000	6002.000
7.940	-331.000	-608.000	-771.000	5511.000
7.950	-297.000	-548.000	-691.000	4651.000
7.960	-258.000	-483.000	-612.000	3567.000
7.970	-213.000	-413.000	-524.000	2138.000
7.980	-166.000	-342.000	-425.000	845.000
7.990	-120.000	-266.000	-329.000	-36.000
8.000	-76.000	-188.000	-236.000	-513.000
8.010	-36.000	-106.000	-135.000	-470.000
8.020	2.000	-22.000	-30.000	-275.000
8.030	36.000	61.000	66.000	246.000
8.040	71.000	143.000	165.000	418.000
8.050	108.000	226.000	270.000	162.000
8.060	147.000	303.000	364.000	-476.000
8.070	189.000	378.000	457.000	-1576.000
8.080	232.000	448.000	547.000	-2858.000
8.090	274.000	514.000	630.000	-4093.000
8.100	311.000	575.000	709.000	-4860.000
8.110	342.000	631.000	782.000	-5161.000
8.120	364.000	681.000	847.000	-4756.000
8.130	380.000	725.000	904.000	-4137.000
8.140	391.000	763.000	953.000	-3466.000
8.150	400.000	794.000	995.000	-3104.000
8.160	407.000	818.000	1028.000	-2991.000
8.170	415.000	833.000	1052.000	-3431.000
8.180	423.000	841.000	1067.000	-4204.000
8.190	430.000	842.000	1071.000	-5135.000
8.200	434.000	836.000	1068.000	-5961.000
8.210	432.000	822.000	1055.000	-6350.000
8.220	422.000	802.000	1030.000	-6142.000
8.230	403.000	776.000	995.000	-5313.000
8.240	377.000	743.000	951.000	-4183.000
8.250	346.000	704.000	900.000	-3007.000
8.260	314.000	659.000	841.000	-2220.000
8.270	283.000	607.000	775.000	-1945.000
8.280	253.000	548.000	700.000	-2051.000
8.290	226.000	483.000	619.000	-2667.000
8.300	198.000	412.000	533.000	-3205.000
8.310	168.000	338.000	443.000	-3535.000
8.320	133.000	260.000	346.000	-3314.000
8.330	95.000	182.000	250.000	-2843.000
8.340	52.000	102.000	149.000	-1893.000
8.350	3.000	22.000	48.000	-393.000
8.360	-48.000	-60.000	-53.000	1138.000
8.370	-98.000	-141.000	-151.000	2395.000
8.380	-143.000	-219.000	-249.000	3013.000
8.390	-183.000	-298.000	-350.000	3151.000
8.400	-217.000	-374.000	-443.000	2816.000
8.410	-247.000	-449.000	-533.000	2355.000
8.420	-274.000	-518.000	-620.000	1928.000
8.430	-302.000	-583.000	-701.000	2015.000
8.440	-330.000	-641.000	-773.000	2423.000
8.450	-361.000	-694.000	-842.000	3464.000
8.460	-391.000	-740.000	-907.000	4577.000
8.470	-419.000	-779.000	-963.000	5658.000
8.480	-442.000	-812.000	-1007.000	6384.000
8.490	-457.000	-838.000	-1045.000	6487.000
8.500	-464.000	-858.000	-1073.000	6087.000
8.510	-464.000	-871.000	-1089.000	5392.000
8.520	-457.000	-877.000	-1097.000	4446.000
8.530	-446.000	-877.000	-1097.000	3628.000
8.540	-434.000	-867.000	-1087.000	3243.000
8.550	-423.000	-848.000	-1067.000	3423.000
8.560	-413.000	-822.000	-1035.000	4046.000
8.570	-403.000	-788.000	-998.000	4899.000
8.580	-391.000	-747.000	-950.000	5691.000
8.590	-374.000	-699.000	-891.000	6068.000
8.600	-350.000	-647.000	-824.000	5852.000
8.610	-320.000	-589.000	-749.000	5240.000
8.620	-284.000	-528.000	-669.000	4268.000
8.630	-243.000	-463.000	-590.000	3077.000
8.640	-197.000	-394.000	-498.000	1661.000
8.650	-150.000	-321.000	-398.000	480.000
8.660	-105.000	-244.000	-303.000	-211.000
8.670	-63.000	-165.000	-209.000	-431.000
8.680	-24.000	-84.000	-107.000	-308.000
8.690	13.000	1.000	-2.000	-56.000
8.700	47.000	84.000	93.000	383.000
8.710	82.000	166.000	195.000	481.000
8.720	120.000	247.000	297.000	37.000
8.730	160.000	324.000	389.000	-764.000
8.740	203.000	398.000	482.000	-2009.000
8.750	246.000	468.000	571.000	-3306.000
8.760	286.000	532.000	651.000	-4333.000
8.770	322.000	592.000	729.000	-5058.000
8.780	350.000	646.000	800.000	-5101.000
8.790	370.000	695.000	863.000	-4607.000
8.800	384.000	738.000	919.000	-3919.000
8.810	394.000	774.000	966.000	-3310.000
8.820	401.000	803.000	1006.000	-2881.000
8.830	409.000	824.000	1037.000	-3063.000
8.840	417.000	837.000	1059.000	-3625.000
8.850	426.000	842.000	1071.000	-4615.000
8.860	431.000	842.000	1073.000	-5373.000
8.870	433.000	833.000	1068.000	-6060.000
8.880	430.000	817.000	1052.000	-6448.000
8.890	417.000	795.000	1024.000	-6002.000
8.900	396.000	768.000	986.000	-5088.000
8.910	368.000	733.000	940.000	-3880.000
8.920	336.000	693.000	887.000	-2745.000
8.930	304.000	646.000	826.000	-2096.000
8.940	272.000	591.000	755.000	-1805.000
8.950	243.000	531.000	679.000	-2118.000
8.960	216.000	464.000	596.000	-2776.000
8.970	188.000	393.000	509.000	-3338.000
8.980	157.000	317.000	416.000	-3560.000
8.990	123.000	239.000	320.000	-3473.000
9.000	83.000	159.000	221.000	-2750.000
9.010	37.000	79.000	120.000	-1467.000
9.020	-12.000	-2.000	19.000	-30.000
9.030	-63.000	-83.000	-81.000	1466.000
9.040	-112.000	-164.000	-179.000	2594.000
9.050	-157.000	-244.000	-280.000	3237.000
9.060	-196.000	-323.000	-380.000	3292.000
9.070	-229.000	-399.000	-471.000	2900.000
9.080	-257.000	-472.000	-560.000	2286.000
9.090	-284.000	-541.000	-648.000	1977.000
9.100	-311.000	-604.000	-727.000	2050.000
9.110	-339.000	-662.000	-798.000	2571.000
9.120	-369.000	-712.000	-866.000	3593.000
9.130	-399.000	-755.000	-930.000	4814.000
9.140	-426.000	-792.000	-983.000	5872.000
9.150	-448.000	-823.000	-1025.000	6584.000
9.160	-461.000	-847.000	-1060.000	6561.000
9.170	-465.000	-865.000	-1085.000	5946.000
9.180	-464.000	-875.000	-1098.000	5306.000
9.190	-455.000	-879.000	-1103.000	4285.000
9.200	-443.000	-877.000	-1100.000	3517.000
9.210	-430.000	-865.000	-1088.000	3167.000
9.220	-419.000	-844.000	-1063.000	3486.000
9.230	-409.000	-815.000	-1028.000	4216.000
9.240	-399.000	-779.000	-987.000	5150.000
9.250	-385.000	-735.000	-935.000	5769.000
9.260	-367.000	-686.000	-873.000	6114.000
9.270	-342.000	-632.000	-803.000	5863.000
9.280	-310.000	-573.000	-725.000	5095.000
9.290	-273.000	-509.000	-645.000	4101.000
9.300	-229.000	-442.000	-563.000	2646.000
9.310	-182.000	-371.000	-465.000	1234.000
9.320	-136.000	-297.000	-368.000	270.000
9.330	-91.000	-219.000	-273.000	-375.000
9.340	-48.000	-137.000	-175.000	-688.000
9.350	-11.000	-55.000	-72.000	-305.000
9.360	25.000	30.000	30.000	28.000
9.370	59.000	113.000	126.000	408.000
9.380	94.000	195.000	230.000	445.000
9.390	132.000	275.000	329.000	-58.000
9.400	173.000	351.000	423.000	-1035.000
9.410	217.000	423.000	514.000	-2435.000
9.420	260.000	491.000	601.000	-3753.000
9.430	299.000	554.000	681.000	-4693.000
9.440	333.000	613.000	758.000	-5243.000
9.450	358.000	665.000	827.000	-5035.000
9.460	376.000	713.000	888.000	-4458.000
9.470	388.000	753.000	940.000	-3705.000
9.480	396.000	787.000	985.000	-3044.000
9.490	404.000	813.000	1023.000	-2920.000
9.500	411.000	832.000	1050.000	-3117.000
9.510	420.000	842.000	1068.000	-3924.000
9.520	428.000	845.000	1076.000	-4881.000
9.530	433.000	842.000	1077.000	-5730.000
9.540	434.000	831.000	1067.000	-6372.000
9.550	427.000	813.000	1047.000	-6374.000
9.560	411.000	789.000	1014.000	-5724.000
9.570	388.000	759.000	973.000	-4752.000
9.580	358.000	722.000	924.000	-3484.000
9.590	326.000	679.000	867.000	-2521.000
9.600	293.000	629.000	803.000	-1882.000
9.610	262.000	571.000	730.000	-1820.000
9.620	234.000	509.000	651.000	-2308.000
9.630	206.000	439.000	565.000	-2866.000
9.640	178.000	366.000	476.000	-3453.000
9.650	147.000	289.000	383.000	-3684.000
9.660	111.000	211.000	286.000	-3361.000
9.670	69.000	129.000	184.000	-2433.000
9.680	22.000	49.000	83.000	-1085.000
9.690	-29.000	-32.000	-18.000	537.000
9.700	-81.000	-113.000	-117.000	2084.000
9.710	-129.000	-193.000	-216.000	3039.000
9.720	-173.000	-273.000	-319.000	3556.000
9.730	-209.000	-350.000	-414.000	3289.000
9.740	-239.000	-426.000	-505.000	2647.000
9.750	-265.000	-498.000	-595.000	1952.000
9.760	-291.000	-564.000	-679.000	1698.000
9.770	-318.000	-625.000	-754.000	1936.000
9.780	-348.000	-680.000	-823.000	2828.000
9.790	-379.000	-728.000	-890.000	4043.000
9.800	-410.000	-770.000	-951.000	5428.000
9.810	-436.000	-804.000	-999.000	6396.000
9.820	-455.000	-833.000	-1038.000	6810.000
9.830	-464.000	-855.000	-1070.000	6433.000
9.840	-466.000	-870.000	-1090.000	5761.000
9.850	-461.000	-878.000	-1101.000	4839.000
9.860	-450.000	-880.000	-1102.000	3814.000
9.870	-437.000	-874.000	-1096.000	3151.000
9.880	-425.000	-858.000	-1080.000	3111.000
9.890	-415.000	-834.000	-1050.000	3674.000
9.900	-406.000	-802.000	-1013.000	4598.000
9.910	-396.000	-763.000	-969.000	5568.000
9.920	-381.000	-717.000	-912.000	6096.000
9.930	-361.000	-666.000	-848.000	6246.000
9.940	-333.000	-610.000	-775.000	5711.000
9.950	-298.000	-550.000	-695.000	4701.000
9.960	-257.000	-485.000	-616.000	3379.000
9.970	-212.000	-417.000	-529.000	1989.000
9.980	-165.000	-345.000	-429.000	726.000
9.990	-119.000	-270.000	-333.000	-133.000
10.000	-75.000	-190.000	-238.000	-593.000
10.010	-36.000	-109.000	-139.000	-421.000
10.020	0.000	-26.000	-34.000	-4.000
10.030	35.000	59.000	63.000	350.000
10.040	70.000	142.000	163.000	505.000
10.050	107.000	224.000	267.000	235.000
10.060	146.000	302.000	362.000	-413.000
10.070	188.000	377.000	455.000	-1521.000
10.080	232.000	447.000	546.000	-2925.000
10.090	274.000	513.000	629.000	-4144.000
10.100	312.000	574.000	707.000	-5015.000
10.110	343.000	631.000	782.000	-5286.000
10.120	365.000	681.000	847.000	-4857.000
10.130	381.000	726.000	905.000	-4221.000
10.140	391.000	765.000	955.000	-3420.000
10.150	398.000	796.000	997.000	-2835.000
10.160	406.000	820.000	1031.000	-2889.000
10.170	414.000	835.000	1055.000	-3346.000
10.180	422.000	843.000	1070.000	-4133.000
10.190	430.000	844.000	1074.000	-5190.000
10.200	434.000	837.000	1072.000	-6003.000
10.210	433.000	824.000	1059.000	-6499.000
10.220	423.000	803.000	1035.000	-6262.000
10.230	405.000	777.000	999.000	-5527.000
10.240	378.000	745.000	956.000	-4243.000
10.250	347.000	706.000	904.000	-3059.000
10.260	314.000	662.000	846.000	-2150.000
10.270	282.000	609.000	778.000	-1775.000
10.280	253.000	551.000	704.000	-2030.000
10.290	225.000	486.000	622.000	-2535.000
10.300	197.000	415.000	535.000	-3098.000
10.310	168.000	340.000	444.000	-3562.000
10.320	135.000	264.000	350.000	-3568.000
10.330	97.000	184.000	252.000	-3048.000
10.340	53.000	104.000	151.000	-1946.000
10.350	5.000	23.000	49.000	-556.000
10.360	-47.000	-59.000	-52.000	1117.000
10.370	-97.000	-139.000	-149.000	2373.000
10.380	-144.000	-221.000	-251.000	3223.000
10.390	-184.000	-298.000	-350.000	3319.000
10.400	-218.000	-375.000	-443.000	2951.000
10.410	-247.000	-450.000	-533.000	2348.000
10.420	-275.000	-520.000	-622.000	2040.000
10.430	-301.000	-584.000	-704.000	1875.000
10.440	-329.000	-643.000	-776.000	2310.000
10.450	-359.000	-696.000	-844.000	3255.000
10.460	-391.000	-742.000	-910.000	4639.000
10.470	-419.000	-781.000	-967.000	5706.000
10.480	-442.000	-813.000	-1011.000	6421.000
10.490	-457.000	-839.000	-1048.000	6515.000
10.500	-464.000	-859.000	-1077.000	6110.000
10.510	-465.000	-872.000	-1093.000	5527.000
10.520	-458.000	-878.000	-1101.000	4556.000
10.530	-447.000	-878.000	-1101.000	3718.000
10.540	-434.000	-868.000	-1091.000	3203.000
10.550	-422.000	-850.000	-1070.000	3277.000
10.560	-412.000	-824.000	-1037.000	3929.000
10.570	-402.000	-790.000	-999.000	4803.000
10.580	-391.000	-749.000	-951.000	5728.000
10.590	-374.000	-701.000	-892.000	6097.000
10.600	-352.000	-648.000	-824.000	6107.000
10.610	-322.000	-591.000	-750.000	5448.000
10.620	-285.000	-529.000	-668.000	4324.000
10.630	-242.000	-463.000	-589.000	2894.000
10.640	-196.000	-393.000	-496.000	1516.000
10.650	-150.000	-321.000	-397.000	479.000
10.660	-105.000	-244.000	-303.000	-212.000
10.670	-62.000	-163.000	-207.000	-548.000
10.680	-24.000	-82.000	-106.000	-287.000
10.690	12.000	2.000	-2.000	76.000
10.700	47.000	86.000	94.000	375.000
10.710	82.000	169.000	196.000	475.000
10.720	120.000	249.000	298.000	33.000
10.730	161.000	327.000	393.000	-883.000
10.740	203.000	400.000	484.000	-1990.000
10.750	246.000	469.000	573.000	-3291.000
10.760	287.000	533.000	654.000	-4438.000
10.770	323.000	593.000	732.000	-5145.000
10.780	350.000	647.000	803.000	-5057.000
10.790	371.000	696.000	867.000	-4689.000
10.800	384.000	739.000	922.000	-3872.000
10.810	393.000	776.000	969.000	-3157.000
10.820	401.000	804.000	1009.000	-2874.000
10.830	409.000	825.000	1039.000	-3057.000
10.840	418.000	838.000	1061.000	-3736.000
10.850	426.000	844.000	1072.000	-4589.000
10.860	432.000	843.000	1074.000	-5470.000
10.870	434.000	834.000	1070.000	-6139.000
10.880	430.000	818.000	1053.000	-6399.000
10.890	417.000	796.000	1025.000	-5964.000
10.900	396.000	768.000	987.000	-5059.000
10.910	368.000	734.000	941.000	-3857.000
10.920	336.000	693.000	887.000	-2727.000
10.930	304.000	646.000	825.000	-2082.000
10.940	273.000	591.000	756.000	-1909.000
10.950	244.000	529.000	678.000	-2204.000
10.960	216.000	463.000	595.000	-2732.000
10.970	188.000	392.000	508.000	-3303.000
10.980	158.000	316.000	415.000	-3649.000
10.990	123.000	239.000	320.000	-3431.000
11.000	82.000	157.000	218.000	-2600.000
11.010	37.000	77.000	117.000	-1462.000
11.020	-12.000	-3.000	17.000	-25.000
11.030	-63.000	-84.000	-83.000	1470.000
11.040	-113.000	-165.000	-181.000	2714.000
11.050	-158.000	-245.000	-282.000	3336.000
11.060	-198.000	-328.000	-386.000	3490.000
11.070	-228.000	-400.000	-473.000	2716.000
11.080	-256.000	-473.000	-562.000	2140.000
11.090	-282.000	-542.000	-650.000	1743.000
11.100	-309.000	-605.000	-729.000	1859.000
11.110	-339.000	-663.000	-800.000	2645.000
11.120	-369.000	-712.000	-866.000	3650.000
11.130	-400.000	-755.000	-931.000	4975.000
11.140	-427.000	-792.000	-984.000	6001.000
11.150	-449.000	-823.000	-1024.000	6689.000
11.160	-462.000	-847.000	-1060.000	6649.000
11.170	-466.000	-864.000	-1084.000	6020.000
11.180	-464.000	-875.000	-1097.000	5253.000
11.190	-454.000	-879.000	-1102.000	4128.000
11.200	-441.000	-876.000	-1099.000	3275.000
11.210	-429.000	-864.000	-1086.000	3086.000
11.220	-418.000	-843.000	-1061.000	3418.000
11.230	-409.000	-814.000	-1025.000	4275.000
11.240	-399.000	-777.000	-985.000	5195.000
11.250	-386.000	-733.000	-932.000	5920.000
11.260	-368.000	-683.000	-870.000	6237.000
11.270	-343.000	-629.000	-800.000	5963.000
11.280	-310.000	-570.000	-722.000	5062.000
11.290	-272.000	-507.000	-642.000	3960.000
11.300	-228.000	-440.000	-561.000	2532.000
11.310	-181.000	-369.000	-462.000	1141.000
11.320	-134.000	-295.000	-365.000	77.000
11.330	-90.000	-217.000	-271.000	-418.000
11.340	-48.000	-136.000	-173.000	-611.000
11.350	-11.000	-54.000	-69.000	-246.000
11.360	24.000	30.000	31.000	190.000
11.370	59.000	116.000	130.000	422.000
11.380	94.000	197.000	233.000	457.000
11.390	132.000	277.000	331.000	-48.000
11.400	173.000	352.000	424.000	-1027.000
11.410	217.000	424.000	516.000	-2428.000
11.420	261.000	492.000	602.000	-3863.000
11.430	300.000	554.000	681.000	-4784.000
11.440	333.000	612.000	757.000	-5202.000
11.450	359.000	665.000	826.000	-5119.000
11.460	377.000	712.000	887.000	-4528.000
11.470	388.000	752.000	938.000	-3648.000
11.480	396.000	786.000	983.000	-2999.000
11.490	403.000	812.000	1020.000	-2769.000
11.500	411.000	831.000	1047.000	-3111.000
11.510	419.000	841.000	1066.000	-3803.000
11.520	427.000	844.000	1073.000	-4782.000
11.530	433.000	840.000	1074.000	-5763.000
11.540	434.000	829.000	1065.000	-6397.000
11.550	428.000	811.000	1044.000	-6509.000
11.560	412.000	787.000	1012.000	-5833.000
11.570	389.000	757.000	971.000	-4840.000
11.580	359.000	721.000	923.000	-3558.000
11.590	325.000	677.000	866.000	-2350.000
11.600	292.000	628.000	802.000	-1745.000
11.610	261.000	571.000	729.000	-1708.000
11.620	233.000	508.000	649.000	-2216.000
11.630	206.000	439.000	565.000	-2905.000
11.640	178.000	366.000	476.000	-3482.000
11.650	147.000	290.000	382.000	-3706.000
11.660	111.000	211.000	286.000	-3377.000
11.670	69.000	130.000	184.000	-2445.000
11.680	22.000	49.000	83.000	-1094.000
11.690	-28.000	-31.000	-17.000	415.000
11.700	-80.000	-112.000	-116.000	1984.000
11.710	-129.000	-192.000	-215.000	3072.000
11.720	-172.000	-271.000	-317.000	3466.000
11.730	-209.000	-349.000	-413.000	3331.000
11.740	-239.000	-424.000	-502.000	2679.000
11.750	-266.000	-496.000	-591.000	2093.000
11.760	-292.000	-563.000	-678.000	1813.000
11.770	-319.000	-624.000	-753.000	2031.000
11.780	-348.000	-679.000	-821.000	2791.000
11.790	-378.000	-727.000	-887.000	3898.000
11.800	-408.000	-768.000	-948.000	5196.000
11.810	-435.000	-803.000	-997.000	6322.000
11.820	-454.000	-831.000	-1035.000	6747.000
11.830	-464.000	-853.000	-1068.000	6495.000
11.840	-466.000	-868.000	-1088.000	5809.000
11.850	-462.000	-877.000	-1098.000	4992.000
11.860	-451.000	-878.000	-1101.000	3938.000
11.870	-438.000	-872.000	-1094.000	3253.000
11.880	-425.000	-857.000	-1078.000	3079.000
11.890	-414.000	-833.000	-1049.000	3534.000
11.900	-405.000	-802.000	-1013.000	4484.000
11.910	-394.000	-763.000	-969.000	5359.000
11.920	-380.000	-717.000	-912.000	6041.000
11.930	-360.000	-666.000	-848.000	6198.000
11.940	-333.000	-610.000	-776.000	5784.000
11.950	-298.000	-549.000	-695.000	4758.000
11.960	-258.000	-485.000	-617.000	3539.000
11.970	-214.000	-418.000	-531.000	2234.000
11.980	-166.000	-346.000	-430.000	811.000
11.990	-119.000	-271.000	-334.000	-178.000
12.000	-75.000	-192.000	-240.000	-626.000
12.010	-35.000	-110.000	-140.000	0.000
12.020	2.000	-27.000	-36.000	0.000
12.030	38.000	57.000	61.000	0.000
12.040	74.000	140.000	161.000	0.000
12.050	110.000	222.000	265.000	0.000
12.060	149.000	301.000	360.000	0.000
12.070	191.000	377.000	453.000	0.000
12.080	236.000	448.000	544.000	0.000
12.090	286.000	516.000	629.000	0.000
12.100	339.000	577.000	706.000	0.000
12.110	397.000	635.000	781.000	0.000
12.120	460.000	690.000	848.000	0.000
12.130	527.000	742.000	906.000	0.000
12.140	597.000	791.000	957.000	0.000
12.150	672.000	841.000	1002.000	0.000
12.160	748.000	890.000	1039.000	0.000
12.170	828.000	940.000	1071.000	0.000
12.180	908.000	991.000	1095.000	0.000
12.190	987.000	1042.000	1114.000	0.000
12.200	1069.000	1096.000	1131.000	0.000
12.210	1147.000	1148.000	1144.000	0.000
12.220	1225.000	1202.000	1158.000	0.000
12.230	1302.000	1254.000	1173.000	0.000
12.240	1375.000	1305.000	1190.000	0.000
12.250	1446.000	1355.000	1214.000	0.000
12.260	1513.000	1402.000	1241.000	0.000
12.270	1576.000	1447.000	1275.000	0.000
12.280	1634.000	1490.000	1316.000	0.000
12.290	1690.000	1534.000	1364.000	0.000
12.300	1738.000	1576.000	1417.000	0.000
12.310	1782.000	1618.000	1478.000	0.000
12.320	1822.000	1663.000	1545.000	0.000
12.330	1857.000	1708.000	1614.000	0.000
12.340	1888.000	1757.000	1690.000	0.000
12.350	1914.000	1809.000	1765.000	0.000
12.360	1937.000	1863.000	1842.000	0.000
12.370	1957.000	1920.000	1921.000	0.000
12.380	1975.000	1979.000	2000.000	0.000
12.390	1992.000	2039.000	2075.000	0.000
12.400	2010.000	2098.000	2144.000	0.000
12.410	2029.000	2157.000	2216.000	0.000
12.420	2050.000	2213.000	2283.000	0.000
12.430	2074.000	2264.000	2344.000	0.000
12.440	2103.000	2312.000	2405.000	0.000
12.450	2135.000	2355.000	2459.000	0.000
12.460	2172.000	2393.000	2508.000	0.000
12.470	2213.000	2427.000	2552.000	0.000
12.480	2259.000	2458.000	2590.000	0.000
12.490	2308.000	2486.000	2621.000	0.000
12.500	2362.000	2512.000	2647.000	0.000
12.510	2418.000	2538.000	2666.000	0.000
12.520	2476.000	2564.000	2678.000	0.000
12.530	2535.000	2591.000	2686.000	0.000
12.540	2596.000	2620.000	2689.000	0.000
12.550	2656.000	2650.000	2690.000	0.000
12.560	2716.000	2683.000	2690.000	0.000
12.570	2774.000	2717.000	2688.000	0.000
12.580	2830.000	2752.000	2687.000	0.000
12.590	2884.000	2787.000	2687.000	0.000
12.600	2934.000	2822.000	2689.000	0.000
12.610	2982.000	2856.000	2699.000	0.000
12.620	3027.000	2889.000	2716.000	0.000
12.630	3066.000	2920.000	2738.000	0.000
12.640	3103.000	2949.000	2770.000	0.000
12.650	3135.000	2979.000	2809.000	0.000
12.660	3163.000	3007.000	2853.000	0.000
12.670	3187.000	3035.000	2905.000	0.000
12.680	3207.000	3064.000	2961.000	0.000
12.690	3223.000	3095.000	3021.000	0.000
12.700	3236.000	3129.000	3086.000	0.000
12.710	3245.000	3165.000	3151.000	0.000
12.720	3252.000	3204.000	3216.000	0.000
12.730	3257.000	3245.000	3282.000	0.000
12.740	3262.000	3288.000	3339.000	0.000
12.750	3267.000	3333.000	3396.000	0.000
12.760	3272.000	3378.000	3457.000	0.000
12.770	3280.000	3421.000	3506.000	0.000
12.780	3290.000	3462.000	3551.000	0.000
12.790	3304.000	3499.000	3595.000	0.000
12.800	3321.000	3532.000	3631.000	0.000
12.810	3343.000	3561.000	3664.000	0.000
12.820	3370.000	3585.000	3694.000	0.000
12.830	3402.000	3605.000	3716.000	0.000
12.840	3438.000	3622.000	3735.000	0.000
12.850	3478.000	3635.000	3747.000	0.000
12.860	3520.000	3647.000	3755.000	0.000
12.870	3565.000	3658.000	3757.000	0.000
12.880	3611.000	3669.000	3757.000	0.000
12.890	3658.000	3681.000	3752.000	0.000
12.900	3707.000	3696.000	3743.000	0.000
12.910	3753.000	3713.000	3731.000	0.000
12.920	3798.000	3732.000	3718.000	0.000
12.930	3841.000	3752.000	3705.000	0.000
12.940	3881.000	3774.000	3693.000	0.000
12.950	3918.000	3797.000	3686.000	0.000
12.960	3952.000	3820.000	3683.000	0.000
12.970	3983.000	3843.000	3682.000	0.000
12.980	4010.000	3864.000	3689.000	0.000
12.990	4033.000	3884.000	3703.000	0.000
13.000	4052.000	3903.000	3726.000	0.000
13.010	4067.000	3921.000	3756.000	0.000
13.020	4077.000	3937.000	3790.000	0.000
13.030	4085.000	3954.000	3832.000	0.000
13.040	4088.000	3972.000	3877.000	0.000
13.050	4089.000	3991.000	3924.000	0.000
13.060	4088.000	4011.000	3973.000	0.000
13.070	4084.000	4034.000	4024.000	0.000
13.080	4078.000	4059.000	4073.000	0.000
13.090	4072.000	4086.000	4121.000	0.000
13.100	4066.000	4114.000	4164.000	0.000
13.110	4061.000	4144.000	4217.000	0.000
13.120	4059.000	4173.000	4274.000	0.000
13.130	4058.000	4202.000	4296.000	0.000
13.140	4061.000	4228.000	4327.000	0.000
13.150	4068.000	4252.000	4356.000	0.000
13.160	4080.000	4273.000	4371.000	0.000
13.170	4095.000	4289.000	4387.000	0.000
13.180	4115.000	4301.000	4397.000	0.000
13.190	4139.000	4310.000	4401.000	0.000
13.200	4167.000	4315.000	4403.000	0.000
13.210	4197.000	4318.000	4403.000	0.000
13.220	4230.000	4319.000	4397.000	0.000
13.230	4265.000	4320.000	4388.000	0.000
13.240	4301.000	4321.000	4375.000	0.000
13.250	4336.000	4322.000	4359.000	0.000
13.260	4371.000	4326.000	4341.000	0.000
13.270	4404.000	4332.000	4322.000	0.000
13.280	4434.000	4340.000	4305.000	0.000
13.290	4462.000	4350.000	4288.000	0.000
13.300	4487.000	4361.000	4272.000	0.000
13.310	4508.000	4374.000	4262.000	0.000
13.320	4526.000	4388.000	4256.000	0.000
13.330	4540.000	4401.000	4254.000	0.000
13.340	4551.000	4414.000	4257.000	0.000
13.350	4557.000	4425.000	4266.000	0.000
13.360	4560.000	4436.000	4283.000	0.000
13.370	4560.000	4445.000	4308.000	0.000
13.380	4557.000	4453.000	4337.000	0.000
13.390	4551.000	4461.000	4371.000	0.000
13.400	4542.000	4469.000	4409.000	0.000
13.410	4531.000	4477.000	4447.000	0.000
13.420	4520.000	4486.000	4487.000	0.000
13.430	4507.000	4497.000	4527.000	0.000
13.440	4495.000	4510.000	4567.000	0.000
13.450	4483.000	4524.000	4604.000	0.000
13.460	4472.000	4540.000	4635.000	0.000
13.470	4464.000	4556.000	4661.000	0.000
13.480	4458.000	4573.000	4683.000	0.000
13.490	4456.000	4590.000	4700.000	0.000
13.500	4455.000	4605.000	4712.000	0.000
13.510	4460.000	4619.000	4720.000	0.000
13.520	4468.000	4630.000	4723.000	0.000
13.530	4481.000	4637.000	4723.000	0.000
13.540	4497.000	4642.000	4719.000	0.000
13.550	4517.000	4643.000	4712.000	0.000
13.560	4539.000	4643.000	4701.000	0.000
13.570	4564.000	4639.000	4687.000	0.000
13.580	4589.000	4634.000	4670.000	0.000
13.590	4614.000	4627.000	4653.000	0.000
13.600	4640.000	4621.000	4634.000	0.000
13.610	4664.000	4616.000	4615.000	0.000
13.620	4686.000	4612.000	4596.000	0.000
13.630	4706.000	4610.000	4578.000	0.000
13.640	4723.000	4610.000	4559.000	0.000
13.650	4736.000	4612.000	4545.000	0.000
13.660	4746.000	4616.000	4533.000	0.000
13.670	4753.000	4622.000	4524.000	0.000
13.680	4756.000	4629.000	4520.000	0.000
13.690	4756.000	4636.000	4520.000	0.000
13.700	4754.000	4643.000	4523.000	0.000
13.710	4747.000	4649.000	4532.000	0.000
13.720	4738.000	4654.000	4547.000	0.000
13.730	4727.000	4658.000	4567.000	0.000
13.740	4714.000	4661.000	4590.000	0.000
13.750	4700.000	4662.000	4617.000	0.000
13.760	4686.000	4664.000	4644.000	0.000
13.770	4671.000	4665.000	4672.000	0.000
13.780	4656.000	4666.000	4700.000	0.000
13.790	4641.000	4669.000	4728.000	0.000
13.800	4628.000	4672.000	4752.000	0.000
13.810	4615.000	4677.000	4772.000	0.000
13.820	4605.000	4682.000	4788.000	0.000
13.830	4597.000	4689.000	4799.000	0.000
13.840	4591.000	4695.000	4805.000	0.000
13.850	4588.000	4702.000	4806.000	0.000
13.860	4588.000	4708.000	4806.000	0.000
13.870	4589.000	4712.000	4800.000	0.000
13.880	4595.000	4714.000	4790.000	0.000
13.890	4604.000	4714.000	4776.000	0.000
13.900	4615.000	4712.000	4759.000	0.000
13.910	4629.000	4706.000	4740.000	0.000
13.920	4644.000	4698.000	4719.000	0.000
13.930	4659.000	4688.000	4699.000	0.000
13.940	4675.000	4676.000	4678.000	0.000
13.950	4691.000	4664.000	4657.000	0.000
13.960	4705.000	4653.000	4637.000	0.000
13.970	4717.000	4642.000	4617.000	0.000
13.980	4727.000	4634.000	4598.000	0.000
13.990	4735.000	4627.000	4582.000	0.000
14.000	4739.000	4622.000	4566.000	0.000
14.010	4740.000	4620.000	4553.000	0.000
14.020	4740.000	4620.000	4545.000	0.000
14.030	4735.000	4620.000	4539.000	0.000
14.040	4727.000	4621.000	4535.000	0.000
14.050	4716.000	4623.000	4535.000	0.000
14.060	4703.000	4625.000	4538.000	0.000
14.070	4688.000	4627.000	4546.000	0.000
14.080	4672.000	4627.000	4557.000	0.000
14.090	4655.000	4627.000	4571.000	0.000
14.100	4638.000	4626.000	4588.000	0.000
14.110	4620.000	4622.000	4607.000	0.000
14.120	4603.000	4618.000	4625.000	0.000
14.130	4587.000	4614.000	4643.000	0.000
14.140	4571.000	4609.000	4660.000	0.000
14.150	4557.000	4605.000	4673.000	0.000
14.160	4544.000	4602.000	4685.000	0.000
14.170	4534.000	4600.000	4692.000	0.000
14.180	4525.000	4599.000	4695.000	0.000
14.190	4518.000	4599.000	4695.000	0.000
14.200	4514.000	4599.000	4693.000	0.000
14.210	4513.000	4599.000	4684.000	0.000
14.220	4513.000	4599.000	4672.000	0.000
14.230	4515.000	4598.000	4656.000	0.000
14.240	4521.000	4595.000	4637.000	0.000
14.250	4528.000	4591.000	4617.000	0.000
14.260	4538.000	4584.000	4595.000	0.000
14.270	4548.000	4576.000	4574.000	0.000
14.280	4559.000	4566.000	4551.000	0.000
14.290	4570.000	4554.000	4530.000	0.000
14.300	4580.000	4542.000	4510.000	0.000
14.310	4589.000	4530.000	4492.000	0.000
14.320	4596.000	4518.000	4475.000	0.000
14.330	4601.000	4508.000	4461.000	0.000
14.340	4604.000	4499.000	4448.000	0.000
14.350	4604.000	4492.000	4438.000	0.000
14.360	4601.000	4487.000	4430.000	0.000
14.370	4595.000	4484.000	4425.000	0.000
14.380	4586.000	4483.000	4422.000	0.000
14.390	4575.000	4483.000	4422.000	0.000
14.400	4561.000	4483.000	4422.000	0.000
14.410	4546.000	4485.000	4426.000	0.000
14.420	4530.000	4486.000	4433.000	0.000
14.430	4513.000	4487.000	4442.000	0.000
14.440	4497.000	4487.000	4453.000	0.000
14.450	4480.000	4487.000	4466.000	0.000
14.460	4465.000	4486.000	4480.000	0.000
14.470	4450.000	4482.000	4493.000	0.000
14.480	4438.000	4478.000	4506.000	0.000
14.490	4426.000	4472.000	4518.000	0.000
14.500	4417.000	4468.000	4526.000	0.000
14.510	4409.000	4463.000	4533.000	0.000
14.520	4403.000	4459.000	4536.000	0.000
14.530	4400.000	4456.000	4536.000	0.000
14.540	4398.000	4454.000	4534.000	0.000
14.550	4398.000	4452.000	4528.000	0.000
14.560	4398.000	4451.000	4517.000	0.000
14.570	4402.000	4451.000	4503.000	0.000
14.580	4408.000	4450.000	4486.000	0.000
14.590	4415.000	4449.000	4468.000	0.000
14.600	4422.000	4447.000	4449.000	0.000
14.610	4431.000	4443.000	4430.000	0.000
14.620	4440.000	4439.000	4412.000	0.000
14.630	4449.000	4433.000	4395.000	0.000
14.640	4457.000	4425.000	4380.000	0.000
14.650	4465.000	4417.000	4367.000	0.000
14.660	4471.000	4409.000	4355.000	0.000
14.670	4476.000	4401.000	4347.000	0.000
14.680	4480.000	4394.000	4340.000	0.000
14.690	4481.000	4387.000	4335.000	0.000
14.700	4481.000	4383.000	4334.000	0.000
14.710	4478.000	4380.000	4333.000	0.000
14.720	4472.000	4379.000	4333.000	0.000
14.730	4464.000	4379.000	4336.000	0.000
14.740	4455.000	4381.000	4341.000	0.000
14.750	4445.000	4385.000	4347.000	0.000
14.760	4433.000	4390.000	4355.000	0.000
14.770	4421.000	4395.000	4364.000	0.000
14.780	4409.000	4399.000	4375.000	0.000
14.790	4398.000	4403.000	4387.000	0.000
14.800	4387.000	4406.000	4398.000	0.000
14.810	4378.000	4408.000	4410.000	0.000
14.820	4369.000	4408.000	4422.000	0.000
14.830	4363.000	4408.000	4433.000	0.000
14.840	4358.000	4408.000	4442.000	0.000
14.850	4356.000	4406.000	4450.000	0.000
14.860	4355.000	4403.000	4455.000	0.000
14.870	4355.000	4401.000	4458.000	0.000
14.880	4356.000	4399.000	4459.000	0.000
14.890	4360.000	4398.000	4459.000	0.000
14.900	4365.000	4398.000	4454.000	0.000
14.910	4371.000	4398.000	4448.000	0.000
14.920	4379.000	4399.000	4438.000	0.000
14.930	4387.000	4401.000	4426.000	0.000
14.940	4395.000	4403.000	4414.000	0.000
14.950	4403.000	4405.000	4400.000	0.000
14.960	4412.000	4406.000	4387.000	0.000
14.970	4421.000	4406.000	4375.000	0.000
14.980	4429.000	4406.000	4364.000	0.000
14.990	4436.000	4405.000	4355.000	0.000
15.000	4443.000	4402.000	4349.000	0.000
