0.000	0.000	0.000	1.000	0.000
0.010	3.000	21.000	38.000	-342.000
0.020	2.000	23.000	41.000	-143.000
0.030	1.000	24.000	44.000	31.000
0.040	0.000	26.000	46.000	186.000
0.050	-1.000	26.000	48.000	327.000
0.060	-1.000	27.000	49.000	342.000
0.070	-1.000	27.000	50.000	371.000
0.080	2.000	27.000	50.000	62.000
0.090	6.000	27.000	50.000	-290.000
0.100	10.000	27.000	50.000	-566.000
0.110	12.000	27.000	50.000	-550.000
0.120	12.000	27.000	49.000	-298.000
0.130	12.000	27.000	47.000	-85.000
0.140	12.000	27.000	45.000	99.000
0.150	11.000	27.000	43.000	376.000
0.160	10.000	27.000	40.000	616.000
0.170	10.000	27.000	37.000	711.000
0.180	11.000	25.000	35.000	689.000
0.190	15.000	23.000	33.000	339.000
0.200	20.000	21.000	31.000	-49.000
0.210	24.000	19.000	29.000	-240.000
0.220	28.000	18.000	27.000	-389.000
0.230	30.000	17.000	26.000	-275.000
0.240	31.000	17.000	25.000	-63.000
0.250	31.000	17.000	24.000	230.000
0.260	30.000	17.000	24.000	592.000
0.270	28.000	18.000	23.000	1011.000
0.280	28.000	20.000	23.000	1132.000
0.290	28.000	21.000	23.000	1245.000
0.300	33.000	23.000	23.000	769.000
0.310	39.000	25.000	25.000	276.000
0.320	46.000	28.000	27.000	-237.000
0.330	52.000	31.000	30.000	-540.000
0.340	56.000	34.000	33.000	-560.000
0.350	57.000	39.000	37.000	-235.000
0.360	57.000	44.000	42.000	139.000
0.370	56.000	49.000	47.000	556.000
0.380	54.000	54.000	52.000	1012.000
0.390	54.000	59.000	58.000	1155.000
0.400	54.000	64.000	65.000	1276.000
0.410	59.000	68.000	72.000	800.000
0.420	66.000	72.000	80.000	182.000
0.430	74.000	76.000	87.000	-441.000
0.440	81.000	80.000	94.000	-844.000
0.450	86.000	85.000	100.000	-955.000
0.460	87.000	90.000	107.000	-600.000
0.470	87.000	96.000	113.000	-214.000
0.480	85.000	102.000	119.000	319.000
0.490	83.000	108.000	124.000	743.000
0.500	81.000	114.000	129.000	1082.000
0.510	81.000	118.000	133.000	1123.000
0.520	85.000	122.000	137.000	688.000
0.530	92.000	124.000	141.000	-19.000
0.540	100.000	126.000	144.000	-723.000
0.550	106.000	128.000	146.000	-1084.000
0.560	111.000	129.000	148.000	-1287.000
0.570	112.000	130.000	149.000	-1015.000
0.580	111.000	131.000	150.000	-589.000
0.590	106.000	132.000	150.000	199.000
0.600	101.000	133.000	150.000	823.000
0.610	98.000	133.000	150.000	1087.000
0.620	97.000	133.000	149.000	1062.000
0.630	97.000	131.000	147.000	919.000
0.640	102.000	128.000	145.000	212.000
0.650	109.000	124.000	143.000	-611.000
0.660	114.000	121.000	140.000	-1070.000
0.670	117.000	118.000	137.000	-1241.000
0.680	117.000	116.000	133.000	-1064.000
0.690	114.000	114.000	129.000	-603.000
0.700	106.000	112.000	125.000	326.000
0.710	98.000	111.000	121.000	1060.000
0.720	92.000	109.000	116.000	1413.000
0.730	89.000	107.000	113.000	1344.000
0.740	89.000	103.000	109.000	931.000
0.750	91.000	99.000	106.000	352.000
0.760	96.000	95.000	103.000	-485.000
0.770	100.000	91.000	101.000	-1074.000
0.780	101.000	87.000	99.000	-1237.000
0.790	101.000	85.000	97.000	-1287.000
0.800	94.000	83.000	95.000	-549.000
0.810	85.000	82.000	93.000	253.000
0.820	74.000	81.000	92.000	1117.000
0.830	66.000	80.000	91.000	1458.000
0.840	61.000	78.000	90.000	1378.000
0.850	60.000	77.000	89.000	842.000
0.860	60.000	74.000	88.000	278.000
0.870	64.000	71.000	88.000	-663.000
0.880	68.000	69.000	87.000	-1453.000
0.890	68.000	67.000	87.000	-1663.000
0.900	66.000	66.000	86.000	-1639.000
0.910	57.000	65.000	85.000	-841.000
0.920	46.000	64.000	84.000	10.000
0.930	33.000	63.000	83.000	915.000
0.940	23.000	62.000	82.000	1291.000
0.950	16.000	59.000	80.000	1243.000
0.960	14.000	55.000	79.000	620.000
0.970	14.000	50.000	77.000	-126.000
0.980	17.000	44.000	74.000	-1097.000
0.990	19.000	38.000	72.000	-1793.000
1.000	19.000	33.000	68.000	-2156.000
1.010	14.000	28.000	64.000	-1904.000
1.020	3.000	24.000	59.000	-1033.000
1.030	-11.000	20.000	53.000	0.000
1.040	-26.000	15.000	47.000	944.000
1.050	-38.000	10.000	40.000	1361.000
1.060	-46.000	4.000	32.000	1240.000
1.070	-49.000	-4.000	24.000	567.000
1.080	-49.000	-12.000	16.000	-328.000
1.090	-47.000	-22.000	6.000	-1295.000
1.100	-46.000	-31.000	-3.000	-1979.000
1.110	-47.000	-40.000	-13.000	-2325.000
1.120	-54.000	-49.000	-23.000	-1934.000
1.130	-67.000	-57.000	-34.000	-940.000
1.140	-83.000	-64.000	-45.000	204.000
1.150	-99.000	-72.000	-56.000	1135.000
1.160	-112.000	-81.000	-68.000	1554.000
1.170	-121.000	-91.000	-78.000	1449.000
1.180	-125.000	-102.000	-89.000	801.000
1.190	-126.000	-113.000	-100.000	-60.000
1.200	-125.000	-125.000	-110.000	-985.000
1.210	-125.000	-136.000	-119.000	-1622.000
1.220	-125.000	-146.000	-128.000	-2147.000
1.230	-132.000	-155.000	-139.000	-1772.000
1.240	-144.000	-163.000	-150.000	-895.000
1.250	-159.000	-170.000	-158.000	166.000
1.260	-175.000	-177.000	-168.000	1156.000
1.270	-189.000	-183.000	-178.000	1751.000
1.280	-199.000	-190.000	-187.000	1801.000
1.290	-204.000	-198.000	-195.000	1293.000
1.300	-205.000	-206.000	-202.000	446.000
1.310	-205.000	-215.000	-209.000	-337.000
1.320	-204.000	-223.000	-215.000	-1074.000
1.330	-204.000	-231.000	-221.000	-1548.000
1.340	-205.000	-238.000	-226.000	-1813.000
1.350	-212.000	-243.000	-230.000	-1328.000
1.360	-222.000	-247.000	-235.000	-579.000
1.370	-234.000	-250.000	-239.000	277.000
1.380	-247.000	-253.000	-243.000	1114.000
1.390	-258.000	-255.000	-247.000	1596.000
1.400	-264.000	-258.000	-250.000	1447.000
1.410	-266.000	-261.000	-252.000	902.000
1.420	-267.000	-265.000	-254.000	381.000
1.430	-264.000	-268.000	-256.000	-476.000
1.440	-260.000	-272.000	-257.000	-1263.000
1.450	-258.000	-275.000	-258.000	-1652.000
1.460	-258.000	-276.000	-259.000	-1722.000
1.470	-263.000	-277.000	-260.000	-1184.000
1.480	-271.000	-277.000	-261.000	-380.000
1.490	-281.000	-277.000	-261.000	534.000
1.500	-290.000	-277.000	-262.000	1198.000
1.510	-296.000	-277.000	-262.000	1433.000
1.520	-297.000	-278.000	-262.000	1093.000
1.530	-297.000	-279.000	-262.000	748.000
1.540	-290.000	-281.000	-262.000	-303.000
1.550	-283.000	-283.000	-262.000	-1121.000
1.560	-277.000	-285.000	-262.000	-1642.000
1.570	-274.000	-286.000	-262.000	-1695.000
1.580	-274.000	-286.000	-262.000	-1369.000
1.590	-278.000	-286.000	-263.000	-615.000
1.600	-285.000	-284.000	-263.000	378.000
1.610	-292.000	-282.000	-264.000	1225.000
1.620	-295.000	-281.000	-264.000	1499.000
1.630	-296.000	-280.000	-265.000	1545.000
1.640	-291.000	-279.000	-265.000	939.000
1.650	-282.000	-279.000	-265.000	33.000
1.660	-271.000	-279.000	-265.000	-895.000
1.670	-262.000	-279.000	-265.000	-1383.000
1.680	-255.000	-279.000	-265.000	-1522.000
1.690	-252.000	-277.000	-265.000	-1145.000
1.700	-252.000	-274.000	-265.000	-464.000
1.710	-253.000	-270.000	-264.000	240.000
1.720	-257.000	-266.000	-262.000	1200.000
1.730	-258.000	-261.000	-260.000	1681.000
1.740	-258.000	-257.000	-258.000	2010.000
1.750	-252.000	-254.000	-255.000	1637.000
1.760	-241.000	-250.000	-251.000	807.000
1.770	-228.000	-247.000	-247.000	-54.000
1.780	-215.000	-243.000	-242.000	-717.000
1.790	-203.000	-238.000	-237.000	-1111.000
1.800	-194.000	-232.000	-231.000	-1059.000
1.810	-188.000	-225.000	-225.000	-646.000
1.820	-185.000	-216.000	-218.000	63.000
1.830	-184.000	-206.000	-210.000	904.000
1.840	-183.000	-196.000	-203.000	1625.000
1.850	-179.000	-186.000	-194.000	1908.000
1.860	-172.000	-176.000	-185.000	1837.000
1.870	-162.000	-166.000	-175.000	1477.000
1.880	-149.000	-157.000	-164.000	879.000
1.890	-133.000	-148.000	-153.000	79.000
1.900	-118.000	-139.000	-142.000	-428.000
1.910	-104.000	-129.000	-129.000	-705.000
1.920	-91.000	-118.000	-117.000	-799.000
1.930	-82.000	-106.000	-107.000	-398.000
1.940	-76.000	-93.000	-94.000	292.000
1.950	-70.000	-79.000	-79.000	872.000
1.960	-64.000	-65.000	-67.000	1368.000
1.970	-55.000	-51.000	-52.000	1452.000
1.980	-43.000	-37.000	-37.000	1201.000
1.990	-27.000	-23.000	-23.000	558.000
2.000	-10.000	-9.000	-8.000	-61.000
2.010	8.000	5.000	8.000	-684.000
2.020	24.000	19.000	23.000	-967.000
2.030	38.000	34.000	39.000	-980.000
2.040	47.000	48.000	54.000	-427.000
2.050	55.000	63.000	69.000	125.000
2.060	61.000	78.000	84.000	796.000
2.070	69.000	93.000	100.000	1105.000
2.080	79.000	107.000	115.000	1123.000
2.090	91.000	119.000	130.000	903.000
2.100	106.000	131.000	144.000	371.000
2.110	123.000	143.000	159.000	-305.000
2.120	139.000	155.000	173.000	-757.000
2.130	154.000	166.000	186.000	-1033.000
2.140	165.000	178.000	198.000	-821.000
2.150	174.000	190.000	210.000	-447.000
2.160	182.000	203.000	220.000	-53.000
2.170	188.000	215.000	230.000	476.000
2.180	194.000	226.000	238.000	886.000
2.190	202.000	237.000	246.000	970.000
2.200	212.000	247.000	254.000	789.000
2.210	224.000	256.000	262.000	392.000
2.220	237.000	263.000	269.000	-70.000
2.230	251.000	270.000	276.000	-591.000
2.240	263.000	277.000	283.000	-817.000
2.250	274.000	283.000	290.000	-924.000
2.260	282.000	289.000	295.000	-703.000
2.270	287.000	296.000	302.000	-215.000
2.280	290.000	302.000	307.000	377.000
2.290	293.000	308.000	312.000	827.000
2.300	297.000	314.000	317.000	1048.000
2.310	303.000	319.000	322.000	969.000
2.320	310.000	324.000	326.000	762.000
2.330	319.000	328.000	331.000	332.000
2.340	329.000	333.000	335.000	-169.000
2.350	338.000	337.000	339.000	-500.000
2.360	345.000	341.000	343.000	-581.000
2.370	350.000	346.000	346.000	-461.000
2.380	352.000	351.000	350.000	-62.000
2.390	352.000	356.000	354.000	451.000
2.400	352.000	360.000	357.000	829.000
2.410	353.000	365.000	360.000	985.000
2.420	356.000	369.000	364.000	845.000
2.430	360.000	372.000	368.000	580.000
2.440	365.000	374.000	371.000	211.000
2.450	370.000	376.000	375.000	-132.000
2.460	375.000	378.000	379.000	-455.000
2.470	378.000	380.000	383.000	-535.000
2.480	379.000	382.000	387.000	-418.000
2.490	379.000	384.000	390.000	-257.000
2.500	377.000	386.000	393.000	58.000
2.510	373.000	388.000	396.000	502.000
2.520	369.000	390.000	398.000	821.000
2.530	367.000	391.000	400.000	810.000
2.540	367.000	391.000	401.000	533.000
2.550	367.000	391.000	402.000	268.000
2.560	369.000	391.000	402.000	-220.000
2.570	371.000	391.000	402.000	-663.000
2.580	372.000	390.000	402.000	-957.000
2.590	372.000	388.000	402.000	-1131.000
2.600	367.000	387.000	402.000	-746.000
2.610	360.000	385.000	400.000	-251.000
2.620	351.000	383.000	398.000	339.000
2.630	343.000	380.000	395.000	663.000
2.640	337.000	376.000	392.000	660.000
2.650	332.000	371.000	388.000	509.000
2.660	330.000	365.000	384.000	4.000
2.670	329.000	358.000	379.000	-560.000
2.680	328.000	350.000	373.000	-1060.000
2.690	325.000	342.000	366.000	-1279.000
2.700	319.000	334.000	359.000	-1157.000
2.710	310.000	326.000	351.000	-756.000
2.720	300.000	319.000	342.000	-356.000
2.730	288.000	311.000	333.000	165.000
2.740	276.000	303.000	323.000	558.000
2.750	266.000	295.000	312.000	619.000
2.760	258.000	285.000	301.000	414.000
2.770	252.000	275.000	290.000	-9.000
2.780	247.000	265.000	279.000	-496.000
2.790	241.000	254.000	268.000	-805.000
2.800	235.000	242.000	255.000	-1089.000
2.810	228.000	231.000	244.000	-1238.000
2.820	217.000	220.000	233.000	-929.000
2.830	204.000	209.000	222.000	-477.000
2.840	190.000	198.000	210.000	-19.000
2.850	176.000	187.000	198.000	333.000
2.860	163.000	175.000	187.000	489.000
2.870	150.000	163.000	176.000	604.000
2.880	140.000	151.000	165.000	339.000
2.890	132.000	138.000	155.000	-118.000
2.900	124.000	126.000	145.000	-502.000
2.910	115.000	114.000	134.000	-714.000
2.920	105.000	102.000	124.000	-787.000
2.930	94.000	91.000	114.000	-747.000
2.940	80.000	81.000	103.000	-381.000
2.950	65.000	71.000	93.000	22.000
2.960	51.000	62.000	83.000	227.000
2.970	37.000	52.000	72.000	393.000
2.980	25.000	43.000	61.000	296.000
2.990	14.000	33.000	50.000	105.000
3.000	5.000	22.000	40.000	-282.000
3.010	-4.000	11.000	29.000	-596.000
3.020	-13.000	0.000	19.000	-853.000
3.030	-24.000	-12.000	8.000	-833.000
3.040	-36.000	-23.000	-3.000	-703.000
3.050	-49.000	-35.000	-14.000	-481.000
3.060	-63.000	-47.000	-25.000	-180.000
3.070	-77.000	-59.000	-36.000	73.000
3.080	-90.000	-70.000	-47.000	174.000
3.090	-102.000	-83.000	-59.000	155.000
3.100	-112.000	-95.000	-72.000	-76.000
3.110	-122.000	-108.000	-83.000	-249.000
3.120	-131.000	-120.000	-96.000	-490.000
3.130	-140.000	-132.000	-109.000	-671.000
3.140	-149.000	-144.000	-120.000	-806.000
3.150	-160.000	-155.000	-132.000	-669.000
3.160	-172.000	-167.000	-146.000	-426.000
3.170	-184.000	-178.000	-159.000	-210.000
3.180	-196.000	-188.000	-171.000	-12.000
3.190	-207.000	-200.000	-185.000	59.000
3.200	-218.000	-211.000	-197.000	144.000
3.210	-227.000	-223.000	-209.000	11.000
3.220	-236.000	-235.000	-223.000	-67.000
3.230	-244.000	-247.000	-235.000	-217.000
3.240	-252.000	-259.000	-246.000	-310.000
3.250	-260.000	-271.000	-258.000	-356.000
3.260	-268.000	-282.000	-269.000	-363.000
3.270	-277.000	-293.000	-279.000	-222.000
3.280	-286.000	-304.000	-289.000	-76.000
3.290	-295.000	-313.000	-299.000	78.000
3.300	-304.000	-322.000	-309.000	241.000
3.310	-312.000	-331.000	-319.000	295.000
3.320	-319.000	-338.000	-327.000	265.000
3.330	-326.000	-345.000	-336.000	281.000
3.340	-331.000	-352.000	-344.000	104.000
3.350	-335.000	-357.000	-351.000	-116.000
3.360	-339.000	-363.000	-358.000	-255.000
3.370	-343.000	-367.000	-364.000	-329.000
3.380	-348.000	-372.000	-369.000	-235.000
3.390	-353.000	-375.000	-374.000	-120.000
3.400	-359.000	-379.000	-377.000	130.000
3.410	-364.000	-382.000	-379.000	260.000
3.420	-368.000	-384.000	-382.000	295.000
3.430	-371.000	-387.000	-383.000	253.000
3.440	-373.000	-390.000	-384.000	149.000
3.450	-374.000	-392.000	-384.000	-7.000
3.460	-375.000	-393.000	-384.000	-89.000
3.470	-375.000	-394.000	-384.000	-230.000
3.480	-375.000	-395.000	-384.000	-302.000
3.490	-376.000	-395.000	-384.000	-203.000
3.500	-377.000	-395.000	-383.000	-81.000
3.510	-378.000	-393.000	-382.000	61.000
3.520	-379.000	-390.000	-380.000	222.000
3.530	-379.000	-387.000	-378.000	281.000
3.540	-379.000	-384.000	-376.000	376.000
3.550	-376.000	-381.000	-374.000	152.000
3.560	-372.000	-377.000	-372.000	-101.000
3.570	-367.000	-374.000	-370.000	-379.000
3.580	-363.000	-370.000	-369.000	-450.000
3.590	-360.000	-366.000	-365.000	-353.000
3.600	-357.000	-362.000	-361.000	-235.000
3.610	-355.000	-358.000	-357.000	15.000
3.620	-353.000	-354.000	-353.000	260.000
3.630	-350.000	-350.000	-348.000	386.000
3.640	-347.000	-346.000	-343.000	533.000
3.650	-341.000	-342.000	-338.000	348.000
3.660	-335.000	-338.000	-333.000	241.000
3.670	-328.000	-334.000	-328.000	79.000
3.680	-320.000	-330.000	-322.000	-130.000
3.690	-313.000	-325.000	-317.000	-149.000
3.700	-306.000	-319.000	-312.000	-129.000
3.710	-300.000	-312.000	-306.000	37.000
3.720	-294.000	-305.000	-301.000	206.000
3.730	-288.000	-297.000	-296.000	378.000
3.740	-282.000	-289.000	-290.000	553.000
3.750	-275.000	-281.000	-284.000	616.000
3.760	-267.000	-273.000	-278.000	587.000
3.770	-257.000	-265.000	-272.000	366.000
3.780	-247.000	-257.000	-264.000	218.000
3.790	-237.000	-249.000	-257.000	127.000
3.800	-227.000	-241.000	-248.000	80.000
3.810	-217.000	-233.000	-239.000	67.000
3.820	-207.000	-225.000	-229.000	80.000
3.830	-198.000	-216.000	-220.000	229.000
3.840	-190.000	-206.000	-209.000	489.000
3.850	-181.000	-197.000	-198.000	607.000
3.860	-172.000	-186.000	-187.000	727.000
3.870	-162.000	-176.000	-176.000	732.000
3.880	-151.000	-165.000	-164.000	642.000
3.890	-140.000	-153.000	-152.000	589.000
3.900	-128.000	-141.000	-141.000	448.000
3.910	-115.000	-129.000	-129.000	233.000
3.920	-102.000	-116.000	-117.000	70.000
3.930	-90.000	-102.000	-108.000	63.000
3.940	-78.000	-89.000	-95.000	64.000
3.950	-66.000	-75.000	-81.000	70.000
3.960	-55.000	-60.000	-67.000	197.000
3.970	-44.000	-46.000	-53.000	304.000
3.980	-33.000	-32.000	-37.000	395.000
3.990	-21.000	-18.000	-22.000	357.000
4.000	-9.000	-4.000	-7.000	328.000
4.010	4.000	9.000	9.000	189.000
4.020	17.000	22.000	26.000	75.000
4.030	30.000	35.000	42.000	-22.000
4.040	43.000	48.000	58.000	-108.000
4.050	55.000	62.000	73.000	-70.000
4.060	66.000	75.000	89.000	67.000
4.070	77.000	89.000	104.000	168.000
4.080	88.000	102.000	118.000	241.000
4.090	100.000	116.000	133.000	173.000
4.100	111.000	130.000	147.000	221.000
4.110	123.000	144.000	160.000	132.000
4.120	134.000	157.000	174.000	160.000
4.130	147.000	171.000	186.000	-66.000
4.140	159.000	184.000	199.000	-153.000
4.150	170.000	196.000	211.000	-128.000
4.160	182.000	208.000	222.000	-247.000
4.170	192.000	220.000	232.000	-136.000
4.180	202.000	230.000	242.000	-71.000
4.190	212.000	241.000	250.000	-43.000
4.200	222.000	250.000	260.000	-46.000
4.210	231.000	259.000	269.000	40.000
4.220	241.000	267.000	277.000	-33.000
4.230	250.000	275.000	285.000	-4.000
4.240	259.000	282.000	292.000	-11.000
4.250	268.000	289.000	298.000	-47.000
4.260	277.000	295.000	305.000	-107.000
4.270	285.000	301.000	311.000	-74.000
4.280	292.000	307.000	316.000	36.000
4.290	299.000	313.000	321.000	91.000
4.300	306.000	319.000	326.000	102.000
4.310	312.000	324.000	330.000	192.000
4.320	318.000	330.000	333.000	230.000
4.330	324.000	335.000	337.000	227.000
4.340	330.000	339.000	340.000	188.000
4.350	335.000	344.000	343.000	235.000
4.360	340.000	348.000	346.000	236.000
4.370	346.000	352.000	350.000	83.000
4.380	350.000	355.000	353.000	151.000
4.390	354.000	359.000	356.000	166.000
4.400	358.000	362.000	359.000	138.000
4.410	361.000	364.000	362.000	190.000
4.420	364.000	367.000	366.000	190.000
4.430	366.000	370.000	369.000	266.000
4.440	368.000	372.000	372.000	285.000
4.450	369.000	374.000	375.000	376.000
4.460	371.000	376.000	378.000	292.000
4.470	373.000	378.000	381.000	183.000
4.480	374.000	380.000	384.000	167.000
4.490	375.000	382.000	387.000	110.000
4.500	376.000	384.000	389.000	20.000
4.510	376.000	386.000	391.000	19.000
4.520	376.000	387.000	393.000	-28.000
4.530	376.000	389.000	394.000	-111.000
4.540	374.000	390.000	396.000	8.000
4.550	372.000	390.000	396.000	59.000
4.560	369.000	390.000	397.000	174.000
4.570	367.000	390.000	398.000	108.000
4.580	364.000	390.000	398.000	128.000
4.590	362.000	388.000	398.000	-15.000
4.600	361.000	385.000	398.000	-289.000
4.610	359.000	382.000	398.000	-441.000
4.620	356.000	379.000	397.000	-493.000
4.630	352.000	375.000	395.000	-466.000
4.640	346.000	371.000	393.000	-257.000
4.650	340.000	367.000	389.000	-129.000
4.660	334.000	362.000	385.000	-66.000
4.670	328.000	357.000	380.000	-54.000
4.680	322.000	352.000	374.000	-81.000
4.690	317.000	346.000	367.000	-257.000
4.700	312.000	339.000	359.000	-437.000
4.710	306.000	332.000	352.000	-506.000
4.720	300.000	325.000	343.000	-601.000
4.730	292.000	316.000	334.000	-483.000
4.740	284.000	308.000	325.000	-425.000
4.750	276.000	299.000	315.000	-412.000
4.760	267.000	289.000	305.000	-318.000
4.770	257.000	279.000	294.000	-158.000
4.780	248.000	268.000	284.000	-173.000
4.790	239.000	257.000	274.000	-212.000
4.800	230.000	246.000	262.000	-270.000
4.810	221.000	234.000	251.000	-344.000
4.820	212.000	222.000	240.000	-430.000
4.830	203.000	211.000	231.000	-525.000
4.840	192.000	199.000	219.000	-394.000
4.850	181.000	188.000	208.000	-311.000
4.860	169.000	177.000	197.000	-148.000
4.870	158.000	166.000	185.000	-150.000
4.880	146.000	155.000	173.000	-52.000
4.890	134.000	144.000	162.000	14.000
4.900	123.000	133.000	151.000	-62.000
4.910	112.000	122.000	140.000	-135.000
4.920	102.000	111.000	129.000	-321.000
4.930	91.000	100.000	118.000	-368.000
4.940	80.000	89.000	108.000	-417.000
4.950	68.000	78.000	96.000	-351.000
4.960	56.000	67.000	86.000	-305.000
4.970	44.000	56.000	76.000	-274.000
4.980	31.000	45.000	65.000	-138.000
4.990	18.000	33.000	53.000	-29.000
5.000	7.000	22.000	43.000	-173.000
5.010	-5.000	10.000	32.000	-172.000
5.020	-16.000	-2.000	21.000	-286.000
5.030	-27.000	-14.000	9.000	-376.000
5.040	-39.000	-26.000	-3.000	-330.000
5.050	-50.000	-38.000	-15.000	-405.000
5.060	-61.000	-50.000	-26.000	-460.000
5.070	-73.000	-61.000	-39.000	-382.000
5.080	-86.000	-73.000	-52.000	-195.000
5.090	-98.000	-85.000	-65.000	-148.000
5.100	-109.000	-97.000	-78.000	-213.000
5.110	-121.000	-109.000	-91.000	-136.000
5.120	-132.000	-121.000	-103.000	-173.000
5.130	-142.000	-133.000	-116.000	-303.000
5.140	-153.000	-145.000	-126.000	-274.000
5.150	-163.000	-157.000	-139.000	-349.000
5.160	-173.000	-170.000	-153.000	-391.000
5.170	-183.000	-182.000	-163.000	-405.000
5.180	-194.000	-194.000	-175.000	-280.000
5.190	-204.000	-206.000	-189.000	-271.000
5.200	-215.000	-217.000	-200.000	-124.000
5.210	-225.000	-229.000	-212.000	-93.000
5.220	-236.000	-240.000	-225.000	76.000
5.230	-245.000	-251.000	-236.000	12.000
5.240	-255.000	-262.000	-247.000	108.000
5.250	-263.000	-273.000	-259.000	-14.000
5.260	-271.000	-283.000	-270.000	-79.000
5.270	-279.000	-293.000	-280.000	-99.000
5.280	-286.000	-302.000	-290.000	-198.000
5.290	-294.000	-311.000	-300.000	-129.000
5.300	-301.000	-319.000	-309.000	-154.000
5.310	-309.000	-327.000	-318.000	-22.000
5.320	-316.000	-334.000	-326.000	6.000
5.330	-324.000	-341.000	-334.000	183.000
5.340	-330.000	-347.000	-342.000	135.000
5.350	-336.000	-354.000	-351.000	137.000
5.360	-341.000	-359.000	-356.000	64.000
5.370	-346.000	-364.000	-361.000	46.000
5.380	-350.000	-369.000	-366.000	-43.000
5.390	-353.000	-374.000	-370.000	-191.000
5.400	-357.000	-378.000	-373.000	-154.000
5.410	-361.000	-381.000	-376.000	-83.000
5.420	-365.000	-384.000	-379.000	16.000
5.430	-368.000	-386.000	-381.000	23.000
5.440	-371.000	-387.000	-382.000	72.000
5.450	-374.000	-389.000	-383.000	157.000
5.460	-376.000	-389.000	-384.000	155.000
5.470	-377.000	-390.000	-384.000	82.000
5.480	-377.000	-390.000	-384.000	-48.000
5.490	-377.000	-390.000	-384.000	-110.000
5.500	-377.000	-390.000	-384.000	-118.000
5.510	-377.000	-390.000	-384.000	-81.000
5.520	-377.000	-388.000	-383.000	-7.000
5.530	-376.000	-386.000	-381.000	-20.000
5.540	-374.000	-384.000	-380.000	-103.000
5.550	-372.000	-381.000	-378.000	-128.000
5.560	-371.000	-378.000	-375.000	11.000
5.570	-369.000	-375.000	-373.000	51.000
5.580	-366.000	-372.000	-370.000	10.000
5.590	-364.000	-369.000	-367.000	137.000
5.600	-361.000	-365.000	-363.000	167.000
5.610	-357.000	-361.000	-360.000	118.000
5.620	-352.000	-358.000	-355.000	5.000
5.630	-347.000	-354.000	-351.000	-45.000
5.640	-342.000	-350.000	-347.000	-47.000
5.650	-338.000	-345.000	-342.000	108.000
5.660	-333.000	-340.000	-338.000	157.000
5.670	-328.000	-335.000	-333.000	236.000
5.680	-322.000	-330.000	-328.000	224.000
5.690	-316.000	-324.000	-323.000	254.000
5.700	-310.000	-318.000	-317.000	316.000
5.710	-303.000	-312.000	-312.000	288.000
5.720	-295.000	-305.000	-305.000	186.000
5.730	-287.000	-298.000	-300.000	138.000
5.740	-279.000	-291.000	-293.000	133.000
5.750	-271.000	-284.000	-286.000	161.000
5.760	-263.000	-276.000	-279.000	216.000
5.770	-256.000	-268.000	-272.000	407.000
5.780	-247.000	-260.000	-264.000	361.000
5.790	-239.000	-251.000	-256.000	471.000
5.800	-230.000	-243.000	-247.000	473.000
5.810	-220.000	-234.000	-237.000	388.000
5.820	-210.000	-225.000	-228.000	346.000
5.830	-200.000	-215.000	-218.000	336.000
5.840	-190.000	-205.000	-207.000	352.000
5.850	-179.000	-195.000	-196.000	272.000
5.860	-169.000	-184.000	-185.000	343.000
5.870	-159.000	-173.000	-175.000	420.000
5.880	-149.000	-162.000	-162.000	502.000
5.890	-138.000	-150.000	-151.000	471.000
5.900	-127.000	-138.000	-140.000	462.000
5.910	-115.000	-125.000	-127.000	355.000
5.920	-103.000	-112.000	-115.000	281.000
5.930	-91.000	-99.000	-105.000	231.000
5.940	-79.000	-86.000	-92.000	200.000
5.950	-66.000	-73.000	-78.000	66.000
5.960	-54.000	-59.000	-64.000	79.000
5.970	-42.000	-46.000	-49.000	92.000
5.980	-31.000	-32.000	-34.000	222.000
5.990	-19.000	-18.000	-19.000	213.000
6.000	-8.000	-5.000	-4.000	323.000
6.010	4.000	9.000	12.000	297.000
6.020	16.000	23.000	28.000	275.000
6.030	29.000	36.000	43.000	138.000
6.040	42.000	50.000	58.000	23.000
6.050	55.000	63.000	72.000	-79.000
6.060	67.000	76.000	87.000	-54.000
6.070	79.000	90.000	102.000	-46.000
6.080	90.000	104.000	115.000	66.000
6.090	101.000	117.000	130.000	144.000
6.100	112.000	130.000	144.000	195.000
6.110	123.000	144.000	157.000	223.000
6.120	135.000	157.000	171.000	115.000
6.130	146.000	169.000	183.000	127.000
6.140	158.000	181.000	196.000	3.000
6.150	170.000	193.000	209.000	-117.000
6.160	181.000	205.000	220.000	-121.000
6.170	192.000	216.000	232.000	-148.000
6.180	203.000	227.000	242.000	-195.000
6.190	213.000	237.000	251.000	-143.000
6.200	223.000	247.000	260.000	-127.000
6.210	232.000	257.000	270.000	-27.000
6.220	241.000	267.000	278.000	27.000
6.230	249.000	275.000	286.000	159.000
6.240	258.000	284.000	293.000	122.000
6.250	267.000	292.000	300.000	63.000
6.260	276.000	299.000	307.000	-16.000
6.270	285.000	306.000	313.000	-113.000
6.280	294.000	312.000	319.000	-225.000
6.290	302.000	318.000	324.000	-236.000
6.300	308.000	324.000	329.000	-50.000
6.310	314.000	329.000	334.000	65.000
6.320	320.000	334.000	338.000	122.000
6.330	325.000	338.000	342.000	248.000
6.340	330.000	343.000	346.000	315.000
6.350	335.000	347.000	350.000	334.000
6.360	340.000	350.000	353.000	314.000
6.370	345.000	354.000	356.000	260.000
6.380	350.000	357.000	359.000	178.000
6.390	355.000	360.000	362.000	72.000
6.400	359.000	363.000	365.000	61.000
6.410	363.000	366.000	367.000	10.000
6.420	366.000	369.000	369.000	42.000
6.430	368.000	371.000	372.000	141.000
6.440	369.000	374.000	374.000	295.000
6.450	370.000	377.000	376.000	379.000
6.460	371.000	379.000	378.000	406.000
6.470	373.000	382.000	380.000	272.000
6.480	374.000	383.000	383.000	237.000
6.490	376.000	385.000	385.000	50.000
6.500	377.000	386.000	387.000	-31.000
6.510	377.000	386.000	389.000	-25.000
6.520	377.000	387.000	391.000	-66.000
6.530	377.000	387.000	392.000	-144.000
6.540	375.000	387.000	394.000	-22.000
6.550	372.000	387.000	395.000	149.000
6.560	369.000	387.000	395.000	244.000
6.570	367.000	387.000	396.000	163.000
6.580	364.000	386.000	396.000	172.000
6.590	362.000	384.000	396.000	21.000
6.600	360.000	382.000	396.000	-143.000
6.610	358.000	379.000	395.000	-321.000
6.620	356.000	377.000	394.000	-510.000
6.630	352.000	374.000	392.000	-477.000
6.640	347.000	371.000	389.000	-379.000
6.650	342.000	367.000	385.000	-344.000
6.660	335.000	363.000	381.000	-125.000
6.670	329.000	358.000	376.000	-103.000
6.680	322.000	353.000	371.000	-7.000
6.690	316.000	347.000	365.000	-83.000
6.700	311.000	340.000	358.000	-296.000
6.710	305.000	332.000	352.000	-390.000
6.720	300.000	324.000	344.000	-620.000
6.730	293.000	315.000	336.000	-613.000
6.740	285.000	307.000	327.000	-528.000
6.750	277.000	297.000	318.000	-496.000
6.760	268.000	288.000	309.000	-387.000
6.770	258.000	278.000	299.000	-215.000
6.780	249.000	268.000	289.000	-221.000
6.790	239.000	258.000	278.000	-138.000
6.800	230.000	248.000	268.000	-212.000
6.810	220.000	238.000	256.000	-182.000
6.820	211.000	227.000	245.000	-298.000
6.830	202.000	216.000	236.000	-416.000
6.840	193.000	205.000	226.000	-536.000
6.850	183.000	194.000	214.000	-540.000
6.860	172.000	183.000	203.000	-451.000
6.870	160.000	172.000	193.000	-283.000
6.880	148.000	161.000	181.000	-164.000
6.890	136.000	150.000	170.000	-83.000
6.900	125.000	139.000	159.000	-147.000
6.910	113.000	128.000	148.000	-94.000
6.920	102.000	116.000	137.000	-179.000
6.930	91.000	105.000	126.000	-257.000
6.940	80.000	93.000	115.000	-330.000
6.950	69.000	81.000	104.000	-399.000
6.960	58.000	69.000	92.000	-462.000
6.970	46.000	58.000	81.000	-405.000
6.980	33.000	46.000	69.000	-248.000
6.990	21.000	35.000	57.000	-240.000
7.000	8.000	23.000	45.000	-118.000
7.010	-4.000	11.000	33.000	-135.000
7.020	-16.000	-1.000	20.000	-145.000
7.030	-28.000	-13.000	7.000	-150.000
7.040	-39.000	-26.000	-6.000	-265.000
7.050	-50.000	-38.000	-19.000	-352.000
7.060	-61.000	-51.000	-32.000	-417.000
7.070	-72.000	-64.000	-45.000	-464.000
7.080	-84.000	-76.000	-58.000	-377.000
7.090	-96.000	-89.000	-72.000	-298.000
7.100	-108.000	-102.000	-85.000	-222.000
7.110	-120.000	-114.000	-98.000	-146.000
7.120	-132.000	-127.000	-111.000	-68.000
7.130	-144.000	-139.000	-122.000	12.000
7.140	-155.000	-152.000	-133.000	-18.000
7.150	-165.000	-164.000	-147.000	-139.000
7.160	-175.000	-176.000	-159.000	-215.000
7.170	-185.000	-188.000	-170.000	-256.000
7.180	-194.000	-200.000	-184.000	-383.000
7.190	-204.000	-211.000	-196.000	-348.000
7.200	-214.000	-222.000	-207.000	-297.000
7.210	-225.000	-233.000	-219.000	-114.000
7.220	-235.000	-243.000	-231.000	-54.000
7.230	-246.000	-254.000	-242.000	140.000
7.240	-255.000	-264.000	-253.000	98.000
7.250	-264.000	-273.000	-263.000	96.000
7.260	-273.000	-283.000	-273.000	129.000
7.270	-280.000	-292.000	-282.000	-43.000
7.280	-287.000	-302.000	-291.000	-147.000
7.290	-295.000	-310.000	-299.000	-82.000
7.300	-301.000	-319.000	-307.000	-227.000
7.310	-308.000	-326.000	-316.000	-193.000
7.320	-315.000	-333.000	-325.000	-131.000
7.330	-323.000	-340.000	-332.000	73.000
7.340	-330.000	-346.000	-337.000	162.000
7.350	-336.000	-351.000	-344.000	158.000
7.360	-342.000	-356.000	-349.000	197.000
7.370	-346.000	-361.000	-354.000	39.000
7.380	-350.000	-365.000	-359.000	-48.000
7.390	-353.000	-369.000	-363.000	-194.000
7.400	-357.000	-372.000	-366.000	-155.000
7.410	-360.000	-375.000	-370.000	-200.000
7.420	-363.000	-378.000	-372.000	-195.000
7.430	-367.000	-380.000	-374.000	-34.000
7.440	-370.000	-382.000	-376.000	23.000
7.450	-373.000	-383.000	-377.000	114.000
7.460	-375.000	-385.000	-378.000	116.000
7.470	-376.000	-386.000	-378.000	47.000
7.480	-377.000	-387.000	-379.000	36.000
7.490	-377.000	-387.000	-379.000	-45.000
7.500	-377.000	-387.000	-379.000	-67.000
7.510	-377.000	-387.000	-379.000	-40.000
7.520	-376.000	-387.000	-379.000	-92.000
7.530	-374.000	-386.000	-378.000	-206.000
7.540	-373.000	-384.000	-377.000	-141.000
7.550	-372.000	-382.000	-376.000	-45.000
7.560	-370.000	-379.000	-375.000	-41.000
7.570	-369.000	-376.000	-373.000	122.000
7.580	-367.000	-373.000	-372.000	182.000
7.590	-365.000	-370.000	-369.000	276.000
7.600	-361.000	-366.000	-367.000	164.000
7.610	-357.000	-363.000	-364.000	117.000
7.620	-352.000	-360.000	-360.000	6.000
7.630	-347.000	-356.000	-357.000	-44.000
7.640	-342.000	-352.000	-353.000	-44.000
7.650	-337.000	-348.000	-348.000	-5.000
7.660	-332.000	-344.000	-344.000	65.000
7.670	-327.000	-339.000	-338.000	161.000
7.680	-323.000	-334.000	-333.000	394.000
7.690	-317.000	-328.000	-328.000	391.000
7.700	-311.000	-322.000	-322.000	428.000
7.710	-304.000	-316.000	-316.000	381.000
7.720	-297.000	-309.000	-310.000	381.000
7.730	-288.000	-302.000	-304.000	185.000
7.740	-280.000	-294.000	-297.000	176.000
7.750	-271.000	-286.000	-289.000	85.000
7.760	-263.000	-278.000	-282.000	158.000
7.770	-255.000	-270.000	-274.000	247.000
7.780	-247.000	-261.000	-266.000	349.000
7.790	-238.000	-252.000	-257.000	346.000
7.800	-230.000	-242.000	-248.000	488.000
7.810	-221.000	-233.000	-238.000	516.000
7.820	-211.000	-223.000	-228.000	450.000
7.830	-201.000	-213.000	-217.000	423.000
7.840	-191.000	-203.000	-206.000	426.000
7.850	-180.000	-193.000	-194.000	334.000
7.860	-169.000	-182.000	-183.000	281.000
7.870	-158.000	-171.000	-171.000	257.000
7.880	-147.000	-160.000	-158.000	255.000
7.890	-137.000	-148.000	-147.000	386.000
7.900	-126.000	-136.000	-135.000	391.000
7.910	-114.000	-123.000	-122.000	294.000
7.920	-103.000	-110.000	-111.000	344.000
7.930	-91.000	-97.000	-101.000	280.000
7.940	-79.000	-83.000	-87.000	238.000
7.950	-67.000	-70.000	-73.000	212.000
7.960	-55.000	-56.000	-60.000	197.000
7.970	-42.000	-42.000	-45.000	73.000
7.980	-30.000	-29.000	-30.000	91.000
7.990	-18.000	-15.000	-16.000	107.000
8.000	-6.000	-2.000	-1.000	120.000
8.010	6.000	11.000	14.000	129.000
8.020	18.000	25.000	29.000	134.000
8.030	30.000	38.000	44.000	135.000
8.040	42.000	51.000	58.000	131.000
8.050	54.000	64.000	72.000	121.000
8.060	66.000	76.000	87.000	105.000
8.070	78.000	89.000	101.000	83.000
8.080	89.000	102.000	114.000	171.000
8.090	101.000	115.000	128.000	115.000
8.100	113.000	127.000	141.000	57.000
8.110	124.000	140.000	153.000	112.000
8.120	136.000	153.000	167.000	24.000
8.130	148.000	165.000	179.000	-64.000
8.140	159.000	178.000	191.000	-39.000
8.150	170.000	190.000	203.000	-39.000
8.160	180.000	201.000	214.000	56.000
8.170	190.000	213.000	225.000	111.000
8.180	200.000	224.000	236.000	133.000
8.190	211.000	234.000	246.000	11.000
8.200	221.000	244.000	255.000	3.000
8.210	231.000	254.000	265.000	-30.000
8.220	242.000	263.000	275.000	-201.000
8.230	251.000	272.000	284.000	-137.000
8.240	261.000	281.000	292.000	-233.000
8.250	269.000	290.000	300.000	-112.000
8.260	277.000	298.000	308.000	-46.000
8.270	284.000	306.000	315.000	91.000
8.280	292.000	313.000	322.000	54.000
8.290	299.000	321.000	328.000	106.000
8.300	306.000	327.000	334.000	115.000
8.310	312.000	333.000	339.000	204.000
8.320	319.000	339.000	344.000	125.000
8.330	326.000	344.000	349.000	25.000
8.340	333.000	348.000	354.000	-94.000
8.350	339.000	353.000	358.000	-114.000
8.360	344.000	356.000	361.000	-54.000
8.370	348.000	360.000	364.000	70.000
8.380	352.000	363.000	368.000	130.000
8.390	355.000	367.000	371.000	255.000
8.400	358.000	370.000	373.000	318.000
8.410	361.000	372.000	376.000	330.000
8.420	364.000	374.000	378.000	300.000
8.430	367.000	376.000	380.000	235.000
8.440	370.000	378.000	382.000	142.000
8.450	373.000	380.000	384.000	24.000
8.460	375.000	382.000	385.000	0.000
8.470	377.000	383.000	387.000	-63.000
8.480	377.000	385.000	388.000	72.000
8.490	377.000	386.000	389.000	138.000
8.500	377.000	387.000	389.000	148.000
8.510	377.000	387.000	390.000	113.000
8.520	376.000	388.000	391.000	157.000
8.530	375.000	388.000	391.000	150.000
8.540	373.000	388.000	391.000	217.000
8.550	372.000	388.000	391.000	113.000
8.560	371.000	386.000	391.000	-15.000
8.570	369.000	385.000	391.000	-46.000
8.580	368.000	382.000	391.000	-231.000
8.590	365.000	380.000	391.000	-195.000
8.600	362.000	377.000	391.000	-210.000
8.610	358.000	375.000	389.000	-151.000
8.620	354.000	372.000	388.000	-146.000
8.630	349.000	369.000	385.000	-68.000
8.640	344.000	366.000	382.000	-46.000
8.650	339.000	362.000	379.000	-68.000
8.660	334.000	358.000	375.000	-126.000
8.670	329.000	353.000	370.000	-213.000
8.680	324.000	348.000	365.000	-322.000
8.690	319.000	342.000	359.000	-451.000
8.700	313.000	336.000	353.000	-479.000
8.710	307.000	330.000	347.000	-542.000
8.720	299.000	322.000	340.000	-399.000
8.730	291.000	315.000	333.000	-320.000
8.740	283.000	307.000	325.000	-291.000
8.750	274.000	298.000	318.000	-184.000
8.760	266.000	289.000	310.000	-245.000
8.770	257.000	280.000	302.000	-209.000
8.780	249.000	270.000	293.000	-326.000
8.790	241.000	261.000	285.000	-449.000
8.800	232.000	251.000	276.000	-462.000
8.810	224.000	241.000	267.000	-617.000
8.820	214.000	231.000	257.000	-539.000
8.830	204.000	222.000	247.000	-502.000
8.840	193.000	212.000	237.000	-381.000
8.850	182.000	203.000	228.000	-305.000
8.860	171.000	193.000	217.000	-264.000
8.870	159.000	183.000	206.000	-132.000
8.880	149.000	172.000	195.000	-274.000
8.890	138.000	161.000	184.000	-289.000
8.900	127.000	150.000	172.000	-316.000
8.910	117.000	138.000	161.000	-467.000
8.920	106.000	126.000	149.000	-488.000
8.930	95.000	114.000	137.000	-518.000
8.940	83.000	101.000	125.000	-437.000
8.950	71.000	88.000	114.000	-381.000
8.960	58.000	75.000	101.000	-228.000
8.970	45.000	62.000	88.000	-108.000
8.980	33.000	49.000	75.000	-129.000
8.990	21.000	36.000	61.000	-147.000
9.000	9.000	23.000	47.000	-161.000
9.010	-2.000	10.000	34.000	-288.000
9.020	-14.000	-3.000	19.000	-272.000
9.030	-25.000	-16.000	4.000	-374.000
9.040	-36.000	-30.000	-11.000	-452.000
9.050	-48.000	-43.000	-26.000	-396.000
9.060	-61.000	-56.000	-40.000	-229.000
9.070	-74.000	-68.000	-55.000	-84.000
9.080	-86.000	-82.000	-70.000	-72.000
9.090	-98.000	-95.000	-85.000	-49.000
9.100	-110.000	-108.000	-98.000	-16.000
9.110	-121.000	-121.000	-112.000	-90.000
9.120	-131.000	-135.000	-123.000	-249.000
9.130	-142.000	-148.000	-134.000	-246.000
9.140	-153.000	-161.000	-148.000	-226.000
9.150	-164.000	-173.000	-160.000	-192.000
9.160	-175.000	-186.000	-171.000	-144.000
9.170	-186.000	-197.000	-183.000	-83.000
9.180	-197.000	-208.000	-195.000	-10.000
9.190	-207.000	-219.000	-205.000	-42.000
9.200	-218.000	-229.000	-217.000	75.000
9.210	-228.000	-240.000	-228.000	81.000
9.220	-238.000	-249.000	-238.000	116.000
9.230	-247.000	-258.000	-247.000	58.000
9.240	-255.000	-267.000	-257.000	-74.000
9.250	-263.000	-276.000	-266.000	-150.000
9.260	-271.000	-284.000	-275.000	-181.000
9.270	-279.000	-292.000	-283.000	-175.000
9.280	-287.000	-300.000	-290.000	-138.000
9.290	-295.000	-307.000	-297.000	-74.000
9.300	-303.000	-314.000	-306.000	12.000
9.310	-311.000	-321.000	-312.000	119.000
9.320	-318.000	-328.000	-318.000	128.000
9.330	-324.000	-334.000	-324.000	58.000
9.340	-329.000	-339.000	-329.000	-76.000
9.350	-334.000	-345.000	-333.000	-145.000
9.360	-338.000	-350.000	-338.000	-280.000
9.370	-343.000	-355.000	-342.000	-235.000
9.380	-347.000	-358.000	-346.000	-276.000
9.390	-352.000	-362.000	-350.000	-154.000
9.400	-357.000	-365.000	-354.000	-14.000
9.410	-362.000	-368.000	-357.000	141.000
9.420	-366.000	-370.000	-360.000	195.000
9.430	-368.000	-373.000	-363.000	51.000
9.440	-370.000	-375.000	-366.000	-21.000
9.450	-371.000	-377.000	-368.000	-152.000
9.460	-371.000	-379.000	-370.000	-331.000
9.470	-372.000	-381.000	-371.000	-320.000
9.480	-373.000	-382.000	-373.000	-269.000
9.490	-374.000	-383.000	-374.000	-186.000
9.500	-375.000	-384.000	-374.000	-77.000
9.510	-376.000	-384.000	-375.000	57.000
9.520	-377.000	-384.000	-375.000	210.000
9.530	-377.000	-384.000	-375.000	264.000
9.540	-377.000	-384.000	-375.000	356.000
9.550	-374.000	-384.000	-375.000	128.000
9.560	-370.000	-383.000	-375.000	-127.000
9.570	-366.000	-382.000	-375.000	-291.000
9.580	-362.000	-380.000	-375.000	-383.000
9.590	-360.000	-377.000	-374.000	-187.000
9.600	-358.000	-373.000	-372.000	13.000
9.610	-356.000	-370.000	-370.000	216.000
9.620	-354.000	-366.000	-368.000	425.000
9.630	-351.000	-361.000	-365.000	524.000
9.640	-347.000	-357.000	-362.000	533.000
9.650	-341.000	-353.000	-358.000	353.000
9.660	-335.000	-348.000	-353.000	249.000
9.670	-328.000	-343.000	-348.000	90.000
9.680	-321.000	-339.000	-343.000	-2.000
9.690	-313.000	-333.000	-337.000	-156.000
9.700	-307.000	-327.000	-330.000	-14.000
9.710	-301.000	-320.000	-323.000	135.000
9.720	-296.000	-313.000	-316.000	407.000
9.730	-290.000	-305.000	-308.000	548.000
9.740	-284.000	-297.000	-300.000	700.000
9.750	-276.000	-288.000	-291.000	628.000
9.760	-267.000	-279.000	-282.000	490.000
9.770	-258.000	-270.000	-273.000	411.000
9.780	-248.000	-261.000	-264.000	262.000
9.790	-237.000	-251.000	-255.000	53.000
9.800	-227.000	-241.000	-244.000	26.000
9.810	-217.000	-231.000	-233.000	28.000
9.820	-208.000	-220.000	-223.000	169.000
9.830	-199.000	-209.000	-211.000	305.000
9.840	-190.000	-198.000	-199.000	439.000
9.850	-181.000	-186.000	-188.000	571.000
9.860	-171.000	-175.000	-176.000	586.000
9.870	-161.000	-164.000	-164.000	619.000
9.880	-149.000	-153.000	-151.000	435.000
9.890	-137.000	-141.000	-140.000	304.000
9.900	-125.000	-129.000	-126.000	213.000
9.910	-112.000	-118.000	-114.000	36.000
9.920	-100.000	-105.000	-105.000	18.000
9.930	-88.000	-93.000	-92.000	13.000
9.940	-77.000	-80.000	-78.000	131.000
9.950	-65.000	-67.000	-66.000	118.000
9.960	-54.000	-53.000	-53.000	229.000
9.970	-43.000	-40.000	-39.000	325.000
9.980	-32.000	-27.000	-26.000	407.000
9.990	-20.000	-13.000	-13.000	362.000
10.000	-7.000	0.000	1.000	212.000
10.010	6.000	13.000	14.000	91.000
10.020	20.000	25.000	28.000	-127.000
10.030	33.000	38.000	42.000	-193.000
10.040	45.000	50.000	55.000	-138.000
10.050	56.000	63.000	68.000	13.000
10.060	67.000	75.000	81.000	128.000
10.070	77.000	87.000	95.000	328.000
10.080	88.000	99.000	107.000	366.000
10.090	99.000	111.000	120.000	388.000
10.100	111.000	123.000	133.000	279.000
10.110	123.000	135.000	145.000	179.000
10.120	136.000	146.000	158.000	-33.000
10.130	148.000	158.000	170.000	-107.000
10.140	159.000	170.000	181.000	-71.000
10.150	170.000	181.000	193.000	-62.000
10.160	181.000	193.000	206.000	-78.000
10.170	191.000	205.000	216.000	3.000
10.180	200.000	217.000	227.000	161.000
10.190	209.000	228.000	238.000	266.000
10.200	219.000	239.000	247.000	212.000
10.210	228.000	250.000	257.000	259.000
10.220	239.000	260.000	267.000	40.000
10.230	249.000	269.000	278.000	-50.000
10.240	259.000	279.000	288.000	-154.000
10.250	269.000	288.000	297.000	-270.000
10.260	278.000	297.000	307.000	-283.000
10.270	286.000	305.000	316.000	-213.000
10.280	293.000	313.000	325.000	-75.000
10.290	299.000	321.000	333.000	118.000
10.300	305.000	329.000	340.000	240.000
10.310	311.000	336.000	347.000	305.000
10.320	318.000	343.000	354.000	208.000
10.330	325.000	349.000	360.000	95.000
10.340	332.000	355.000	365.000	-34.000
10.350	339.000	360.000	370.000	-178.000
10.360	345.000	365.000	374.000	-220.000
10.370	350.000	369.000	378.000	-180.000
10.380	355.000	373.000	381.000	-190.000
10.390	358.000	377.000	384.000	-8.000
10.400	360.000	380.000	387.000	213.000
10.410	362.000	383.000	389.000	353.000
10.420	365.000	385.000	391.000	311.000
10.430	367.000	386.000	393.000	354.000
10.440	370.000	387.000	394.000	233.000
10.450	374.000	388.000	395.000	-23.000
10.460	377.000	388.000	396.000	-157.000
10.470	379.000	388.000	396.000	-196.000
10.480	380.000	388.000	396.000	-157.000
10.490	380.000	388.000	396.000	-56.000
10.500	380.000	388.000	396.000	-18.000
10.510	378.000	388.000	396.000	200.000
10.520	376.000	388.000	396.000	335.000
10.530	373.000	388.000	396.000	519.000
10.540	372.000	388.000	395.000	397.000
10.550	372.000	386.000	393.000	142.000
10.560	371.000	384.000	392.000	9.000
10.570	371.000	381.000	390.000	-259.000
10.580	370.000	379.000	388.000	-406.000
10.590	368.000	376.000	386.000	-455.000
10.600	364.000	373.000	384.000	-311.000
10.610	359.000	370.000	382.000	-122.000
10.620	353.000	367.000	379.000	104.000
10.630	347.000	363.000	376.000	247.000
10.640	342.000	359.000	373.000	209.000
10.650	337.000	355.000	369.000	141.000
10.660	333.000	350.000	366.000	-68.000
10.670	329.000	346.000	362.000	-277.000
10.680	324.000	340.000	358.000	-370.000
10.690	320.000	335.000	354.000	-602.000
10.700	314.000	330.000	350.000	-600.000
10.710	307.000	324.000	345.000	-523.000
10.720	298.000	318.000	340.000	-267.000
10.730	290.000	313.000	335.000	-212.000
10.740	281.000	307.000	329.000	-84.000
10.750	273.000	300.000	323.000	-129.000
10.760	265.000	293.000	317.000	-196.000
10.770	257.000	286.000	310.000	-280.000
10.780	250.000	279.000	304.000	-495.000
10.790	242.000	270.000	296.000	-584.000
10.800	235.000	262.000	289.000	-804.000
10.810	226.000	253.000	281.000	-780.000
10.820	217.000	244.000	273.000	-792.000
10.830	206.000	235.000	263.000	-598.000
10.840	195.000	226.000	253.000	-466.000
10.850	184.000	216.000	244.000	-381.000
10.860	172.000	205.000	235.000	-217.000
10.870	161.000	195.000	225.000	-218.000
10.880	150.000	183.000	214.000	-235.000
10.890	140.000	171.000	202.000	-380.000
10.900	130.000	159.000	190.000	-513.000
10.910	120.000	147.000	177.000	-635.000
10.920	109.000	134.000	164.000	-634.000
10.930	98.000	121.000	150.000	-646.000
10.940	85.000	108.000	136.000	-436.000
10.950	72.000	94.000	121.000	-275.000
10.960	59.000	81.000	107.000	-150.000
10.970	47.000	67.000	91.000	-168.000
10.980	34.000	53.000	76.000	-69.000
10.990	22.000	39.000	60.000	-105.000
11.000	11.000	24.000	44.000	-249.000
11.010	0.000	9.000	28.000	-364.000
11.020	-12.000	-5.000	12.000	-341.000
11.030	-23.000	-20.000	-5.000	-436.000
11.040	-35.000	-35.000	-21.000	-393.000
11.050	-48.000	-50.000	-37.000	-238.000
11.060	-62.000	-64.000	-53.000	12.000
11.070	-75.000	-79.000	-69.000	109.000
11.080	-87.000	-93.000	-84.000	85.000
11.090	-99.000	-107.000	-99.000	81.000
11.100	-110.000	-121.000	-114.000	-24.000
11.110	-121.000	-134.000	-125.000	-93.000
11.120	-132.000	-147.000	-137.000	-132.000
11.130	-143.000	-160.000	-151.000	-147.000
11.140	-154.000	-172.000	-163.000	-142.000
11.150	-165.000	-183.000	-175.000	-118.000
11.160	-176.000	-194.000	-187.000	-79.000
11.170	-188.000	-204.000	-197.000	92.000
11.180	-199.000	-215.000	-207.000	139.000
11.190	-210.000	-225.000	-218.000	203.000
11.200	-220.000	-234.000	-227.000	167.000
11.210	-229.000	-243.000	-236.000	50.000
11.220	-238.000	-252.000	-244.000	-17.000
11.230	-246.000	-261.000	-252.000	-158.000
11.240	-255.000	-269.000	-259.000	-127.000
11.250	-263.000	-277.000	-266.000	-190.000
11.260	-272.000	-284.000	-272.000	-94.000
11.270	-280.000	-291.000	-278.000	-101.000
11.280	-288.000	-298.000	-284.000	-74.000
11.290	-296.000	-304.000	-291.000	-18.000
11.300	-304.000	-310.000	-296.000	63.000
11.310	-311.000	-316.000	-301.000	48.000
11.320	-317.000	-321.000	-306.000	-42.000
11.330	-323.000	-326.000	-311.000	-77.000
11.340	-328.000	-331.000	-315.000	-185.000
11.350	-333.000	-335.000	-320.000	-235.000
11.360	-337.000	-340.000	-324.000	-354.000
11.370	-341.000	-344.000	-328.000	-413.000
11.380	-346.000	-347.000	-333.000	-308.000
11.390	-351.000	-351.000	-337.000	-184.000
11.400	-356.000	-355.000	-340.000	-43.000
11.410	-360.000	-358.000	-344.000	-3.000
11.420	-364.000	-362.000	-348.000	73.000
11.430	-367.000	-365.000	-351.000	63.000
11.440	-369.000	-369.000	-355.000	-17.000
11.450	-369.000	-372.000	-358.000	-270.000
11.460	-370.000	-375.000	-361.000	-317.000
11.470	-371.000	-378.000	-364.000	-314.000
11.480	-372.000	-380.000	-367.000	-270.000
11.490	-373.000	-382.000	-369.000	-192.000
11.500	-374.000	-384.000	-372.000	-85.000
11.510	-375.000	-385.000	-374.000	45.000
11.520	-376.000	-385.000	-377.000	196.000
11.530	-376.000	-385.000	-378.000	249.000
11.540	-376.000	-386.000	-380.000	340.000
11.550	-374.000	-386.000	-381.000	228.000
11.560	-370.000	-386.000	-382.000	-49.000
11.570	-367.000	-386.000	-382.000	-113.000
11.580	-363.000	-384.000	-382.000	-239.000
11.590	-360.000	-382.000	-382.000	-185.000
11.600	-357.000	-380.000	-382.000	-100.000
11.610	-356.000	-377.000	-381.000	242.000
11.620	-354.000	-374.000	-378.000	447.000
11.630	-351.000	-370.000	-376.000	542.000
11.640	-347.000	-366.000	-372.000	548.000
11.650	-342.000	-361.000	-368.000	482.000
11.660	-337.000	-357.000	-363.000	473.000
11.670	-330.000	-351.000	-358.000	275.000
11.680	-322.000	-346.000	-351.000	37.000
11.690	-315.000	-339.000	-344.000	-2.000
11.700	-308.000	-332.000	-337.000	1.000
11.710	-302.000	-325.000	-329.000	154.000
11.720	-296.000	-316.000	-321.000	313.000
11.730	-290.000	-307.000	-312.000	477.000
11.740	-283.000	-298.000	-303.000	530.000
11.750	-276.000	-288.000	-293.000	609.000
11.760	-268.000	-278.000	-283.000	592.000
11.770	-258.000	-268.000	-273.000	380.000
11.780	-248.000	-258.000	-262.000	239.000
11.790	-238.000	-248.000	-251.000	153.000
11.800	-227.000	-237.000	-239.000	-7.000
11.810	-217.000	-227.000	-227.000	3.000
11.820	-208.000	-216.000	-215.000	150.000
11.830	-199.000	-205.000	-202.000	291.000
11.840	-189.000	-194.000	-190.000	313.000
11.850	-180.000	-182.000	-178.000	469.000
11.860	-170.000	-170.000	-165.000	501.000
11.870	-159.000	-158.000	-152.000	432.000
11.880	-148.000	-147.000	-141.000	396.000
11.890	-136.000	-135.000	-129.000	269.000
11.900	-124.000	-123.000	-117.000	180.000
11.910	-112.000	-111.000	-108.000	121.000
11.920	-99.000	-98.000	-97.000	-32.000
11.930	-87.000	-86.000	-84.000	-31.000
11.940	-75.000	-73.000	-72.000	-24.000
11.950	-64.000	-61.000	-60.000	103.000
11.960	-53.000	-48.000	-47.000	213.000
11.970	-41.000	-36.000	-35.000	190.000
11.980	-30.000	-23.000	-23.000	293.000
11.990	-18.000	-11.000	-10.000	263.000
12.000	-6.000	1.000	2.000	241.000
12.010	7.000	12.000	15.000	0.000
12.020	19.000	24.000	28.000	0.000
12.030	31.000	35.000	40.000	0.000
12.040	43.000	47.000	52.000	0.000
12.050	55.000	58.000	64.000	0.000
12.060	65.000	70.000	76.000	0.000
12.070	76.000	82.000	89.000	0.000
12.080	86.000	93.000	100.000	0.000
12.090	95.000	105.000	111.000	0.000
12.100	104.000	116.000	123.000	0.000
12.110	113.000	128.000	135.000	0.000
12.120	121.000	139.000	146.000	0.000
12.130	129.000	149.000	157.000	0.000
12.140	137.000	159.000	168.000	0.000
12.150	145.000	169.000	179.000	0.000
12.160	153.000	178.000	190.000	0.000
12.170	160.000	186.000	201.000	0.000
12.180	168.000	194.000	211.000	0.000
12.190	175.000	201.000	221.000	0.000
12.200	183.000	209.000	230.000	0.000
12.210	190.000	216.000	238.000	0.000
12.220	197.000	223.000	245.000	0.000
12.230	205.000	229.000	251.000	0.000
12.240	212.000	236.000	258.000	0.000
12.250	219.000	243.000	264.000	0.000
12.260	226.000	250.000	269.000	0.000
12.270	233.000	257.000	274.000	0.000
12.280	239.000	263.000	278.000	0.000
12.290	246.000	269.000	282.000	0.000
12.300	253.000	275.000	285.000	0.000
12.310	259.000	280.000	288.000	0.000
12.320	266.000	285.000	291.000	0.000
12.330	271.000	290.000	293.000	0.000
12.340	277.000	294.000	296.000	0.000
12.350	283.000	297.000	299.000	0.000
12.360	288.000	300.000	303.000	0.000
12.370	292.000	303.000	306.000	0.000
12.380	297.000	305.000	309.000	0.000
12.390	300.000	308.000	312.000	0.000
12.400	303.000	310.000	315.000	0.000
12.410	306.000	312.000	319.000	0.000
12.420	307.000	315.000	322.000	0.000
12.430	308.000	317.000	325.000	0.000
12.440	309.000	320.000	328.000	0.000
12.450	309.000	323.000	330.000	0.000
12.460	309.000	325.000	333.000	0.000
12.470	309.000	327.000	335.000	0.000
12.480	309.000	329.000	337.000	0.000
12.490	308.000	330.000	339.000	0.000
12.500	306.000	330.000	341.000	0.000
12.510	305.000	330.000	342.000	0.000
12.520	304.000	330.000	343.000	0.000
12.530	303.000	330.000	343.000	0.000
12.540	302.000	329.000	344.000	0.000
12.550	301.000	327.000	344.000	0.000
12.560	300.000	324.000	344.000	0.000
12.570	300.000	322.000	344.000	0.000
12.580	299.000	319.000	342.000	0.000
12.590	299.000	317.000	340.000	0.000
12.600	298.000	315.000	337.000	0.000
12.610	298.000	313.000	333.000	0.000
12.620	297.000	310.000	329.000	0.000
12.630	296.000	308.000	325.000	0.000
12.640	296.000	306.000	320.000	0.000
12.650	295.000	304.000	314.000	0.000
12.660	294.000	302.000	309.000	0.000
12.670	292.000	299.000	305.000	0.000
12.680	291.000	296.000	301.000	0.000
12.690	289.000	293.000	297.000	0.000
12.700	287.000	290.000	293.000	0.000
12.710	285.000	287.000	290.000	0.000
12.720	283.000	283.000	288.000	0.000
12.730	281.000	279.000	286.000	0.000
12.740	278.000	276.000	284.000	0.000
12.750	275.000	273.000	282.000	0.000
12.760	272.000	270.000	281.000	0.000
12.770	269.000	267.000	280.000	0.000
12.780	266.000	265.000	279.000	0.000
12.790	262.000	263.000	278.000	0.000
12.800	259.000	262.000	277.000	0.000
12.810	256.000	261.000	276.000	0.000
12.820	252.000	260.000	275.000	0.000
12.830	249.000	259.000	274.000	0.000
12.840	246.000	258.000	273.000	0.000
12.850	244.000	258.000	272.000	0.000
12.860	242.000	257.000	271.000	0.000
12.870	240.000	255.000	270.000	0.000
12.880	239.000	254.000	269.000	0.000
12.890	238.000	252.000	268.000	0.000
12.900	238.000	250.000	267.000	0.000
12.910	238.000	249.000	266.000	0.000
12.920	238.000	247.000	265.000	0.000
12.930	238.000	245.000	264.000	0.000
12.940	238.000	244.000	263.000	0.000
12.950	238.000	243.000	261.000	0.000
12.960	238.000	243.000	259.000	0.000
12.970	239.000	242.000	258.000	0.000
12.980	240.000	242.000	256.000	0.000
12.990	240.000	242.000	255.000	0.000
13.000	241.000	242.000	253.000	0.000
13.010	242.000	243.000	252.000	0.000
13.020	242.000	244.000	251.000	0.000
13.030	242.000	244.000	251.000	0.000
13.040	242.000	245.000	251.000	0.000
13.050	242.000	246.000	251.000	0.000
13.060	242.000	246.000	251.000	0.000
13.070	242.000	246.000	251.000	0.000
13.080	242.000	246.000	252.000	0.000
13.090	242.000	246.000	254.000	0.000
13.100	242.000	246.000	255.000	0.000
13.110	242.000	246.000	257.000	0.000
13.120	242.000	247.000	259.000	0.000
13.130	242.000	247.000	261.000	0.000
13.140	242.000	248.000	263.000	0.000
13.150	242.000	250.000	265.000	0.000
13.160	242.000	251.000	266.000	0.000
13.170	242.000	253.000	267.000	0.000
13.180	242.000	255.000	268.000	0.000
13.190	242.000	257.000	269.000	0.000
13.200	243.000	259.000	270.000	0.000
13.210	244.000	260.000	270.000	0.000
13.220	245.000	262.000	271.000	0.000
13.230	246.000	263.000	271.000	0.000
13.240	248.000	263.000	271.000	0.000
13.250	250.000	264.000	272.000	0.000
13.260	251.000	264.000	272.000	0.000
13.270	253.000	264.000	272.000	0.000
13.280	254.000	264.000	273.000	0.000
13.290	256.000	264.000	273.000	0.000
13.300	257.000	264.000	273.000	0.000
13.310	258.000	264.000	273.000	0.000
13.320	259.000	264.000	273.000	0.000
13.330	260.000	264.000	273.000	0.000
13.340	260.000	265.000	273.000	0.000
13.350	260.000	266.000	273.000	0.000
13.360	260.000	267.000	273.000	0.000
13.370	260.000	268.000	273.000	0.000
13.380	260.000	269.000	273.000	0.000
13.390	260.000	269.000	274.000	0.000
13.400	260.000	270.000	274.000	0.000
13.410	259.000	270.000	274.000	0.000
13.420	258.000	270.000	275.000	0.000
13.430	257.000	270.000	276.000	0.000
13.440	257.000	270.000	276.000	0.000
13.450	256.000	269.000	277.000	0.000
13.460	256.000	268.000	278.000	0.000
13.470	256.000	267.000	278.000	0.000
13.480	256.000	266.000	279.000	0.000
13.490	255.000	266.000	279.000	0.000
13.500	255.000	265.000	279.000	0.000
13.510	255.000	265.000	279.000	0.000
13.520	255.000	265.000	279.000	0.000
13.530	255.000	265.000	279.000	0.000
13.540	255.000	265.000	278.000	0.000
13.550	255.000	265.000	277.000	0.000
13.560	255.000	265.000	275.000	0.000
13.570	255.000	265.000	274.000	0.000
13.580	255.000	265.000	273.000	0.000
13.590	255.000	265.000	273.000	0.000
13.600	255.000	265.000	272.000	0.000
13.610	255.000	264.000	272.000	0.000
13.620	255.000	263.000	271.000	0.000
13.630	255.000	262.000	271.000	0.000
13.640	255.000	261.000	271.000	0.000
13.650	255.000	260.000	271.000	0.000
13.660	255.000	260.000	271.000	0.000
13.670	255.000	259.000	271.000	0.000
13.680	255.000	259.000	271.000	0.000
13.690	255.000	259.000	271.000	0.000
13.700	254.000	259.000	271.000	0.000
13.710	253.000	259.000	271.000	0.000
13.720	252.000	259.000	271.000	0.000
13.730	252.000	259.000	271.000	0.000
13.740	251.000	260.000	271.000	0.000
13.750	250.000	260.000	271.000	0.000
13.760	250.000	260.000	271.000	0.000
13.770	250.000	261.000	271.000	0.000
13.780	250.000	261.000	271.000	0.000
13.790	250.000	261.000	271.000	0.000
13.800	250.000	261.000	271.000	0.000
13.810	250.000	261.000	271.000	0.000
13.820	250.000	261.000	272.000	0.000
13.830	251.000	261.000	272.000	0.000
13.840	252.000	261.000	272.000	0.000
13.850	252.000	261.000	272.000	0.000
13.860	253.000	261.000	272.000	0.000
13.870	253.000	261.000	272.000	0.000
13.880	254.000	261.000	272.000	0.000
13.890	254.000	261.000	272.000	0.000
13.900	254.000	262.000	272.000	0.000
13.910	254.000	263.000	272.000	0.000
13.920	254.000	263.000	272.000	0.000
13.930	254.000	264.000	272.000	0.000
13.940	254.000	264.000	272.000	0.000
13.950	254.000	264.000	272.000	0.000
13.960	254.000	264.000	272.000	0.000
13.970	254.000	264.000	272.000	0.000
13.980	254.000	264.000	272.000	0.000
13.990	254.000	264.000	273.000	0.000
14.000	254.000	264.000	274.000	0.000
14.010	254.000	264.000	274.000	0.000
14.020	254.000	264.000	275.000	0.000
14.030	254.000	264.000	275.000	0.000
14.040	254.000	264.000	275.000	0.000
14.050	254.000	264.000	275.000	0.000
14.060	254.000	264.000	275.000	0.000
14.070	254.000	264.000	275.000	0.000
14.080	254.000	264.000	275.000	0.000
14.090	254.000	264.000	275.000	0.000
14.100	254.000	264.000	275.000	0.000
14.110	254.000	265.000	275.000	0.000
14.120	254.000	265.000	275.000	0.000
14.130	254.000	265.000	275.000	0.000
14.140	254.000	265.000	275.000	0.000
14.150	254.000	265.000	275.000	0.000
14.160	254.000	265.000	275.000	0.000
14.170	255.000	264.000	274.000	0.000
14.180	255.000	263.000	274.000	0.000
14.190	255.000	263.000	274.000	0.000
14.200	255.000	262.000	274.000	0.000
14.210	255.000	262.000	274.000	0.000
14.220	255.000	262.000	274.000	0.000
14.230	255.000	262.000	274.000	0.000
14.240	255.000	262.000	274.000	0.000
14.250	255.000	262.000	274.000	0.000
14.260	254.000	262.000	274.000	0.000
14.270	254.000	262.000	274.000	0.000
14.280	253.000	262.000	274.000	0.000
14.290	253.000	262.000	274.000	0.000
14.300	253.000	262.000	274.000	0.000
14.310	252.000	262.000	274.000	0.000
14.320	252.000	262.000	274.000	0.000
14.330	252.000	262.000	274.000	0.000
14.340	252.000	262.000	274.000	0.000
14.350	252.000	262.000	274.000	0.000
14.360	252.000	261.000	274.000	0.000
14.370	252.000	261.000	274.000	0.000
14.380	252.000	261.000	274.000	0.000
14.390	252.000	261.000	274.000	0.000
14.400	252.000	261.000	274.000	0.000
14.410	253.000	261.000	274.000	0.000
14.420	253.000	261.000	274.000	0.000
14.430	253.000	261.000	274.000	0.000
14.440	253.000	262.000	273.000	0.000
14.450	253.000	262.000	273.000	0.000
14.460	253.000	262.000	273.000	0.000
14.470	253.000	263.000	273.000	0.000
14.480	253.000	263.000	273.000	0.000
14.490	253.000	263.000	273.000	0.000
14.500	253.000	263.000	273.000	0.000
14.510	253.000	263.000	273.000	0.000
14.520	253.000	263.000	273.000	0.000
14.530	253.000	263.000	273.000	0.000
14.540	253.000	263.000	273.000	0.000
14.550	253.000	263.000	273.000	0.000
14.560	253.000	263.000	273.000	0.000
14.570	253.000	263.000	274.000	0.000
14.580	253.000	263.000	274.000	0.000
14.590	253.000	263.000	274.000	0.000
14.600	253.000	263.000	274.000	0.000
14.610	253.000	263.000	274.000	0.000
14.620	253.000	263.000	274.000	0.000
14.630	253.000	263.000	274.000	0.000
14.640	253.000	264.000	274.000	0.000
14.650	253.000	264.000	274.000	0.000
14.660	253.000	264.000	274.000	0.000
14.670	253.000	264.000	274.000	0.000
14.680	253.000	264.000	274.000	0.000
14.690	254.000	264.000	274.000	0.000
14.700	254.000	264.000	274.000	0.000
14.710	254.000	264.000	274.000	0.000
14.720	254.000	264.000	274.000	0.000
14.730	254.000	263.000	274.000	0.000
14.740	254.000	263.000	274.000	0.000
14.750	254.000	263.000	274.000	0.000
14.760	254.000	263.000	274.000	0.000
14.770	254.000	263.000	274.000	0.000
14.780	254.000	263.000	274.000	0.000
14.790	254.000	263.000	274.000	0.000
14.800	254.000	263.000	274.000	0.000
14.810	254.000	263.000	274.000	0.000
14.820	254.000	263.000	274.000	0.000
14.830	254.000	263.000	274.000	0.000
14.840	254.000	263.000	274.000	0.000
14.850	254.000	263.000	274.000	0.000
14.860	254.000	263.000	274.000	0.000
14.870	254.000	263.000	274.000	0.000
14.880	254.000	263.000	274.000	0.000
14.890	254.000	263.000	274.000	0.000
14.900	254.000	262.000	274.000	0.000
14.910	254.000	262.000	274.000	0.000
14.920	254.000	262.000	274.000	0.000
14.930	254.000	262.000	274.000	0.000
14.940	254.000	262.000	274.000	0.000
14.950	254.000	262.000	274.000	0.000
14.960	254.000	262.000	274.000	0.000
14.970	254.000	262.000	274.000	0.000
14.980	254.000	262.000	274.000	0.000
14.990	254.000	262.000	274.000	0.000
15.000	254.000	262.000	274.000	0.000
