0.000	0.000	0.000	-1.000	0.000
0.010	-5.000	11.000	20.000	595.000
0.020	-5.000	11.000	22.000	529.000
0.030	-5.000	11.000	23.000	508.000
0.040	-3.000	12.000	23.000	290.000
0.050	1.000	12.000	24.000	-91.000
0.060	4.000	12.000	24.000	-259.000
0.070	7.000	12.000	24.000	-375.000
0.080	9.000	13.000	24.000	-335.000
0.090	9.000	14.000	24.000	-52.000
0.100	9.000	15.000	23.000	194.000
0.110	9.000	16.000	22.000	413.000
0.120	9.000	17.000	21.000	609.000
0.130	9.000	17.000	20.000	786.000
0.140	10.000	17.000	19.000	831.000
0.150	14.000	17.000	18.000	535.000
0.160	19.000	17.000	18.000	188.000
0.170	24.000	17.000	18.000	-89.000
0.180	28.000	17.000	18.000	-200.000
0.190	32.000	17.000	18.000	-296.000
0.200	33.000	17.000	18.000	-35.000
0.210	33.000	18.000	18.000	283.000
0.220	33.000	20.000	18.000	530.000
0.230	33.000	22.000	18.000	721.000
0.240	33.000	25.000	20.000	864.000
0.250	33.000	28.000	21.000	968.000
0.260	35.000	30.000	23.000	805.000
0.270	39.000	33.000	26.000	421.000
0.280	44.000	36.000	29.000	-31.000
0.290	48.000	38.000	33.000	-313.000
0.300	51.000	41.000	36.000	-463.000
0.310	52.000	45.000	41.000	-393.000
0.320	52.000	48.000	45.000	-262.000
0.330	50.000	52.000	49.000	34.000
0.340	47.000	55.000	54.000	350.000
0.350	43.000	58.000	59.000	684.000
0.360	41.000	60.000	63.000	686.000
0.370	41.000	62.000	68.000	418.000
0.380	41.000	63.000	72.000	161.000
0.390	41.000	64.000	76.000	-91.000
0.400	43.000	64.000	80.000	-573.000
0.410	44.000	64.000	83.000	-898.000
0.420	44.000	64.000	85.000	-1098.000
0.430	42.000	64.000	86.000	-1082.000
0.440	36.000	64.000	86.000	-657.000
0.450	28.000	64.000	86.000	-126.000
0.460	20.000	64.000	86.000	263.000
0.470	13.000	63.000	85.000	429.000
0.480	7.000	60.000	83.000	418.000
0.490	4.000	55.000	79.000	32.000
0.500	3.000	50.000	75.000	-543.000
0.510	3.000	43.000	69.000	-1157.000
0.520	1.000	35.000	63.000	-1457.000
0.530	-3.000	27.000	57.000	-1503.000
0.540	-10.000	19.000	49.000	-1223.000
0.550	-19.000	10.000	39.000	-789.000
0.560	-30.000	2.000	29.000	-222.000
0.570	-41.000	-7.000	19.000	230.000
0.580	-51.000	-17.000	8.000	482.000
0.590	-59.000	-27.000	-4.000	462.000
0.600	-65.000	-38.000	-16.000	226.000
0.610	-69.000	-49.000	-28.000	-185.000
0.620	-72.000	-60.000	-42.000	-620.000
0.630	-76.000	-71.000	-55.000	-843.000
0.640	-80.000	-82.000	-67.000	-1008.000
0.650	-87.000	-93.000	-80.000	-775.000
0.660	-95.000	-103.000	-94.000	-446.000
0.670	-104.000	-113.000	-107.000	-31.000
0.680	-114.000	-122.000	-121.000	463.000
0.690	-123.000	-131.000	-134.000	796.000
0.700	-130.000	-140.000	-146.000	890.000
0.710	-135.000	-150.000	-157.000	794.000
0.720	-138.000	-159.000	-168.000	548.000
0.730	-139.000	-168.000	-177.000	179.000
0.740	-140.000	-177.000	-186.000	-57.000
0.750	-141.000	-184.000	-195.000	-185.000
0.760	-143.000	-191.000	-202.000	-109.000
0.770	-146.000	-196.000	-207.000	136.000
0.780	-149.000	-200.000	-212.000	406.000
0.790	-153.000	-203.000	-217.000	818.000
0.800	-156.000	-204.000	-220.000	1116.000
0.810	-157.000	-205.000	-222.000	1212.000
0.820	-157.000	-205.000	-223.000	1260.000
0.830	-155.000	-205.000	-223.000	1154.000
0.840	-149.000	-202.000	-223.000	689.000
0.850	-142.000	-199.000	-222.000	278.000
0.860	-136.000	-194.000	-219.000	138.000
0.870	-130.000	-189.000	-215.000	98.000
0.880	-125.000	-182.000	-209.000	254.000
0.890	-121.000	-174.000	-202.000	568.000
0.900	-118.000	-165.000	-193.000	1012.000
0.910	-114.000	-155.000	-182.000	1331.000
0.920	-108.000	-145.000	-170.000	1432.000
0.930	-101.000	-134.000	-158.000	1470.000
0.940	-90.000	-123.000	-143.000	1107.000
0.950	-78.000	-112.000	-128.000	758.000
0.960	-64.000	-99.000	-113.000	298.000
0.970	-51.000	-86.000	-96.000	86.000
0.980	-38.000	-71.000	-79.000	-47.000
0.990	-27.000	-56.000	-62.000	109.000
1.000	-16.000	-39.000	-46.000	265.000
1.010	-6.000	-22.000	-28.000	533.000
1.020	4.000	-4.000	-9.000	772.000
1.030	15.000	14.000	8.000	869.000
1.040	27.000	32.000	27.000	846.000
1.050	40.000	50.000	47.000	719.000
1.060	56.000	68.000	66.000	267.000
1.070	72.000	85.000	85.000	-109.000
1.080	87.000	101.000	104.000	-317.000
1.090	101.000	118.000	123.000	-399.000
1.100	114.000	133.000	140.000	-385.000
1.110	126.000	149.000	158.000	-300.000
1.120	136.000	164.000	175.000	-45.000
1.130	145.000	179.000	190.000	227.000
1.140	155.000	192.000	204.000	278.000
1.150	165.000	205.000	217.000	260.000
1.160	175.000	217.000	230.000	180.000
1.170	187.000	228.000	242.000	-188.000
1.180	199.000	238.000	253.000	-566.000
1.190	209.000	247.000	263.000	-730.000
1.200	218.000	256.000	272.000	-842.000
1.210	225.000	264.000	280.000	-801.000
1.220	229.000	271.000	286.000	-524.000
1.230	233.000	278.000	292.000	-405.000
1.240	235.000	283.000	296.000	-183.000
1.250	236.000	288.000	300.000	4.000
1.260	238.000	291.000	302.000	-69.000
1.270	240.000	292.000	304.000	-241.000
1.280	241.000	292.000	305.000	-379.000
1.290	243.000	292.000	305.000	-725.000
1.300	243.000	290.000	305.000	-895.000
1.310	243.000	287.000	305.000	-1158.000
1.320	239.000	283.000	303.000	-1033.000
1.330	232.000	278.000	299.000	-708.000
1.340	224.000	272.000	295.000	-449.000
1.350	214.000	265.000	289.000	-122.000
1.360	205.000	257.000	282.000	-85.000
1.370	197.000	248.000	273.000	-278.000
1.380	189.000	237.000	264.000	-540.000
1.390	181.000	226.000	252.000	-858.000
1.400	171.000	214.000	240.000	-988.000
1.410	161.000	201.000	228.000	-1194.000
1.420	148.000	188.000	213.000	-1110.000
1.430	133.000	174.000	199.000	-902.000
1.440	116.000	158.000	185.000	-584.000
1.450	99.000	142.000	168.000	-400.000
1.460	81.000	125.000	151.000	-200.000
1.470	63.000	107.000	134.000	-94.000
1.480	46.000	88.000	116.000	-172.000
1.490	30.000	68.000	97.000	-392.000
1.500	15.000	47.000	78.000	-722.000
1.510	-1.000	26.000	57.000	-904.000
1.520	-18.000	5.000	37.000	-958.000
1.530	-36.000	-16.000	15.000	-903.000
1.540	-56.000	-37.000	-8.000	-631.000
1.550	-76.000	-58.000	-31.000	-407.000
1.560	-97.000	-78.000	-55.000	-92.000
1.570	-117.000	-99.000	-78.000	76.000
1.580	-136.000	-120.000	-102.000	134.000
1.590	-155.000	-141.000	-128.000	230.000
1.600	-171.000	-163.000	-153.000	17.000
1.610	-188.000	-185.000	-176.000	24.000
1.620	-202.000	-207.000	-201.000	-245.000
1.630	-218.000	-229.000	-225.000	-153.000
1.640	-233.000	-251.000	-249.000	-108.000
1.650	-248.000	-272.000	-272.000	24.000
1.660	-263.000	-293.000	-295.000	235.000
1.670	-278.000	-313.000	-318.000	518.000
1.680	-293.000	-333.000	-339.000	871.000
1.690	-306.000	-351.000	-360.000	1055.000
1.700	-316.000	-369.000	-380.000	996.000
1.710	-325.000	-385.000	-398.000	976.000
1.720	-332.000	-400.000	-415.000	876.000
1.730	-337.000	-413.000	-428.000	714.000
1.740	-341.000	-424.000	-442.000	620.000
1.750	-344.000	-433.000	-456.000	583.000
1.760	-348.000	-440.000	-465.000	827.000
1.770	-351.000	-445.000	-474.000	1070.000
1.780	-353.000	-448.000	-482.000	1316.000
1.790	-353.000	-449.000	-487.000	1452.000
1.800	-353.000	-449.000	-489.000	1732.000
1.810	-350.000	-448.000	-490.000	1782.000
1.820	-343.000	-445.000	-490.000	1529.000
1.830	-334.000	-440.000	-487.000	1257.000
1.840	-323.000	-432.000	-481.000	966.000
1.850	-312.000	-423.000	-473.000	884.000
1.860	-301.000	-412.000	-460.000	968.000
1.870	-289.000	-399.000	-446.000	1065.000
1.880	-278.000	-383.000	-430.000	1402.000
1.890	-266.000	-365.000	-411.000	1698.000
1.900	-253.000	-345.000	-394.000	1957.000
1.910	-236.000	-324.000	-369.000	1834.000
1.920	-217.000	-300.000	-343.000	1625.000
1.930	-196.000	-275.000	-316.000	1336.000
1.940	-173.000	-248.000	-286.000	970.000
1.950	-149.000	-220.000	-254.000	646.000
1.960	-125.000	-190.000	-223.000	459.000
1.970	-102.000	-159.000	-190.000	488.000
1.980	-79.000	-126.000	-156.000	567.000
1.990	-57.000	-93.000	-120.000	792.000
2.000	-34.000	-59.000	-82.000	895.000
2.010	-11.000	-25.000	-45.000	978.000
2.020	14.000	9.000	-10.000	803.000
2.030	40.000	43.000	29.000	521.000
2.040	67.000	76.000	70.000	141.000
2.050	94.000	109.000	110.000	-218.000
2.060	121.000	142.000	148.000	-574.000
2.070	146.000	173.000	187.000	-707.000
2.080	170.000	205.000	224.000	-787.000
2.090	191.000	237.000	258.000	-602.000
2.100	211.000	268.000	294.000	-441.000
2.110	230.000	298.000	329.000	-306.000
2.120	249.000	327.000	360.000	-316.000
2.130	267.000	354.000	389.000	-333.000
2.140	286.000	379.000	418.000	-598.000
2.150	304.000	403.000	442.000	-838.000
2.160	322.000	424.000	465.000	-1185.000
2.170	339.000	444.000	486.000	-1510.000
2.180	354.000	461.000	504.000	-1709.000
2.190	366.000	476.000	519.000	-1696.000
2.200	375.000	488.000	533.000	-1516.000
2.210	382.000	498.000	543.000	-1316.000
2.220	388.000	506.000	550.000	-1218.000
2.230	392.000	510.000	556.000	-1086.000
2.240	395.000	512.000	559.000	-1042.000
2.250	398.000	512.000	559.000	-1187.000
2.260	399.000	511.000	559.000	-1253.000
2.270	400.000	506.000	556.000	-1487.000
2.280	400.000	498.000	550.000	-1743.000
2.290	396.000	489.000	541.000	-1667.000
2.300	390.000	479.000	529.000	-1552.000
2.310	381.000	467.000	514.000	-1284.000
2.320	371.000	453.000	496.000	-1117.000
2.330	359.000	438.000	477.000	-911.000
2.340	346.000	421.000	456.000	-781.000
2.350	332.000	402.000	433.000	-706.000
2.360	318.000	382.000	409.000	-785.000
2.370	303.000	361.000	384.000	-866.000
2.380	287.000	337.000	357.000	-943.000
2.390	270.000	313.000	330.000	-1009.000
2.400	251.000	288.000	304.000	-943.000
2.410	231.000	261.000	277.000	-876.000
2.420	209.000	234.000	249.000	-684.000
2.430	185.000	206.000	222.000	-378.000
2.440	161.000	178.000	196.000	-200.000
2.450	136.000	149.000	169.000	3.000
2.460	112.000	121.000	141.000	4.000
2.470	88.000	93.000	111.000	-30.000
2.480	64.000	65.000	82.000	-84.000
2.490	41.000	37.000	53.000	-260.000
2.500	17.000	10.000	23.000	-294.000
2.510	-7.000	-17.000	-7.000	-318.000
2.520	-32.000	-43.000	-37.000	-208.000
2.530	-57.000	-69.000	-66.000	-93.000
2.540	-82.000	-94.000	-94.000	36.000
2.550	-108.000	-119.000	-123.000	306.000
2.560	-132.000	-145.000	-151.000	354.000
2.570	-156.000	-170.000	-178.000	465.000
2.580	-178.000	-195.000	-204.000	405.000
2.590	-199.000	-221.000	-230.000	332.000
2.600	-219.000	-247.000	-254.000	256.000
2.610	-239.000	-272.000	-278.000	302.000
2.620	-258.000	-296.000	-301.000	340.000
2.630	-276.000	-320.000	-324.000	379.000
2.640	-293.000	-342.000	-345.000	427.000
2.650	-310.000	-363.000	-367.000	606.000
2.660	-327.000	-382.000	-387.000	899.000
2.670	-342.000	-399.000	-406.000	1060.000
2.680	-355.000	-415.000	-423.000	1122.000
2.690	-365.000	-429.000	-437.000	992.000
2.700	-374.000	-442.000	-454.000	941.000
2.710	-381.000	-453.000	-468.000	842.000
2.720	-387.000	-462.000	-482.000	820.000
2.730	-392.000	-470.000	-493.000	863.000
2.740	-395.000	-476.000	-503.000	844.000
2.750	-398.000	-481.000	-511.000	1008.000
2.760	-399.000	-484.000	-518.000	1090.000
2.770	-400.000	-486.000	-522.000	1336.000
2.780	-400.000	-486.000	-523.000	1602.000
2.790	-396.000	-486.000	-523.000	1534.000
2.800	-390.000	-485.000	-523.000	1426.000
2.810	-381.000	-481.000	-519.000	1164.000
2.820	-372.000	-475.000	-513.000	1119.000
2.830	-362.000	-467.000	-505.000	1128.000
2.840	-351.000	-456.000	-493.000	1176.000
2.850	-339.000	-443.000	-480.000	1250.000
2.860	-327.000	-428.000	-465.000	1456.000
2.870	-313.000	-410.000	-448.000	1531.000
2.880	-298.000	-390.000	-430.000	1610.000
2.890	-280.000	-368.000	-411.000	1451.000
2.900	-261.000	-344.000	-392.000	1323.000
2.910	-240.000	-319.000	-366.000	1093.000
2.920	-219.000	-292.000	-339.000	1001.000
2.930	-196.000	-265.000	-311.000	778.000
2.940	-173.000	-236.000	-280.000	670.000
2.950	-150.000	-206.000	-246.000	643.000
2.960	-127.000	-176.000	-214.000	672.000
2.970	-104.000	-145.000	-179.000	735.000
2.980	-81.000	-114.000	-143.000	817.000
2.990	-57.000	-82.000	-105.000	788.000
3.000	-33.000	-51.000	-66.000	774.000
3.010	-8.000	-18.000	-30.000	645.000
3.020	19.000	14.000	7.000	295.000
3.030	45.000	46.000	46.000	99.000
3.040	72.000	79.000	86.000	-215.000
3.050	98.000	112.000	123.000	-407.000
3.060	122.000	145.000	161.000	-396.000
3.070	145.000	178.000	197.000	-345.000
3.080	167.000	211.000	230.000	-273.000
3.090	189.000	242.000	262.000	-306.000
3.100	210.000	273.000	296.000	-319.000
3.110	231.000	303.000	328.000	-439.000
3.120	251.000	331.000	358.000	-540.000
3.130	272.000	357.000	387.000	-866.000
3.140	292.000	381.000	415.000	-1153.000
3.150	310.000	403.000	439.000	-1301.000
3.160	326.000	424.000	461.000	-1343.000
3.170	340.000	442.000	482.000	-1307.000
3.180	352.000	458.000	500.000	-1211.000
3.190	363.000	472.000	515.000	-1186.000
3.200	372.000	483.000	530.000	-1106.000
3.210	379.000	492.000	540.000	-983.000
3.220	386.000	499.000	546.000	-1059.000
3.230	392.000	503.000	552.000	-1183.000
3.240	397.000	505.000	555.000	-1348.000
3.250	401.000	506.000	555.000	-1549.000
3.260	402.000	505.000	555.000	-1548.000
3.270	402.000	502.000	550.000	-1614.000
3.280	401.000	496.000	544.000	-1735.000
3.290	395.000	489.000	535.000	-1434.000
3.300	387.000	479.000	523.000	-1134.000
3.310	378.000	468.000	508.000	-944.000
3.320	368.000	454.000	490.000	-838.000
3.330	358.000	439.000	473.000	-910.000
3.340	347.000	422.000	453.000	-1006.000
3.350	335.000	403.000	432.000	-1116.000
3.360	321.000	382.000	410.000	-1116.000
3.370	306.000	360.000	387.000	-1138.000
3.380	289.000	337.000	362.000	-1052.000
3.390	271.000	313.000	337.000	-988.000
3.400	250.000	288.000	312.000	-700.000
3.410	229.000	262.000	286.000	-567.000
3.420	206.000	236.000	260.000	-318.000
3.430	184.000	210.000	232.000	-310.000
3.440	161.000	183.000	205.000	-257.000
3.450	138.000	156.000	179.000	-273.000
3.460	115.000	129.000	151.000	-334.000
3.470	91.000	101.000	120.000	-307.000
3.480	68.000	74.000	91.000	-430.000
3.490	44.000	47.000	61.000	-433.000
3.500	19.000	20.000	31.000	-327.000
3.510	-7.000	-7.000	0.000	-122.000
3.520	-33.000	-34.000	-31.000	59.000
3.530	-58.000	-61.000	-60.000	119.000
3.540	-82.000	-88.000	-88.000	90.000
3.550	-107.000	-116.000	-117.000	233.000
3.560	-130.000	-143.000	-145.000	177.000
3.570	-153.000	-170.000	-173.000	202.000
3.580	-175.000	-197.000	-200.000	186.000
3.590	-196.000	-224.000	-226.000	147.000
3.600	-218.000	-250.000	-252.000	330.000
3.610	-238.000	-275.000	-277.000	355.000
3.620	-258.000	-299.000	-302.000	492.000
3.630	-278.000	-323.000	-327.000	730.000
3.640	-296.000	-344.000	-350.000	826.000
3.650	-313.000	-365.000	-373.000	932.000
3.660	-327.000	-384.000	-395.000	821.000
3.670	-340.000	-402.000	-415.000	770.000
3.680	-352.000	-418.000	-431.000	773.000
3.690	-363.000	-432.000	-448.000	824.000
3.700	-372.000	-445.000	-466.000	802.000
3.710	-380.000	-457.000	-479.000	841.000
3.720	-388.000	-467.000	-492.000	1047.000
3.730	-394.000	-475.000	-504.000	1162.000
3.740	-398.000	-482.000	-513.000	1203.000
3.750	-400.000	-488.000	-521.000	1187.000
3.760	-401.000	-492.000	-525.000	1241.000
3.770	-401.000	-494.000	-528.000	1350.000
3.780	-399.000	-495.000	-529.000	1388.000
3.790	-395.000	-495.000	-529.000	1366.000
3.800	-389.000	-492.000	-528.000	1292.000
3.810	-382.000	-487.000	-524.000	1289.000
3.820	-373.000	-479.000	-517.000	1222.000
3.830	-364.000	-468.000	-508.000	1331.000
3.840	-353.000	-456.000	-497.000	1345.000
3.850	-341.000	-441.000	-483.000	1393.000
3.860	-328.000	-424.000	-467.000	1463.000
3.870	-313.000	-405.000	-450.000	1427.000
3.880	-297.000	-385.000	-431.000	1414.000
3.890	-278.000	-362.000	-410.000	1180.000
3.900	-259.000	-339.000	-389.000	1103.000
3.910	-239.000	-314.000	-362.000	1029.000
3.920	-218.000	-287.000	-333.000	947.000
3.930	-196.000	-260.000	-304.000	847.000
3.940	-174.000	-232.000	-271.000	839.000
3.950	-151.000	-203.000	-237.000	780.000
3.960	-128.000	-172.000	-203.000	783.000
3.970	-104.000	-142.000	-169.000	711.000
3.980	-80.000	-111.000	-132.000	683.000
3.990	-55.000	-78.000	-93.000	564.000
4.000	-31.000	-47.000	-57.000	590.000
4.010	-5.000	-14.000	-22.000	376.000
4.020	20.000	19.000	14.000	303.000
4.030	46.000	52.000	53.000	101.000
4.040	72.000	85.000	91.000	-103.000
4.050	97.000	118.000	127.000	-205.000
4.060	122.000	151.000	163.000	-350.000
4.070	146.000	183.000	198.000	-426.000
4.080	169.000	215.000	230.000	-455.000
4.090	191.000	246.000	261.000	-458.000
4.100	212.000	275.000	295.000	-446.000
4.110	233.000	303.000	326.000	-548.000
4.120	253.000	329.000	356.000	-635.000
4.130	273.000	354.000	384.000	-834.000
4.140	292.000	377.000	412.000	-1017.000
4.150	309.000	398.000	436.000	-1079.000
4.160	325.000	418.000	458.000	-1166.000
4.170	339.000	436.000	479.000	-1164.000
4.180	351.000	452.000	497.000	-1093.000
4.190	362.000	466.000	512.000	-1088.000
4.200	371.000	478.000	525.000	-1023.000
4.210	380.000	488.000	536.000	-1144.000
4.220	387.000	495.000	542.000	-1188.000
4.230	393.000	501.000	546.000	-1286.000
4.240	398.000	504.000	549.000	-1432.000
4.250	401.000	505.000	549.000	-1502.000
4.260	402.000	505.000	549.000	-1510.000
4.270	402.000	503.000	545.000	-1585.000
4.280	400.000	497.000	540.000	-1595.000
4.290	394.000	490.000	532.000	-1319.000
4.300	387.000	480.000	521.000	-1155.000
4.310	378.000	468.000	507.000	-959.000
4.320	369.000	454.000	492.000	-965.000
4.330	359.000	438.000	475.000	-1012.000
4.340	348.000	421.000	457.000	-1089.000
4.350	335.000	401.000	437.000	-1068.000
4.360	322.000	381.000	415.000	-1195.000
4.370	306.000	360.000	393.000	-1087.000
4.380	289.000	338.000	369.000	-1012.000
4.390	270.000	315.000	343.000	-840.000
4.400	250.000	291.000	318.000	-696.000
4.410	229.000	267.000	292.000	-563.000
4.420	207.000	242.000	264.000	-429.000
4.430	185.000	216.000	237.000	-401.000
4.440	162.000	190.000	209.000	-332.000
4.450	139.000	163.000	182.000	-335.000
4.460	117.000	136.000	154.000	-504.000
4.470	93.000	108.000	124.000	-448.000
4.480	69.000	80.000	94.000	-433.000
4.490	45.000	51.000	65.000	-440.000
4.500	20.000	23.000	35.000	-338.000
4.510	-6.000	-5.000	4.000	-136.000
4.520	-32.000	-33.000	-26.000	44.000
4.530	-57.000	-61.000	-56.000	102.000
4.540	-82.000	-89.000	-84.000	189.000
4.550	-107.000	-117.000	-113.000	310.000
4.560	-130.000	-145.000	-142.000	237.000
4.570	-153.000	-172.000	-171.000	250.000
4.580	-175.000	-199.000	-199.000	225.000
4.590	-196.000	-225.000	-226.000	178.000
4.600	-217.000	-251.000	-254.000	239.000
4.610	-238.000	-275.000	-280.000	397.000
4.620	-258.000	-299.000	-306.000	526.000
4.630	-277.000	-322.000	-332.000	641.000
4.640	-295.000	-344.000	-356.000	754.000
4.650	-312.000	-364.000	-380.000	872.000
4.660	-327.000	-384.000	-401.000	886.000
4.670	-340.000	-402.000	-420.000	821.000
4.680	-353.000	-419.000	-436.000	930.000
4.690	-363.000	-435.000	-454.000	836.000
4.700	-372.000	-449.000	-470.000	813.000
4.710	-380.000	-461.000	-483.000	851.000
4.720	-387.000	-472.000	-496.000	940.000
4.730	-394.000	-481.000	-506.000	1191.000
4.740	-398.000	-488.000	-515.000	1227.000
4.750	-401.000	-493.000	-523.000	1323.000
4.760	-402.000	-496.000	-527.000	1352.000
4.770	-402.000	-498.000	-531.000	1443.000
4.780	-401.000	-498.000	-532.000	1583.000
4.790	-396.000	-497.000	-532.000	1412.000
4.800	-389.000	-492.000	-531.000	1219.000
4.810	-381.000	-485.000	-527.000	1118.000
4.820	-372.000	-477.000	-521.000	1086.000
4.830	-363.000	-466.000	-512.000	1221.000
4.840	-352.000	-453.000	-499.000	1256.000
4.850	-341.000	-437.000	-484.000	1436.000
4.860	-328.000	-421.000	-468.000	1496.000
4.870	-313.000	-402.000	-449.000	1454.000
4.880	-297.000	-382.000	-429.000	1436.000
4.890	-279.000	-361.000	-408.000	1313.000
4.900	-260.000	-338.000	-386.000	1213.000
4.910	-238.000	-313.000	-358.000	887.000
4.920	-217.000	-287.000	-328.000	833.000
4.930	-194.000	-260.000	-297.000	638.000
4.940	-172.000	-231.000	-264.000	668.000
4.950	-151.000	-202.000	-231.000	869.000
4.960	-128.000	-171.000	-198.000	852.000
4.970	-105.000	-140.000	-164.000	881.000
4.980	-81.000	-108.000	-128.000	821.000
4.990	-57.000	-76.000	-91.000	792.000
5.000	-31.000	-43.000	-54.000	546.000
5.010	-5.000	-10.000	-21.000	343.000
5.020	22.000	23.000	15.000	47.000
5.030	49.000	57.000	54.000	-224.000
5.040	75.000	89.000	91.000	-370.000
5.050	99.000	121.000	127.000	-310.000
5.060	123.000	153.000	163.000	-326.000
5.070	146.000	185.000	198.000	-296.000
5.080	168.000	215.000	230.000	-239.000
5.090	190.000	245.000	262.000	-285.000
5.100	211.000	272.000	295.000	-307.000
5.110	232.000	299.000	326.000	-434.000
5.120	253.000	325.000	356.000	-656.000
5.130	273.000	349.000	384.000	-849.000
5.140	293.000	372.000	411.000	-1144.000
5.150	311.000	394.000	434.000	-1297.000
5.160	326.000	414.000	455.000	-1228.000
5.170	340.000	433.000	476.000	-1217.000
5.180	351.000	450.000	493.000	-1023.000
5.190	361.000	465.000	507.000	-917.000
5.200	370.000	478.000	520.000	-885.000
5.210	378.000	488.000	531.000	-915.000
5.220	386.000	496.000	538.000	-1115.000
5.230	393.000	502.000	542.000	-1340.000
5.240	398.000	505.000	545.000	-1472.000
5.250	402.000	505.000	546.000	-1648.000
5.260	403.000	505.000	546.000	-1627.000
5.270	403.000	502.000	544.000	-1680.000
5.280	401.000	496.000	539.000	-1673.000
5.290	395.000	488.000	533.000	-1384.000
5.300	387.000	478.000	523.000	-1094.000
5.310	378.000	466.000	509.000	-912.000
5.320	368.000	453.000	494.000	-811.000
5.330	357.000	438.000	478.000	-771.000
5.340	346.000	421.000	460.000	-891.000
5.350	334.000	402.000	440.000	-1020.000
5.360	322.000	383.000	418.000	-1268.000
5.370	307.000	362.000	396.000	-1258.000
5.380	291.000	341.000	372.000	-1265.000
5.390	273.000	319.000	346.000	-1162.000
5.400	252.000	296.000	320.000	-843.000
5.410	230.000	272.000	294.000	-572.000
5.420	207.000	247.000	267.000	-326.000
5.430	184.000	221.000	239.000	-205.000
5.440	161.000	194.000	212.000	-175.000
5.450	139.000	166.000	185.000	-324.000
5.460	117.000	138.000	158.000	-494.000
5.470	94.000	109.000	128.000	-556.000
5.480	71.000	80.000	98.000	-638.000
5.490	47.000	51.000	69.000	-608.000
5.500	21.000	22.000	39.000	-362.000
5.510	-5.000	-6.000	8.000	-159.000
5.520	-31.000	-34.000	-23.000	21.000
5.530	-58.000	-62.000	-53.000	311.000
5.540	-84.000	-90.000	-83.000	472.000
5.550	-108.000	-117.000	-112.000	424.000
5.560	-131.000	-144.000	-142.000	332.000
5.570	-152.000	-171.000	-173.000	97.000
5.580	-174.000	-198.000	-201.000	103.000
5.590	-194.000	-224.000	-229.000	-37.000
5.600	-215.000	-250.000	-257.000	63.000
5.610	-237.000	-275.000	-284.000	367.000
5.620	-258.000	-299.000	-310.000	614.000
5.630	-278.000	-322.000	-336.000	826.000
5.640	-296.000	-345.000	-360.000	902.000
5.650	-313.000	-366.000	-383.000	993.000
5.660	-328.000	-387.000	-404.000	986.000
5.670	-341.000	-406.000	-422.000	905.000
5.680	-352.000	-424.000	-438.000	769.000
5.690	-362.000	-439.000	-456.000	707.000
5.700	-371.000	-453.000	-471.000	709.000
5.710	-379.000	-465.000	-485.000	766.000
5.720	-387.000	-475.000	-498.000	986.000
5.730	-394.000	-483.000	-508.000	1227.000
5.740	-400.000	-489.000	-518.000	1488.000
5.750	-403.000	-493.000	-525.000	1536.000
5.760	-404.000	-496.000	-530.000	1529.000
5.770	-404.000	-497.000	-533.000	1591.000
5.780	-401.000	-497.000	-534.000	1477.000
5.790	-395.000	-495.000	-534.000	1216.000
5.800	-387.000	-490.000	-534.000	947.000
5.810	-379.000	-484.000	-529.000	897.000
5.820	-370.000	-475.000	-522.000	905.000
5.830	-362.000	-464.000	-512.000	1187.000
5.840	-353.000	-452.000	-498.000	1457.000
5.850	-342.000	-437.000	-483.000	1596.000
5.860	-330.000	-420.000	-466.000	1742.000
5.870	-315.000	-402.000	-446.000	1655.000
5.880	-298.000	-382.000	-425.000	1486.000
5.890	-279.000	-361.000	-404.000	1242.000
5.900	-259.000	-337.000	-382.000	1043.000
5.910	-237.000	-313.000	-353.000	751.000
5.920	-214.000	-286.000	-323.000	490.000
5.930	-193.000	-258.000	-294.000	590.000
5.940	-172.000	-229.000	-261.000	742.000
5.950	-150.000	-199.000	-228.000	810.000
5.960	-129.000	-168.000	-196.000	1034.000
5.970	-107.000	-136.000	-162.000	1143.000
5.980	-83.000	-104.000	-126.000	1034.000
5.990	-57.000	-72.000	-90.000	736.000
6.000	-30.000	-39.000	-53.000	387.000
6.010	-3.000	-7.000	-20.000	100.000
6.020	24.000	25.000	17.000	-152.000
6.030	51.000	57.000	55.000	-388.000
6.040	76.000	89.000	92.000	-391.000
6.050	100.000	120.000	128.000	-332.000
6.060	123.000	152.000	164.000	-232.000
6.070	145.000	183.000	199.000	-108.000
6.080	166.000	213.000	230.000	28.000
6.090	188.000	242.000	261.000	-67.000
6.100	210.000	271.000	294.000	-243.000
6.110	232.000	298.000	325.000	-495.000
6.120	255.000	324.000	354.000	-935.000
6.130	276.000	348.000	382.000	-1190.000
6.140	295.000	372.000	408.000	-1307.000
6.150	312.000	394.000	431.000	-1318.000
6.160	326.000	414.000	452.000	-1134.000
6.170	338.000	433.000	472.000	-911.000
6.180	349.000	450.000	489.000	-776.000
6.190	360.000	465.000	504.000	-831.000
6.200	369.000	477.000	517.000	-812.000
6.210	378.000	487.000	528.000	-969.000
6.220	387.000	494.000	536.000	-1272.000
6.230	394.000	499.000	541.000	-1465.000
6.240	400.000	502.000	544.000	-1690.000
6.250	403.000	502.000	545.000	-1710.000
6.260	404.000	502.000	545.000	-1681.000
6.270	404.000	499.000	544.000	-1726.000
6.280	399.000	494.000	539.000	-1366.000
6.290	393.000	486.000	533.000	-1136.000
6.300	385.000	477.000	523.000	-891.000
6.310	376.000	466.000	509.000	-743.000
6.320	367.000	453.000	495.000	-785.000
6.330	358.000	439.000	478.000	-977.000
6.340	348.000	422.000	460.000	-1171.000
6.350	337.000	404.000	440.000	-1363.000
6.360	324.000	385.000	418.000	-1432.000
6.370	309.000	365.000	396.000	-1396.000
6.380	291.000	343.000	372.000	-1150.000
6.390	272.000	321.000	347.000	-957.000
6.400	250.000	298.000	321.000	-564.000
6.410	228.000	273.000	295.000	-345.000
6.420	206.000	248.000	269.000	-255.000
6.430	185.000	221.000	242.000	-377.000
6.440	163.000	194.000	214.000	-428.000
6.450	141.000	166.000	188.000	-530.000
6.460	119.000	138.000	161.000	-664.000
6.470	96.000	109.000	131.000	-698.000
6.480	72.000	80.000	101.000	-642.000
6.490	46.000	52.000	71.000	-385.000
6.500	20.000	24.000	41.000	-184.000
6.510	-7.000	-4.000	9.000	100.000
6.520	-34.000	-32.000	-22.000	349.000
6.530	-59.000	-60.000	-53.000	349.000
6.540	-83.000	-88.000	-83.000	276.000
6.550	-106.000	-115.000	-111.000	152.000
6.560	-128.000	-143.000	-142.000	-5.000
6.570	-150.000	-170.000	-173.000	-62.000
6.580	-172.000	-197.000	-201.000	-31.000
6.590	-194.000	-224.000	-229.000	81.000
6.600	-216.000	-250.000	-258.000	271.000
6.610	-237.000	-275.000	-284.000	416.000
6.620	-259.000	-300.000	-311.000	769.000
6.630	-279.000	-323.000	-336.000	951.000
6.640	-297.000	-346.000	-360.000	1005.000
6.650	-313.000	-368.000	-383.000	962.000
6.660	-327.000	-389.000	-404.000	847.000
6.670	-339.000	-408.000	-423.000	677.000
6.680	-351.000	-425.000	-439.000	699.000
6.690	-362.000	-441.000	-457.000	765.000
6.700	-371.000	-455.000	-473.000	754.000
6.710	-380.000	-466.000	-487.000	917.000
6.720	-388.000	-475.000	-500.000	1109.000
6.730	-395.000	-483.000	-511.000	1328.000
6.740	-400.000	-489.000	-521.000	1456.000
6.750	-403.000	-493.000	-528.000	1512.000
6.760	-404.000	-496.000	-533.000	1511.000
6.770	-404.000	-497.000	-536.000	1578.000
6.780	-400.000	-497.000	-537.000	1351.000
6.790	-393.000	-496.000	-537.000	998.000
6.800	-386.000	-491.000	-536.000	884.000
6.810	-379.000	-485.000	-530.000	960.000
6.820	-371.000	-476.000	-523.000	1070.000
6.830	-363.000	-465.000	-512.000	1320.000
6.840	-354.000	-452.000	-498.000	1565.000
6.850	-343.000	-437.000	-482.000	1686.000
6.860	-331.000	-421.000	-465.000	1818.000
6.870	-315.000	-402.000	-445.000	1603.000
6.880	-298.000	-382.000	-425.000	1447.000
6.890	-278.000	-360.000	-404.000	1097.000
6.900	-257.000	-337.000	-381.000	809.000
6.910	-235.000	-312.000	-353.000	561.000
6.920	-214.000	-285.000	-323.000	565.000
6.930	-193.000	-257.000	-293.000	648.000
6.940	-173.000	-227.000	-261.000	902.000
6.950	-152.000	-197.000	-228.000	1055.000
6.960	-130.000	-165.000	-195.000	1118.000
6.970	-107.000	-134.000	-161.000	1098.000
6.980	-82.000	-102.000	-125.000	884.000
6.990	-56.000	-71.000	-88.000	615.000
7.000	-29.000	-39.000	-51.000	289.000
7.010	-1.000	-7.000	-18.000	-97.000
7.020	26.000	25.000	19.000	-315.000
7.030	52.000	57.000	58.000	-408.000
7.040	76.000	89.000	95.000	-296.000
7.050	99.000	121.000	130.000	-143.000
7.060	121.000	152.000	166.000	35.000
7.070	143.000	183.000	200.000	110.000
7.080	165.000	214.000	231.000	92.000
7.090	188.000	243.000	262.000	-128.000
7.100	212.000	271.000	295.000	-521.000
7.110	235.000	298.000	325.000	-836.000
7.120	257.000	324.000	354.000	-1098.000
7.130	278.000	349.000	381.000	-1327.000
7.140	296.000	372.000	407.000	-1307.000
7.150	311.000	395.000	430.000	-1091.000
7.160	324.000	415.000	451.000	-837.000
7.170	336.000	434.000	471.000	-671.000
7.180	348.000	450.000	488.000	-695.000
7.190	359.000	464.000	503.000	-763.000
7.200	370.000	476.000	516.000	-985.000
7.210	380.000	486.000	527.000	-1223.000
7.220	388.000	493.000	536.000	-1362.000
7.230	396.000	497.000	541.000	-1656.000
7.240	401.000	500.000	543.000	-1732.000
7.250	403.000	501.000	545.000	-1632.000
7.260	404.000	501.000	545.000	-1620.000
7.270	403.000	499.000	543.000	-1563.000
7.280	398.000	494.000	538.000	-1234.000
7.290	391.000	487.000	532.000	-912.000
7.300	384.000	478.000	522.000	-823.000
7.310	376.000	467.000	508.000	-800.000
7.320	368.000	454.000	494.000	-945.000
7.330	359.000	439.000	477.000	-1105.000
7.340	350.000	423.000	459.000	-1390.000
7.350	339.000	405.000	439.000	-1542.000
7.360	325.000	386.000	418.000	-1465.000
7.370	309.000	365.000	396.000	-1311.000
7.380	291.000	344.000	373.000	-1084.000
7.390	271.000	322.000	347.000	-790.000
7.400	249.000	298.000	322.000	-429.000
7.410	227.000	273.000	297.000	-235.000
7.420	206.000	248.000	270.000	-280.000
7.430	185.000	221.000	243.000	-395.000
7.440	164.000	194.000	216.000	-558.000
7.450	142.000	166.000	189.000	-635.000
7.460	120.000	138.000	163.000	-750.000
7.470	97.000	109.000	132.000	-770.000
7.480	72.000	81.000	102.000	-586.000
7.490	46.000	53.000	72.000	-341.000
7.500	19.000	25.000	42.000	-34.000
7.510	-7.000	-2.000	10.000	105.000
7.520	-34.000	-30.000	-22.000	353.000
7.530	-59.000	-58.000	-52.000	354.000
7.540	-82.000	-86.000	-82.000	164.000
7.550	-105.000	-114.000	-111.000	60.000
7.560	-127.000	-142.000	-142.000	-80.000
7.570	-149.000	-170.000	-172.000	-126.000
7.580	-171.000	-197.000	-201.000	-85.000
7.590	-194.000	-224.000	-229.000	151.000
7.600	-216.000	-250.000	-257.000	324.000
7.610	-238.000	-276.000	-283.000	574.000
7.620	-260.000	-301.000	-310.000	897.000
7.630	-279.000	-324.000	-336.000	940.000
7.640	-297.000	-347.000	-360.000	997.000
7.650	-313.000	-369.000	-383.000	957.000
7.660	-326.000	-390.000	-404.000	728.000
7.670	-339.000	-409.000	-423.000	697.000
7.680	-350.000	-426.000	-440.000	598.000
7.690	-361.000	-441.000	-458.000	682.000
7.700	-371.000	-454.000	-474.000	801.000
7.710	-380.000	-465.000	-488.000	954.000
7.720	-389.000	-475.000	-502.000	1254.000
7.730	-396.000	-483.000	-513.000	1446.000
7.740	-400.000	-489.000	-523.000	1437.000
7.750	-403.000	-493.000	-530.000	1499.000
7.760	-403.000	-496.000	-535.000	1385.000
7.770	-403.000	-497.000	-538.000	1476.000
7.780	-399.000	-497.000	-539.000	1268.000
7.790	-393.000	-497.000	-539.000	1044.000
7.800	-386.000	-492.000	-536.000	921.000
7.810	-379.000	-486.000	-531.000	989.000
7.820	-372.000	-477.000	-523.000	1209.000
7.830	-364.000	-466.000	-512.000	1433.000
7.840	-354.000	-453.000	-497.000	1542.000
7.850	-343.000	-438.000	-482.000	1669.000
7.860	-330.000	-421.000	-465.000	1689.000
7.870	-315.000	-402.000	-445.000	1615.000
7.880	-297.000	-381.000	-424.000	1341.000
7.890	-277.000	-359.000	-403.000	1010.000
7.900	-257.000	-335.000	-381.000	853.000
7.910	-236.000	-310.000	-352.000	711.000
7.920	-215.000	-283.000	-323.000	687.000
7.930	-193.000	-255.000	-293.000	632.000
7.940	-173.000	-226.000	-260.000	890.000
7.950	-151.000	-195.000	-227.000	931.000
7.960	-129.000	-165.000	-194.000	1017.000
7.970	-106.000	-133.000	-159.000	1015.000
7.980	-81.000	-102.000	-123.000	814.000
7.990	-55.000	-70.000	-86.000	556.000
8.000	-28.000	-38.000	-50.000	239.000
8.010	-2.000	-7.000	-17.000	91.000
8.020	25.000	25.000	20.000	-164.000
8.030	50.000	57.000	59.000	-170.000
8.040	76.000	90.000	96.000	-333.000
8.050	99.000	121.000	131.000	-170.000
8.060	122.000	153.000	166.000	-101.000
8.070	145.000	184.000	200.000	-116.000
8.080	167.000	214.000	231.000	-94.000
8.090	189.000	244.000	262.000	-165.000
8.100	212.000	272.000	294.000	-439.000
8.110	235.000	299.000	324.000	-772.000
8.120	256.000	325.000	353.000	-932.000
8.130	276.000	350.000	380.000	-1077.000
8.140	295.000	373.000	406.000	-1219.000
8.150	311.000	394.000	430.000	-1133.000
8.160	325.000	414.000	450.000	-985.000
8.170	338.000	433.000	470.000	-906.000
8.180	350.000	449.000	488.000	-887.000
8.190	360.000	463.000	503.000	-805.000
8.200	370.000	475.000	516.000	-907.000
8.210	379.000	484.000	527.000	-1046.000
8.220	388.000	492.000	535.000	-1336.000
8.230	395.000	497.000	540.000	-1519.000
8.240	400.000	500.000	543.000	-1620.000
8.250	403.000	501.000	544.000	-1655.000
8.260	403.000	501.000	544.000	-1521.000
8.270	403.000	499.000	542.000	-1597.000
8.280	399.000	494.000	538.000	-1375.000
8.290	392.000	487.000	531.000	-1026.000
8.300	385.000	478.000	521.000	-915.000
8.310	377.000	467.000	508.000	-877.000
8.320	368.000	454.000	493.000	-893.000
8.330	359.000	440.000	477.000	-1064.000
8.340	349.000	423.000	459.000	-1243.000
8.350	338.000	405.000	440.000	-1423.000
8.360	325.000	386.000	419.000	-1483.000
8.370	309.000	365.000	397.000	-1323.000
8.380	291.000	344.000	374.000	-1094.000
8.390	271.000	321.000	348.000	-797.000
8.400	250.000	298.000	323.000	-550.000
8.410	228.000	273.000	298.000	-333.000
8.420	207.000	248.000	271.000	-361.000
8.430	185.000	222.000	244.000	-346.000
8.440	164.000	195.000	217.000	-520.000
8.450	142.000	167.000	190.000	-605.000
8.460	119.000	139.000	163.000	-610.000
8.470	96.000	111.000	133.000	-656.000
8.480	72.000	82.000	102.000	-609.000
8.490	46.000	54.000	73.000	-358.000
8.500	20.000	26.000	42.000	-163.000
8.510	-6.000	-2.000	11.000	1.000
8.520	-32.000	-30.000	-21.000	152.000
8.530	-58.000	-58.000	-52.000	304.000
8.540	-82.000	-86.000	-82.000	236.000
8.550	-105.000	-114.000	-110.000	116.000
8.560	-128.000	-142.000	-141.000	79.000
8.570	-150.000	-170.000	-172.000	3.000
8.580	-172.000	-197.000	-200.000	20.000
8.590	-194.000	-224.000	-228.000	122.000
8.600	-215.000	-250.000	-256.000	187.000
8.610	-237.000	-276.000	-283.000	463.000
8.620	-259.000	-300.000	-310.000	806.000
8.630	-278.000	-324.000	-336.000	865.000
8.640	-297.000	-347.000	-360.000	1051.000
8.650	-313.000	-369.000	-383.000	999.000
8.660	-327.000	-389.000	-405.000	876.000
8.670	-339.000	-408.000	-424.000	701.000
8.680	-350.000	-425.000	-440.000	602.000
8.690	-361.000	-441.000	-459.000	686.000
8.700	-371.000	-454.000	-474.000	804.000
8.710	-380.000	-466.000	-489.000	957.000
8.720	-388.000	-475.000	-502.000	1141.000
8.730	-395.000	-483.000	-513.000	1353.000
8.740	-400.000	-489.000	-523.000	1477.000
8.750	-403.000	-494.000	-531.000	1530.000
8.760	-403.000	-497.000	-536.000	1409.000
8.770	-403.000	-498.000	-539.000	1496.000
8.780	-399.000	-498.000	-539.000	1283.000
8.790	-394.000	-497.000	-539.000	1173.000
8.800	-387.000	-493.000	-537.000	1026.000
8.810	-379.000	-486.000	-531.000	960.000
8.820	-371.000	-477.000	-523.000	1071.000
8.830	-363.000	-466.000	-512.000	1322.000
8.840	-354.000	-453.000	-498.000	1568.000
8.850	-343.000	-438.000	-482.000	1689.000
8.860	-330.000	-420.000	-465.000	1705.000
8.870	-315.000	-402.000	-446.000	1628.000
8.880	-297.000	-381.000	-425.000	1351.000
8.890	-277.000	-359.000	-404.000	1018.000
8.900	-257.000	-335.000	-381.000	860.000
8.910	-236.000	-310.000	-352.000	717.000
8.920	-214.000	-283.000	-323.000	575.000
8.930	-193.000	-255.000	-293.000	657.000
8.940	-172.000	-226.000	-259.000	794.000
8.950	-151.000	-196.000	-226.000	968.000
8.960	-130.000	-165.000	-193.000	1162.000
8.970	-106.000	-134.000	-159.000	1016.000
8.980	-82.000	-102.000	-122.000	932.000
8.990	-56.000	-71.000	-85.000	653.000
9.000	-29.000	-39.000	-49.000	319.000
9.010	-1.000	-7.000	-16.000	-73.000
9.020	26.000	25.000	21.000	-295.000
9.030	52.000	57.000	59.000	-392.000
9.040	76.000	90.000	96.000	-283.000
9.050	100.000	122.000	131.000	-248.000
9.060	122.000	154.000	167.000	-50.000
9.070	144.000	185.000	200.000	39.000
9.080	166.000	215.000	231.000	32.000
9.090	189.000	245.000	262.000	-179.000
9.100	212.000	273.000	295.000	-449.000
9.110	235.000	300.000	325.000	-779.000
9.120	256.000	325.000	354.000	-937.000
9.130	277.000	349.000	381.000	-1197.000
9.140	296.000	372.000	407.000	-1316.000
9.150	312.000	394.000	430.000	-1214.000
9.160	326.000	414.000	451.000	-1052.000
9.170	338.000	432.000	471.000	-847.000
9.180	349.000	449.000	488.000	-725.000
9.190	359.000	463.000	503.000	-674.000
9.200	369.000	475.000	516.000	-800.000
9.210	379.000	484.000	527.000	-1074.000
9.220	388.000	492.000	535.000	-1357.000
9.230	395.000	497.000	540.000	-1535.000
9.240	400.000	500.000	542.000	-1632.000
9.250	404.000	501.000	543.000	-1780.000
9.260	404.000	501.000	543.000	-1623.000
9.270	404.000	499.000	541.000	-1680.000
9.280	399.000	494.000	537.000	-1329.000
9.290	393.000	487.000	530.000	-1106.000
9.300	385.000	478.000	520.000	-866.000
9.310	376.000	467.000	507.000	-723.000
9.320	367.000	454.000	493.000	-768.000
9.330	358.000	439.000	477.000	-962.000
9.340	349.000	422.000	459.000	-1274.000
9.350	338.000	404.000	440.000	-1446.000
9.360	325.000	385.000	419.000	-1500.000
9.370	310.000	364.000	397.000	-1453.000
9.380	292.000	343.000	374.000	-1199.000
9.390	272.000	321.000	348.000	-883.000
9.400	250.000	298.000	323.000	-506.000
9.410	228.000	273.000	297.000	-298.000
9.420	206.000	248.000	271.000	-218.000
9.430	184.000	222.000	244.000	-230.000
9.440	163.000	196.000	216.000	-425.000
9.450	142.000	168.000	190.000	-642.000
9.460	120.000	140.000	163.000	-754.000
9.470	97.000	111.000	133.000	-772.000
9.480	73.000	83.000	103.000	-703.000
9.490	47.000	55.000	73.000	-436.000
9.500	21.000	27.000	43.000	-228.000
9.510	-6.000	-1.000	12.000	61.000
9.520	-33.000	-30.000	-20.000	314.000
9.530	-58.000	-58.000	-51.000	318.000
9.540	-83.000	-86.000	-80.000	364.000
9.550	-106.000	-114.000	-109.000	221.000
9.560	-128.000	-142.000	-140.000	50.000
9.570	-150.000	-170.000	-171.000	-19.000
9.580	-171.000	-197.000	-199.000	-113.000
9.590	-193.000	-224.000	-227.000	15.000
9.600	-215.000	-250.000	-256.000	215.000
9.610	-237.000	-276.000	-283.000	485.000
9.620	-258.000	-300.000	-310.000	707.000
9.630	-279.000	-324.000	-336.000	1016.000
9.640	-297.000	-346.000	-360.000	1056.000
9.650	-313.000	-368.000	-384.000	1003.000
9.660	-327.000	-388.000	-406.000	880.000
9.670	-339.000	-407.000	-425.000	704.000
9.680	-350.000	-425.000	-441.000	605.000
9.690	-361.000	-441.000	-460.000	688.000
9.700	-370.000	-454.000	-475.000	691.000
9.710	-380.000	-466.000	-489.000	980.000
9.720	-388.000	-476.000	-502.000	1159.000
9.730	-395.000	-484.000	-514.000	1368.000
9.740	-400.000	-490.000	-524.000	1488.000
9.750	-403.000	-495.000	-531.000	1539.000
9.760	-403.000	-498.000	-536.000	1417.000
9.770	-403.000	-499.000	-539.000	1502.000
9.780	-400.000	-499.000	-540.000	1404.000
9.790	-394.000	-498.000	-540.000	1156.000
9.800	-387.000	-493.000	-537.000	1013.000
9.810	-379.000	-486.000	-532.000	950.000
9.820	-371.000	-477.000	-524.000	1064.000
9.830	-363.000	-466.000	-513.000	1317.000
9.840	-353.000	-452.000	-499.000	1448.000
9.850	-343.000	-437.000	-483.000	1708.000
9.860	-330.000	-420.000	-466.000	1719.000
9.870	-315.000	-401.000	-446.000	1639.000
9.880	-297.000	-381.000	-425.000	1360.000
9.890	-277.000	-358.000	-404.000	1025.000
9.900	-257.000	-335.000	-381.000	866.000
9.910	-236.000	-310.000	-352.000	722.000
9.920	-214.000	-283.000	-322.000	579.000
9.930	-193.000	-255.000	-292.000	660.000
9.940	-173.000	-226.000	-258.000	913.000
9.950	-151.000	-196.000	-225.000	949.000
9.960	-129.000	-165.000	-192.000	1032.000
9.970	-106.000	-133.000	-157.000	1027.000
9.980	-81.000	-102.000	-121.000	824.000
9.990	-55.000	-70.000	-84.000	565.000
10.000	-29.000	-38.000	-49.000	362.000
10.010	-1.000	-6.000	-15.000	-41.000
10.020	25.000	27.000	21.000	-154.000
10.030	51.000	59.000	60.000	-278.000
10.040	76.000	91.000	96.000	-305.000
10.050	100.000	123.000	131.000	-264.000
10.060	123.000	155.000	166.000	-179.000
10.070	145.000	186.000	201.000	-65.000
10.080	167.000	216.000	231.000	-54.000
10.090	190.000	245.000	262.000	-250.000
10.100	212.000	273.000	295.000	-394.000
10.110	235.000	299.000	325.000	-737.000
10.120	256.000	325.000	354.000	-904.000
10.130	276.000	349.000	381.000	-1055.000
10.140	295.000	372.000	407.000	-1201.000
10.150	311.000	394.000	430.000	-1119.000
10.160	326.000	413.000	451.000	-1089.000
10.170	339.000	432.000	471.000	-991.000
10.180	350.000	448.000	488.000	-841.000
10.190	360.000	463.000	502.000	-769.000
10.200	370.000	475.000	515.000	-879.000
10.210	379.000	485.000	526.000	-1024.000
10.220	388.000	492.000	534.000	-1318.000
10.230	395.000	497.000	539.000	-1505.000
10.240	400.000	500.000	542.000	-1608.000
10.250	403.000	501.000	543.000	-1646.000
10.260	404.000	501.000	543.000	-1629.000
10.270	404.000	499.000	541.000	-1685.000
10.280	399.000	494.000	537.000	-1332.000
10.290	393.000	487.000	530.000	-1108.000
10.300	385.000	477.000	521.000	-868.000
10.310	377.000	466.000	507.000	-840.000
10.320	368.000	453.000	493.000	-863.000
10.330	359.000	438.000	477.000	-1041.000
10.340	349.000	422.000	460.000	-1224.000
10.350	337.000	404.000	440.000	-1291.000
10.360	324.000	384.000	419.000	-1375.000
10.370	309.000	364.000	397.000	-1350.000
10.380	292.000	343.000	373.000	-1230.000
10.390	272.000	321.000	348.000	-906.000
10.400	251.000	298.000	323.000	-639.000
10.410	228.000	274.000	297.000	-291.000
10.420	207.000	249.000	271.000	-328.000
10.430	185.000	223.000	243.000	-320.000
10.440	163.000	196.000	216.000	-383.000
10.450	142.000	168.000	189.000	-610.000
10.460	120.000	140.000	163.000	-729.000
10.470	96.000	111.000	132.000	-637.000
10.480	72.000	83.000	102.000	-593.000
10.490	47.000	54.000	73.000	-462.000
10.500	21.000	26.000	43.000	-247.000
10.510	-6.000	-2.000	12.000	47.000
10.520	-32.000	-30.000	-20.000	187.000
10.530	-58.000	-58.000	-51.000	332.000
10.540	-82.000	-86.000	-80.000	258.000
10.550	-105.000	-114.000	-109.000	134.000
10.560	-128.000	-142.000	-140.000	94.000
10.570	-150.000	-169.000	-171.000	15.000
10.580	-172.000	-197.000	-199.000	30.000
10.590	-194.000	-223.000	-227.000	130.000
10.600	-215.000	-249.000	-256.000	194.000
10.610	-237.000	-275.000	-283.000	469.000
10.620	-258.000	-299.000	-310.000	695.000
10.630	-278.000	-323.000	-336.000	891.000
10.640	-296.000	-346.000	-360.000	955.000
10.650	-312.000	-368.000	-383.000	919.000
10.660	-327.000	-388.000	-405.000	926.000
10.670	-339.000	-408.000	-424.000	740.000
10.680	-351.000	-425.000	-440.000	749.000
10.690	-361.000	-441.000	-459.000	689.000
10.700	-371.000	-455.000	-474.000	807.000
10.710	-380.000	-466.000	-489.000	960.000
10.720	-388.000	-476.000	-502.000	1144.000
10.730	-395.000	-484.000	-514.000	1356.000
10.740	-399.000	-490.000	-524.000	1363.000
10.750	-402.000	-494.000	-532.000	1437.000
10.760	-403.000	-497.000	-537.000	1449.000
10.770	-403.000	-498.000	-540.000	1527.000
10.780	-399.000	-498.000	-540.000	1308.000
10.790	-394.000	-497.000	-540.000	1192.000
10.800	-387.000	-492.000	-538.000	1041.000
10.810	-380.000	-485.000	-532.000	1089.000
10.820	-371.000	-476.000	-524.000	1060.000
10.830	-363.000	-466.000	-513.000	1315.000
10.840	-353.000	-452.000	-499.000	1446.000
10.850	-342.000	-437.000	-483.000	1591.000
10.860	-329.000	-420.000	-465.000	1624.000
10.870	-314.000	-402.000	-446.000	1560.000
10.880	-297.000	-381.000	-425.000	1410.000
10.890	-278.000	-359.000	-403.000	1180.000
10.900	-258.000	-336.000	-381.000	991.000
10.910	-236.000	-310.000	-351.000	708.000
10.920	-215.000	-283.000	-322.000	685.000
10.930	-193.000	-255.000	-292.000	632.000
10.940	-172.000	-226.000	-259.000	775.000
10.950	-150.000	-196.000	-226.000	838.000
10.960	-128.000	-164.000	-192.000	941.000
10.970	-105.000	-133.000	-158.000	951.000
10.980	-81.000	-101.000	-122.000	877.000
10.990	-56.000	-69.000	-85.000	721.000
11.000	-29.000	-37.000	-49.000	372.000
11.010	-2.000	-5.000	-16.000	84.000
11.020	25.000	27.000	21.000	-168.000
11.030	51.000	58.000	59.000	-288.000
11.040	76.000	90.000	96.000	-313.000
11.050	100.000	122.000	131.000	-270.000
11.060	123.000	154.000	167.000	-183.000
11.070	146.000	185.000	201.000	-184.000
11.080	168.000	215.000	232.000	-151.000
11.090	190.000	244.000	263.000	-214.000
11.100	212.000	272.000	295.000	-366.000
11.110	234.000	300.000	326.000	-599.000
11.120	255.000	325.000	354.000	-792.000
11.130	276.000	350.000	381.000	-1079.000
11.140	295.000	373.000	407.000	-1219.000
11.150	312.000	394.000	430.000	-1248.000
11.160	326.000	414.000	451.000	-1078.000
11.170	339.000	433.000	470.000	-982.000
11.180	351.000	449.000	488.000	-951.000
11.190	361.000	464.000	502.000	-859.000
11.200	370.000	475.000	515.000	-837.000
11.210	379.000	485.000	526.000	-992.000
11.220	387.000	492.000	535.000	-1177.000
11.230	395.000	497.000	539.000	-1507.000
11.240	400.000	500.000	542.000	-1609.000
11.250	403.000	501.000	543.000	-1646.000
11.260	404.000	501.000	543.000	-1629.000
11.270	404.000	498.000	542.000	-1684.000
11.280	400.000	493.000	537.000	-1448.000
11.290	393.000	486.000	531.000	-1086.000
11.300	385.000	477.000	521.000	-850.000
11.310	377.000	467.000	508.000	-826.000
11.320	368.000	454.000	493.000	-853.000
11.330	358.000	439.000	477.000	-917.000
11.340	349.000	423.000	459.000	-1239.000
11.350	338.000	405.000	439.000	-1418.000
11.360	325.000	386.000	418.000	-1478.000
11.370	309.000	365.000	397.000	-1319.000
11.380	292.000	344.000	373.000	-1205.000
11.390	272.000	321.000	348.000	-887.000
11.400	251.000	298.000	323.000	-625.000
11.410	228.000	274.000	297.000	-279.000
11.420	206.000	248.000	271.000	-203.000
11.430	185.000	222.000	244.000	-334.000
11.440	164.000	195.000	216.000	-510.000
11.450	142.000	167.000	190.000	-596.000
11.460	120.000	139.000	163.000	-719.000
11.470	97.000	110.000	133.000	-744.000
11.480	72.000	82.000	102.000	-565.000
11.490	47.000	54.000	73.000	-440.000
11.500	20.000	26.000	43.000	-114.000
11.510	-6.000	-2.000	11.000	39.000
11.520	-32.000	-30.000	-20.000	182.000
11.530	-58.000	-58.000	-51.000	328.000
11.540	-82.000	-86.000	-81.000	255.000
11.550	-105.000	-113.000	-110.000	132.000
11.560	-128.000	-141.000	-140.000	93.000
11.570	-150.000	-169.000	-171.000	14.000
11.580	-171.000	-196.000	-199.000	-87.000
11.590	-193.000	-223.000	-227.000	35.000
11.600	-215.000	-250.000	-256.000	231.000
11.610	-237.000	-275.000	-283.000	498.000
11.620	-258.000	-300.000	-309.000	717.000
11.630	-278.000	-324.000	-335.000	908.000
11.640	-297.000	-347.000	-359.000	1085.000
11.650	-313.000	-368.000	-383.000	1025.000
11.660	-327.000	-389.000	-404.000	898.000
11.670	-339.000	-408.000	-423.000	718.000
11.680	-350.000	-425.000	-440.000	617.000
11.690	-360.000	-440.000	-459.000	581.000
11.700	-370.000	-454.000	-474.000	719.000
11.710	-380.000	-466.000	-489.000	1003.000
11.720	-388.000	-475.000	-503.000	1177.000
11.730	-395.000	-483.000	-515.000	1382.000
11.740	-400.000	-489.000	-525.000	1500.000
11.750	-403.000	-494.000	-532.000	1548.000
11.760	-403.000	-497.000	-537.000	1424.000
11.770	-403.000	-498.000	-540.000	1508.000
11.780	-399.000	-498.000	-540.000	1293.000
11.790	-393.000	-497.000	-540.000	1066.000
11.800	-386.000	-493.000	-537.000	938.000
11.810	-379.000	-486.000	-532.000	1004.000
11.820	-371.000	-477.000	-524.000	1106.000
11.830	-363.000	-466.000	-513.000	1350.000
11.840	-354.000	-453.000	-499.000	1590.000
11.850	-343.000	-438.000	-483.000	1707.000
11.860	-330.000	-421.000	-466.000	1719.000
11.870	-315.000	-402.000	-446.000	1640.000
11.880	-297.000	-381.000	-425.000	1361.000
11.890	-277.000	-359.000	-404.000	1027.000
11.900	-256.000	-335.000	-381.000	751.000
11.910	-235.000	-309.000	-352.000	628.000
11.920	-214.000	-283.000	-322.000	618.000
11.930	-193.000	-254.000	-292.000	691.000
11.940	-173.000	-225.000	-259.000	937.000
11.950	-152.000	-195.000	-226.000	1084.000
11.960	-129.000	-164.000	-193.000	1026.000
11.970	-106.000	-133.000	-158.000	1023.000
11.980	-81.000	-101.000	-122.000	822.000
11.990	-55.000	-70.000	-85.000	563.000
12.000	-28.000	-38.000	-49.000	245.000
12.010	-1.000	-6.000	-15.000	0.000
12.020	26.000	26.000	22.000	0.000
12.030	52.000	58.000	60.000	0.000
12.040	78.000	90.000	96.000	0.000
12.050	103.000	123.000	132.000	0.000
12.060	128.000	155.000	167.000	0.000
12.070	153.000	186.000	201.000	0.000
12.080	178.000	217.000	232.000	0.000
12.090	203.000	247.000	263.000	0.000
12.100	228.000	277.000	296.000	0.000
12.110	254.000	306.000	326.000	0.000
12.120	281.000	333.000	355.000	0.000
12.130	308.000	361.000	384.000	0.000
12.140	334.000	387.000	411.000	0.000
12.150	361.000	412.000	435.000	0.000
12.160	388.000	436.000	458.000	0.000
12.170	415.000	460.000	481.000	0.000
12.180	442.000	483.000	501.000	0.000
12.190	469.000	506.000	520.000	0.000
12.200	496.000	528.000	539.000	0.000
12.210	522.000	549.000	554.000	0.000
12.220	548.000	571.000	569.000	0.000
12.230	572.000	591.000	586.000	0.000
12.240	596.000	611.000	600.000	0.000
12.250	620.000	630.000	615.000	0.000
12.260	641.000	649.000	629.000	0.000
12.270	662.000	666.000	643.000	0.000
12.280	681.000	683.000	658.000	0.000
12.290	699.000	700.000	672.000	0.000
12.300	715.000	715.000	687.000	0.000
12.310	731.000	730.000	704.000	0.000
12.320	745.000	744.000	721.000	0.000
12.330	758.000	758.000	736.000	0.000
12.340	770.000	771.000	754.000	0.000
12.350	780.000	784.000	771.000	0.000
12.360	790.000	797.000	786.000	0.000
12.370	798.000	809.000	803.000	0.000
12.380	804.000	821.000	819.000	0.000
12.390	811.000	833.000	834.000	0.000
12.400	816.000	844.000	848.000	0.000
12.410	820.000	855.000	861.000	0.000
12.420	824.000	866.000	875.000	0.000
12.430	827.000	875.000	885.000	0.000
12.440	830.000	883.000	895.000	0.000
12.450	833.000	889.000	904.000	0.000
12.460	836.000	895.000	911.000	0.000
12.470	839.000	899.000	917.000	0.000
12.480	841.000	902.000	922.000	0.000
12.490	844.000	903.000	924.000	0.000
12.500	847.000	904.000	926.000	0.000
12.510	849.000	904.000	926.000	0.000
12.520	851.000	903.000	926.000	0.000
12.530	853.000	901.000	924.000	0.000
12.540	855.000	898.000	920.000	0.000
12.550	856.000	894.000	914.000	0.000
12.560	856.000	890.000	907.000	0.000
12.570	856.000	885.000	898.000	0.000
12.580	856.000	880.000	888.000	0.000
12.590	855.000	874.000	877.000	0.000
12.600	852.000	868.000	867.000	0.000
12.610	848.000	861.000	856.000	0.000
12.620	844.000	854.000	844.000	0.000
12.630	839.000	846.000	834.000	0.000
12.640	833.000	837.000	825.000	0.000
12.650	826.000	828.000	816.000	0.000
12.660	819.000	818.000	807.000	0.000
12.670	811.000	809.000	799.000	0.000
12.680	802.000	798.000	791.000	0.000
12.690	793.000	788.000	784.000	0.000
12.700	783.000	778.000	776.000	0.000
12.710	773.000	769.000	769.000	0.000
12.720	763.000	759.000	762.000	0.000
12.730	752.000	750.000	755.000	0.000
12.740	741.000	742.000	747.000	0.000
12.750	730.000	734.000	738.000	0.000
12.760	719.000	725.000	729.000	0.000
12.770	708.000	717.000	721.000	0.000
12.780	697.000	709.000	712.000	0.000
12.790	686.000	701.000	703.000	0.000
12.800	676.000	692.000	692.000	0.000
12.810	666.000	682.000	682.000	0.000
12.820	657.000	672.000	672.000	0.000
12.830	648.000	662.000	662.000	0.000
12.840	638.000	651.000	652.000	0.000
12.850	630.000	639.000	640.000	0.000
12.860	621.000	627.000	628.000	0.000
12.870	612.000	615.000	616.000	0.000
12.880	604.000	604.000	605.000	0.000
12.890	595.000	592.000	592.000	0.000
12.900	586.000	580.000	578.000	0.000
12.910	577.000	568.000	566.000	0.000
12.920	567.000	557.000	553.000	0.000
12.930	558.000	546.000	539.000	0.000
12.940	548.000	536.000	529.000	0.000
12.950	537.000	525.000	517.000	0.000
12.960	527.000	515.000	503.000	0.000
12.970	516.000	505.000	492.000	0.000
12.980	505.000	495.000	482.000	0.000
12.990	494.000	484.000	471.000	0.000
13.000	483.000	474.000	462.000	0.000
13.010	472.000	463.000	453.000	0.000
13.020	460.000	453.000	444.000	0.000
13.030	449.000	442.000	436.000	0.000
13.040	438.000	431.000	428.000	0.000
13.050	427.000	421.000	421.000	0.000
13.060	416.000	411.000	413.000	0.000
13.070	405.000	401.000	405.000	0.000
13.080	394.000	392.000	398.000	0.000
13.090	384.000	383.000	390.000	0.000
13.100	373.000	374.000	382.000	0.000
13.110	363.000	366.000	374.000	0.000
13.120	353.000	357.000	366.000	0.000
13.130	343.000	349.000	357.000	0.000
13.140	333.000	341.000	349.000	0.000
13.150	324.000	333.000	341.000	0.000
13.160	315.000	325.000	332.000	0.000
13.170	307.000	316.000	324.000	0.000
13.180	299.000	308.000	316.000	0.000
13.190	291.000	299.000	308.000	0.000
13.200	284.000	290.000	300.000	0.000
13.210	277.000	282.000	292.000	0.000
13.220	271.000	273.000	283.000	0.000
13.230	265.000	265.000	276.000	0.000
13.240	259.000	257.000	267.000	0.000
13.250	253.000	249.000	259.000	0.000
13.260	248.000	242.000	250.000	0.000
13.270	242.000	235.000	242.000	0.000
13.280	237.000	229.000	234.000	0.000
13.290	232.000	223.000	226.000	0.000
13.300	227.000	217.000	219.000	0.000
13.310	222.000	212.000	212.000	0.000
13.320	217.000	207.000	205.000	0.000
13.330	212.000	201.000	199.000	0.000
13.340	208.000	197.000	194.000	0.000
13.350	203.000	192.000	189.000	0.000
13.360	199.000	187.000	184.000	0.000
13.370	194.000	182.000	180.000	0.000
13.380	190.000	178.000	177.000	0.000
13.390	186.000	173.000	174.000	0.000
13.400	182.000	169.000	172.000	0.000
13.410	178.000	165.000	170.000	0.000
13.420	174.000	162.000	168.000	0.000
13.430	170.000	159.000	167.000	0.000
13.440	166.000	157.000	166.000	0.000
13.450	162.000	155.000	164.000	0.000
13.460	159.000	153.000	163.000	0.000
13.470	156.000	152.000	162.000	0.000
13.480	153.000	151.000	161.000	0.000
13.490	150.000	150.000	160.000	0.000
13.500	148.000	150.000	160.000	0.000
13.510	146.000	149.000	159.000	0.000
13.520	145.000	149.000	158.000	0.000
13.530	144.000	148.000	157.000	0.000
13.540	144.000	147.000	157.000	0.000
13.550	144.000	147.000	156.000	0.000
13.560	144.000	146.000	156.000	0.000
13.570	144.000	145.000	155.000	0.000
13.580	144.000	144.000	155.000	0.000
13.590	145.000	144.000	155.000	0.000
13.600	147.000	144.000	154.000	0.000
13.610	148.000	144.000	154.000	0.000
13.620	150.000	144.000	154.000	0.000
13.630	151.000	144.000	153.000	0.000
13.640	153.000	145.000	153.000	0.000
13.650	154.000	147.000	153.000	0.000
13.660	155.000	148.000	153.000	0.000
13.670	156.000	150.000	153.000	0.000
13.680	157.000	152.000	153.000	0.000
13.690	159.000	154.000	153.000	0.000
13.700	159.000	156.000	154.000	0.000
13.710	160.000	158.000	156.000	0.000
13.720	161.000	159.000	158.000	0.000
13.730	161.000	160.000	160.000	0.000
13.740	162.000	162.000	163.000	0.000
13.750	163.000	163.000	165.000	0.000
13.760	163.000	164.000	168.000	0.000
13.770	164.000	165.000	171.000	0.000
13.780	164.000	167.000	174.000	0.000
13.790	165.000	168.000	177.000	0.000
13.800	166.000	170.000	180.000	0.000
13.810	167.000	172.000	182.000	0.000
13.820	167.000	174.000	184.000	0.000
13.830	168.000	176.000	186.000	0.000
13.840	169.000	179.000	187.000	0.000
13.850	170.000	181.000	189.000	0.000
13.860	171.000	183.000	190.000	0.000
13.870	173.000	185.000	191.000	0.000
13.880	174.000	186.000	191.000	0.000
13.890	176.000	188.000	192.000	0.000
13.900	178.000	188.000	192.000	0.000
13.910	180.000	189.000	193.000	0.000
13.920	182.000	189.000	193.000	0.000
13.930	184.000	189.000	193.000	0.000
13.940	185.000	189.000	194.000	0.000
13.950	187.000	189.000	194.000	0.000
13.960	188.000	190.000	194.000	0.000
13.970	190.000	190.000	194.000	0.000
13.980	191.000	190.000	194.000	0.000
13.990	192.000	191.000	194.000	0.000
14.000	192.000	191.000	194.000	0.000
14.010	192.000	192.000	194.000	0.000
14.020	192.000	193.000	194.000	0.000
14.030	192.000	194.000	194.000	0.000
14.040	192.000	195.000	194.000	0.000
14.050	192.000	195.000	194.000	0.000
14.060	192.000	195.000	194.000	0.000
14.070	192.000	195.000	195.000	0.000
14.080	191.000	195.000	195.000	0.000
14.090	190.000	195.000	196.000	0.000
14.100	190.000	195.000	196.000	0.000
14.110	189.000	195.000	197.000	0.000
14.120	188.000	194.000	198.000	0.000
14.130	188.000	193.000	198.000	0.000
14.140	187.000	193.000	198.000	0.000
14.150	187.000	192.000	199.000	0.000
14.160	187.000	191.000	199.000	0.000
14.170	186.000	191.000	199.000	0.000
14.180	186.000	191.000	199.000	0.000
14.190	186.000	191.000	199.000	0.000
14.200	186.000	191.000	198.000	0.000
14.210	186.000	191.000	197.000	0.000
14.220	186.000	191.000	196.000	0.000
14.230	186.000	191.000	195.000	0.000
14.240	186.000	191.000	194.000	0.000
14.250	186.000	191.000	194.000	0.000
14.260	186.000	190.000	193.000	0.000
14.270	186.000	190.000	192.000	0.000
14.280	186.000	189.000	192.000	0.000
14.290	186.000	188.000	191.000	0.000
14.300	186.000	187.000	191.000	0.000
14.310	186.000	186.000	191.000	0.000
14.320	186.000	185.000	191.000	0.000
14.330	186.000	185.000	191.000	0.000
14.340	186.000	184.000	191.000	0.000
14.350	186.000	184.000	191.000	0.000
14.360	186.000	184.000	191.000	0.000
14.370	185.000	184.000	191.000	0.000
14.380	184.000	184.000	191.000	0.000
14.390	183.000	184.000	191.000	0.000
14.400	182.000	184.000	191.000	0.000
14.410	182.000	185.000	191.000	0.000
14.420	181.000	185.000	191.000	0.000
14.430	181.000	185.000	191.000	0.000
14.440	181.000	185.000	191.000	0.000
14.450	181.000	185.000	191.000	0.000
14.460	181.000	185.000	191.000	0.000
14.470	181.000	185.000	191.000	0.000
14.480	181.000	185.000	191.000	0.000
14.490	181.000	185.000	192.000	0.000
14.500	181.000	185.000	192.000	0.000
14.510	182.000	185.000	192.000	0.000
14.520	183.000	185.000	192.000	0.000
14.530	183.000	185.000	192.000	0.000
14.540	184.000	185.000	192.000	0.000
14.550	184.000	186.000	192.000	0.000
14.560	184.000	186.000	192.000	0.000
14.570	185.000	187.000	192.000	0.000
14.580	185.000	188.000	192.000	0.000
14.590	185.000	188.000	192.000	0.000
14.600	185.000	189.000	192.000	0.000
14.610	185.000	189.000	192.000	0.000
14.620	185.000	189.000	192.000	0.000
14.630	185.000	189.000	192.000	0.000
14.640	185.000	189.000	192.000	0.000
14.650	185.000	189.000	192.000	0.000
14.660	185.000	189.000	193.000	0.000
14.670	185.000	189.000	193.000	0.000
14.680	185.000	189.000	194.000	0.000
14.690	185.000	189.000	194.000	0.000
14.700	185.000	189.000	194.000	0.000
14.710	185.000	189.000	194.000	0.000
14.720	185.000	189.000	194.000	0.000
14.730	185.000	189.000	194.000	0.000
14.740	185.000	189.000	194.000	0.000
14.750	185.000	189.000	194.000	0.000
14.760	185.000	189.000	194.000	0.000
14.770	185.000	189.000	194.000	0.000
14.780	185.000	189.000	194.000	0.000
14.790	185.000	189.000	194.000	0.000
14.800	185.000	189.000	194.000	0.000
14.810	185.000	189.000	194.000	0.000
14.820	185.000	189.000	194.000	0.000
14.830	185.000	189.000	194.000	0.000
14.840	185.000	189.000	194.000	0.000
14.850	185.000	188.000	194.000	0.000
14.860	186.000	188.000	194.000	0.000
14.870	186.000	188.000	194.000	0.000
14.880	186.000	188.000	194.000	0.000
14.890	186.000	188.000	193.000	0.000
14.900	186.000	188.000	193.000	0.000
14.910	186.000	188.000	193.000	0.000
14.920	186.000	188.000	193.000	0.000
14.930	185.000	188.000	193.000	0.000
14.940	185.000	188.000	193.000	0.000
14.950	185.000	188.000	193.000	0.000
14.960	184.000	188.000	193.000	0.000
14.970	184.000	188.000	193.000	0.000
14.980	184.000	188.000	193.000	0.000
14.990	184.000	188.000	193.000	0.000
15.000	183.000	187.000	193.000	0.000
