0.000	0.000	0.000	0.000	0.000
0.010	0.000	15.000	26.000	35.000
0.020	0.000	16.000	29.000	131.000
0.030	-1.000	17.000	31.000	389.000
0.040	-1.000	18.000	33.000	540.000
0.050	-1.000	19.000	34.000	710.000
0.060	3.000	20.000	35.000	419.000
0.070	8.000	20.000	35.000	85.000
0.080	13.000	21.000	35.000	-188.000
0.090	18.000	21.000	35.000	-432.000
0.100	22.000	23.000	35.000	-556.000
0.110	24.000	24.000	35.000	-486.000
0.120	24.000	27.000	35.000	-272.000
0.130	24.000	29.000	34.000	-186.000
0.140	22.000	31.000	33.000	20.000
0.150	19.000	32.000	32.000	200.000
0.160	16.000	33.000	32.000	242.000
0.170	15.000	33.000	32.000	-63.000
0.180	13.000	33.000	32.000	-297.000
0.190	12.000	30.000	32.000	-702.000
0.200	9.000	27.000	32.000	-889.000
0.210	4.000	24.000	32.000	-886.000
0.220	-2.000	19.000	32.000	-825.000
0.230	-11.000	15.000	32.000	-463.000
0.240	-20.000	10.000	32.000	-178.000
0.250	-29.000	5.000	32.000	74.000
0.260	-38.000	0.000	32.000	329.000
0.270	-45.000	-6.000	31.000	382.000
0.280	-50.000	-11.000	27.000	298.000
0.290	-53.000	-17.000	22.000	127.000
0.300	-54.000	-23.000	17.000	-96.000
0.310	-54.000	-29.000	10.000	-229.000
0.320	-54.000	-34.000	1.000	-159.000
0.330	-54.000	-39.000	-9.000	85.000
0.340	-54.000	-44.000	-20.000	476.000
0.350	-52.000	-48.000	-31.000	757.000
0.360	-48.000	-51.000	-42.000	944.000
0.370	-42.000	-55.000	-53.000	1044.000
0.380	-34.000	-58.000	-64.000	1057.000
0.390	-24.000	-60.000	-74.000	975.000
0.400	-12.000	-62.000	-84.000	786.000
0.410	0.000	-63.000	-91.000	708.000
0.420	12.000	-63.000	-97.000	683.000
0.430	24.000	-62.000	-101.000	661.000
0.440	35.000	-59.000	-103.000	719.000
0.450	46.000	-53.000	-103.000	683.000
0.460	55.000	-46.000	-103.000	766.000
0.470	63.000	-38.000	-98.000	789.000
0.480	70.000	-27.000	-91.000	731.000
0.490	77.000	-16.000	-80.000	458.000
0.500	82.000	-3.000	-65.000	217.000
0.510	86.000	11.000	-47.000	-138.000
0.520	87.000	25.000	-28.000	-369.000
0.530	87.000	40.000	-5.000	-740.000
0.540	84.000	55.000	20.000	-992.000
0.550	76.000	70.000	45.000	-907.000
0.560	66.000	84.000	73.000	-879.000
0.570	54.000	97.000	101.000	-871.000
0.580	41.000	108.000	128.000	-961.000
0.590	26.000	117.000	155.000	-975.000
0.600	12.000	125.000	181.000	-1231.000
0.610	-3.000	130.000	203.000	-1402.000
0.620	-17.000	132.000	223.000	-1686.000
0.630	-32.000	133.000	239.000	-1774.000
0.640	-48.000	133.000	251.000	-1650.000
0.650	-63.000	128.000	257.000	-1528.000
0.660	-77.000	122.000	258.000	-1353.000
0.670	-90.000	113.000	258.000	-1084.000
0.680	-101.000	102.000	249.000	-809.000
0.690	-109.000	88.000	234.000	-604.000
0.700	-114.000	73.000	211.000	-424.000
0.710	-115.000	55.000	183.000	-357.000
0.720	-115.000	35.000	150.000	-22.000
0.730	-109.000	13.000	112.000	-46.000
0.740	-101.000	-9.000	71.000	95.000
0.750	-90.000	-32.000	28.000	236.000
0.760	-77.000	-55.000	-18.000	464.000
0.770	-63.000	-78.000	-64.000	843.000
0.780	-48.000	-100.000	-112.000	1299.000
0.790	-32.000	-120.000	-158.000	1766.000
0.800	-14.000	-139.000	-201.000	2068.000
0.810	5.000	-155.000	-239.000	2287.000
0.820	26.000	-169.000	-274.000	2255.000
0.830	48.000	-179.000	-306.000	2060.000
0.840	70.000	-185.000	-330.000	1777.000
0.850	90.000	-188.000	-349.000	1580.000
0.860	108.000	-188.000	-362.000	1384.000
0.870	122.000	-181.000	-365.000	1359.000
0.880	132.000	-170.000	-362.000	1418.000
0.890	138.000	-155.000	-351.000	1502.000
0.900	140.000	-136.000	-330.000	1572.000
0.910	140.000	-113.000	-298.000	1377.000
0.920	137.000	-88.000	-260.000	1070.000
0.930	131.000	-61.000	-214.000	673.000
0.940	123.000	-33.000	-161.000	97.000
0.950	112.000	-3.000	-104.000	-485.000
0.960	98.000	28.000	-40.000	-1037.000
0.970	80.000	58.000	26.000	-1401.000
0.980	59.000	88.000	93.000	-1672.000
0.990	35.000	117.000	159.000	-1795.000
1.000	9.000	145.000	223.000	-1839.000
1.010	-19.000	170.000	284.000	-1732.000
1.020	-46.000	193.000	341.000	-1764.000
1.030	-72.000	212.000	389.000	-1817.000
1.040	-96.000	227.000	430.000	-1917.000
1.050	-116.000	237.000	470.000	-2202.000
1.060	-133.000	243.000	498.000	-2442.000
1.070	-146.000	244.000	507.000	-2694.000
1.080	-155.000	241.000	511.000	-2893.000
1.090	-162.000	231.000	506.000	-2769.000
1.100	-165.000	217.000	489.000	-2573.000
1.110	-165.000	198.000	459.000	-2178.000
1.120	-164.000	175.000	416.000	-1374.000
1.130	-157.000	147.000	364.000	-818.000
1.140	-145.000	115.000	304.000	-362.000
1.150	-129.000	80.000	237.000	97.000
1.160	-108.000	43.000	161.000	395.000
1.170	-84.000	5.000	82.000	732.000
1.180	-56.000	-34.000	4.000	911.000
1.190	-26.000	-73.000	-76.000	1108.000
1.200	4.000	-110.000	-156.000	1458.000
1.210	36.000	-145.000	-234.000	1600.000
1.220	65.000	-176.000	-302.000	2051.000
1.230	94.000	-203.000	-370.000	2300.000
1.240	121.000	-225.000	-432.000	2516.000
1.250	145.000	-242.000	-477.000	2723.000
1.260	166.000	-254.000	-513.000	2830.000
1.270	184.000	-259.000	-541.000	2774.000
1.280	197.000	-260.000	-554.000	2745.000
1.290	206.000	-254.000	-555.000	2563.000
1.300	209.000	-242.000	-546.000	2444.000
1.310	209.000	-224.000	-522.000	1999.000
1.320	203.000	-202.000	-482.000	1627.000
1.330	190.000	-175.000	-431.000	1435.000
1.340	173.000	-143.000	-371.000	1066.000
1.350	152.000	-108.000	-301.000	596.000
1.360	127.000	-71.000	-218.000	102.000
1.370	99.000	-32.000	-132.000	-454.000
1.380	67.000	9.000	-43.000	-858.000
1.390	33.000	49.000	52.000	-1272.000
1.400	-2.000	89.000	146.000	-1700.000
1.410	-39.000	128.000	233.000	-1909.000
1.420	-76.000	165.000	318.000	-2052.000
1.430	-112.000	198.000	401.000	-2134.000
1.440	-145.000	227.000	475.000	-2280.000
1.450	-175.000	251.000	534.000	-2364.000
1.460	-199.000	269.000	582.000	-2639.000
1.470	-217.000	281.000	618.000	-2977.000
1.480	-230.000	287.000	640.000	-3170.000
1.490	-237.000	287.000	648.000	-3301.000
1.500	-239.000	280.000	642.000	-3217.000
1.510	-239.000	266.000	622.000	-2581.000
1.520	-231.000	246.000	586.000	-2184.000
1.530	-218.000	220.000	533.000	-1639.000
1.540	-199.000	189.000	470.000	-1119.000
1.550	-175.000	153.000	396.000	-553.000
1.560	-145.000	113.000	309.000	-134.000
1.570	-110.000	71.000	216.000	195.000
1.580	-72.000	28.000	118.000	581.000
1.590	-31.000	-17.000	17.000	896.000
1.600	11.000	-61.000	-81.000	1259.000
1.610	54.000	-102.000	-179.000	1529.000
1.620	96.000	-141.000	-273.000	1818.000
1.630	136.000	-177.000	-359.000	2100.000
1.640	173.000	-207.000	-441.000	2359.000
1.650	206.000	-232.000	-508.000	2588.000
1.660	234.000	-250.000	-560.000	2790.000
1.670	256.000	-263.000	-602.000	2983.000
1.680	272.000	-269.000	-629.000	3079.000
1.690	280.000	-270.000	-638.000	3257.000
1.700	282.000	-263.000	-635.000	3220.000
1.710	280.000	-250.000	-616.000	2746.000
1.720	269.000	-231.000	-579.000	2489.000
1.730	252.000	-206.000	-525.000	2072.000
1.740	229.000	-176.000	-460.000	1563.000
1.750	202.000	-142.000	-383.000	804.000
1.760	169.000	-104.000	-296.000	154.000
1.770	132.000	-62.000	-196.000	-543.000
1.780	90.000	-18.000	-93.000	-1048.000
1.790	44.000	27.000	13.000	-1382.000
1.800	-4.000	72.000	121.000	-1667.000
1.810	-54.000	116.000	224.000	-1761.000
1.820	-104.000	158.000	322.000	-1775.000
1.830	-151.000	196.000	420.000	-1917.000
1.840	-194.000	229.000	506.000	-2125.000
1.850	-231.000	257.000	578.000	-2477.000
1.860	-262.000	277.000	637.000	-2816.000
1.870	-287.000	291.000	681.000	-3029.000
1.880	-304.000	297.000	708.000	-3276.000
1.890	-315.000	297.000	717.000	-3241.000
1.900	-320.000	289.000	713.000	-2921.000
1.910	-320.000	272.000	691.000	-2221.000
1.920	-312.000	249.000	650.000	-1550.000
1.930	-295.000	219.000	593.000	-1032.000
1.940	-270.000	184.000	522.000	-566.000
1.950	-236.000	143.000	435.000	-326.000
1.960	-196.000	99.000	337.000	-13.000
1.970	-150.000	53.000	228.000	243.000
1.980	-100.000	5.000	113.000	552.000
1.990	-47.000	-42.000	-3.000	871.000
2.000	7.000	-88.000	-118.000	1270.000
2.010	62.000	-133.000	-235.000	1497.000
2.020	114.000	-173.000	-342.000	1880.000
2.030	163.000	-209.000	-444.000	2224.000
2.040	208.000	-240.000	-533.000	2496.000
2.050	247.000	-265.000	-606.000	2798.000
2.060	279.000	-285.000	-668.000	3111.000
2.070	304.000	-297.000	-714.000	3322.000
2.080	321.000	-304.000	-738.000	3478.000
2.090	331.000	-305.000	-745.000	3407.000
2.100	334.000	-298.000	-736.000	3110.000
2.110	332.000	-284.000	-706.000	2378.000
2.120	321.000	-262.000	-655.000	1766.000
2.130	302.000	-234.000	-590.000	1166.000
2.140	274.000	-198.000	-510.000	751.000
2.150	236.000	-157.000	-413.000	687.000
2.160	193.000	-111.000	-311.000	438.000
2.170	144.000	-60.000	-196.000	283.000
2.180	92.000	-7.000	-73.000	1.000
2.190	39.000	47.000	49.000	-461.000
2.200	-14.000	101.000	171.000	-1020.000
2.210	-65.000	154.000	289.000	-1725.000
2.220	-114.000	203.000	407.000	-2383.000
2.230	-160.000	248.000	516.000	-2957.000
2.240	-203.000	287.000	611.000	-3308.000
2.250	-240.000	320.000	690.000	-3683.000
2.260	-273.000	345.000	757.000	-3715.000
2.270	-298.000	362.000	803.000	-3822.000
2.280	-311.000	371.000	831.000	-4363.000
2.290	-311.000	372.000	842.000	-5309.000
2.300	-292.000	364.000	835.000	-7247.000
2.310	-259.000	349.000	808.000	-9409.000
2.320	-212.000	328.000	762.000	-11784.000
2.330	-153.000	303.000	698.000	-13107.000
2.340	-84.000	276.000	620.000	-13107.000
2.350	-8.000	249.000	527.000	-13107.000
2.360	72.000	222.000	422.000	-13107.000
2.370	155.000	197.000	308.000	-13107.000
2.380	238.000	175.000	189.000	-13107.000
2.390	318.000	156.000	71.000	-13107.000
2.400	393.000	139.000	-39.000	-13107.000
2.410	462.000	126.000	-141.000	-13107.000
2.420	520.000	115.000	-234.000	-13107.000
2.430	569.000	106.000	-307.000	-13107.000
2.440	606.000	99.000	-365.000	-11657.000
2.450	630.000	93.000	-406.000	-8606.000
2.460	640.000	88.000	-419.000	-5258.000
2.470	639.000	85.000	-416.000	-2097.000
2.480	622.000	83.000	-395.000	1434.000
2.490	592.000	83.000	-351.000	4879.000
2.500	550.000	87.000	-285.000	8127.000
2.510	498.000	95.000	-208.000	10991.000
2.520	436.000	107.000	-116.000	13107.000
2.530	367.000	124.000	-15.000	13107.000
2.540	293.000	145.000	93.000	13107.000
2.550	215.000	170.000	201.000	13107.000
2.560	138.000	199.000	306.000	13107.000
2.570	61.000	230.000	417.000	13107.000
2.580	-9.000	261.000	512.000	13107.000
2.590	-73.000	292.000	596.000	13107.000
2.600	-128.000	320.000	668.000	11679.000
2.610	-172.000	345.000	725.000	8257.000
2.620	-204.000	364.000	766.000	4304.000
2.630	-222.000	376.000	789.000	-187.000
2.640	-226.000	381.000	796.000	-5002.000
2.650	-216.000	381.000	789.000	-9978.000
2.660	-192.000	371.000	764.000	-13107.000
2.670	-154.000	354.000	723.000	-13107.000
2.680	-105.000	331.000	665.000	-13107.000
2.690	-47.000	305.000	597.000	-13107.000
2.700	19.000	277.000	515.000	-13107.000
2.710	89.000	247.000	423.000	-13107.000
2.720	162.000	218.000	324.000	-13107.000
2.730	236.000	191.000	220.000	-13107.000
2.740	307.000	166.000	116.000	-13107.000
2.750	374.000	145.000	17.000	-13107.000
2.760	434.000	128.000	-73.000	-13107.000
2.770	487.000	115.000	-159.000	-13107.000
2.780	529.000	106.000	-230.000	-13107.000
2.790	561.000	99.000	-284.000	-13107.000
2.800	581.000	96.000	-325.000	-13022.000
2.810	588.000	95.000	-348.000	-6954.000
2.820	585.000	95.000	-353.000	-954.000
2.830	568.000	95.000	-339.000	5345.000
2.840	540.000	99.000	-308.000	11432.000
2.850	501.000	104.000	-255.000	13107.000
2.860	453.000	110.000	-188.000	13107.000
2.870	397.000	119.000	-111.000	13107.000
2.880	335.000	129.000	-23.000	13107.000
2.890	269.000	142.000	74.000	13107.000
2.900	200.000	158.000	171.000	13107.000
2.910	130.000	176.000	265.000	13107.000
2.920	62.000	196.000	363.000	13107.000
2.930	-2.000	218.000	451.000	13107.000
2.940	-60.000	240.000	528.000	13107.000
2.950	-111.000	262.000	594.000	13107.000
2.960	-152.000	282.000	644.000	13107.000
2.970	-183.000	300.000	678.000	13107.000
2.980	-202.000	313.000	698.000	13107.000
2.990	-208.000	321.000	702.000	7046.000
3.000	-204.000	323.000	693.000	160.000
3.010	-185.000	320.000	668.000	-7286.000
3.020	-155.000	309.000	628.000	-13107.000
3.030	-114.000	292.000	574.000	-13107.000
3.040	-64.000	270.000	509.000	-13107.000
3.050	-7.000	243.000	435.000	-13107.000
3.060	55.000	214.000	352.000	-13107.000
3.070	119.000	184.000	264.000	-13107.000
3.080	184.000	155.000	174.000	-13107.000
3.090	248.000	127.000	83.000	-13107.000
3.100	308.000	102.000	-2.000	-13107.000
3.110	362.000	81.000	-82.000	-13107.000
3.120	408.000	65.000	-157.000	-13107.000
3.130	445.000	53.000	-220.000	-13107.000
3.140	473.000	46.000	-268.000	-13107.000
3.150	489.000	43.000	-307.000	-13107.000
3.160	495.000	43.000	-330.000	-13107.000
3.170	491.000	45.000	-336.000	-13107.000
3.180	474.000	51.000	-330.000	-5497.000
3.190	447.000	58.000	-306.000	2632.000
3.200	410.000	66.000	-265.000	10759.000
3.210	366.000	74.000	-208.000	13107.000
3.220	315.000	84.000	-140.000	13107.000
3.230	260.000	93.000	-65.000	13107.000
3.240	200.000	103.000	21.000	13107.000
3.250	139.000	114.000	109.000	13107.000
3.260	78.000	126.000	195.000	13107.000
3.270	18.000	139.000	279.000	13107.000
3.280	-38.000	153.000	362.000	13107.000
3.290	-89.000	168.000	432.000	13107.000
3.300	-133.000	183.000	491.000	13107.000
3.310	-169.000	198.000	541.000	13107.000
3.320	-197.000	213.000	571.000	13107.000
3.330	-213.000	224.000	587.000	13107.000
3.340	-219.000	233.000	591.000	13107.000
3.350	-216.000	238.000	581.000	13107.000
3.360	-201.000	238.000	557.000	11198.000
3.370	-175.000	234.000	518.000	2762.000
3.380	-139.000	224.000	466.000	-5881.000
3.390	-96.000	208.000	406.000	-13107.000
3.400	-46.000	187.000	337.000	-13107.000
3.410	9.000	163.000	262.000	-13107.000
3.420	67.000	136.000	185.000	-13107.000
3.430	126.000	108.000	104.000	-13107.000
3.440	182.000	81.000	28.000	-13107.000
3.450	236.000	56.000	-44.000	-13107.000
3.460	285.000	34.000	-113.000	-13107.000
3.470	327.000	15.000	-177.000	-13107.000
3.480	361.000	2.000	-229.000	-13107.000
3.490	385.000	-7.000	-269.000	-13107.000
3.500	400.000	-11.000	-302.000	-13107.000
3.510	404.000	-11.000	-321.000	-13107.000
3.520	400.000	-7.000	-324.000	-13107.000
3.530	384.000	0.000	-320.000	-13107.000
3.540	359.000	11.000	-300.000	-13107.000
3.550	326.000	22.000	-266.000	-7162.000
3.560	286.000	34.000	-215.000	1255.000
3.570	240.000	46.000	-157.000	9613.000
3.580	189.000	58.000	-92.000	13107.000
3.590	137.000	69.000	-16.000	13107.000
3.600	83.000	80.000	62.000	13107.000
3.610	29.000	90.000	140.000	13107.000
3.620	-22.000	100.000	215.000	13107.000
3.630	-70.000	110.000	288.000	13107.000
3.640	-113.000	120.000	357.000	13107.000
3.650	-150.000	130.000	408.000	13107.000
3.660	-180.000	141.000	450.000	13107.000
3.670	-201.000	151.000	484.000	13107.000
3.680	-214.000	160.000	499.000	13107.000
3.690	-217.000	168.000	501.000	13107.000
3.700	-213.000	173.000	493.000	13107.000
3.710	-197.000	176.000	471.000	13107.000
3.720	-173.000	176.000	434.000	13107.000
3.730	-141.000	171.000	385.000	13107.000
3.740	-101.000	161.000	330.000	5888.000
3.750	-56.000	148.000	269.000	-2328.000
3.760	-7.000	130.000	201.000	-10424.000
3.770	45.000	110.000	130.000	-13107.000
3.780	97.000	87.000	62.000	-13107.000
3.790	149.000	64.000	-3.000	-13107.000
3.800	197.000	42.000	-65.000	-13107.000
3.810	241.000	21.000	-124.000	-13107.000
3.820	280.000	3.000	-176.000	-13107.000
3.830	311.000	-11.000	-217.000	-13107.000
3.840	333.000	-21.000	-249.000	-13107.000
3.850	346.000	-26.000	-273.000	-13107.000
3.860	350.000	-26.000	-285.000	-13107.000
3.870	346.000	-23.000	-288.000	-13107.000
3.880	332.000	-15.000	-281.000	-13107.000
3.890	309.000	-3.000	-259.000	-13107.000
3.900	278.000	11.000	-226.000	-13107.000
3.910	242.000	26.000	-182.000	-13107.000
3.920	200.000	41.000	-131.000	-10852.000
3.930	155.000	55.000	-71.000	-3572.000
3.940	108.000	69.000	-5.000	3670.000
3.950	61.000	81.000	64.000	10624.000
3.960	15.000	92.000	133.000	13107.000
3.970	-29.000	102.000	200.000	13107.000
3.980	-70.000	111.000	265.000	13107.000
3.990	-105.000	118.000	325.000	13107.000
4.000	-134.000	125.000	373.000	13107.000
4.010	-157.000	132.000	410.000	13107.000
4.020	-173.000	139.000	439.000	13107.000
4.030	-180.000	145.000	455.000	13107.000
4.040	-181.000	150.000	457.000	13107.000
4.050	-172.000	154.000	449.000	13107.000
4.060	-155.000	157.000	429.000	13107.000
4.070	-131.000	157.000	394.000	13107.000
4.080	-100.000	157.000	349.000	13107.000
4.090	-64.000	152.000	299.000	13107.000
4.100	-23.000	143.000	242.000	13107.000
4.110	22.000	132.000	180.000	8448.000
4.120	68.000	118.000	117.000	2034.000
4.130	115.000	101.000	58.000	-4443.000
4.140	161.000	83.000	0.000	-10731.000
4.150	204.000	65.000	-53.000	-13107.000
4.160	243.000	48.000	-102.000	-13107.000
4.170	277.000	32.000	-144.000	-13107.000
4.180	303.000	19.000	-176.000	-13107.000
4.190	323.000	9.000	-199.000	-13107.000
4.200	334.000	3.000	-214.000	-13107.000
4.210	337.000	2.000	-219.000	-13107.000
4.220	333.000	4.000	-217.000	-13107.000
4.230	319.000	12.000	-206.000	-13107.000
4.240	297.000	23.000	-183.000	-13107.000
4.250	270.000	37.000	-151.000	-13107.000
4.260	236.000	53.000	-110.000	-13107.000
4.270	199.000	69.000	-62.000	-13107.000
4.280	158.000	86.000	-8.000	-13107.000
4.290	116.000	102.000	50.000	-13107.000
4.300	74.000	116.000	110.000	-9468.000
4.310	34.000	129.000	170.000	-4597.000
4.320	-3.000	139.000	227.000	173.000
4.330	-37.000	148.000	286.000	4863.000
4.340	-65.000	155.000	337.000	9112.000
4.350	-88.000	160.000	376.000	13064.000
4.360	-105.000	164.000	409.000	13107.000
4.370	-115.000	167.000	433.000	13107.000
4.380	-117.000	170.000	446.000	13107.000
4.390	-115.000	172.000	447.000	13107.000
4.400	-103.000	173.000	439.000	13107.000
4.410	-85.000	174.000	420.000	13107.000
4.420	-61.000	174.000	388.000	13107.000
4.430	-31.000	174.000	345.000	13107.000
4.440	2.000	170.000	299.000	13107.000
4.450	39.000	165.000	247.000	13107.000
4.460	79.000	158.000	190.000	13107.000
4.470	120.000	148.000	134.000	13107.000
4.480	160.000	136.000	80.000	10081.000
4.490	200.000	123.000	28.000	6348.000
4.500	237.000	109.000	-17.000	2576.000
4.510	269.000	95.000	-57.000	-1047.000
4.520	297.000	82.000	-91.000	-4686.000
4.530	319.000	70.000	-118.000	-8096.000
4.540	335.000	61.000	-133.000	-11282.000
4.550	343.000	54.000	-142.000	-13107.000
4.560	344.000	52.000	-143.000	-13107.000
4.570	338.000	52.000	-137.000	-13107.000
4.580	323.000	57.000	-122.000	-13107.000
4.590	303.000	66.000	-96.000	-13107.000
4.600	276.000	79.000	-63.000	-13107.000
4.610	245.000	93.000	-25.000	-13107.000
4.620	210.000	109.000	19.000	-13107.000
4.630	174.000	126.000	66.000	-13107.000
4.640	136.000	142.000	116.000	-13107.000
4.650	99.000	157.000	167.000	-13107.000
4.660	63.000	170.000	218.000	-13107.000
4.670	31.000	181.000	270.000	-13107.000
4.680	2.000	189.000	316.000	-11852.000
4.690	-21.000	195.000	355.000	-9982.000
4.700	-39.000	199.000	388.000	-7976.000
4.710	-51.000	201.000	415.000	-5942.000
4.720	-56.000	201.000	432.000	-3996.000
4.730	-57.000	201.000	440.000	-1795.000
4.740	-50.000	201.000	440.000	102.000
4.750	-37.000	199.000	430.000	1910.000
4.760	-19.000	196.000	411.000	3663.000
4.770	5.000	194.000	379.000	5136.000
4.780	32.000	191.000	340.000	6594.000
4.790	63.000	187.000	297.000	7770.000
4.800	96.000	182.000	249.000	8787.000
4.810	130.000	176.000	197.000	9624.000
4.820	165.000	169.000	146.000	10142.000
4.830	199.000	161.000	97.000	10465.000
4.840	232.000	151.000	52.000	10467.000
4.850	262.000	141.000	12.000	10285.000
4.860	288.000	129.000	-22.000	9932.000
4.870	310.000	119.000	-49.000	9318.000
4.880	326.000	109.000	-70.000	8623.000
4.890	336.000	100.000	-81.000	7785.000
4.900	340.000	94.000	-85.000	6776.000
4.910	339.000	90.000	-83.000	5486.000
4.920	329.000	89.000	-74.000	4432.000
4.930	314.000	90.000	-55.000	3129.000
4.940	293.000	97.000	-29.000	1795.000
4.950	267.000	106.000	2.000	395.000
4.960	238.000	117.000	38.000	-1194.000
4.970	206.000	131.000	77.000	-2817.000
4.980	172.000	145.000	118.000	-4454.000
4.990	138.000	160.000	161.000	-6187.000
5.000	104.000	174.000	205.000	-7844.000
5.010	73.000	186.000	248.000	-9630.000
5.020	45.000	196.000	287.000	-11359.000
5.030	21.000	204.000	323.000	-13003.000
5.040	1.000	209.000	354.000	-13107.000
5.050	-13.000	212.000	378.000	-13107.000
5.060	-21.000	212.000	396.000	-13107.000
5.070	-23.000	212.000	407.000	-13107.000
5.080	-22.000	209.000	409.000	-13107.000
5.090	-13.000	205.000	407.000	-13107.000
5.100	1.000	199.000	395.000	-13107.000
5.110	20.000	194.000	374.000	-13107.000
5.120	42.000	189.000	343.000	-13107.000
5.130	68.000	183.000	308.000	-13107.000
5.140	95.000	178.000	268.000	-13074.000
5.150	125.000	173.000	222.000	-11035.000
5.160	154.000	168.000	176.000	-8510.000
5.170	184.000	162.000	131.000	-5929.000
5.180	212.000	155.000	88.000	-3074.000
5.190	238.000	149.000	49.000	-130.000
5.200	261.000	141.000	14.000	2863.000
5.210	280.000	133.000	-14.000	5864.000
5.220	295.000	125.000	-35.000	8723.000
5.230	306.000	117.000	-50.000	11322.000
5.240	311.000	110.000	-58.000	13107.000
5.250	311.000	104.000	-58.000	13107.000
5.260	306.000	100.000	-53.000	13107.000
5.270	294.000	99.000	-41.000	13107.000
5.280	278.000	99.000	-20.000	13107.000
5.290	257.000	101.000	6.000	13107.000
5.300	232.000	108.000	37.000	13107.000
5.310	204.000	116.000	69.000	13107.000
5.320	175.000	127.000	106.000	13107.000
5.330	144.000	139.000	143.000	13107.000
5.340	114.000	151.000	179.000	13107.000
5.350	85.000	163.000	216.000	11788.000
5.360	58.000	174.000	249.000	8526.000
5.370	35.000	183.000	280.000	4783.000
5.380	15.000	191.000	308.000	875.000
5.390	0.000	196.000	329.000	-3278.000
5.400	-10.000	198.000	344.000	-7500.000
5.410	-15.000	198.000	355.000	-11643.000
5.420	-15.000	197.000	358.000	-13107.000
5.430	-10.000	192.000	358.000	-13107.000
5.440	1.000	186.000	351.000	-13107.000
5.450	16.000	179.000	337.000	-13107.000
5.460	35.000	172.000	314.000	-13107.000
5.470	56.000	165.000	286.000	-13107.000
5.480	80.000	158.000	253.000	-13107.000
5.490	105.000	151.000	216.000	-13107.000
5.500	131.000	146.000	177.000	-13107.000
5.510	156.000	140.000	137.000	-13107.000
5.520	181.000	135.000	98.000	-13107.000
5.530	204.000	130.000	62.000	-13107.000
5.540	224.000	126.000	29.000	-13107.000
5.550	241.000	121.000	1.000	-13107.000
5.560	255.000	116.000	-21.000	-10236.000
5.570	264.000	111.000	-37.000	-5422.000
5.580	269.000	106.000	-47.000	-487.000
5.590	270.000	102.000	-50.000	4433.000
5.600	267.000	98.000	-48.000	9218.000
5.610	258.000	95.000	-39.000	13107.000
5.620	245.000	94.000	-24.000	13107.000
5.630	228.000	94.000	-1.000	13107.000
5.640	208.000	94.000	26.000	13107.000
5.650	185.000	99.000	54.000	13107.000
5.660	160.000	105.000	86.000	13107.000
5.670	134.000	113.000	119.000	13107.000
5.680	108.000	122.000	151.000	13107.000
5.690	82.000	132.000	184.000	13107.000
5.700	58.000	142.000	213.000	13107.000
5.710	37.000	152.000	239.000	13107.000
5.720	18.000	160.000	263.000	13107.000
5.730	4.000	167.000	281.000	13107.000
5.740	-6.000	173.000	296.000	13107.000
5.750	-12.000	175.000	305.000	10584.000
5.760	-13.000	176.000	308.000	5154.000
5.770	-11.000	175.000	308.000	-304.000
5.780	-2.000	171.000	304.000	-6154.000
5.790	10.000	165.000	293.000	-11750.000
5.800	26.000	158.000	277.000	-13107.000
5.810	45.000	150.000	253.000	-13107.000
5.820	66.000	142.000	227.000	-13107.000
5.830	89.000	134.000	198.000	-13107.000
5.840	112.000	127.000	166.000	-13107.000
5.850	135.000	121.000	133.000	-13107.000
5.860	157.000	116.000	101.000	-13107.000
5.870	177.000	111.000	70.000	-13107.000
5.880	195.000	108.000	41.000	-13107.000
5.890	211.000	105.000	15.000	-13107.000
5.900	223.000	103.000	-5.000	-13107.000
5.910	232.000	101.000	-21.000	-13107.000
5.920	236.000	100.000	-32.000	-13107.000
5.930	237.000	98.000	-36.000	-13107.000
5.940	236.000	97.000	-36.000	-13107.000
5.950	229.000	96.000	-31.000	-8212.000
5.960	219.000	96.000	-19.000	-2455.000
5.970	205.000	96.000	0.000	3438.000
5.980	188.000	96.000	23.000	9229.000
5.990	170.000	97.000	48.000	13107.000
6.000	149.000	100.000	78.000	13107.000
6.010	128.000	104.000	108.000	13107.000
6.020	106.000	110.000	137.000	13107.000
6.030	85.000	117.000	167.000	13107.000
6.040	65.000	125.000	194.000	13107.000
6.050	47.000	133.000	217.000	13107.000
6.060	31.000	141.000	238.000	13107.000
6.070	18.000	149.000	255.000	13107.000
6.080	9.000	156.000	267.000	13107.000
6.090	4.000	161.000	275.000	13107.000
6.100	3.000	165.000	279.000	13107.000
6.110	4.000	166.000	279.000	13107.000
6.120	11.000	166.000	275.000	13107.000
6.130	22.000	165.000	266.000	12258.000
6.140	36.000	160.000	253.000	6561.000
6.150	53.000	154.000	236.000	651.000
6.160	72.000	147.000	214.000	-5261.000
6.170	92.000	140.000	191.000	-10979.000
6.180	113.000	132.000	166.000	-13107.000
6.190	134.000	125.000	140.000	-13107.000
6.200	154.000	119.000	114.000	-13107.000
6.210	173.000	114.000	89.000	-13107.000
6.220	189.000	111.000	66.000	-13107.000
6.230	204.000	108.000	45.000	-13107.000
6.240	215.000	107.000	27.000	-13107.000
6.250	223.000	107.000	13.000	-13107.000
6.260	227.000	107.000	5.000	-13107.000
6.270	228.000	108.000	0.000	-13107.000
6.280	228.000	109.000	0.000	-13107.000
6.290	222.000	111.000	3.000	-13107.000
6.300	213.000	113.000	12.000	-13107.000
6.310	202.000	115.000	26.000	-13107.000
6.320	188.000	117.000	46.000	-13107.000
6.330	173.000	119.000	69.000	-10713.000
6.340	156.000	121.000	95.000	-5345.000
6.350	139.000	124.000	121.000	-19.000
6.360	121.000	127.000	148.000	5327.000
6.370	104.000	132.000	175.000	10371.000
6.380	88.000	136.000	199.000	13107.000
6.390	74.000	142.000	221.000	13107.000
6.400	61.000	148.000	240.000	13107.000
6.410	51.000	155.000	256.000	13107.000
6.420	44.000	161.000	266.000	13107.000
6.430	40.000	167.000	273.000	13107.000
6.440	39.000	172.000	276.000	13107.000
6.450	40.000	175.000	276.000	13107.000
6.460	46.000	178.000	272.000	13107.000
6.470	55.000	178.000	264.000	13107.000
6.480	68.000	178.000	252.000	13107.000
6.490	82.000	175.000	237.000	13107.000
6.500	99.000	171.000	218.000	13107.000
6.510	117.000	165.000	199.000	12618.000
6.520	136.000	159.000	179.000	7939.000
6.530	154.000	152.000	158.000	3200.000
6.540	172.000	146.000	138.000	-1686.000
6.550	189.000	140.000	118.000	-6529.000
6.560	204.000	135.000	101.000	-11152.000
6.570	217.000	132.000	85.000	-13107.000
6.580	227.000	130.000	72.000	-13107.000
6.590	233.000	130.000	61.000	-13107.000
6.600	237.000	130.000	54.000	-13107.000
6.610	238.000	131.000	51.000	-13107.000
6.620	237.000	134.000	51.000	-13107.000
6.630	231.000	138.000	53.000	-13107.000
6.640	223.000	142.000	60.000	-13107.000
6.650	212.000	146.000	72.000	-13107.000
6.660	200.000	149.000	88.000	-13107.000
6.670	186.000	152.000	107.000	-13107.000
6.680	172.000	155.000	128.000	-13107.000
6.690	157.000	157.000	151.000	-13107.000
6.700	142.000	159.000	174.000	-13107.000
6.710	128.000	161.000	197.000	-13107.000
6.720	115.000	164.000	218.000	-10809.000
6.730	104.000	166.000	237.000	-6845.000
6.740	94.000	169.000	254.000	-2714.000
6.750	87.000	172.000	266.000	1269.000
6.760	81.000	176.000	275.000	5286.000
6.770	79.000	180.000	281.000	8884.000
6.780	79.000	184.000	282.000	12255.000
6.790	80.000	187.000	282.000	13107.000
6.800	86.000	190.000	277.000	13107.000
6.810	94.000	192.000	268.000	13107.000
6.820	105.000	192.000	256.000	13107.000
6.830	117.000	192.000	241.000	13107.000
6.840	131.000	191.000	224.000	13107.000
6.850	146.000	188.000	206.000	13107.000
6.860	161.000	183.000	188.000	13107.000
6.870	177.000	178.000	171.000	13107.000
6.880	192.000	171.000	154.000	13107.000
6.890	206.000	166.000	138.000	13107.000
6.900	218.000	160.000	125.000	12212.000
6.910	228.000	155.000	113.000	9226.000
6.920	236.000	152.000	104.000	5980.000
6.930	240.000	150.000	97.000	2762.000
6.940	242.000	149.000	93.000	-633.000
6.950	242.000	149.000	92.000	-4112.000
6.960	239.000	151.000	92.000	-7462.000
6.970	233.000	154.000	95.000	-10605.000
6.980	224.000	158.000	101.000	-13107.000
6.990	214.000	163.000	110.000	-13107.000
7.000	202.000	167.000	123.000	-13107.000
7.010	189.000	171.000	138.000	-13107.000
7.020	176.000	174.000	154.000	-13107.000
7.030	162.000	177.000	172.000	-13107.000
7.040	150.000	179.000	190.000	-13107.000
7.050	138.000	180.000	208.000	-13107.000
7.060	127.000	180.000	225.000	-13107.000
7.070	118.000	181.000	240.000	-13107.000
7.080	111.000	181.000	253.000	-13107.000
7.090	105.000	181.000	263.000	-13107.000
7.100	102.000	181.000	269.000	-13107.000
7.110	101.000	182.000	272.000	-13107.000
7.120	101.000	183.000	273.000	-13053.000
7.130	103.000	184.000	271.000	-9939.000
7.140	109.000	186.000	265.000	-6893.000
7.150	116.000	187.000	256.000	-3613.000
7.160	125.000	188.000	244.000	-339.000
7.170	135.000	188.000	228.000	2942.000
7.180	146.000	188.000	212.000	6111.000
7.190	158.000	187.000	196.000	9053.000
7.200	170.000	185.000	179.000	11780.000
7.210	182.000	181.000	164.000	13107.000
7.220	193.000	176.000	149.000	13107.000
7.230	204.000	171.000	136.000	13107.000
7.240	212.000	166.000	126.000	13107.000
7.250	219.000	161.000	118.000	13107.000
7.260	224.000	156.000	111.000	13107.000
7.270	227.000	153.000	108.000	13107.000
7.280	227.000	150.000	107.000	13107.000
7.290	227.000	149.000	107.000	13107.000
7.300	222.000	149.000	108.000	13107.000
7.310	215.000	149.000	112.000	13107.000
7.320	206.000	152.000	118.000	12141.000
7.330	196.000	156.000	127.000	9366.000
7.340	185.000	160.000	137.000	6282.000
7.350	173.000	164.000	149.000	3005.000
7.360	161.000	168.000	161.000	-467.000
7.370	149.000	172.000	175.000	-3997.000
7.380	138.000	174.000	187.000	-7576.000
7.390	128.000	176.000	200.000	-11066.000
7.400	119.000	176.000	213.000	-13107.000
7.410	113.000	176.000	223.000	-13107.000
7.420	107.000	176.000	231.000	-13107.000
7.430	104.000	176.000	238.000	-13107.000
7.440	103.000	175.000	243.000	-13107.000
7.450	103.000	173.000	244.000	-13107.000
7.460	105.000	172.000	244.000	-13107.000
7.470	109.000	171.000	242.000	-13107.000
7.480	115.000	170.000	236.000	-13107.000
7.490	122.000	170.000	227.000	-13107.000
7.500	130.000	170.000	216.000	-13107.000
7.510	139.000	170.000	203.000	-13107.000
7.520	148.000	170.000	188.000	-13107.000
7.530	157.000	170.000	174.000	-13107.000
7.540	166.000	170.000	160.000	-11432.000
7.550	175.000	168.000	146.000	-7676.000
7.560	183.000	166.000	135.000	-3701.000
7.570	190.000	163.000	125.000	359.000
7.580	196.000	160.000	117.000	4377.000
7.590	201.000	156.000	112.000	8236.000
7.600	203.000	153.000	109.000	12061.000
7.610	204.000	149.000	108.000	13107.000
7.620	204.000	146.000	108.000	13107.000
7.630	202.000	144.000	109.000	13107.000
7.640	197.000	143.000	114.000	13107.000
7.650	191.000	143.000	120.000	13107.000
7.660	183.000	143.000	127.000	13107.000
7.670	174.000	145.000	136.000	13107.000
7.680	165.000	148.000	145.000	13107.000
7.690	155.000	152.000	155.000	13107.000
7.700	145.000	156.000	165.000	13107.000
7.710	136.000	160.000	175.000	13107.000
7.720	127.000	164.000	184.000	13107.000
7.730	119.000	167.000	193.000	12989.000
7.740	113.000	169.000	201.000	8963.000
7.750	109.000	170.000	207.000	4580.000
7.760	106.000	170.000	213.000	91.000
7.770	105.000	170.000	216.000	-4512.000
7.780	105.000	170.000	218.000	-8986.000
7.790	107.000	168.000	218.000	-13107.000
7.800	111.000	165.000	218.000	-13107.000
7.810	117.000	163.000	216.000	-13107.000
7.820	123.000	161.000	211.000	-13107.000
7.830	130.000	160.000	204.000	-13107.000
7.840	138.000	159.000	195.000	-13107.000
7.850	146.000	159.000	184.000	-13107.000
7.860	154.000	159.000	174.000	-13107.000
7.870	161.000	159.000	163.000	-13107.000
7.880	169.000	159.000	151.000	-13107.000
7.890	175.000	159.000	141.000	-13107.000
7.900	180.000	159.000	133.000	-13107.000
7.910	185.000	159.000	125.000	-13107.000
7.920	188.000	159.000	120.000	-13107.000
7.930	190.000	159.000	117.000	-13107.000
7.940	191.000	157.000	117.000	-10850.000
7.950	191.000	155.000	117.000	-6347.000
7.960	190.000	153.000	118.000	-1741.000
7.970	187.000	151.000	122.000	2978.000
7.980	182.000	149.000	128.000	7681.000
7.990	177.000	148.000	136.000	12018.000
8.000	170.000	148.000	144.000	13107.000
8.010	163.000	148.000	153.000	13107.000
8.020	156.000	149.000	162.000	13107.000
8.030	148.000	152.000	171.000	13107.000
8.040	141.000	155.000	178.000	13107.000
8.050	134.000	159.000	185.000	13107.000
8.060	128.000	163.000	192.000	13107.000
8.070	123.000	166.000	197.000	13107.000
8.080	119.000	169.000	201.000	13107.000
8.090	117.000	172.000	204.000	13107.000
8.100	116.000	173.000	206.000	13107.000
8.110	116.000	173.000	206.000	13107.000
8.120	118.000	173.000	206.000	13107.000
8.130	122.000	173.000	206.000	9954.000
8.140	127.000	171.000	205.000	5319.000
8.150	133.000	168.000	201.000	516.000
8.160	139.000	166.000	197.000	-4241.000
8.170	146.000	163.000	191.000	-8990.000
8.180	153.000	161.000	185.000	-13107.000
8.190	160.000	160.000	177.000	-13107.000
8.200	167.000	159.000	169.000	-13107.000
8.210	173.000	159.000	162.000	-13107.000
8.220	177.000	159.000	154.000	-13107.000
8.230	181.000	159.000	147.000	-13107.000
8.240	184.000	160.000	142.000	-13107.000
8.250	186.000	161.000	137.000	-13107.000
8.260	187.000	163.000	134.000	-13107.000
8.270	187.000	163.000	133.000	-13107.000
8.280	187.000	163.000	133.000	-13107.000
8.290	185.000	163.000	133.000	-13107.000
8.300	182.000	163.000	137.000	-13107.000
8.310	178.000	163.000	141.000	-13107.000
8.320	173.000	162.000	147.000	-13107.000
8.330	168.000	160.000	155.000	-11847.000
8.340	163.000	160.000	163.000	-7478.000
8.350	158.000	159.000	171.000	-2995.000
8.360	152.000	159.000	178.000	1627.000
8.370	147.000	159.000	185.000	6039.000
8.380	142.000	159.000	191.000	10286.000
8.390	138.000	162.000	196.000	13107.000
8.400	134.000	164.000	199.000	13107.000
8.410	131.000	167.000	202.000	13107.000
8.420	130.000	170.000	203.000	13107.000
8.430	129.000	172.000	203.000	13107.000
8.440	129.000	174.000	203.000	13107.000
8.450	130.000	175.000	202.000	13107.000
8.460	133.000	175.000	200.000	13107.000
8.470	137.000	175.000	197.000	13107.000
8.480	142.000	175.000	193.000	13107.000
8.490	148.000	173.000	189.000	13107.000
8.500	153.000	171.000	184.000	13107.000
8.510	159.000	168.000	180.000	13107.000
8.520	165.000	165.000	175.000	10718.000
8.530	170.000	163.000	170.000	6774.000
8.540	175.000	161.000	165.000	2581.000
8.550	178.000	160.000	161.000	-1533.000
8.560	181.000	160.000	156.000	-5742.000
8.570	183.000	160.000	153.000	-9817.000
8.580	184.000	160.000	150.000	-13107.000
8.590	184.000	160.000	148.000	-13107.000
8.600	184.000	162.000	148.000	-13107.000
8.610	182.000	164.000	148.000	-13107.000
8.620	179.000	165.000	148.000	-13107.000
8.630	175.000	166.000	149.000	-13107.000
8.640	171.000	167.000	152.000	-13107.000
8.650	167.000	167.000	156.000	-13107.000
8.660	162.000	167.000	161.000	-13107.000
8.670	158.000	167.000	167.000	-13107.000
8.680	154.000	166.000	173.000	-13107.000
8.690	150.000	165.000	179.000	-13107.000
8.700	147.000	164.000	184.000	-13107.000
8.710	144.000	163.000	190.000	-13107.000
8.720	141.000	163.000	193.000	-13107.000
8.730	139.000	163.000	196.000	-10876.000
8.740	138.000	163.000	198.000	-7008.000
8.750	138.000	164.000	198.000	-3052.000
8.760	138.000	165.000	198.000	1017.000
8.770	138.000	167.000	198.000	5082.000
8.780	139.000	169.000	195.000	8914.000
8.790	142.000	170.000	192.000	12312.000
8.800	145.000	172.000	188.000	13107.000
8.810	149.000	172.000	184.000	13107.000
8.820	153.000	172.000	179.000	13107.000
8.830	157.000	172.000	175.000	13107.000
8.840	161.000	171.000	172.000	13107.000
8.850	165.000	169.000	168.000	13107.000
8.860	169.000	167.000	165.000	13107.000
8.870	172.000	164.000	162.000	13107.000
8.880	175.000	162.000	160.000	13107.000
8.890	177.000	160.000	158.000	13107.000
8.900	178.000	159.000	157.000	13107.000
8.910	178.000	159.000	157.000	13107.000
8.920	178.000	159.000	157.000	11506.000
8.930	177.000	159.000	157.000	8004.000
8.940	174.000	159.000	157.000	4421.000
8.950	171.000	161.000	157.000	592.000
8.960	167.000	163.000	159.000	-3244.000
8.970	163.000	164.000	161.000	-7105.000
8.980	159.000	166.000	164.000	-10873.000
8.990	155.000	167.000	167.000	-13107.000
9.000	150.000	167.000	171.000	-13107.000
9.010	146.000	168.000	174.000	-13107.000
9.020	141.000	168.000	178.000	-13107.000
9.030	135.000	167.000	181.000	-13107.000
9.040	130.000	165.000	184.000	-13107.000
9.050	124.000	163.000	187.000	-13107.000
9.060	118.000	160.000	189.000	-13107.000
9.070	111.000	156.000	189.000	-13107.000
9.080	105.000	153.000	189.000	-13107.000
9.090	99.000	149.000	189.000	-13107.000
9.100	94.000	144.000	187.000	-13107.000
9.110	89.000	140.000	183.000	-13107.000
9.120	84.000	135.000	177.000	-12270.000
9.130	80.000	129.000	170.000	-8543.000
9.140	77.000	123.000	161.000	-4643.000
9.150	74.000	117.000	150.000	-537.000
9.160	72.000	110.000	140.000	3545.000
9.170	71.000	103.000	128.000	7512.000
9.180	70.000	95.000	115.000	11389.000
9.190	70.000	87.000	102.000	13107.000
9.200	70.000	79.000	89.000	13107.000
9.210	70.000	70.000	77.000	13107.000
9.220	70.000	62.000	64.000	13107.000
9.230	70.000	55.000	52.000	13107.000
9.240	70.000	47.000	41.000	13107.000
9.250	70.000	40.000	30.000	13107.000
9.260	69.000	35.000	20.000	13107.000
9.270	67.000	29.000	13.000	13107.000
9.280	64.000	25.000	6.000	13107.000
9.290	60.000	21.000	0.000	13107.000
9.300	56.000	18.000	-4.000	13107.000
9.310	51.000	15.000	-7.000	13107.000
9.320	46.000	13.000	-8.000	13107.000
9.330	40.000	11.000	-8.000	13107.000
9.340	33.000	9.000	-8.000	9565.000
9.350	26.000	8.000	-7.000	5750.000
9.360	20.000	7.000	-4.000	1710.000
9.370	13.000	6.000	-1.000	-2186.000
9.380	6.000	5.000	4.000	-5970.000
9.390	0.000	4.000	9.000	-9649.000
9.400	-6.000	4.000	14.000	-12987.000
9.410	-11.000	4.000	19.000	-13107.000
9.420	-15.000	4.000	24.000	-13107.000
9.430	-19.000	4.000	28.000	-13107.000
9.440	-22.000	4.000	31.000	-13107.000
9.450	-23.000	4.000	34.000	-13107.000
9.460	-24.000	4.000	35.000	-13107.000
9.470	-24.000	5.000	36.000	-13107.000
9.480	-24.000	7.000	36.000	-13107.000
9.490	-21.000	8.000	36.000	-13107.000
9.500	-17.000	9.000	34.000	-13107.000
9.510	-13.000	10.000	32.000	-13107.000
9.520	-8.000	11.000	29.000	-13107.000
9.530	-3.000	12.000	26.000	-10322.000
9.540	3.000	13.000	23.000	-6790.000
9.550	9.000	13.000	19.000	-3026.000
9.560	15.000	13.000	16.000	851.000
9.570	20.000	14.000	14.000	4843.000
9.580	25.000	14.000	11.000	8699.000
9.590	30.000	15.000	10.000	12317.000
9.600	34.000	15.000	9.000	13107.000
9.610	37.000	17.000	9.000	13107.000
9.620	40.000	18.000	9.000	13107.000
9.630	41.000	20.000	9.000	13107.000
9.640	42.000	22.000	11.000	13107.000
9.650	42.000	25.000	14.000	13107.000
9.660	42.000	27.000	17.000	13107.000
9.670	41.000	30.000	22.000	13107.000
9.680	39.000	33.000	27.000	13107.000
9.690	38.000	37.000	33.000	13107.000
9.700	36.000	40.000	40.000	13107.000
9.710	34.000	43.000	47.000	13107.000
9.720	33.000	46.000	54.000	13107.000
9.730	32.000	49.000	61.000	11098.000
9.740	32.000	51.000	68.000	6995.000
9.750	32.000	54.000	74.000	2746.000
9.760	32.000	57.000	80.000	-1549.000
9.770	32.000	60.000	84.000	-5790.000
9.780	32.000	62.000	88.000	-9876.000
9.790	32.000	65.000	91.000	-13107.000
9.800	32.000	68.000	93.000	-13107.000
9.810	33.000	70.000	94.000	-13107.000
9.820	34.000	72.000	95.000	-13107.000
9.830	37.000	73.000	95.000	-13107.000
9.840	39.000	74.000	95.000	-13107.000
9.850	43.000	75.000	95.000	-13107.000
9.860	46.000	75.000	93.000	-13107.000
9.870	50.000	75.000	91.000	-13107.000
9.880	54.000	75.000	89.000	-13107.000
9.890	58.000	74.000	86.000	-13107.000
9.900	62.000	73.000	84.000	-13107.000
9.910	66.000	72.000	81.000	-13107.000
9.920	70.000	71.000	78.000	-13107.000
9.930	73.000	70.000	75.000	-13107.000
9.940	75.000	70.000	72.000	-9097.000
9.950	77.000	70.000	70.000	-4872.000
9.960	78.000	70.000	68.000	-492.000
9.970	79.000	70.000	67.000	3807.000
9.980	79.000	70.000	66.000	8047.000
9.990	79.000	70.000	66.000	11998.000
10.000	79.000	71.000	66.000	13107.000
10.010	78.000	72.000	66.000	13107.000
10.020	76.000	73.000	67.000	13107.000
10.030	74.000	73.000	69.000	13107.000
10.040	71.000	74.000	72.000	13107.000
10.050	69.000	74.000	76.000	13107.000
10.060	67.000	74.000	79.000	13107.000
10.070	64.000	74.000	83.000	13107.000
10.080	63.000	74.000	87.000	13107.000
10.090	61.000	74.000	90.000	13107.000
10.100	59.000	74.000	93.000	13107.000
10.110	58.000	75.000	95.000	13107.000
10.120	58.000	76.000	97.000	13107.000
10.130	58.000	77.000	98.000	10365.000
10.140	58.000	78.000	99.000	6272.000
10.150	58.000	79.000	99.000	2033.000
10.160	59.000	81.000	99.000	-2369.000
10.170	61.000	82.000	99.000	-6812.000
10.180	63.000	83.000	98.000	-11064.000
10.190	65.000	84.000	97.000	-13107.000
10.200	68.000	85.000	95.000	-13107.000
10.210	71.000	85.000	93.000	-13107.000
10.220	74.000	85.000	91.000	-13107.000
10.230	77.000	85.000	90.000	-13107.000
10.240	80.000	85.000	88.000	-13107.000
10.250	82.000	85.000	87.000	-13107.000
10.260	84.000	85.000	87.000	-13107.000
10.270	86.000	84.000	86.000	-13107.000
10.280	87.000	84.000	86.000	-13107.000
10.290	87.000	83.000	86.000	-13107.000
10.300	87.000	83.000	86.000	-13107.000
10.310	87.000	83.000	86.000	-13107.000
10.320	87.000	83.000	86.000	-13107.000
10.330	86.000	84.000	86.000	-12164.000
10.340	85.000	85.000	87.000	-8004.000
10.350	83.000	86.000	89.000	-3589.000
10.360	81.000	87.000	90.000	845.000
10.370	79.000	88.000	92.000	5205.000
10.380	77.000	89.000	94.000	9395.000
10.390	75.000	89.000	96.000	13107.000
10.400	74.000	89.000	98.000	13107.000
10.410	73.000	89.000	100.000	13107.000
10.420	72.000	89.000	102.000	13107.000
10.430	72.000	89.000	103.000	13107.000
10.440	72.000	89.000	104.000	13107.000
10.450	72.000	89.000	105.000	13107.000
10.460	72.000	89.000	105.000	13107.000
10.470	72.000	89.000	105.000	13107.000
10.480	74.000	89.000	105.000	13107.000
10.490	75.000	89.000	105.000	13107.000
10.500	77.000	89.000	104.000	13107.000
10.510	78.000	89.000	102.000	13107.000
10.520	80.000	90.000	101.000	12909.000
10.530	82.000	91.000	99.000	9028.000
10.540	83.000	91.000	97.000	5019.000
10.550	84.000	92.000	95.000	839.000
10.560	85.000	92.000	94.000	-3407.000
10.570	86.000	92.000	93.000	-7614.000
10.580	87.000	92.000	92.000	-11678.000
10.590	87.000	92.000	92.000	-13107.000
10.600	87.000	91.000	92.000	-13107.000
10.610	87.000	90.000	92.000	-13107.000
10.620	87.000	89.000	92.000	-13107.000
10.630	87.000	88.000	92.000	-13107.000
10.640	86.000	87.000	92.000	-13107.000
10.650	84.000	87.000	93.000	-13107.000
10.660	82.000	87.000	94.000	-13107.000
10.670	81.000	87.000	95.000	-13107.000
10.680	79.000	87.000	96.000	-13107.000
10.690	77.000	87.000	96.000	-13107.000
10.700	75.000	87.000	97.000	-13107.000
10.710	74.000	87.000	97.000	-13107.000
10.720	73.000	87.000	98.000	-13107.000
10.730	72.000	88.000	98.000	-11040.000
10.740	72.000	88.000	98.000	-7133.000
10.750	72.000	88.000	98.000	-3037.000
10.760	72.000	88.000	98.000	1141.000
10.770	72.000	88.000	98.000	5290.000
10.780	72.000	88.000	98.000	9304.000
10.790	73.000	87.000	98.000	12964.000
10.800	74.000	86.000	97.000	13107.000
10.810	76.000	86.000	97.000	13107.000
10.820	77.000	85.000	96.000	13107.000
10.830	78.000	85.000	95.000	13107.000
10.840	80.000	85.000	94.000	13107.000
10.850	80.000	85.000	93.000	13107.000
10.860	81.000	85.000	92.000	13107.000
10.870	82.000	85.000	91.000	13107.000
10.880	82.000	85.000	90.000	13107.000
10.890	82.000	85.000	89.000	13107.000
10.900	82.000	85.000	89.000	13107.000
10.910	82.000	86.000	89.000	13107.000
10.920	82.000	86.000	89.000	13107.000
10.930	82.000	86.000	89.000	9563.000
10.940	81.000	86.000	89.000	5684.000
10.950	80.000	86.000	89.000	1616.000
10.960	79.000	86.000	91.000	-2533.000
10.970	78.000	86.000	92.000	-6653.000
10.980	77.000	86.000	93.000	-10639.000
10.990	76.000	85.000	94.000	-13107.000
11.000	75.000	85.000	95.000	-13107.000
11.010	75.000	85.000	96.000	-13107.000
11.020	74.000	85.000	97.000	-13107.000
11.030	74.000	85.000	97.000	-13107.000
11.040	74.000	85.000	98.000	-13107.000
11.050	74.000	86.000	98.000	-13107.000
11.060	74.000	87.000	98.000	-13107.000
11.070	74.000	87.000	98.000	-13107.000
11.080	74.000	88.000	98.000	-13107.000
11.090	75.000	89.000	98.000	-13107.000
11.100	76.000	89.000	97.000	-13107.000
11.110	77.000	89.000	97.000	-13107.000
11.120	79.000	89.000	96.000	-13107.000
11.130	80.000	89.000	96.000	-12011.000
11.140	81.000	89.000	96.000	-8035.000
11.150	82.000	89.000	95.000	-3892.000
11.160	83.000	89.000	95.000	314.000
11.170	84.000	89.000	95.000	4479.000
11.180	84.000	89.000	95.000	8616.000
11.190	84.000	88.000	95.000	12487.000
11.200	84.000	88.000	95.000	13107.000
11.210	84.000	88.000	95.000	13107.000
11.220	84.000	88.000	95.000	13107.000
11.230	84.000	88.000	95.000	13107.000
11.240	83.000	89.000	95.000	13107.000
11.250	82.000	89.000	95.000	13107.000
11.260	81.000	90.000	95.000	13107.000
11.270	80.000	90.000	95.000	13107.000
11.280	79.000	90.000	96.000	13107.000
11.290	78.000	90.000	96.000	13107.000
11.300	78.000	90.000	97.000	13107.000
11.310	77.000	90.000	97.000	13107.000
11.320	77.000	90.000	98.000	13107.000
11.330	77.000	90.000	98.000	9963.000
11.340	77.000	89.000	98.000	5916.000
11.350	77.000	89.000	98.000	1712.000
11.360	77.000	88.000	98.000	-2548.000
11.370	77.000	88.000	98.000	-6759.000
11.380	77.000	88.000	98.000	-10821.000
11.390	78.000	88.000	98.000	-13107.000
11.400	78.000	88.000	98.000	-13107.000
11.410	79.000	88.000	97.000	-13107.000
11.420	79.000	88.000	96.000	-13107.000
11.430	80.000	88.000	95.000	-13107.000
11.440	80.000	88.000	94.000	-13107.000
11.450	80.000	88.000	94.000	-13107.000
11.460	81.000	88.000	93.000	-13107.000
11.470	81.000	88.000	93.000	-13107.000
11.480	81.000	88.000	93.000	-13107.000
11.490	81.000	88.000	93.000	-13107.000
11.500	81.000	88.000	93.000	-13107.000
11.510	81.000	87.000	93.000	-13107.000
11.520	81.000	87.000	93.000	-13107.000
11.530	81.000	86.000	93.000	-11693.000
11.540	80.000	86.000	93.000	-7557.000
11.550	80.000	86.000	93.000	-3395.000
11.560	79.000	86.000	94.000	948.000
11.570	78.000	86.000	94.000	5231.000
11.580	77.000	86.000	94.000	9354.000
11.590	77.000	86.000	94.000	13104.000
11.600	76.000	86.000	94.000	13107.000
11.610	76.000	86.000	94.000	13107.000
11.620	76.000	87.000	94.000	13107.000
11.630	76.000	87.000	94.000	13107.000
11.640	76.000	87.000	94.000	13107.000
11.650	76.000	87.000	94.000	13107.000
11.660	76.000	87.000	94.000	13107.000
11.670	76.000	87.000	94.000	13107.000
11.680	77.000	87.000	94.000	13107.000
11.690	77.000	87.000	94.000	13107.000
11.700	78.000	87.000	94.000	13107.000
11.710	79.000	87.000	94.000	13107.000
11.720	79.000	87.000	94.000	13107.000
11.730	80.000	87.000	94.000	9545.000
11.740	80.000	87.000	94.000	5579.000
11.750	80.000	87.000	94.000	1436.000
11.760	80.000	87.000	94.000	-2776.000
11.770	80.000	87.000	94.000	-6951.000
11.780	80.000	87.000	94.000	-10986.000
11.790	80.000	88.000	94.000	-13107.000
11.800	80.000	88.000	94.000	-13107.000
11.810	80.000	88.000	94.000	-13107.000
11.820	80.000	88.000	94.000	-13107.000
11.830	80.000	88.000	94.000	-13107.000
11.840	80.000	88.000	94.000	-13107.000
11.850	80.000	88.000	95.000	-13107.000
11.860	79.000	88.000	95.000	-13107.000
11.870	79.000	88.000	96.000	-13107.000
11.880	79.000	88.000	96.000	-13107.000
11.890	79.000	88.000	97.000	-13107.000
11.900	79.000	88.000	97.000	-13107.000
11.910	79.000	88.000	97.000	-13107.000
11.920	79.000	88.000	97.000	-13107.000
11.930	79.000	88.000	97.000	-11594.000
11.940	79.000	88.000	97.000	-7583.000
11.950	79.000	88.000	97.000	-3408.000
11.960	79.000	88.000	97.000	830.000
11.970	79.000	89.000	97.000	5025.000
11.980	79.000	89.000	97.000	9075.000
11.990	79.000	89.000	96.000	12879.000
12.000	79.000	89.000	96.000	13107.000
12.010	80.000	89.000	96.000	0.000
12.020	80.000	89.000	96.000	0.000
12.030	80.000	89.000	96.000	0.000
12.040	81.000	89.000	96.000	0.000
12.050	81.000	89.000	96.000	0.000
12.060	81.000	88.000	96.000	0.000
12.070	81.000	88.000	96.000	0.000
12.080	81.000	88.000	96.000	0.000
12.090	81.000	88.000	96.000	0.000
12.100	81.000	88.000	96.000	0.000
12.110	81.000	88.000	96.000	0.000
12.120	80.000	88.000	96.000	0.000
12.130	79.000	88.000	96.000	0.000
12.140	79.000	88.000	96.000	0.000
12.150	78.000	88.000	96.000	0.000
12.160	78.000	88.000	96.000	0.000
12.170	78.000	88.000	96.000	0.000
12.180	78.000	88.000	96.000	0.000
12.190	78.000	88.000	96.000	0.000
12.200	78.000	88.000	96.000	0.000
12.210	78.000	88.000	96.000	0.000
12.220	78.000	88.000	96.000	0.000
12.230	78.000	87.000	96.000	0.000
12.240	78.000	87.000	96.000	0.000
12.250	78.000	87.000	96.000	0.000
12.260	78.000	87.000	96.000	0.000
12.270	78.000	87.000	96.000	0.000
12.280	78.000	87.000	96.000	0.000
12.290	79.000	87.000	95.000	0.000
12.300	79.000	87.000	95.000	0.000
12.310	79.000	87.000	95.000	0.000
12.320	79.000	87.000	95.000	0.000
12.330	79.000	87.000	95.000	0.000
12.340	79.000	87.000	95.000	0.000
12.350	79.000	87.000	95.000	0.000
12.360	79.000	87.000	95.000	0.000
12.370	79.000	87.000	95.000	0.000
12.380	79.000	87.000	95.000	0.000
12.390	79.000	87.000	95.000	0.000
12.400	79.000	87.000	95.000	0.000
12.410	79.000	87.000	95.000	0.000
12.420	79.000	87.000	95.000	0.000
12.430	79.000	87.000	95.000	0.000
12.440	79.000	87.000	95.000	0.000
12.450	79.000	87.000	95.000	0.000
12.460	79.000	87.000	95.000	0.000
12.470	79.000	87.000	95.000	0.000
12.480	79.000	87.000	95.000	0.000
12.490	79.000	87.000	95.000	0.000
12.500	79.000	88.000	95.000	0.000
12.510	79.000	88.000	95.000	0.000
12.520	79.000	88.000	95.000	0.000
12.530	79.000	88.000	95.000	0.000
12.540	79.000	88.000	95.000	0.000
12.550	79.000	88.000	95.000	0.000
12.560	79.000	88.000	95.000	0.000
12.570	79.000	88.000	95.000	0.000
12.580	80.000	88.000	95.000	0.000
12.590	80.000	88.000	95.000	0.000
12.600	80.000	88.000	95.000	0.000
12.610	80.000	88.000	95.000	0.000
12.620	80.000	88.000	95.000	0.000
12.630	80.000	88.000	95.000	0.000
12.640	80.000	88.000	95.000	0.000
12.650	80.000	88.000	95.000	0.000
12.660	80.000	88.000	95.000	0.000
12.670	80.000	88.000	95.000	0.000
12.680	80.000	88.000	95.000	0.000
12.690	80.000	88.000	95.000	0.000
12.700	79.000	88.000	95.000	0.000
12.710	79.000	88.000	95.000	0.000
12.720	79.000	88.000	95.000	0.000
12.730	79.000	88.000	95.000	0.000
12.740	79.000	88.000	95.000	0.000
12.750	79.000	88.000	95.000	0.000
12.760	79.000	88.000	95.000	0.000
12.770	79.000	88.000	95.000	0.000
12.780	79.000	88.000	95.000	0.000
12.790	79.000	88.000	95.000	0.000
12.800	79.000	88.000	95.000	0.000
12.810	79.000	88.000	95.000	0.000
12.820	79.000	88.000	95.000	0.000
12.830	79.000	88.000	95.000	0.000
12.840	79.000	88.000	95.000	0.000
12.850	79.000	88.000	95.000	0.000
12.860	79.000	88.000	95.000	0.000
12.870	79.000	88.000	95.000	0.000
12.880	79.000	88.000	95.000	0.000
12.890	79.000	88.000	95.000	0.000
12.900	79.000	88.000	95.000	0.000
12.910	79.000	88.000	95.000	0.000
12.920	79.000	88.000	95.000	0.000
12.930	79.000	88.000	95.000	0.000
12.940	79.000	88.000	95.000	0.000
12.950	79.000	88.000	95.000	0.000
12.960	79.000	88.000	95.000	0.000
12.970	79.000	88.000	95.000	0.000
12.980	79.000	88.000	95.000	0.000
12.990	79.000	88.000	95.000	0.000
13.000	79.000	88.000	95.000	0.000
13.010	79.000	88.000	95.000	0.000
13.020	79.000	88.000	95.000	0.000
13.030	79.000	88.000	95.000	0.000
13.040	79.000	88.000	95.000	0.000
13.050	79.000	88.000	95.000	0.000
13.060	79.000	88.000	95.000	0.000
13.070	79.000	88.000	95.000	0.000
13.080	79.000	88.000	95.000	0.000
13.090	79.000	88.000	95.000	0.000
13.100	79.000	88.000	95.000	0.000
13.110	79.000	88.000	95.000	0.000
13.120	79.000	88.000	95.000	0.000
13.130	79.000	88.000	95.000	0.000
13.140	79.000	88.000	95.000	0.000
13.150	79.000	88.000	95.000	0.000
13.160	79.000	88.000	95.000	0.000
13.170	79.000	88.000	95.000	0.000
13.180	79.000	88.000	95.000	0.000
13.190	79.000	88.000	95.000	0.000
13.200	79.000	88.000	95.000	0.000
13.210	79.000	88.000	95.000	0.000
13.220	79.000	88.000	95.000	0.000
13.230	79.000	88.000	95.000	0.000
13.240	79.000	88.000	95.000	0.000
13.250	79.000	88.000	95.000	0.000
13.260	79.000	88.000	95.000	0.000
13.270	79.000	88.000	95.000	0.000
13.280	79.000	88.000	95.000	0.000
13.290	79.000	88.000	95.000	0.000
13.300	79.000	88.000	95.000	0.000
13.310	79.000	88.000	95.000	0.000
13.320	79.000	88.000	95.000	0.000
13.330	79.000	88.000	95.000	0.000
13.340	79.000	88.000	95.000	0.000
13.350	79.000	88.000	95.000	0.000
13.360	79.000	88.000	95.000	0.000
13.370	79.000	88.000	95.000	0.000
13.380	79.000	88.000	95.000	0.000
13.390	79.000	88.000	95.000	0.000
13.400	79.000	88.000	95.000	0.000
13.410	79.000	88.000	95.000	0.000
13.420	79.000	88.000	95.000	0.000
13.430	79.000	88.000	95.000	0.000
13.440	79.000	88.000	95.000	0.000
13.450	79.000	88.000	95.000	0.000
13.460	79.000	88.000	95.000	0.000
13.470	79.000	88.000	95.000	0.000
13.480	79.000	88.000	95.000	0.000
13.490	79.000	88.000	95.000	0.000
13.500	79.000	88.000	95.000	0.000
13.510	79.000	88.000	95.000	0.000
13.520	79.000	88.000	95.000	0.000
13.530	79.000	88.000	95.000	0.000
13.540	79.000	88.000	95.000	0.000
13.550	79.000	88.000	95.000	0.000
13.560	79.000	88.000	95.000	0.000
13.570	79.000	88.000	95.000	0.000
13.580	79.000	88.000	95.000	0.000
13.590	79.000	88.000	95.000	0.000
13.600	79.000	88.000	95.000	0.000
13.610	79.000	88.000	95.000	0.000
13.620	79.000	88.000	95.000	0.000
13.630	79.000	88.000	95.000	0.000
13.640	79.000	88.000	95.000	0.000
13.650	79.000	88.000	95.000	0.000
13.660	79.000	88.000	95.000	0.000
13.670	79.000	88.000	95.000	0.000
13.680	79.000	88.000	95.000	0.000
13.690	79.000	88.000	95.000	0.000
13.700	79.000	88.000	95.000	0.000
13.710	79.000	88.000	95.000	0.000
13.720	79.000	88.000	95.000	0.000
13.730	79.000	88.000	95.000	0.000
13.740	79.000	88.000	95.000	0.000
13.750	79.000	88.000	95.000	0.000
13.760	79.000	88.000	95.000	0.000
13.770	79.000	88.000	95.000	0.000
13.780	79.000	88.000	95.000	0.000
13.790	79.000	88.000	95.000	0.000
13.800	79.000	88.000	95.000	0.000
13.810	79.000	88.000	95.000	0.000
13.820	79.000	88.000	95.000	0.000
13.830	79.000	88.000	95.000	0.000
13.840	79.000	88.000	95.000	0.000
13.850	79.000	88.000	95.000	0.000
13.860	79.000	88.000	95.000	0.000
13.870	79.000	88.000	95.000	0.000
13.880	79.000	88.000	95.000	0.000
13.890	79.000	88.000	95.000	0.000
13.900	79.000	88.000	95.000	0.000
13.910	79.000	88.000	95.000	0.000
13.920	79.000	88.000	95.000	0.000
13.930	79.000	88.000	95.000	0.000
13.940	79.000	88.000	95.000	0.000
13.950	79.000	88.000	95.000	0.000
13.960	79.000	88.000	95.000	0.000
13.970	79.000	88.000	95.000	0.000
13.980	79.000	88.000	95.000	0.000
13.990	79.000	88.000	95.000	0.000
14.000	79.000	88.000	95.000	0.000
14.010	79.000	88.000	95.000	0.000
14.020	79.000	88.000	95.000	0.000
14.030	79.000	88.000	95.000	0.000
14.040	79.000	88.000	95.000	0.000
14.050	79.000	88.000	95.000	0.000
14.060	79.000	88.000	95.000	0.000
14.070	79.000	88.000	95.000	0.000
14.080	79.000	88.000	95.000	0.000
14.090	79.000	88.000	95.000	0.000
14.100	79.000	88.000	95.000	0.000
14.110	79.000	88.000	95.000	0.000
14.120	79.000	88.000	95.000	0.000
14.130	79.000	88.000	95.000	0.000
14.140	79.000	88.000	95.000	0.000
14.150	79.000	88.000	95.000	0.000
14.160	79.000	88.000	95.000	0.000
14.170	79.000	88.000	95.000	0.000
14.180	79.000	88.000	95.000	0.000
14.190	79.000	88.000	95.000	0.000
14.200	79.000	88.000	95.000	0.000
14.210	79.000	88.000	95.000	0.000
14.220	79.000	88.000	95.000	0.000
14.230	79.000	88.000	95.000	0.000
14.240	79.000	88.000	95.000	0.000
14.250	79.000	88.000	95.000	0.000
14.260	79.000	88.000	95.000	0.000
14.270	79.000	88.000	95.000	0.000
14.280	79.000	88.000	95.000	0.000
14.290	79.000	88.000	95.000	0.000
14.300	79.000	88.000	95.000	0.000
14.310	79.000	88.000	95.000	0.000
14.320	79.000	88.000	95.000	0.000
14.330	79.000	88.000	95.000	0.000
14.340	79.000	88.000	95.000	0.000
14.350	79.000	88.000	95.000	0.000
14.360	79.000	88.000	95.000	0.000
14.370	79.000	88.000	95.000	0.000
14.380	79.000	88.000	95.000	0.000
14.390	79.000	88.000	95.000	0.000
14.400	79.000	88.000	95.000	0.000
14.410	79.000	88.000	95.000	0.000
14.420	79.000	88.000	95.000	0.000
14.430	79.000	88.000	95.000	0.000
14.440	79.000	88.000	95.000	0.000
14.450	79.000	88.000	95.000	0.000
14.460	79.000	88.000	95.000	0.000
14.470	79.000	88.000	95.000	0.000
14.480	79.000	88.000	95.000	0.000
14.490	79.000	88.000	95.000	0.000
14.500	79.000	88.000	95.000	0.000
14.510	79.000	88.000	95.000	0.000
14.520	79.000	88.000	95.000	0.000
14.530	79.000	88.000	95.000	0.000
14.540	79.000	88.000	95.000	0.000
14.550	79.000	88.000	95.000	0.000
14.560	79.000	88.000	95.000	0.000
14.570	79.000	88.000	95.000	0.000
14.580	79.000	88.000	95.000	0.000
14.590	79.000	88.000	95.000	0.000
14.600	79.000	88.000	95.000	0.000
14.610	79.000	88.000	95.000	0.000
14.620	79.000	88.000	95.000	0.000
14.630	79.000	88.000	95.000	0.000
14.640	79.000	88.000	95.000	0.000
14.650	79.000	88.000	95.000	0.000
14.660	79.000	88.000	95.000	0.000
14.670	79.000	88.000	95.000	0.000
14.680	79.000	88.000	95.000	0.000
14.690	79.000	88.000	95.000	0.000
14.700	79.000	88.000	95.000	0.000
14.710	79.000	88.000	95.000	0.000
14.720	79.000	88.000	95.000	0.000
14.730	79.000	88.000	95.000	0.000
14.740	79.000	88.000	95.000	0.000
14.750	79.000	88.000	95.000	0.000
14.760	79.000	88.000	95.000	0.000
14.770	79.000	88.000	95.000	0.000
14.780	79.000	88.000	95.000	0.000
14.790	79.000	88.000	95.000	0.000
14.800	79.000	88.000	95.000	0.000
14.810	79.000	88.000	95.000	0.000
14.820	79.000	88.000	95.000	0.000
14.830	79.000	88.000	95.000	0.000
14.840	79.000	88.000	95.000	0.000
14.850	79.000	88.000	95.000	0.000
14.860	79.000	88.000	95.000	0.000
14.870	79.000	88.000	95.000	0.000
14.880	79.000	88.000	95.000	0.000
14.890	79.000	88.000	95.000	0.000
14.900	79.000	88.000	95.000	0.000
14.910	79.000	88.000	95.000	0.000
14.920	79.000	88.000	95.000	0.000
14.930	79.000	88.000	95.000	0.000
14.940	79.000	88.000	95.000	0.000
14.950	79.000	88.000	95.000	0.000
14.960	79.000	88.000	95.000	0.000
14.970	79.000	88.000	95.000	0.000
14.980	79.000	88.000	95.000	0.000
14.990	79.000	88.000	95.000	0.000
15.000	79.000	88.000	95.000	0.000
