0.000	0.000	0.000	0.000	0.000
0.010	2.000	17.000	29.000	-205.000
0.020	2.000	19.000	32.000	-85.000
0.030	1.000	20.000	34.000	179.000
0.040	0.000	21.000	36.000	443.000
0.050	0.000	21.000	37.000	587.000
0.060	0.000	21.000	38.000	743.000
0.070	4.000	21.000	38.000	438.000
0.080	9.000	21.000	38.000	95.000
0.090	15.000	21.000	38.000	-292.000
0.100	20.000	22.000	38.000	-498.000
0.110	24.000	23.000	38.000	-571.000
0.120	26.000	24.000	37.000	-432.000
0.130	26.000	26.000	35.000	-130.000
0.140	26.000	28.000	34.000	64.000
0.150	25.000	30.000	32.000	280.000
0.160	24.000	31.000	31.000	390.000
0.170	23.000	32.000	31.000	409.000
0.180	23.000	32.000	30.000	231.000
0.190	23.000	32.000	30.000	6.000
0.200	23.000	32.000	30.000	-263.000
0.210	24.000	30.000	30.000	-686.000
0.220	24.000	28.000	30.000	-1004.000
0.230	21.000	25.000	32.000	-1003.000
0.240	15.000	23.000	33.000	-736.000
0.250	7.000	21.000	34.000	-361.000
0.260	-2.000	19.000	35.000	2.000
0.270	-11.000	17.000	35.000	253.000
0.280	-19.000	14.000	36.000	314.000
0.290	-26.000	11.000	36.000	237.000
0.300	-31.000	7.000	36.000	-55.000
0.310	-34.000	3.000	34.000	-505.000
0.320	-37.000	-1.000	32.000	-840.000
0.330	-40.000	-6.000	28.000	-1068.000
0.340	-46.000	-11.000	23.000	-845.000
0.350	-52.000	-16.000	17.000	-587.000
0.360	-59.000	-21.000	10.000	-166.000
0.370	-66.000	-27.000	2.000	289.000
0.380	-71.000	-34.000	-7.000	556.000
0.390	-74.000	-41.000	-16.000	685.000
0.400	-75.000	-49.000	-26.000	709.000
0.410	-74.000	-57.000	-37.000	656.000
0.420	-69.000	-65.000	-48.000	309.000
0.430	-63.000	-73.000	-58.000	70.000
0.440	-56.000	-79.000	-69.000	-87.000
0.450	-50.000	-85.000	-80.000	47.000
0.460	-45.000	-89.000	-91.000	409.000
0.470	-41.000	-91.000	-100.000	949.000
0.480	-36.000	-91.000	-109.000	1391.000
0.490	-29.000	-91.000	-117.000	1625.000
0.500	-21.000	-91.000	-123.000	1790.000
0.510	-10.000	-87.000	-127.000	1645.000
0.520	2.000	-82.000	-128.000	1458.000
0.530	17.000	-76.000	-128.000	977.000
0.540	31.000	-69.000	-127.000	693.000
0.550	45.000	-59.000	-122.000	421.000
0.560	57.000	-49.000	-114.000	365.000
0.570	67.000	-36.000	-101.000	455.000
0.580	75.000	-22.000	-85.000	642.000
0.590	81.000	-6.000	-67.000	884.000
0.600	86.000	11.000	-45.000	1036.000
0.610	90.000	28.000	-21.000	1098.000
0.620	95.000	46.000	5.000	837.000
0.630	100.000	65.000	34.000	415.000
0.640	105.000	83.000	64.000	-152.000
0.650	109.000	102.000	94.000	-733.000
0.660	111.000	121.000	126.000	-1217.000
0.670	112.000	140.000	157.000	-1743.000
0.680	110.000	158.000	188.000	-2070.000
0.690	103.000	175.000	216.000	-1995.000
0.700	92.000	191.000	244.000	-1697.000
0.710	80.000	205.000	270.000	-1546.000
0.720	67.000	217.000	293.000	-1491.000
0.730	54.000	225.000	313.000	-1603.000
0.740	42.000	230.000	330.000	-1939.000
0.750	29.000	231.000	342.000	-2199.000
0.760	17.000	230.000	350.000	-2597.000
0.770	3.000	223.000	353.000	-2728.000
0.780	-11.000	213.000	353.000	-2841.000
0.790	-27.000	198.000	347.000	-2671.000
0.800	-45.000	181.000	334.000	-2233.000
0.810	-64.000	160.000	315.000	-1654.000
0.820	-81.000	136.000	289.000	-1269.000
0.830	-98.000	108.000	256.000	-771.000
0.840	-111.000	78.000	218.000	-613.000
0.850	-122.000	46.000	175.000	-469.000
0.860	-130.000	11.000	128.000	-428.000
0.870	-135.000	-25.000	74.000	-450.000
0.880	-138.000	-61.000	17.000	-393.000
0.890	-141.000	-99.000	-42.000	-29.000
0.900	-142.000	-135.000	-102.000	359.000
0.910	-143.000	-171.000	-161.000	1003.000
0.920	-143.000	-206.000	-220.000	1739.000
0.930	-140.000	-239.000	-278.000	2312.000
0.940	-134.000	-270.000	-333.000	2743.000
0.950	-123.000	-299.000	-383.000	2808.000
0.960	-110.000	-324.000	-433.000	2899.000
0.970	-94.000	-345.000	-477.000	2864.000
0.980	-76.000	-362.000	-513.000	2807.000
0.990	-58.000	-374.000	-545.000	2924.000
1.000	-40.000	-380.000	-565.000	3141.000
1.010	-22.000	-381.000	-576.000	3397.000
1.020	-5.000	-376.000	-581.000	3757.000
1.030	12.000	-364.000	-578.000	4042.000
1.040	30.000	-346.000	-566.000	4103.000
1.050	48.000	-321.000	-543.000	4053.000
1.060	67.000	-291.000	-509.000	3751.000
1.070	86.000	-255.000	-467.000	3313.000
1.080	104.000	-214.000	-414.000	2836.000
1.090	120.000	-169.000	-352.000	2402.000
1.100	136.000	-118.000	-284.000	1732.000
1.110	148.000	-65.000	-209.000	1302.000
1.120	159.000	-8.000	-125.000	690.000
1.130	166.000	51.000	-38.000	258.000
1.140	172.000	110.000	51.000	-391.000
1.150	175.000	171.000	146.000	-993.000
1.160	176.000	230.000	244.000	-1677.000
1.170	176.000	288.000	336.000	-2538.000
1.180	171.000	343.000	428.000	-3068.000
1.190	163.000	394.000	516.000	-3546.000
1.200	152.000	441.000	597.000	-3954.000
1.210	139.000	483.000	677.000	-4389.000
1.220	125.000	519.000	745.000	-4926.000
1.230	110.000	547.000	800.000	-5502.000
1.240	94.000	568.000	844.000	-6065.000
1.250	75.000	582.000	881.000	-6335.000
1.260	55.000	587.000	902.000	-6546.000
1.270	31.000	586.000	911.000	-6304.000
1.280	4.000	574.000	910.000	-5748.000
1.290	-24.000	553.000	894.000	-5106.000
1.300	-52.000	522.000	864.000	-4445.000
1.310	-80.000	482.000	819.000	-3706.000
1.320	-105.000	433.000	760.000	-3193.000
1.330	-128.000	375.000	692.000	-2693.000
1.340	-145.000	310.000	606.000	-2619.000
1.350	-160.000	238.000	509.000	-2388.000
1.360	-172.000	160.000	403.000	-2112.000
1.370	-182.000	78.000	285.000	-1655.000
1.380	-191.000	-6.000	158.000	-914.000
1.390	-198.000	-91.000	24.000	-42.000
1.400	-205.000	-176.000	-113.000	1179.000
1.410	-209.000	-260.000	-244.000	2339.000
1.420	-209.000	-341.000	-377.000	3331.000
1.430	-207.000	-419.000	-511.000	4404.000
1.440	-198.000	-493.000	-638.000	4942.000
1.450	-183.000	-561.000	-753.000	5129.000
1.460	-164.000	-623.000	-861.000	5220.000
1.470	-142.000	-677.000	-963.000	5297.000
1.480	-118.000	-721.000	-1044.000	5423.000
1.490	-95.000	-755.000	-1114.000	5876.000
1.500	-81.000	-779.000	-1170.000	7461.000
1.510	-82.000	-792.000	-1201.000	10607.000
1.520	-100.000	-794.000	-1219.000	13107.000
1.530	-134.000	-789.000	-1222.000	13107.000
1.540	-183.000	-774.000	-1203.000	13107.000
1.550	-244.000	-755.000	-1168.000	13107.000
1.560	-315.000	-733.000	-1116.000	13107.000
1.570	-395.000	-710.000	-1046.000	13107.000
1.580	-482.000	-690.000	-955.000	13107.000
1.590	-571.000	-672.000	-857.000	13107.000
1.600	-661.000	-659.000	-751.000	13107.000
1.610	-751.000	-650.000	-638.000	13107.000
1.620	-836.000	-644.000	-527.000	13107.000
1.630	-915.000	-642.000	-423.000	13107.000
1.640	-988.000	-641.000	-321.000	13107.000
1.650	-1051.000	-641.000	-236.000	13107.000
1.660	-1104.000	-641.000	-169.000	13107.000
1.670	-1144.000	-641.000	-120.000	13107.000
1.680	-1172.000	-641.000	-94.000	13107.000
1.690	-1187.000	-640.000	-89.000	13107.000
1.700	-1189.000	-638.000	-103.000	13107.000
1.710	-1177.000	-637.000	-141.000	13107.000
1.720	-1150.000	-637.000	-201.000	13107.000
1.730	-1112.000	-641.000	-278.000	13107.000
1.740	-1063.000	-651.000	-369.000	9939.000
1.750	-1005.000	-666.000	-468.000	1759.000
1.760	-939.000	-688.000	-580.000	-6189.000
1.770	-869.000	-716.000	-694.000	-13107.000
1.780	-795.000	-751.000	-801.000	-13107.000
1.790	-721.000	-789.000	-909.000	-13107.000
1.800	-649.000	-830.000	-1015.000	-13107.000
1.810	-581.000	-873.000	-1107.000	-13107.000
1.820	-521.000	-914.000	-1189.000	-13107.000
1.830	-471.000	-950.000	-1255.000	-13107.000
1.840	-432.000	-981.000	-1317.000	-13107.000
1.850	-406.000	-1004.000	-1361.000	-13107.000
1.860	-394.000	-1018.000	-1381.000	-13107.000
1.870	-395.000	-1022.000	-1390.000	-13107.000
1.880	-412.000	-1019.000	-1385.000	-13107.000
1.890	-444.000	-1005.000	-1362.000	-11302.000
1.900	-487.000	-983.000	-1323.000	-3560.000
1.910	-541.000	-956.000	-1267.000	4645.000
1.920	-604.000	-925.000	-1197.000	13056.000
1.930	-673.000	-893.000	-1121.000	13107.000
1.940	-746.000	-862.000	-1036.000	13107.000
1.950	-820.000	-834.000	-932.000	13107.000
1.960	-894.000	-810.000	-828.000	13107.000
1.970	-965.000	-790.000	-728.000	13107.000
1.980	-1030.000	-774.000	-627.000	13107.000
1.990	-1088.000	-764.000	-532.000	13107.000
2.000	-1138.000	-757.000	-450.000	13107.000
2.010	-1178.000	-752.000	-375.000	13107.000
2.020	-1206.000	-750.000	-316.000	13107.000
2.030	-1223.000	-748.000	-281.000	13107.000
2.040	-1228.000	-747.000	-261.000	13107.000
2.050	-1222.000	-745.000	-258.000	13107.000
2.060	-1203.000	-743.000	-276.000	13107.000
2.070	-1173.000	-741.000	-314.000	13107.000
2.080	-1132.000	-740.000	-370.000	13107.000
2.090	-1082.000	-740.000	-439.000	13107.000
2.100	-1025.000	-741.000	-522.000	13107.000
2.110	-961.000	-747.000	-616.000	13107.000
2.120	-892.000	-757.000	-709.000	13107.000
2.130	-823.000	-771.000	-801.000	11161.000
2.140	-751.000	-789.000	-897.000	4816.000
2.150	-681.000	-811.000	-986.000	-1041.000
2.160	-615.000	-835.000	-1064.000	-6292.000
2.170	-554.000	-860.000	-1135.000	-10935.000
2.180	-501.000	-885.000	-1194.000	-13107.000
2.190	-458.000	-908.000	-1231.000	-13107.000
2.200	-425.000	-926.000	-1257.000	-13107.000
2.210	-404.000	-937.000	-1274.000	-13107.000
2.220	-396.000	-942.000	-1273.000	-13107.000
2.230	-399.000	-940.000	-1257.000	-13107.000
2.240	-417.000	-928.000	-1227.000	-13107.000
2.250	-446.000	-908.000	-1181.000	-13107.000
2.260	-485.000	-880.000	-1130.000	-12717.000
2.270	-533.000	-848.000	-1068.000	-9426.000
2.280	-587.000	-811.000	-986.000	-6022.000
2.290	-646.000	-773.000	-899.000	-2513.000
2.300	-706.000	-736.000	-814.000	737.000
2.310	-766.000	-701.000	-719.000	3773.000
2.320	-824.000	-669.000	-624.000	6503.000
2.330	-877.000	-642.000	-534.000	8724.000
2.340	-925.000	-620.000	-447.000	10603.000
2.350	-963.000	-604.000	-363.000	11683.000
2.360	-992.000	-592.000	-293.000	12270.000
2.370	-1011.000	-584.000	-238.000	12363.000
2.380	-1019.000	-579.000	-193.000	11946.000
2.390	-1019.000	-576.000	-164.000	11455.000
2.400	-1005.000	-574.000	-155.000	10184.000
2.410	-982.000	-573.000	-158.000	8825.000
2.420	-949.000	-572.000	-178.000	7229.000
2.430	-907.000	-570.000	-217.000	5494.000
2.440	-857.000	-568.000	-272.000	3695.000
2.450	-801.000	-566.000	-337.000	1996.000
2.460	-740.000	-565.000	-409.000	411.000
2.470	-676.000	-565.000	-488.000	-937.000
2.480	-609.000	-566.000	-574.000	-2184.000
2.490	-541.000	-571.000	-655.000	-3208.000
2.500	-476.000	-579.000	-726.000	-3680.000
2.510	-414.000	-589.000	-795.000	-3791.000
2.520	-356.000	-601.000	-856.000	-3579.000
2.530	-304.000	-615.000	-903.000	-2952.000
2.540	-260.000	-628.000	-938.000	-1829.000
2.550	-226.000	-639.000	-958.000	-137.000
2.560	-201.000	-648.000	-964.000	1845.000
2.570	-187.000	-651.000	-959.000	4249.000
2.580	-184.000	-651.000	-940.000	6958.000
2.590	-191.000	-642.000	-905.000	9772.000
2.600	-210.000	-625.000	-856.000	12887.000
2.610	-239.000	-602.000	-799.000	13107.000
2.620	-275.000	-572.000	-735.000	13107.000
2.630	-318.000	-537.000	-661.000	13107.000
2.640	-366.000	-498.000	-583.000	13107.000
2.650	-415.000	-458.000	-503.000	13107.000
2.660	-466.000	-417.000	-418.000	13107.000
2.670	-513.000	-380.000	-332.000	13107.000
2.680	-557.000	-346.000	-251.000	13107.000
2.690	-596.000	-316.000	-175.000	13107.000
2.700	-627.000	-292.000	-100.000	13107.000
2.710	-649.000	-273.000	-35.000	13107.000
2.720	-662.000	-260.000	16.000	11651.000
2.730	-665.000	-252.000	59.000	6750.000
2.740	-660.000	-248.000	88.000	1615.000
2.750	-643.000	-246.000	106.000	-4135.000
2.760	-617.000	-246.000	111.000	-10000.000
2.770	-581.000	-246.000	99.000	-13107.000
2.780	-539.000	-247.000	74.000	-13107.000
2.790	-490.000	-247.000	32.000	-13107.000
2.800	-436.000	-247.000	-21.000	-13107.000
2.810	-378.000	-244.000	-82.000	-13107.000
2.820	-317.000	-241.000	-148.000	-13107.000
2.830	-255.000	-237.000	-218.000	-13107.000
2.840	-194.000	-234.000	-288.000	-13107.000
2.850	-134.000	-232.000	-356.000	-13107.000
2.860	-77.000	-232.000	-414.000	-13107.000
2.870	-25.000	-232.000	-467.000	-13107.000
2.880	22.000	-235.000	-512.000	-13107.000
2.890	62.000	-240.000	-542.000	-13107.000
2.900	95.000	-245.000	-557.000	-13107.000
2.910	118.000	-249.000	-559.000	-13107.000
2.920	132.000	-251.000	-553.000	-13107.000
2.930	137.000	-251.000	-533.000	-13107.000
2.940	133.000	-247.000	-499.000	-13107.000
2.950	119.000	-237.000	-452.000	-13107.000
2.960	96.000	-221.000	-396.000	-6708.000
2.970	66.000	-199.000	-333.000	141.000
2.980	29.000	-172.000	-266.000	6977.000
2.990	-12.000	-141.000	-194.000	13107.000
3.000	-55.000	-106.000	-118.000	13107.000
3.010	-99.000	-70.000	-43.000	13107.000
3.020	-142.000	-34.000	30.000	13107.000
3.030	-182.000	0.000	100.000	13107.000
3.040	-216.000	31.000	170.000	13107.000
3.050	-245.000	58.000	234.000	13107.000
3.060	-266.000	79.000	284.000	13107.000
3.070	-278.000	95.000	331.000	13107.000
3.080	-281.000	105.000	369.000	13107.000
3.090	-276.000	110.000	393.000	13107.000
3.100	-261.000	111.000	405.000	13107.000
3.110	-236.000	110.000	407.000	13107.000
3.120	-204.000	106.000	399.000	13107.000
3.130	-165.000	100.000	378.000	10191.000
3.140	-120.000	95.000	343.000	4144.000
3.150	-70.000	91.000	298.000	-2089.000
3.160	-18.000	88.000	244.000	-8160.000
3.170	35.000	87.000	185.000	-13107.000
3.180	90.000	87.000	123.000	-13107.000
3.190	143.000	87.000	59.000	-13107.000
3.200	194.000	90.000	-4.000	-13107.000
3.210	242.000	92.000	-61.000	-13107.000
3.220	285.000	93.000	-109.000	-13107.000
3.230	323.000	94.000	-148.000	-13107.000
3.240	354.000	94.000	-177.000	-13107.000
3.250	378.000	94.000	-195.000	-13107.000
3.260	395.000	92.000	-199.000	-13107.000
3.270	403.000	91.000	-194.000	-13107.000
3.280	404.000	90.000	-176.000	-13107.000
3.290	396.000	90.000	-144.000	-13107.000
3.300	380.000	95.000	-100.000	-13107.000
3.310	357.000	103.000	-50.000	-13107.000
3.320	328.000	116.000	7.000	-13107.000
3.330	292.000	133.000	72.000	-13107.000
3.340	255.000	153.000	135.000	-13107.000
3.350	214.000	178.000	202.000	-13107.000
3.360	173.000	205.000	267.000	-13107.000
3.370	133.000	233.000	329.000	-13107.000
3.380	95.000	261.000	391.000	-9375.000
3.390	62.000	287.000	443.000	-6086.000
3.400	34.000	310.000	488.000	-3163.000
3.410	13.000	328.000	528.000	-771.000
3.420	0.000	342.000	559.000	1054.000
3.430	-5.000	351.000	581.000	2385.000
3.440	-4.000	354.000	593.000	3496.000
3.450	8.000	354.000	595.000	3786.000
3.460	28.000	347.000	590.000	3683.000
3.470	55.000	338.000	575.000	3288.000
3.480	88.000	326.000	549.000	2680.000
3.490	126.000	313.000	513.000	1913.000
3.500	168.000	301.000	471.000	1030.000
3.510	212.000	290.000	422.000	181.000
3.520	256.000	280.000	366.000	-512.000
3.530	300.000	273.000	308.000	-1179.000
3.540	343.000	267.000	249.000	-1805.000
3.550	383.000	264.000	190.000	-2254.000
3.560	419.000	261.000	136.000	-2527.000
3.570	449.000	260.000	89.000	-2499.000
3.580	474.000	259.000	48.000	-2405.000
3.590	493.000	258.000	18.000	-2195.000
3.600	506.000	256.000	-1.000	-1934.000
3.610	511.000	254.000	-9.000	-1431.000
3.620	511.000	251.000	-7.000	-1099.000
3.630	503.000	248.000	5.000	-567.000
3.640	487.000	246.000	30.000	130.000
3.650	466.000	245.000	67.000	627.000
3.660	439.000	245.000	110.000	1103.000
3.670	407.000	247.000	159.000	1481.000
3.680	371.000	254.000	213.000	1704.000
3.690	333.000	263.000	267.000	1623.000
3.700	292.000	275.000	322.000	1467.000
3.710	252.000	290.000	379.000	848.000
3.720	212.000	307.000	428.000	38.000
3.730	176.000	325.000	471.000	-1323.000
3.740	143.000	342.000	511.000	-2946.000
3.750	115.000	358.000	543.000	-4942.000
3.760	93.000	371.000	566.000	-7290.000
3.770	77.000	380.000	583.000	-9855.000
3.780	69.000	385.000	590.000	-12765.000
3.790	68.000	386.000	590.000	-13107.000
3.800	74.000	382.000	584.000	-13107.000
3.810	88.000	372.000	569.000	-13107.000
3.820	109.000	358.000	544.000	-13107.000
3.830	134.000	342.000	512.000	-13107.000
3.840	166.000	322.000	473.000	-13107.000
3.850	197.000	304.000	431.000	-13107.000
3.860	233.000	285.000	381.000	-13107.000
3.870	268.000	268.000	329.000	-13107.000
3.880	302.000	252.000	276.000	-13107.000
3.890	335.000	239.000	218.000	-13107.000
3.900	363.000	228.000	165.000	-13107.000
3.910	388.000	221.000	116.000	-13107.000
3.920	408.000	215.000	71.000	-13107.000
3.930	422.000	211.000	32.000	-13107.000
3.940	430.000	208.000	3.000	-13107.000
3.950	432.000	206.000	-17.000	-13107.000
3.960	430.000	203.000	-27.000	-8633.000
3.970	419.000	200.000	-28.000	-3423.000
3.980	403.000	197.000	-20.000	1781.000
3.990	381.000	193.000	-2.000	7056.000
4.000	355.000	189.000	27.000	12111.000
4.010	324.000	186.000	64.000	13107.000
4.020	290.000	183.000	104.000	13107.000
4.030	254.000	182.000	150.000	13107.000
4.040	216.000	182.000	197.000	13107.000
4.050	177.000	183.000	242.000	13107.000
4.060	139.000	188.000	285.000	13107.000
4.070	103.000	196.000	327.000	13107.000
4.080	69.000	204.000	363.000	13107.000
4.090	38.000	213.000	390.000	13107.000
4.100	12.000	223.000	410.000	13107.000
4.110	-9.000	230.000	424.000	13107.000
4.120	-24.000	236.000	429.000	13107.000
4.130	-32.000	239.000	429.000	13107.000
4.140	-33.000	239.000	421.000	13107.000
4.150	-29.000	235.000	405.000	13107.000
4.160	-17.000	225.000	381.000	13107.000
4.170	0.000	211.000	351.000	9982.000
4.180	22.000	194.000	316.000	4420.000
4.190	48.000	175.000	276.000	-1196.000
4.200	77.000	154.000	231.000	-6729.000
4.210	107.000	133.000	185.000	-11941.000
4.220	136.000	113.000	139.000	-13107.000
4.230	164.000	94.000	90.000	-13107.000
4.240	190.000	77.000	42.000	-13107.000
4.250	212.000	64.000	-3.000	-13107.000
4.260	230.000	54.000	-44.000	-13107.000
4.270	243.000	46.000	-80.000	-13107.000
4.280	251.000	42.000	-110.000	-13107.000
4.290	253.000	39.000	-132.000	-13107.000
4.300	252.000	38.000	-146.000	-13107.000
4.310	242.000	38.000	-153.000	-13107.000
4.320	228.000	38.000	-154.000	-13107.000
4.330	209.000	38.000	-145.000	-13107.000
4.340	186.000	37.000	-128.000	-13107.000
4.350	159.000	36.000	-103.000	-13107.000
4.360	130.000	34.000	-70.000	-13107.000
4.370	98.000	32.000	-33.000	-11326.000
4.380	65.000	30.000	7.000	-7334.000
4.390	31.000	29.000	49.000	-3231.000
4.400	-2.000	29.000	89.000	757.000
4.410	-34.000	29.000	127.000	4665.000
4.420	-64.000	32.000	163.000	8390.000
4.430	-91.000	36.000	192.000	11836.000
4.440	-115.000	42.000	214.000	13107.000
4.450	-134.000	48.000	229.000	13107.000
4.460	-148.000	54.000	237.000	13107.000
4.470	-158.000	59.000	238.000	13107.000
4.480	-161.000	62.000	235.000	13107.000
4.490	-161.000	63.000	224.000	13107.000
4.500	-153.000	62.000	205.000	13107.000
4.510	-140.000	57.000	179.000	13107.000
4.520	-122.000	48.000	149.000	13107.000
4.530	-101.000	36.000	115.000	13107.000
4.540	-78.000	21.000	78.000	13107.000
4.550	-52.000	4.000	39.000	13107.000
4.560	-27.000	-15.000	-1.000	13107.000
4.570	-3.000	-33.000	-41.000	13107.000
4.580	20.000	-50.000	-78.000	13107.000
4.590	38.000	-66.000	-113.000	13107.000
4.600	53.000	-80.000	-146.000	13107.000
4.610	63.000	-91.000	-175.000	13107.000
4.620	67.000	-99.000	-201.000	13107.000
4.630	68.000	-106.000	-221.000	12410.000
4.640	62.000	-110.000	-236.000	11783.000
4.650	51.000	-112.000	-247.000	11165.000
4.660	35.000	-114.000	-250.000	10570.000
4.670	14.000	-115.000	-249.000	10021.000
4.680	-10.000	-117.000	-242.000	9314.000
4.690	-38.000	-119.000	-228.000	8643.000
4.700	-68.000	-122.000	-207.000	7823.000
4.710	-99.000	-127.000	-183.000	6828.000
4.720	-131.000	-132.000	-157.000	5758.000
4.730	-163.000	-138.000	-129.000	4584.000
4.740	-194.000	-145.000	-101.000	3284.000
4.750	-225.000	-151.000	-75.000	2076.000
4.760	-253.000	-157.000	-52.000	674.000
4.770	-279.000	-163.000	-34.000	-690.000
4.780	-302.000	-168.000	-20.000	-2061.000
4.790	-321.000	-172.000	-11.000	-3478.000
4.800	-336.000	-175.000	-11.000	-4859.000
4.810	-347.000	-179.000	-13.000	-6145.000
4.820	-354.000	-182.000	-24.000	-7290.000
4.830	-357.000	-186.000	-42.000	-8265.000
4.840	-356.000	-192.000	-67.000	-9052.000
4.850	-350.000	-199.000	-96.000	-9760.000
4.860	-340.000	-209.000	-129.000	-10254.000
4.870	-326.000	-221.000	-164.000	-10549.000
4.880	-311.000	-235.000	-202.000	-10320.000
4.890	-293.000	-251.000	-240.000	-9887.000
4.900	-275.000	-269.000	-278.000	-8941.000
4.910	-257.000	-288.000	-315.000	-7585.000
4.920	-240.000	-307.000	-350.000	-5795.000
4.930	-225.000	-325.000	-381.000	-3557.000
4.940	-212.000	-342.000	-410.000	-983.000
4.950	-203.000	-356.000	-436.000	2062.000
4.960	-199.000	-368.000	-459.000	5566.000
4.970	-198.000	-377.000	-474.000	9169.000
4.980	-200.000	-383.000	-488.000	12804.000
4.990	-209.000	-386.000	-497.000	13107.000
5.000	-222.000	-386.000	-498.000	13107.000
5.010	-238.000	-386.000	-498.000	13107.000
5.020	-258.000	-384.000	-492.000	13107.000
5.030	-280.000	-381.000	-480.000	13107.000
5.040	-304.000	-378.000	-463.000	13107.000
5.050	-329.000	-376.000	-440.000	13107.000
5.060	-355.000	-374.000	-417.000	13107.000
5.070	-380.000	-373.000	-389.000	13107.000
5.080	-405.000	-373.000	-360.000	13107.000
5.090	-428.000	-373.000	-334.000	13107.000
5.100	-449.000	-375.000	-308.000	13107.000
5.110	-467.000	-377.000	-285.000	13107.000
5.120	-483.000	-378.000	-265.000	13107.000
5.130	-496.000	-379.000	-250.000	13107.000
5.140	-505.000	-380.000	-240.000	13107.000
5.150	-511.000	-380.000	-236.000	13107.000
5.160	-513.000	-380.000	-236.000	13107.000
5.170	-513.000	-379.000	-241.000	13107.000
5.180	-509.000	-378.000	-252.000	13107.000
5.190	-500.000	-377.000	-269.000	12682.000
5.200	-489.000	-377.000	-292.000	8141.000
5.210	-474.000	-378.000	-317.000	3441.000
5.220	-458.000	-381.000	-342.000	-1004.000
5.230	-439.000	-387.000	-370.000	-5427.000
5.240	-419.000	-394.000	-398.000	-9547.000
5.250	-400.000	-403.000	-425.000	-13107.000
5.260	-381.000	-413.000	-451.000	-13107.000
5.270	-364.000	-423.000	-473.000	-13107.000
5.280	-351.000	-434.000	-495.000	-13107.000
5.290	-342.000	-444.000	-513.000	-13107.000
5.300	-336.000	-453.000	-526.000	-13107.000
5.310	-333.000	-460.000	-536.000	-13107.000
5.320	-333.000	-465.000	-543.000	-13107.000
5.330	-336.000	-469.000	-545.000	-13107.000
5.340	-344.000	-470.000	-545.000	-13107.000
5.350	-354.000	-470.000	-542.000	-13107.000
5.360	-367.000	-470.000	-535.000	-13093.000
5.370	-382.000	-466.000	-525.000	-10073.000
5.380	-399.000	-462.000	-511.000	-6758.000
5.390	-416.000	-457.000	-495.000	-3398.000
5.400	-434.000	-452.000	-477.000	139.000
5.410	-453.000	-448.000	-456.000	3835.000
5.420	-470.000	-444.000	-435.000	7311.000
5.430	-486.000	-441.000	-417.000	10715.000
5.440	-501.000	-439.000	-395.000	13107.000
5.450	-513.000	-438.000	-377.000	13107.000
5.460	-523.000	-438.000	-362.000	13107.000
5.470	-530.000	-438.000	-349.000	13107.000
5.480	-535.000	-438.000	-340.000	13107.000
5.490	-536.000	-438.000	-335.000	13107.000
5.500	-536.000	-438.000	-333.000	13107.000
5.510	-532.000	-438.000	-333.000	13107.000
5.520	-525.000	-438.000	-338.000	13107.000
5.530	-516.000	-438.000	-347.000	13107.000
5.540	-505.000	-437.000	-360.000	13107.000
5.550	-492.000	-437.000	-377.000	13107.000
5.560	-477.000	-437.000	-395.000	13107.000
5.570	-462.000	-437.000	-414.000	13107.000
5.580	-447.000	-437.000	-434.000	13107.000
5.590	-431.000	-437.000	-455.000	13107.000
5.600	-416.000	-440.000	-471.000	13107.000
5.610	-402.000	-443.000	-488.000	13107.000
5.620	-389.000	-446.000	-503.000	13107.000
5.630	-378.000	-450.000	-513.000	13107.000
5.640	-369.000	-454.000	-520.000	13107.000
5.650	-362.000	-457.000	-525.000	12534.000
5.660	-358.000	-459.000	-526.000	10341.000
5.670	-357.000	-460.000	-526.000	8210.000
5.680	-357.000	-460.000	-521.000	5923.000
5.690	-361.000	-460.000	-514.000	3893.000
5.700	-367.000	-456.000	-504.000	1885.000
5.710	-376.000	-450.000	-491.000	66.000
5.720	-386.000	-444.000	-476.000	-1767.000
5.730	-397.000	-436.000	-458.000	-3541.000
5.740	-409.000	-428.000	-439.000	-5191.000
5.750	-421.000	-419.000	-422.000	-6777.000
5.760	-433.000	-411.000	-401.000	-8228.000
5.770	-443.000	-404.000	-381.000	-9718.000
5.780	-452.000	-397.000	-364.000	-11040.000
5.790	-459.000	-391.000	-347.000	-12260.000
5.800	-464.000	-387.000	-331.000	-13107.000
5.810	-467.000	-384.000	-318.000	-13107.000
5.820	-467.000	-381.000	-308.000	-13107.000
5.830	-467.000	-379.000	-300.000	-13107.000
5.840	-462.000	-377.000	-295.000	-13107.000
5.850	-455.000	-376.000	-293.000	-13107.000
5.860	-446.000	-374.000	-293.000	-13107.000
5.870	-435.000	-373.000	-296.000	-13107.000
5.880	-423.000	-370.000	-302.000	-13107.000
5.890	-410.000	-368.000	-310.000	-12447.000
5.900	-395.000	-365.000	-321.000	-11069.000
5.910	-381.000	-362.000	-334.000	-9228.000
5.920	-366.000	-359.000	-348.000	-7256.000
5.930	-352.000	-357.000	-361.000	-4963.000
5.940	-338.000	-355.000	-374.000	-2556.000
5.950	-326.000	-353.000	-384.000	140.000
5.960	-313.000	-353.000	-393.000	2679.000
5.970	-302.000	-352.000	-400.000	5387.000
5.980	-293.000	-352.000	-405.000	8174.000
5.990	-285.000	-352.000	-406.000	10846.000
6.000	-279.000	-352.000	-406.000	13107.000
6.010	-275.000	-352.000	-405.000	13107.000
6.020	-273.000	-352.000	-399.000	13107.000
6.030	-273.000	-350.000	-391.000	13107.000
6.040	-274.000	-346.000	-380.000	13107.000
6.050	-279.000	-341.000	-367.000	13107.000
6.060	-285.000	-335.000	-353.000	13107.000
6.070	-292.000	-328.000	-337.000	13107.000
6.080	-300.000	-319.000	-321.000	13107.000
6.090	-308.000	-310.000	-305.000	13107.000
6.100	-316.000	-301.000	-290.000	13107.000
6.110	-323.000	-292.000	-273.000	13107.000
6.120	-329.000	-284.000	-257.000	13107.000
6.130	-334.000	-276.000	-243.000	13107.000
6.140	-336.000	-269.000	-229.000	13107.000
6.150	-337.000	-264.000	-217.000	13107.000
6.160	-337.000	-260.000	-207.000	13107.000
6.170	-334.000	-257.000	-199.000	10799.000
6.180	-329.000	-255.000	-194.000	7196.000
6.190	-322.000	-253.000	-190.000	3435.000
6.200	-313.000	-252.000	-190.000	-428.000
6.210	-302.000	-251.000	-190.000	-4336.000
6.220	-291.000	-249.000	-192.000	-8007.000
6.230	-279.000	-247.000	-197.000	-11547.000
6.240	-266.000	-245.000	-203.000	-13107.000
6.250	-253.000	-242.000	-212.000	-13107.000
6.260	-241.000	-238.000	-222.000	-13107.000
6.270	-228.000	-235.000	-232.000	-13107.000
6.280	-217.000	-232.000	-242.000	-13107.000
6.290	-206.000	-228.000	-250.000	-13107.000
6.300	-196.000	-226.000	-258.000	-13107.000
6.310	-187.000	-223.000	-263.000	-13107.000
6.320	-180.000	-222.000	-266.000	-13107.000
6.330	-174.000	-220.000	-267.000	-13107.000
6.340	-170.000	-220.000	-267.000	-13107.000
6.350	-168.000	-219.000	-264.000	-13107.000
6.360	-167.000	-219.000	-259.000	-13107.000
6.370	-167.000	-218.000	-251.000	-13107.000
6.380	-169.000	-216.000	-242.000	-13107.000
6.390	-173.000	-214.000	-230.000	-13107.000
6.400	-179.000	-211.000	-217.000	-12142.000
6.410	-185.000	-206.000	-204.000	-8816.000
6.420	-192.000	-201.000	-191.000	-5334.000
6.430	-199.000	-196.000	-178.000	-1852.000
6.440	-206.000	-189.000	-166.000	1610.000
6.450	-212.000	-183.000	-154.000	4907.000
6.460	-218.000	-177.000	-144.000	8144.000
6.470	-222.000	-171.000	-135.000	11048.000
6.480	-225.000	-165.000	-127.000	13107.000
6.490	-226.000	-161.000	-121.000	13107.000
6.500	-226.000	-158.000	-116.000	13107.000
6.510	-226.000	-157.000	-113.000	13107.000
6.520	-222.000	-156.000	-111.000	13107.000
6.530	-216.000	-156.000	-111.000	13107.000
6.540	-209.000	-156.000	-111.000	13107.000
6.550	-201.000	-156.000	-112.000	13107.000
6.560	-193.000	-157.000	-116.000	13107.000
6.570	-184.000	-158.000	-122.000	13107.000
6.580	-174.000	-159.000	-128.000	13107.000
6.590	-165.000	-159.000	-136.000	13107.000
6.600	-157.000	-159.000	-144.000	13107.000
6.610	-149.000	-159.000	-154.000	13107.000
6.620	-142.000	-159.000	-162.000	13107.000
6.630	-136.000	-158.000	-170.000	13107.000
6.640	-131.000	-157.000	-178.000	11557.000
6.650	-127.000	-156.000	-183.000	9264.000
6.660	-125.000	-155.000	-186.000	6957.000
6.670	-124.000	-155.000	-188.000	4532.000
6.680	-123.000	-155.000	-188.000	1916.000
6.690	-123.000	-155.000	-188.000	-709.000
6.700	-125.000	-155.000	-186.000	-3186.000
6.710	-129.000	-156.000	-182.000	-5494.000
6.720	-134.000	-157.000	-176.000	-7723.000
6.730	-139.000	-158.000	-169.000	-9937.000
6.740	-145.000	-159.000	-160.000	-11951.000
6.750	-152.000	-159.000	-151.000	-13107.000
6.760	-158.000	-159.000	-143.000	-13107.000
6.770	-165.000	-159.000	-134.000	-13107.000
6.780	-171.000	-157.000	-128.000	-13107.000
6.790	-177.000	-154.000	-122.000	-13107.000
6.800	-182.000	-151.000	-116.000	-13107.000
6.810	-186.000	-148.000	-112.000	-13107.000
6.820	-189.000	-146.000	-110.000	-13107.000
6.830	-191.000	-143.000	-109.000	-13107.000
6.840	-192.000	-142.000	-109.000	-13107.000
6.850	-192.000	-141.000	-109.000	-13107.000
6.860	-191.000	-141.000	-109.000	-13107.000
6.870	-187.000	-141.000	-111.000	-13107.000
6.880	-183.000	-142.000	-115.000	-13107.000
6.890	-177.000	-145.000	-119.000	-13107.000
6.900	-171.000	-148.000	-124.000	-12090.000
6.910	-165.000	-151.000	-130.000	-9871.000
6.920	-159.000	-154.000	-136.000	-7437.000
6.930	-154.000	-156.000	-142.000	-4729.000
6.940	-148.000	-159.000	-149.000	-2058.000
6.950	-144.000	-160.000	-156.000	894.000
6.960	-140.000	-161.000	-162.000	3799.000
6.970	-138.000	-161.000	-168.000	6846.000
6.980	-136.000	-161.000	-174.000	9718.000
6.990	-136.000	-161.000	-178.000	12617.000
7.000	-136.000	-161.000	-180.000	13107.000
7.010	-137.000	-161.000	-182.000	13107.000
7.020	-140.000	-161.000	-182.000	13107.000
7.030	-143.000	-161.000	-182.000	13107.000
7.040	-147.000	-161.000	-182.000	13107.000
7.050	-152.000	-161.000	-179.000	13107.000
7.060	-157.000	-163.000	-175.000	13107.000
7.070	-163.000	-164.000	-169.000	13107.000
7.080	-168.000	-166.000	-163.000	13107.000
7.090	-173.000	-168.000	-158.000	13107.000
7.100	-178.000	-170.000	-152.000	13107.000
7.110	-183.000	-171.000	-146.000	13107.000
7.120	-187.000	-171.000	-142.000	13107.000
7.130	-191.000	-171.000	-138.000	13107.000
7.140	-193.000	-171.000	-136.000	13107.000
7.150	-196.000	-171.000	-135.000	13107.000
7.160	-197.000	-169.000	-135.000	13083.000
7.170	-198.000	-167.000	-135.000	10146.000
7.180	-198.000	-166.000	-136.000	7026.000
7.190	-198.000	-165.000	-138.000	3896.000
7.200	-195.000	-164.000	-141.000	441.000
7.210	-192.000	-164.000	-145.000	-2888.000
7.220	-188.000	-164.000	-150.000	-6184.000
7.230	-184.000	-164.000	-154.000	-9281.000
7.240	-180.000	-166.000	-159.000	-12153.000
7.250	-175.000	-169.000	-163.000	-13107.000
7.260	-170.000	-172.000	-167.000	-13107.000
7.270	-166.000	-174.000	-172.000	-13107.000
7.280	-163.000	-177.000	-175.000	-13107.000
7.290	-160.000	-179.000	-178.000	-13107.000
7.300	-158.000	-180.000	-181.000	-13107.000
7.310	-157.000	-180.000	-183.000	-13107.000
7.320	-157.000	-181.000	-184.000	-13107.000
7.330	-157.000	-181.000	-185.000	-13107.000
7.340	-158.000	-181.000	-185.000	-13107.000
7.350	-161.000	-179.000	-185.000	-13107.000
7.360	-164.000	-178.000	-185.000	-13107.000
7.370	-168.000	-176.000	-185.000	-13107.000
7.380	-172.000	-175.000	-183.000	-13107.000
7.390	-176.000	-175.000	-180.000	-11849.000
7.400	-180.000	-174.000	-176.000	-9154.000
7.410	-184.000	-174.000	-172.000	-6296.000
7.420	-187.000	-174.000	-168.000	-3427.000
7.430	-190.000	-175.000	-163.000	-449.000
7.440	-193.000	-176.000	-159.000	2592.000
7.450	-194.000	-177.000	-155.000	5416.000
7.460	-195.000	-178.000	-152.000	8251.000
7.470	-196.000	-178.000	-150.000	11039.000
7.480	-196.000	-178.000	-149.000	13107.000
7.490	-196.000	-178.000	-148.000	13107.000
7.500	-196.000	-178.000	-148.000	13107.000
7.510	-194.000	-177.000	-148.000	13107.000
7.520	-192.000	-175.000	-151.000	13107.000
7.530	-189.000	-173.000	-153.000	13107.000
7.540	-186.000	-172.000	-157.000	13107.000
7.550	-183.000	-170.000	-160.000	13107.000
7.560	-180.000	-169.000	-164.000	13107.000
7.570	-176.000	-169.000	-167.000	13107.000
7.580	-173.000	-169.000	-170.000	13107.000
7.590	-170.000	-169.000	-173.000	13107.000
7.600	-167.000	-169.000	-174.000	13107.000
7.610	-164.000	-170.000	-175.000	13107.000
7.620	-162.000	-172.000	-176.000	13107.000
7.630	-161.000	-174.000	-176.000	13107.000
7.640	-160.000	-175.000	-176.000	13107.000
7.650	-160.000	-176.000	-176.000	13107.000
7.660	-160.000	-176.000	-176.000	10641.000
7.670	-161.000	-176.000	-174.000	8069.000
7.680	-164.000	-176.000	-172.000	5578.000
7.690	-167.000	-175.000	-170.000	2949.000
7.700	-170.000	-173.000	-168.000	247.000
7.710	-173.000	-171.000	-166.000	-2468.000
7.720	-176.000	-169.000	-164.000	-5138.000
7.730	-179.000	-168.000	-161.000	-7710.000
7.740	-182.000	-166.000	-159.000	-10136.000
7.750	-184.000	-165.000	-156.000	-12485.000
7.760	-185.000	-165.000	-154.000	-13107.000
7.770	-186.000	-165.000	-152.000	-13107.000
7.780	-187.000	-165.000	-150.000	-13107.000
7.790	-187.000	-165.000	-148.000	-13107.000
7.800	-187.000	-166.000	-147.000	-13107.000
7.810	-186.000	-167.000	-147.000	-13107.000
7.820	-184.000	-168.000	-147.000	-13107.000
7.830	-182.000	-169.000	-147.000	-13107.000
7.840	-179.000	-169.000	-147.000	-13107.000
7.850	-177.000	-169.000	-148.000	-13107.000
7.860	-175.000	-169.000	-151.000	-13107.000
7.870	-172.000	-169.000	-153.000	-13107.000
7.880	-170.000	-168.000	-156.000	-13107.000
7.890	-168.000	-166.000	-159.000	-13107.000
7.900	-166.000	-165.000	-162.000	-11276.000
7.910	-165.000	-164.000	-165.000	-8576.000
7.920	-164.000	-164.000	-167.000	-5744.000
7.930	-163.000	-164.000	-168.000	-2819.000
7.940	-163.000	-164.000	-169.000	273.000
7.950	-163.000	-164.000	-169.000	3350.000
7.960	-163.000	-165.000	-169.000	6372.000
7.970	-163.000	-166.000	-169.000	9299.000
7.980	-163.000	-168.000	-168.000	12089.000
7.990	-165.000	-170.000	-167.000	13107.000
8.000	-167.000	-171.000	-165.000	13107.000
8.010	-169.000	-172.000	-163.000	13107.000
8.020	-171.000	-172.000	-161.000	13107.000
8.030	-174.000	-172.000	-159.000	13107.000
8.040	-176.000	-172.000	-157.000	13107.000
8.050	-179.000	-172.000	-156.000	13107.000
8.060	-181.000	-171.000	-156.000	13107.000
8.070	-183.000	-170.000	-155.000	13107.000
8.080	-184.000	-169.000	-155.000	13107.000
8.090	-185.000	-168.000	-155.000	13107.000
8.100	-185.000	-167.000	-155.000	13107.000
8.110	-185.000	-167.000	-155.000	13107.000
8.120	-185.000	-167.000	-155.000	13107.000
8.130	-185.000	-167.000	-155.000	13107.000
8.140	-183.000	-167.000	-156.000	13107.000
8.150	-181.000	-169.000	-157.000	13107.000
8.160	-179.000	-170.000	-158.000	11366.000
8.170	-177.000	-172.000	-159.000	8415.000
8.180	-175.000	-173.000	-160.000	5380.000
8.190	-173.000	-174.000	-162.000	2302.000
8.200	-171.000	-174.000	-163.000	-776.000
8.210	-170.000	-175.000	-165.000	-3695.000
8.220	-169.000	-175.000	-166.000	-6548.000
8.230	-168.000	-175.000	-168.000	-9287.000
8.240	-168.000	-174.000	-169.000	-11750.000
8.250	-168.000	-173.000	-170.000	-13107.000
8.260	-168.000	-172.000	-171.000	-13107.000
8.270	-168.000	-171.000	-171.000	-13107.000
8.280	-170.000	-170.000	-171.000	-13107.000
8.290	-171.000	-170.000	-171.000	-13107.000
8.300	-172.000	-170.000	-171.000	-13107.000
8.310	-174.000	-170.000	-170.000	-13107.000
8.320	-175.000	-170.000	-168.000	-13107.000
8.330	-177.000	-171.000	-166.000	-13107.000
8.340	-178.000	-173.000	-164.000	-13107.000
8.350	-179.000	-174.000	-162.000	-13107.000
8.360	-180.000	-174.000	-160.000	-13107.000
8.370	-180.000	-175.000	-158.000	-13107.000
8.380	-181.000	-175.000	-157.000	-13107.000
8.390	-182.000	-175.000	-156.000	-12162.000
8.400	-182.000	-175.000	-156.000	-9792.000
8.410	-182.000	-174.000	-156.000	-7210.000
8.420	-182.000	-172.000	-156.000	-4462.000
8.430	-182.000	-170.000	-156.000	-1597.000
8.440	-182.000	-169.000	-157.000	1338.000
8.450	-180.000	-168.000	-158.000	4062.000
8.460	-179.000	-167.000	-159.000	6916.000
8.470	-177.000	-167.000	-160.000	9590.000
8.480	-176.000	-167.000	-161.000	12289.000
8.490	-174.000	-167.000	-162.000	13107.000
8.500	-172.000	-167.000	-162.000	13107.000
8.510	-170.000	-167.000	-162.000	13107.000
8.520	-169.000	-168.000	-162.000	13107.000
8.530	-168.000	-169.000	-162.000	13107.000
8.540	-167.000	-170.000	-162.000	13107.000
8.550	-167.000	-171.000	-162.000	13107.000
8.560	-167.000	-171.000	-162.000	13107.000
8.570	-167.000	-171.000	-162.000	13107.000
8.580	-167.000	-171.000	-162.000	13107.000
8.590	-167.000	-170.000	-162.000	13107.000
8.600	-169.000	-169.000	-162.000	13107.000
8.610	-170.000	-168.000	-162.000	13107.000
8.620	-172.000	-167.000	-162.000	13107.000
8.630	-174.000	-166.000	-161.000	13107.000
8.640	-175.000	-165.000	-160.000	13107.000
8.650	-176.000	-165.000	-159.000	13107.000
8.660	-177.000	-165.000	-158.000	12048.000
8.670	-177.000	-165.000	-157.000	9163.000
8.680	-178.000	-165.000	-157.000	6308.000
8.690	-178.000	-166.000	-156.000	3271.000
8.700	-178.000	-167.000	-155.000	237.000
8.710	-178.000	-168.000	-155.000	-2752.000
8.720	-178.000	-169.000	-155.000	-5653.000
8.730	-177.000	-170.000	-155.000	-8538.000
8.740	-176.000	-170.000	-155.000	-11228.000
8.750	-176.000	-170.000	-155.000	-13107.000
8.760	-175.000	-170.000	-155.000	-13107.000
8.770	-174.000	-170.000	-156.000	-13107.000
8.780	-173.000	-169.000	-158.000	-13107.000
8.790	-173.000	-168.000	-159.000	-13107.000
8.800	-172.000	-167.000	-161.000	-13107.000
8.810	-172.000	-166.000	-162.000	-13107.000
8.820	-171.000	-166.000	-163.000	-13107.000
8.830	-171.000	-166.000	-164.000	-13107.000
8.840	-171.000	-166.000	-164.000	-13107.000
8.850	-171.000	-166.000	-164.000	-13107.000
8.860	-171.000	-167.000	-164.000	-13107.000
8.870	-171.000	-169.000	-164.000	-13107.000
8.880	-171.000	-170.000	-164.000	-13107.000
8.890	-171.000	-171.000	-164.000	-12817.000
8.900	-171.000	-172.000	-163.000	-10358.000
8.910	-172.000	-173.000	-162.000	-7592.000
8.920	-173.000	-173.000	-162.000	-4696.000
8.930	-174.000	-173.000	-161.000	-1711.000
8.940	-176.000	-173.000	-161.000	1439.000
8.950	-177.000	-173.000	-161.000	4456.000
8.960	-178.000	-172.000	-161.000	7439.000
8.970	-179.000	-171.000	-161.000	10340.000
8.980	-179.000	-170.000	-161.000	12999.000
8.990	-180.000	-170.000	-161.000	13107.000
9.000	-180.000	-169.000	-161.000	13107.000
9.010	-180.000	-169.000	-161.000	13107.000
9.020	-180.000	-169.000	-161.000	13107.000
9.030	-180.000	-169.000	-161.000	13107.000
9.040	-179.000	-169.000	-161.000	13107.000
9.050	-178.000	-170.000	-161.000	13107.000
9.060	-177.000	-171.000	-161.000	13107.000
9.070	-176.000	-172.000	-161.000	13107.000
9.080	-174.000	-173.000	-161.000	13107.000
9.090	-174.000	-173.000	-161.000	13107.000
9.100	-173.000	-173.000	-162.000	13107.000
9.110	-173.000	-173.000	-162.000	13107.000
9.120	-172.000	-173.000	-162.000	13107.000
9.130	-172.000	-173.000	-163.000	13107.000
9.140	-172.000	-172.000	-163.000	13107.000
9.150	-172.000	-170.000	-164.000	13107.000
9.160	-172.000	-170.000	-164.000	11436.000
9.170	-172.000	-169.000	-164.000	8663.000
9.180	-173.000	-169.000	-164.000	5893.000
9.190	-173.000	-169.000	-164.000	2922.000
9.200	-174.000	-169.000	-164.000	54.000
9.210	-174.000	-169.000	-163.000	-2918.000
9.220	-175.000	-169.000	-162.000	-5688.000
9.230	-175.000	-169.000	-161.000	-8467.000
9.240	-175.000	-170.000	-160.000	-11070.000
9.250	-175.000	-171.000	-159.000	-13107.000
9.260	-175.000	-171.000	-159.000	-13107.000
9.270	-175.000	-171.000	-158.000	-13107.000
9.280	-175.000	-171.000	-158.000	-13107.000
9.290	-175.000	-171.000	-158.000	-13107.000
9.300	-175.000	-171.000	-158.000	-13107.000
9.310	-175.000	-170.000	-158.000	-13107.000
9.320	-175.000	-169.000	-158.000	-13107.000
9.330	-175.000	-168.000	-158.000	-13107.000
9.340	-175.000	-167.000	-158.000	-13107.000
9.350	-175.000	-166.000	-159.000	-13107.000
9.360	-175.000	-166.000	-159.000	-13107.000
9.370	-174.000	-166.000	-159.000	-13107.000
9.380	-173.000	-166.000	-160.000	-13107.000
9.390	-173.000	-166.000	-160.000	-12847.000
9.400	-172.000	-166.000	-160.000	-10485.000
9.410	-171.000	-167.000	-160.000	-7915.000
9.420	-171.000	-168.000	-160.000	-5067.000
9.430	-171.000	-169.000	-160.000	-2124.000
9.440	-171.000	-169.000	-160.000	870.000
9.450	-171.000	-170.000	-160.000	3873.000
9.460	-171.000	-170.000	-160.000	6837.000
9.470	-171.000	-170.000	-160.000	9719.000
9.480	-171.000	-170.000	-160.000	12474.000
9.490	-172.000	-170.000	-160.000	13107.000
9.500	-173.000	-169.000	-160.000	13107.000
9.510	-174.000	-168.000	-160.000	13107.000
9.520	-175.000	-168.000	-160.000	13107.000
9.530	-175.000	-167.000	-160.000	13107.000
9.540	-176.000	-167.000	-160.000	13107.000
9.550	-176.000	-167.000	-160.000	13107.000
9.560	-176.000	-167.000	-160.000	13107.000
9.570	-176.000	-167.000	-160.000	13107.000
9.580	-176.000	-168.000	-160.000	13107.000
9.590	-176.000	-169.000	-160.000	13107.000
9.600	-176.000	-170.000	-160.000	13107.000
9.610	-176.000	-171.000	-160.000	13107.000
9.620	-176.000	-171.000	-160.000	13107.000
9.630	-175.000	-171.000	-160.000	13107.000
9.640	-175.000	-171.000	-160.000	13107.000
9.650	-175.000	-171.000	-160.000	13107.000
9.660	-174.000	-171.000	-160.000	11472.000
9.670	-174.000	-171.000	-161.000	8705.000
9.680	-174.000	-170.000	-161.000	5825.000
9.690	-174.000	-170.000	-162.000	2878.000
9.700	-174.000	-169.000	-162.000	-88.000
9.710	-174.000	-169.000	-163.000	-3024.000
9.720	-174.000	-169.000	-163.000	-5884.000
9.730	-174.000	-169.000	-163.000	-8622.000
9.740	-174.000	-169.000	-163.000	-11193.000
9.750	-174.000	-169.000	-163.000	-13107.000
9.760	-174.000	-170.000	-163.000	-13107.000
9.770	-174.000	-171.000	-163.000	-13107.000
9.780	-174.000	-171.000	-163.000	-13107.000
9.790	-174.000	-172.000	-162.000	-13107.000
9.800	-174.000	-172.000	-162.000	-13107.000
9.810	-174.000	-172.000	-161.000	-13107.000
9.820	-175.000	-172.000	-161.000	-13107.000
9.830	-175.000	-172.000	-161.000	-13107.000
9.840	-176.000	-172.000	-161.000	-13107.000
9.850	-176.000	-171.000	-161.000	-13107.000
9.860	-176.000	-171.000	-161.000	-13107.000
9.870	-176.000	-170.000	-161.000	-13107.000
9.880	-176.000	-169.000	-161.000	-13107.000
9.890	-176.000	-169.000	-161.000	-12604.000
9.900	-176.000	-169.000	-161.000	-10163.000
9.910	-176.000	-169.000	-161.000	-7527.000
9.920	-176.000	-169.000	-161.000	-4738.000
9.930	-175.000	-169.000	-161.000	-1957.000
9.940	-175.000	-169.000	-161.000	1024.000
9.950	-174.000	-169.000	-161.000	3899.000
9.960	-173.000	-169.000	-161.000	6760.000
9.970	-173.000	-170.000	-161.000	9672.000
9.980	-173.000	-170.000	-161.000	12450.000
9.990	-173.000	-170.000	-161.000	13107.000
10.000	-173.000	-170.000	-161.000	13107.000
10.010	-173.000	-170.000	-161.000	13107.000
10.020	-173.000	-170.000	-161.000	13107.000
10.030	-173.000	-169.000	-161.000	13107.000
10.040	-173.000	-169.000	-161.000	13107.000
10.050	-173.000	-168.000	-161.000	13107.000
10.060	-173.000	-167.000	-161.000	13107.000
10.070	-173.000	-167.000	-161.000	13107.000
10.080	-174.000	-167.000	-161.000	13107.000
10.090	-174.000	-167.000	-161.000	13107.000
10.100	-174.000	-167.000	-161.000	13107.000
10.110	-174.000	-167.000	-160.000	13107.000
10.120	-174.000	-168.000	-160.000	13107.000
10.130	-174.000	-168.000	-160.000	13107.000
10.140	-174.000	-169.000	-159.000	13107.000
10.150	-174.000	-169.000	-159.000	13107.000
10.160	-174.000	-170.000	-159.000	11600.000
10.170	-174.000	-170.000	-159.000	8804.000
10.180	-174.000	-170.000	-159.000	5901.000
10.190	-174.000	-170.000	-159.000	2936.000
10.200	-174.000	-170.000	-159.000	-43.000
10.210	-174.000	-169.000	-159.000	-2989.000
10.220	-174.000	-169.000	-159.000	-5857.000
10.230	-174.000	-168.000	-160.000	-8600.000
10.240	-174.000	-168.000	-160.000	-11176.000
10.250	-174.000	-168.000	-160.000	-13107.000
10.260	-174.000	-168.000	-161.000	-13107.000
10.270	-174.000	-168.000	-161.000	-13107.000
10.280	-174.000	-168.000	-161.000	-13107.000
10.290	-174.000	-168.000	-161.000	-13107.000
10.300	-174.000	-169.000	-161.000	-13107.000
10.310	-174.000	-170.000	-161.000	-13107.000
10.320	-174.000	-170.000	-161.000	-13107.000
10.330	-174.000	-171.000	-161.000	-13107.000
10.340	-174.000	-171.000	-161.000	-13107.000
10.350	-174.000	-171.000	-161.000	-13107.000
10.360	-174.000	-171.000	-161.000	-13107.000
10.370	-174.000	-171.000	-161.000	-13107.000
10.380	-174.000	-171.000	-161.000	-13107.000
10.390	-175.000	-171.000	-161.000	-12576.000
10.400	-175.000	-170.000	-161.000	-10147.000
10.410	-175.000	-170.000	-161.000	-7520.000
10.420	-175.000	-170.000	-161.000	-4737.000
10.430	-175.000	-170.000	-161.000	-1845.000
10.440	-175.000	-170.000	-161.000	1111.000
10.450	-175.000	-170.000	-161.000	4083.000
10.460	-175.000	-170.000	-161.000	7025.000
10.470	-175.000	-170.000	-161.000	9888.000
10.480	-175.000	-170.000	-161.000	12629.000
10.490	-175.000	-170.000	-161.000	13107.000
10.500	-175.000	-170.000	-161.000	13107.000
10.510	-175.000	-170.000	-161.000	13107.000
10.520	-174.000	-171.000	-161.000	13107.000
10.530	-174.000	-171.000	-161.000	13107.000
10.540	-174.000	-171.000	-161.000	13107.000
10.550	-174.000	-171.000	-161.000	13107.000
10.560	-174.000	-170.000	-161.000	13107.000
10.570	-174.000	-170.000	-161.000	13107.000
10.580	-174.000	-169.000	-161.000	13107.000
10.590	-174.000	-169.000	-161.000	13107.000
10.600	-174.000	-169.000	-161.000	13107.000
10.610	-174.000	-169.000	-161.000	13107.000
10.620	-174.000	-169.000	-161.000	13107.000
10.630	-174.000	-169.000	-161.000	13107.000
10.640	-174.000	-169.000	-161.000	13107.000
10.650	-174.000	-169.000	-161.000	13107.000
10.660	-174.000	-169.000	-161.000	11588.000
10.670	-174.000	-169.000	-161.000	8795.000
10.680	-174.000	-169.000	-160.000	5893.000
10.690	-174.000	-169.000	-160.000	2930.000
10.700	-174.000	-169.000	-160.000	-47.000
10.710	-174.000	-169.000	-160.000	-2993.000
10.720	-174.000	-169.000	-160.000	-5860.000
10.730	-174.000	-169.000	-160.000	-8603.000
10.740	-174.000	-169.000	-160.000	-11179.000
10.750	-174.000	-169.000	-160.000	-13107.000
10.760	-174.000	-169.000	-160.000	-13107.000
10.770	-174.000	-168.000	-160.000	-13107.000
10.780	-174.000	-168.000	-160.000	-13107.000
10.790	-174.000	-168.000	-160.000	-13107.000
10.800	-174.000	-168.000	-160.000	-13107.000
10.810	-174.000	-168.000	-160.000	-13107.000
10.820	-174.000	-168.000	-160.000	-13107.000
10.830	-174.000	-168.000	-160.000	-13107.000
10.840	-174.000	-169.000	-160.000	-13107.000
10.850	-174.000	-169.000	-160.000	-13107.000
10.860	-174.000	-169.000	-160.000	-13107.000
10.870	-174.000	-169.000	-160.000	-13107.000
10.880	-174.000	-169.000	-160.000	-13107.000
10.890	-174.000	-169.000	-160.000	-12693.000
10.900	-174.000	-169.000	-160.000	-10242.000
10.910	-174.000	-169.000	-160.000	-7599.000
10.920	-174.000	-169.000	-160.000	-4805.000
10.930	-174.000	-169.000	-160.000	-1903.000
10.940	-174.000	-169.000	-160.000	1060.000
10.950	-174.000	-169.000	-160.000	4038.000
10.960	-174.000	-169.000	-160.000	6984.000
10.970	-175.000	-169.000	-160.000	9967.000
10.980	-175.000	-169.000	-160.000	12690.000
10.990	-175.000	-169.000	-160.000	13107.000
11.000	-175.000	-169.000	-160.000	13107.000
11.010	-175.000	-169.000	-160.000	13107.000
11.020	-175.000	-170.000	-160.000	13107.000
11.030	-175.000	-170.000	-160.000	13107.000
11.040	-175.000	-170.000	-160.000	13107.000
11.050	-175.000	-170.000	-160.000	13107.000
11.060	-175.000	-170.000	-160.000	13107.000
11.070	-175.000	-170.000	-160.000	13107.000
11.080	-175.000	-170.000	-160.000	13107.000
11.090	-175.000	-170.000	-160.000	13107.000
11.100	-175.000	-170.000	-160.000	13107.000
11.110	-175.000	-170.000	-160.000	13107.000
11.120	-175.000	-170.000	-160.000	13107.000
11.130	-175.000	-170.000	-160.000	13107.000
11.140	-175.000	-170.000	-160.000	13107.000
11.150	-175.000	-170.000	-160.000	13107.000
11.160	-175.000	-170.000	-160.000	11617.000
11.170	-175.000	-170.000	-160.000	8823.000
11.180	-175.000	-170.000	-160.000	5921.000
11.190	-175.000	-170.000	-160.000	2957.000
11.200	-175.000	-170.000	-160.000	-21.000
11.210	-175.000	-170.000	-160.000	-2967.000
11.220	-175.000	-170.000	-160.000	-5835.000
11.230	-175.000	-170.000	-160.000	-8578.000
11.240	-175.000	-170.000	-160.000	-11154.000
11.250	-175.000	-170.000	-160.000	-13107.000
11.260	-175.000	-170.000	-160.000	-13107.000
11.270	-175.000	-170.000	-160.000	-13107.000
11.280	-175.000	-170.000	-160.000	-13107.000
11.290	-175.000	-169.000	-160.000	-13107.000
11.300	-175.000	-169.000	-160.000	-13107.000
11.310	-175.000	-169.000	-160.000	-13107.000
11.320	-175.000	-169.000	-160.000	-13107.000
11.330	-175.000	-169.000	-160.000	-13107.000
11.340	-175.000	-169.000	-160.000	-13107.000
11.350	-175.000	-169.000	-160.000	-13107.000
11.360	-174.000	-169.000	-160.000	-13107.000
11.370	-174.000	-169.000	-160.000	-13107.000
11.380	-174.000	-169.000	-160.000	-13107.000
11.390	-174.000	-169.000	-160.000	-12739.000
11.400	-174.000	-169.000	-160.000	-10280.000
11.410	-174.000	-169.000	-160.000	-7629.000
11.420	-174.000	-169.000	-160.000	-4829.000
11.430	-174.000	-169.000	-160.000	-1924.000
11.440	-174.000	-169.000	-160.000	1043.000
11.450	-174.000	-169.000	-160.000	4023.000
11.460	-174.000	-169.000	-160.000	6971.000
11.470	-174.000	-169.000	-160.000	9840.000
11.480	-174.000	-169.000	-160.000	12584.000
11.490	-174.000	-169.000	-160.000	13107.000
11.500	-174.000	-169.000	-160.000	13107.000
11.510	-174.000	-169.000	-160.000	13107.000
11.520	-174.000	-169.000	-160.000	13107.000
11.530	-174.000	-169.000	-160.000	13107.000
11.540	-174.000	-169.000	-160.000	13107.000
11.550	-174.000	-169.000	-160.000	13107.000
11.560	-174.000	-169.000	-160.000	13107.000
11.570	-174.000	-169.000	-160.000	13107.000
11.580	-174.000	-169.000	-160.000	13107.000
11.590	-174.000	-169.000	-160.000	13107.000
11.600	-174.000	-169.000	-160.000	13107.000
11.610	-174.000	-169.000	-160.000	13107.000
11.620	-174.000	-169.000	-160.000	13107.000
11.630	-174.000	-169.000	-160.000	13107.000
11.640	-174.000	-169.000	-160.000	13107.000
11.650	-174.000	-169.000	-160.000	13107.000
11.660	-174.000	-169.000	-160.000	11589.000
11.670	-174.000	-169.000	-160.000	8795.000
11.680	-174.000	-169.000	-160.000	5893.000
11.690	-174.000	-169.000	-160.000	2930.000
11.700	-174.000	-169.000	-160.000	-48.000
11.710	-174.000	-169.000	-160.000	-2993.000
11.720	-174.000	-169.000	-160.000	-5860.000
11.730	-174.000	-169.000	-160.000	-8604.000
11.740	-174.000	-169.000	-160.000	-11180.000
11.750	-174.000	-169.000	-160.000	-13107.000
11.760	-174.000	-169.000	-160.000	-13107.000
11.770	-174.000	-169.000	-160.000	-13107.000
11.780	-174.000	-169.000	-160.000	-13107.000
11.790	-174.000	-169.000	-160.000	-13107.000
11.800	-174.000	-169.000	-160.000	-13107.000
11.810	-174.000	-169.000	-160.000	-13107.000
11.820	-174.000	-169.000	-160.000	-13107.000
11.830	-174.000	-169.000	-160.000	-13107.000
11.840	-174.000	-169.000	-160.000	-13107.000
11.850	-174.000	-169.000	-160.000	-13107.000
11.860	-174.000	-169.000	-160.000	-13107.000
11.870	-174.000	-169.000	-160.000	-13107.000
11.880	-174.000	-169.000	-160.000	-13107.000
11.890	-174.000	-169.000	-160.000	-12693.000
11.900	-174.000	-169.000	-160.000	-10243.000
11.910	-174.000	-169.000	-160.000	-7600.000
11.920	-174.000	-169.000	-160.000	-4806.000
11.930	-174.000	-169.000	-160.000	-1904.000
11.940	-174.000	-169.000	-160.000	1060.000
11.950	-174.000	-169.000	-160.000	4038.000
11.960	-174.000	-169.000	-160.000	6983.000
11.970	-174.000	-169.000	-160.000	9851.000
11.980	-174.000	-169.000	-160.000	12594.000
11.990	-174.000	-169.000	-160.000	13107.000
12.000	-174.000	-169.000	-160.000	13107.000
12.010	-174.000	-169.000	-160.000	0.000
12.020	-174.000	-169.000	-160.000	0.000
12.030	-174.000	-169.000	-160.000	0.000
12.040	-174.000	-169.000	-160.000	0.000
12.050	-174.000	-169.000	-160.000	0.000
12.060	-174.000	-169.000	-160.000	0.000
12.070	-174.000	-169.000	-160.000	0.000
12.080	-174.000	-169.000	-160.000	0.000
12.090	-174.000	-169.000	-160.000	0.000
12.100	-174.000	-169.000	-160.000	0.000
12.110	-174.000	-169.000	-160.000	0.000
12.120	-174.000	-169.000	-160.000	0.000
12.130	-174.000	-169.000	-160.000	0.000
12.140	-174.000	-169.000	-160.000	0.000
12.150	-174.000	-169.000	-160.000	0.000
12.160	-174.000	-169.000	-160.000	0.000
12.170	-174.000	-169.000	-160.000	0.000
12.180	-174.000	-169.000	-160.000	0.000
12.190	-174.000	-169.000	-160.000	0.000
12.200	-174.000	-169.000	-160.000	0.000
12.210	-174.000	-169.000	-160.000	0.000
12.220	-174.000	-169.000	-160.000	0.000
12.230	-174.000	-169.000	-160.000	0.000
12.240	-174.000	-169.000	-160.000	0.000
12.250	-174.000	-169.000	-160.000	0.000
12.260	-174.000	-169.000	-160.000	0.000
12.270	-174.000	-169.000	-160.000	0.000
12.280	-174.000	-169.000	-160.000	0.000
12.290	-174.000	-169.000	-160.000	0.000
12.300	-174.000	-169.000	-160.000	0.000
12.310	-174.000	-169.000	-160.000	0.000
12.320	-174.000	-169.000	-160.000	0.000
12.330	-174.000	-169.000	-160.000	0.000
12.340	-174.000	-169.000	-160.000	0.000
12.350	-174.000	-169.000	-160.000	0.000
12.360	-174.000	-169.000	-160.000	0.000
12.370	-174.000	-169.000	-160.000	0.000
12.380	-174.000	-169.000	-160.000	0.000
12.390	-174.000	-169.000	-160.000	0.000
12.400	-174.000	-169.000	-160.000	0.000
12.410	-174.000	-169.000	-160.000	0.000
12.420	-174.000	-169.000	-160.000	0.000
12.430	-174.000	-169.000	-160.000	0.000
12.440	-174.000	-169.000	-160.000	0.000
12.450	-174.000	-169.000	-160.000	0.000
12.460	-174.000	-169.000	-160.000	0.000
12.470	-174.000	-169.000	-160.000	0.000
12.480	-174.000	-169.000	-160.000	0.000
12.490	-174.000	-169.000	-160.000	0.000
12.500	-174.000	-169.000	-160.000	0.000
12.510	-174.000	-169.000	-160.000	0.000
12.520	-174.000	-169.000	-160.000	0.000
12.530	-174.000	-169.000	-160.000	0.000
12.540	-174.000	-169.000	-160.000	0.000
12.550	-174.000	-169.000	-160.000	0.000
12.560	-174.000	-169.000	-160.000	0.000
12.570	-174.000	-169.000	-160.000	0.000
12.580	-174.000	-169.000	-160.000	0.000
12.590	-174.000	-169.000	-160.000	0.000
12.600	-174.000	-169.000	-160.000	0.000
12.610	-174.000	-169.000	-160.000	0.000
12.620	-174.000	-169.000	-160.000	0.000
12.630	-174.000	-169.000	-160.000	0.000
12.640	-174.000	-169.000	-160.000	0.000
12.650	-174.000	-169.000	-160.000	0.000
12.660	-174.000	-169.000	-160.000	0.000
12.670	-174.000	-169.000	-160.000	0.000
12.680	-174.000	-169.000	-160.000	0.000
12.690	-174.000	-169.000	-160.000	0.000
12.700	-174.000	-169.000	-160.000	0.000
12.710	-174.000	-169.000	-160.000	0.000
12.720	-174.000	-169.000	-160.000	0.000
12.730	-174.000	-169.000	-160.000	0.000
12.740	-174.000	-169.000	-160.000	0.000
12.750	-174.000	-169.000	-160.000	0.000
12.760	-174.000	-169.000	-160.000	0.000
12.770	-174.000	-169.000	-160.000	0.000
12.780	-174.000	-169.000	-160.000	0.000
12.790	-174.000	-169.000	-160.000	0.000
12.800	-174.000	-169.000	-160.000	0.000
12.810	-174.000	-169.000	-160.000	0.000
12.820	-174.000	-169.000	-160.000	0.000
12.830	-174.000	-169.000	-160.000	0.000
12.840	-174.000	-169.000	-160.000	0.000
12.850	-174.000	-169.000	-160.000	0.000
12.860	-174.000	-169.000	-160.000	0.000
12.870	-174.000	-169.000	-160.000	0.000
12.880	-174.000	-169.000	-160.000	0.000
12.890	-174.000	-169.000	-160.000	0.000
12.900	-174.000	-169.000	-160.000	0.000
12.910	-174.000	-169.000	-160.000	0.000
12.920	-174.000	-169.000	-160.000	0.000
12.930	-174.000	-169.000	-160.000	0.000
12.940	-174.000	-169.000	-160.000	0.000
12.950	-174.000	-169.000	-160.000	0.000
12.960	-174.000	-169.000	-160.000	0.000
12.970	-174.000	-169.000	-160.000	0.000
12.980	-174.000	-169.000	-160.000	0.000
12.990	-174.000	-169.000	-160.000	0.000
13.000	-174.000	-169.000	-160.000	0.000
13.010	-174.000	-169.000	-160.000	0.000
13.020	-174.000	-169.000	-160.000	0.000
13.030	-174.000	-169.000	-160.000	0.000
13.040	-174.000	-169.000	-160.000	0.000
13.050	-174.000	-169.000	-160.000	0.000
13.060	-174.000	-169.000	-160.000	0.000
13.070	-174.000	-169.000	-160.000	0.000
13.080	-174.000	-169.000	-160.000	0.000
13.090	-174.000	-169.000	-160.000	0.000
13.100	-174.000	-169.000	-160.000	0.000
13.110	-174.000	-169.000	-160.000	0.000
13.120	-174.000	-169.000	-160.000	0.000
13.130	-174.000	-169.000	-160.000	0.000
13.140	-174.000	-169.000	-160.000	0.000
13.150	-174.000	-169.000	-160.000	0.000
13.160	-174.000	-169.000	-160.000	0.000
13.170	-174.000	-169.000	-160.000	0.000
13.180	-174.000	-169.000	-160.000	0.000
13.190	-174.000	-169.000	-160.000	0.000
13.200	-174.000	-169.000	-160.000	0.000
13.210	-174.000	-169.000	-160.000	0.000
13.220	-174.000	-169.000	-160.000	0.000
13.230	-174.000	-169.000	-160.000	0.000
13.240	-174.000	-169.000	-160.000	0.000
13.250	-174.000	-169.000	-160.000	0.000
13.260	-174.000	-169.000	-160.000	0.000
13.270	-174.000	-169.000	-160.000	0.000
13.280	-174.000	-169.000	-160.000	0.000
13.290	-174.000	-169.000	-160.000	0.000
13.300	-174.000	-169.000	-160.000	0.000
13.310	-174.000	-169.000	-160.000	0.000
13.320	-174.000	-169.000	-160.000	0.000
13.330	-174.000	-169.000	-160.000	0.000
13.340	-174.000	-169.000	-160.000	0.000
13.350	-174.000	-169.000	-160.000	0.000
13.360	-174.000	-169.000	-160.000	0.000
13.370	-174.000	-169.000	-160.000	0.000
13.380	-174.000	-169.000	-160.000	0.000
13.390	-174.000	-169.000	-160.000	0.000
13.400	-174.000	-169.000	-160.000	0.000
13.410	-174.000	-169.000	-160.000	0.000
13.420	-174.000	-169.000	-160.000	0.000
13.430	-174.000	-169.000	-160.000	0.000
13.440	-174.000	-169.000	-160.000	0.000
13.450	-174.000	-169.000	-160.000	0.000
13.460	-174.000	-169.000	-160.000	0.000
13.470	-174.000	-169.000	-160.000	0.000
13.480	-174.000	-169.000	-160.000	0.000
13.490	-174.000	-169.000	-160.000	0.000
13.500	-174.000	-169.000	-160.000	0.000
13.510	-174.000	-169.000	-160.000	0.000
13.520	-174.000	-169.000	-160.000	0.000
13.530	-174.000	-169.000	-160.000	0.000
13.540	-174.000	-169.000	-160.000	0.000
13.550	-174.000	-169.000	-160.000	0.000
13.560	-174.000	-169.000	-160.000	0.000
13.570	-174.000	-169.000	-160.000	0.000
13.580	-174.000	-169.000	-160.000	0.000
13.590	-174.000	-169.000	-160.000	0.000
13.600	-174.000	-169.000	-160.000	0.000
13.610	-174.000	-169.000	-160.000	0.000
13.620	-174.000	-169.000	-160.000	0.000
13.630	-174.000	-169.000	-160.000	0.000
13.640	-174.000	-169.000	-160.000	0.000
13.650	-174.000	-169.000	-160.000	0.000
13.660	-174.000	-169.000	-160.000	0.000
13.670	-174.000	-169.000	-160.000	0.000
13.680	-174.000	-169.000	-160.000	0.000
13.690	-174.000	-169.000	-160.000	0.000
13.700	-174.000	-169.000	-160.000	0.000
13.710	-174.000	-169.000	-160.000	0.000
13.720	-174.000	-169.000	-160.000	0.000
13.730	-174.000	-169.000	-160.000	0.000
13.740	-174.000	-169.000	-160.000	0.000
13.750	-174.000	-169.000	-160.000	0.000
13.760	-174.000	-169.000	-160.000	0.000
13.770	-174.000	-169.000	-160.000	0.000
13.780	-174.000	-169.000	-160.000	0.000
13.790	-174.000	-169.000	-160.000	0.000
13.800	-174.000	-169.000	-160.000	0.000
13.810	-174.000	-169.000	-160.000	0.000
13.820	-174.000	-169.000	-160.000	0.000
13.830	-174.000	-169.000	-160.000	0.000
13.840	-174.000	-169.000	-160.000	0.000
13.850	-174.000	-169.000	-160.000	0.000
13.860	-174.000	-169.000	-160.000	0.000
13.870	-174.000	-169.000	-160.000	0.000
13.880	-174.000	-169.000	-160.000	0.000
13.890	-174.000	-169.000	-160.000	0.000
13.900	-174.000	-169.000	-160.000	0.000
13.910	-174.000	-169.000	-160.000	0.000
13.920	-174.000	-169.000	-160.000	0.000
13.930	-174.000	-169.000	-160.000	0.000
13.940	-174.000	-169.000	-160.000	0.000
13.950	-174.000	-169.000	-160.000	0.000
13.960	-174.000	-169.000	-160.000	0.000
13.970	-174.000	-169.000	-160.000	0.000
13.980	-174.000	-169.000	-160.000	0.000
13.990	-174.000	-169.000	-160.000	0.000
14.000	-174.000	-169.000	-160.000	0.000
14.010	-174.000	-169.000	-160.000	0.000
14.020	-174.000	-169.000	-160.000	0.000
14.030	-174.000	-169.000	-160.000	0.000
14.040	-174.000	-169.000	-160.000	0.000
14.050	-174.000	-169.000	-160.000	0.000
14.060	-174.000	-169.000	-160.000	0.000
14.070	-174.000	-169.000	-160.000	0.000
14.080	-174.000	-169.000	-160.000	0.000
14.090	-174.000	-169.000	-160.000	0.000
14.100	-174.000	-169.000	-160.000	0.000
14.110	-174.000	-169.000	-160.000	0.000
14.120	-174.000	-169.000	-160.000	0.000
14.130	-174.000	-169.000	-160.000	0.000
14.140	-174.000	-169.000	-160.000	0.000
14.150	-174.000	-169.000	-160.000	0.000
14.160	-174.000	-169.000	-160.000	0.000
14.170	-174.000	-169.000	-160.000	0.000
14.180	-174.000	-169.000	-160.000	0.000
14.190	-174.000	-169.000	-160.000	0.000
14.200	-174.000	-169.000	-160.000	0.000
14.210	-174.000	-169.000	-160.000	0.000
14.220	-174.000	-169.000	-160.000	0.000
14.230	-174.000	-169.000	-160.000	0.000
14.240	-174.000	-169.000	-160.000	0.000
14.250	-174.000	-169.000	-160.000	0.000
14.260	-174.000	-169.000	-160.000	0.000
14.270	-174.000	-169.000	-160.000	0.000
14.280	-174.000	-169.000	-160.000	0.000
14.290	-174.000	-169.000	-160.000	0.000
14.300	-174.000	-169.000	-160.000	0.000
14.310	-174.000	-169.000	-160.000	0.000
14.320	-174.000	-169.000	-160.000	0.000
14.330	-174.000	-169.000	-160.000	0.000
14.340	-174.000	-169.000	-160.000	0.000
14.350	-174.000	-169.000	-160.000	0.000
14.360	-174.000	-169.000	-160.000	0.000
14.370	-174.000	-169.000	-160.000	0.000
14.380	-174.000	-169.000	-160.000	0.000
14.390	-174.000	-169.000	-160.000	0.000
14.400	-174.000	-169.000	-160.000	0.000
14.410	-174.000	-169.000	-160.000	0.000
14.420	-174.000	-169.000	-160.000	0.000
14.430	-174.000	-169.000	-160.000	0.000
14.440	-174.000	-169.000	-160.000	0.000
14.450	-174.000	-169.000	-160.000	0.000
14.460	-174.000	-169.000	-160.000	0.000
14.470	-174.000	-169.000	-160.000	0.000
14.480	-174.000	-169.000	-160.000	0.000
14.490	-174.000	-169.000	-160.000	0.000
14.500	-174.000	-169.000	-160.000	0.000
14.510	-174.000	-169.000	-160.000	0.000
14.520	-174.000	-169.000	-160.000	0.000
14.530	-174.000	-169.000	-160.000	0.000
14.540	-174.000	-169.000	-160.000	0.000
14.550	-174.000	-169.000	-160.000	0.000
14.560	-174.000	-169.000	-160.000	0.000
14.570	-174.000	-169.000	-160.000	0.000
14.580	-174.000	-169.000	-160.000	0.000
14.590	-174.000	-169.000	-160.000	0.000
14.600	-174.000	-169.000	-160.000	0.000
14.610	-174.000	-169.000	-160.000	0.000
14.620	-174.000	-169.000	-160.000	0.000
14.630	-174.000	-169.000	-160.000	0.000
14.640	-174.000	-169.000	-160.000	0.000
14.650	-174.000	-169.000	-160.000	0.000
14.660	-174.000	-169.000	-160.000	0.000
14.670	-174.000	-169.000	-160.000	0.000
14.680	-174.000	-169.000	-160.000	0.000
14.690	-174.000	-169.000	-160.000	0.000
14.700	-174.000	-169.000	-160.000	0.000
14.710	-174.000	-169.000	-160.000	0.000
14.720	-174.000	-169.000	-160.000	0.000
14.730	-174.000	-169.000	-160.000	0.000
14.740	-174.000	-169.000	-160.000	0.000
14.750	-174.000	-169.000	-160.000	0.000
14.760	-174.000	-169.000	-160.000	0.000
14.770	-174.000	-169.000	-160.000	0.000
14.780	-174.000	-169.000	-160.000	0.000
14.790	-174.000	-169.000	-160.000	0.000
14.800	-174.000	-169.000	-160.000	0.000
14.810	-174.000	-169.000	-160.000	0.000
14.820	-174.000	-169.000	-160.000	0.000
14.830	-174.000	-169.000	-160.000	0.000
14.840	-174.000	-169.000	-160.000	0.000
14.850	-174.000	-169.000	-160.000	0.000
14.860	-174.000	-169.000	-160.000	0.000
14.870	-174.000	-169.000	-160.000	0.000
14.880	-174.000	-169.000	-160.000	0.000
14.890	-174.000	-169.000	-160.000	0.000
14.900	-174.000	-169.000	-160.000	0.000
14.910	-174.000	-169.000	-160.000	0.000
14.920	-174.000	-169.000	-160.000	0.000
14.930	-174.000	-169.000	-160.000	0.000
14.940	-174.000	-169.000	-160.000	0.000
14.950	-174.000	-169.000	-160.000	0.000
14.960	-174.000	-169.000	-160.000	0.000
14.970	-174.000	-169.000	-160.000	0.000
14.980	-174.000	-169.000	-160.000	0.000
14.990	-174.000	-169.000	-160.000	0.000
15.000	-174.000	-169.000	-160.000	0.000
