0.000	0.000	0.000	0.000	0.000
0.010	-1.000	15.000	28.000	159.000
0.020	-2.000	16.000	30.000	372.000
0.030	-2.000	17.000	32.000	505.000
0.040	-1.000	18.000	34.000	559.000
0.050	1.000	19.000	35.000	529.000
0.060	6.000	19.000	36.000	174.000
0.070	11.000	20.000	36.000	-125.000
0.080	16.000	21.000	36.000	-410.000
0.090	19.000	22.000	36.000	-479.000
0.100	22.000	24.000	36.000	-630.000
0.110	22.000	26.000	36.000	-521.000
0.120	22.000	28.000	36.000	-562.000
0.130	20.000	30.000	35.000	-500.000
0.140	16.000	31.000	34.000	-355.000
0.150	11.000	32.000	34.000	-250.000
0.160	6.000	32.000	33.000	-278.000
0.170	0.000	31.000	33.000	-275.000
0.180	-6.000	28.000	33.000	-335.000
0.190	-11.000	23.000	33.000	-528.000
0.200	-17.000	18.000	33.000	-559.000
0.210	-23.000	11.000	33.000	-536.000
0.220	-30.000	4.000	33.000	-312.000
0.230	-37.000	-3.000	33.000	2.000
0.240	-43.000	-10.000	31.000	310.000
0.250	-48.000	-17.000	28.000	646.000
0.260	-50.000	-24.000	23.000	798.000
0.270	-51.000	-30.000	17.000	1050.000
0.280	-49.000	-35.000	8.000	1154.000
0.290	-43.000	-39.000	-1.000	1017.000
0.300	-33.000	-41.000	-12.000	664.000
0.310	-23.000	-43.000	-24.000	569.000
0.320	-11.000	-43.000	-35.000	411.000
0.330	1.000	-42.000	-47.000	384.000
0.340	12.000	-39.000	-58.000	525.000
0.350	23.000	-35.000	-68.000	628.000
0.360	33.000	-30.000	-75.000	755.000
0.370	43.000	-25.000	-79.000	726.000
0.380	52.000	-19.000	-81.000	627.000
0.390	61.000	-13.000	-81.000	300.000
0.400	68.000	-8.000	-79.000	-27.000
0.410	73.000	-2.000	-72.000	-392.000
0.420	75.000	4.000	-62.000	-699.000
0.430	75.000	10.000	-47.000	-1087.000
0.440	70.000	16.000	-30.000	-1188.000
0.450	60.000	22.000	-11.000	-1038.000
0.460	46.000	29.000	11.000	-762.000
0.470	30.000	36.000	33.000	-564.000
0.480	13.000	42.000	56.000	-481.000
0.490	-5.000	47.000	78.000	-417.000
0.500	-23.000	52.000	99.000	-405.000
0.510	-39.000	55.000	118.000	-582.000
0.520	-55.000	57.000	136.000	-595.000
0.530	-69.000	57.000	149.000	-625.000
0.540	-81.000	57.000	158.000	-592.000
0.550	-91.000	55.000	164.000	-437.000
0.560	-98.000	51.000	166.000	-243.000
0.570	-102.000	46.000	166.000	27.000
0.580	-103.000	39.000	159.000	384.000
0.590	-101.000	31.000	148.000	822.000
0.600	-92.000	22.000	131.000	850.000
0.610	-79.000	13.000	109.000	861.000
0.620	-61.000	4.000	83.000	689.000
0.630	-39.000	-5.000	56.000	413.000
0.640	-16.000	-13.000	25.000	314.000
0.650	8.000	-20.000	-6.000	260.000
0.660	31.000	-25.000	-38.000	368.000
0.670	53.000	-29.000	-68.000	499.000
0.680	74.000	-31.000	-95.000	540.000
0.690	92.000	-31.000	-119.000	635.000
0.700	108.000	-31.000	-139.000	559.000
0.710	121.000	-31.000	-153.000	378.000
0.720	130.000	-28.000	-162.000	155.000
0.730	136.000	-25.000	-164.000	-268.000
0.740	137.000	-22.000	-164.000	-652.000
0.750	135.000	-18.000	-155.000	-1243.000
0.760	124.000	-13.000	-141.000	-1290.000
0.770	108.000	-8.000	-119.000	-1315.000
0.780	86.000	-3.000	-91.000	-1137.000
0.790	58.000	2.000	-59.000	-704.000
0.800	28.000	6.000	-25.000	-417.000
0.810	-4.000	11.000	12.000	-124.000
0.820	-36.000	14.000	48.000	76.000
0.830	-67.000	17.000	83.000	221.000
0.840	-95.000	20.000	115.000	226.000
0.850	-119.000	21.000	144.000	129.000
0.860	-139.000	22.000	168.000	68.000
0.870	-154.000	22.000	185.000	21.000
0.880	-164.000	22.000	196.000	65.000
0.890	-169.000	22.000	199.000	241.000
0.900	-169.000	20.000	199.000	557.000
0.910	-164.000	18.000	190.000	991.000
0.920	-151.000	16.000	175.000	1148.000
0.930	-131.000	13.000	150.000	1145.000
0.940	-105.000	9.000	121.000	1042.000
0.950	-74.000	5.000	87.000	867.000
0.960	-38.000	0.000	49.000	502.000
0.970	-1.000	-4.000	10.000	298.000
0.980	37.000	-8.000	-28.000	68.000
0.990	74.000	-10.000	-66.000	-116.000
1.000	108.000	-12.000	-99.000	-191.000
1.010	138.000	-13.000	-127.000	-214.000
1.020	163.000	-13.000	-152.000	-219.000
1.030	182.000	-13.000	-168.000	-213.000
1.040	195.000	-10.000	-178.000	-295.000
1.050	203.000	-6.000	-181.000	-632.000
1.060	204.000	-1.000	-179.000	-982.000
1.070	198.000	5.000	-168.000	-1350.000
1.080	182.000	11.000	-148.000	-1355.000
1.090	159.000	18.000	-120.000	-1349.000
1.100	129.000	25.000	-86.000	-1237.000
1.110	94.000	31.000	-46.000	-1144.000
1.120	55.000	37.000	-3.000	-1031.000
1.130	13.000	42.000	42.000	-847.000
1.140	-30.000	46.000	87.000	-656.000
1.150	-74.000	48.000	132.000	-268.000
1.160	-114.000	49.000	172.000	-113.000
1.170	-151.000	49.000	206.000	149.000
1.180	-182.000	47.000	235.000	313.000
1.190	-207.000	43.000	256.000	539.000
1.200	-225.000	38.000	268.000	814.000
1.210	-233.000	31.000	270.000	860.000
1.220	-235.000	23.000	267.000	1229.000
1.230	-226.000	15.000	253.000	1285.000
1.240	-208.000	7.000	226.000	1287.000
1.250	-181.000	-2.000	189.000	1170.000
1.260	-147.000	-10.000	146.000	1077.000
1.270	-107.000	-18.000	96.000	976.000
1.280	-63.000	-25.000	41.000	929.000
1.290	-16.000	-31.000	-16.000	849.000
1.300	33.000	-36.000	-73.000	650.000
1.310	81.000	-40.000	-125.000	489.000
1.320	126.000	-43.000	-174.000	376.000
1.330	167.000	-45.000	-217.000	215.000
1.340	203.000	-45.000	-252.000	-56.000
1.350	234.000	-45.000	-277.000	-578.000
1.360	255.000	-43.000	-292.000	-856.000
1.370	267.000	-39.000	-297.000	-1147.000
1.380	269.000	-34.000	-293.000	-1386.000
1.390	260.000	-27.000	-278.000	-1475.000
1.400	239.000	-19.000	-249.000	-1291.000
1.410	209.000	-10.000	-209.000	-1149.000
1.420	170.000	0.000	-162.000	-920.000
1.430	124.000	10.000	-107.000	-689.000
1.440	74.000	20.000	-45.000	-613.000
1.450	22.000	30.000	18.000	-679.000
1.460	-31.000	38.000	83.000	-744.000
1.470	-84.000	46.000	146.000	-687.000
1.480	-136.000	53.000	205.000	-407.000
1.490	-184.000	58.000	257.000	-65.000
1.500	-225.000	61.000	301.000	192.000
1.510	-260.000	63.000	336.000	679.000
1.520	-285.000	63.000	358.000	1038.000
1.530	-299.000	62.000	369.000	1288.000
1.540	-302.000	57.000	369.000	1511.000
1.550	-294.000	50.000	357.000	1724.000
1.560	-271.000	42.000	331.000	1429.000
1.570	-238.000	32.000	291.000	1214.000
1.580	-195.000	22.000	241.000	926.000
1.590	-144.000	12.000	183.000	637.000
1.600	-88.000	1.000	117.000	480.000
1.610	-30.000	-8.000	48.000	542.000
1.620	30.000	-16.000	-26.000	525.000
1.630	89.000	-24.000	-95.000	526.000
1.640	146.000	-29.000	-159.000	393.000
1.650	199.000	-33.000	-217.000	130.000
1.660	246.000	-36.000	-269.000	-243.000
1.670	285.000	-37.000	-308.000	-680.000
1.680	315.000	-37.000	-336.000	-1221.000
1.690	333.000	-37.000	-351.000	-1624.000
1.700	338.000	-33.000	-353.000	-1873.000
1.710	330.000	-27.000	-346.000	-2015.000
1.720	307.000	-21.000	-322.000	-1803.000
1.730	270.000	-13.000	-283.000	-1325.000
1.740	223.000	-5.000	-231.000	-949.000
1.750	167.000	3.000	-171.000	-580.000
1.760	107.000	10.000	-103.000	-565.000
1.770	42.000	17.000	-28.000	-461.000
1.780	-24.000	23.000	47.000	-469.000
1.790	-89.000	28.000	123.000	-509.000
1.800	-152.000	33.000	194.000	-399.000
1.810	-211.000	36.000	257.000	-120.000
1.820	-265.000	39.000	313.000	443.000
1.830	-310.000	40.000	359.000	1001.000
1.840	-345.000	40.000	388.000	1630.000
1.850	-366.000	40.000	403.000	1993.000
1.860	-374.000	37.000	406.000	2344.000
1.870	-369.000	32.000	395.000	2711.000
1.880	-345.000	26.000	368.000	2359.000
1.890	-309.000	18.000	326.000	2141.000
1.900	-258.000	9.000	271.000	1529.000
1.910	-198.000	-1.000	204.000	1085.000
1.920	-129.000	-11.000	129.000	529.000
1.930	-57.000	-20.000	50.000	293.000
1.940	17.000	-28.000	-34.000	125.000
1.950	89.000	-35.000	-114.000	159.000
1.960	158.000	-40.000	-186.000	154.000
1.970	221.000	-44.000	-255.000	161.000
1.980	279.000	-46.000	-316.000	-224.000
1.990	327.000	-46.000	-363.000	-599.000
2.000	364.000	-46.000	-393.000	-1271.000
2.010	389.000	-43.000	-411.000	-2035.000
2.020	398.000	-37.000	-415.000	-2483.000
2.030	392.000	-30.000	-403.000	-2804.000
2.040	368.000	-21.000	-376.000	-2617.000
2.050	326.000	-11.000	-330.000	-1900.000
2.060	271.000	0.000	-271.000	-1151.000
2.070	205.000	10.000	-200.000	-376.000
2.080	132.000	20.000	-118.000	229.000
2.090	58.000	29.000	-32.000	304.000
2.100	-15.000	36.000	56.000	36.000
2.110	-87.000	42.000	146.000	-186.000
2.120	-155.000	47.000	230.000	-400.000
2.130	-219.000	52.000	306.000	-305.000
2.140	-276.000	56.000	376.000	-28.000
2.150	-326.000	59.000	430.000	639.000
2.160	-365.000	62.000	465.000	1355.000
2.170	-391.000	63.000	486.000	2023.000
2.180	-402.000	63.000	490.000	2505.000
2.190	-398.000	63.000	479.000	2853.000
2.200	-375.000	60.000	451.000	2584.000
2.210	-335.000	54.000	404.000	1933.000
2.220	-282.000	46.000	342.000	1263.000
2.230	-217.000	36.000	271.000	467.000
2.240	-145.000	25.000	188.000	-119.000
2.250	-68.000	14.000	98.000	-603.000
2.260	9.000	1.000	5.000	-744.000
2.270	82.000	-10.000	-85.000	-469.000
2.280	151.000	-22.000	-168.000	-179.000
2.290	215.000	-33.000	-245.000	-64.000
2.300	271.000	-43.000	-316.000	-23.000
2.310	319.000	-51.000	-373.000	-288.000
2.320	357.000	-59.000	-411.000	-769.000
2.330	384.000	-64.000	-438.000	-1458.000
2.340	395.000	-66.000	-450.000	-1827.000
2.350	393.000	-67.000	-447.000	-2313.000
2.360	372.000	-65.000	-427.000	-2159.000
2.370	335.000	-60.000	-391.000	-1731.000
2.380	282.000	-51.000	-336.000	-916.000
2.390	220.000	-42.000	-275.000	-381.000
2.400	149.000	-30.000	-200.000	190.000
2.410	74.000	-19.000	-116.000	506.000
2.420	0.000	-8.000	-32.000	351.000
2.430	-75.000	3.000	55.000	371.000
2.440	-146.000	12.000	143.000	275.000
2.450	-211.000	21.000	222.000	163.000
2.460	-269.000	28.000	293.000	207.000
2.470	-315.000	34.000	351.000	47.000
2.480	-357.000	38.000	401.000	856.000
2.490	-388.000	42.000	433.000	1795.000
2.500	-405.000	43.000	451.000	2593.000
2.510	-408.000	44.000	453.000	3317.000
2.520	-391.000	43.000	440.000	3258.000
2.530	-356.000	39.000	410.000	2700.000
2.540	-306.000	34.000	362.000	1928.000
2.550	-241.000	28.000	301.000	767.000
2.560	-168.000	21.000	231.000	-159.000
2.570	-91.000	15.000	150.000	-725.000
2.580	-12.000	10.000	64.000	-1085.000
2.590	63.000	6.000	-22.000	-909.000
2.600	135.000	2.000	-107.000	-738.000
2.610	200.000	-1.000	-181.000	-416.000
2.620	259.000	-3.000	-250.000	-375.000
2.630	309.000	-6.000	-312.000	-468.000
2.640	350.000	-8.000	-356.000	-882.000
2.650	379.000	-11.000	-382.000	-1369.000
2.660	396.000	-13.000	-397.000	-2023.000
2.670	398.000	-15.000	-397.000	-2507.000
2.680	384.000	-15.000	-379.000	-2719.000
2.690	353.000	-15.000	-346.000	-2509.000
2.700	306.000	-14.000	-297.000	-1924.000
2.710	245.000	-10.000	-236.000	-1061.000
2.720	175.000	-5.000	-165.000	-300.000
2.730	99.000	1.000	-86.000	321.000
2.740	22.000	7.000	-4.000	563.000
2.750	-55.000	14.000	79.000	708.000
2.760	-128.000	20.000	161.000	636.000
2.770	-195.000	27.000	234.000	471.000
2.780	-253.000	32.000	299.000	172.000
2.790	-304.000	37.000	357.000	257.000
2.800	-346.000	41.000	399.000	636.000
2.810	-377.000	44.000	423.000	1193.000
2.820	-396.000	45.000	435.000	1892.000
2.830	-400.000	45.000	433.000	2410.000
2.840	-389.000	41.000	414.000	2772.000
2.850	-361.000	34.000	380.000	2699.000
2.860	-317.000	25.000	329.000	2249.000
2.870	-260.000	14.000	267.000	1644.000
2.880	-192.000	2.000	195.000	899.000
2.890	-116.000	-11.000	114.000	103.000
2.900	-38.000	-23.000	29.000	-353.000
2.910	41.000	-35.000	-59.000	-743.000
2.920	114.000	-44.000	-140.000	-596.000
2.930	182.000	-51.000	-215.000	-447.000
2.940	243.000	-56.000	-289.000	-359.000
2.950	293.000	-59.000	-349.000	-120.000
2.960	335.000	-60.000	-393.000	-329.000
2.970	366.000	-60.000	-424.000	-726.000
2.980	384.000	-57.000	-442.000	-1165.000
2.990	389.000	-52.000	-444.000	-1697.000
3.000	381.000	-46.000	-429.000	-2302.000
3.010	356.000	-38.000	-398.000	-2435.000
3.020	314.000	-29.000	-348.000	-2057.000
3.030	259.000	-19.000	-286.000	-1538.000
3.040	193.000	-9.000	-213.000	-897.000
3.050	118.000	1.000	-128.000	-108.000
3.060	41.000	11.000	-40.000	298.000
3.070	-36.000	19.000	50.000	488.000
3.080	-111.000	27.000	142.000	598.000
3.090	-180.000	34.000	228.000	499.000
3.100	-241.000	40.000	303.000	297.000
3.110	-295.000	46.000	374.000	397.000
3.120	-339.000	51.000	427.000	623.000
3.130	-372.000	55.000	462.000	1016.000
3.140	-392.000	58.000	483.000	1442.000
3.150	-399.000	60.000	487.000	1961.000
3.160	-391.000	60.000	474.000	2329.000
3.170	-367.000	60.000	446.000	2398.000
3.180	-327.000	57.000	399.000	2102.000
3.190	-273.000	51.000	337.000	1560.000
3.200	-207.000	43.000	266.000	815.000
3.210	-132.000	33.000	183.000	-23.000
3.220	-55.000	22.000	96.000	-431.000
3.230	24.000	11.000	7.000	-815.000
3.240	100.000	0.000	-83.000	-927.000
3.250	171.000	-12.000	-163.000	-910.000
3.260	235.000	-22.000	-237.000	-859.000
3.270	289.000	-31.000	-306.000	-704.000
3.280	333.000	-39.000	-359.000	-699.000
3.290	365.000	-44.000	-395.000	-769.000
3.300	385.000	-48.000	-419.000	-1034.000
3.310	391.000	-50.000	-428.000	-1298.000
3.320	386.000	-51.000	-422.000	-1920.000
3.330	362.000	-50.000	-401.000	-1854.000
3.340	325.000	-45.000	-361.000	-1812.000
3.350	274.000	-38.000	-308.000	-1498.000
3.360	211.000	-29.000	-245.000	-971.000
3.370	140.000	-20.000	-170.000	-465.000
3.380	64.000	-10.000	-89.000	-22.000
3.390	-15.000	0.000	-5.000	459.000
3.400	-91.000	8.000	79.000	605.000
3.410	-163.000	16.000	163.000	686.000
3.420	-229.000	23.000	238.000	790.000
3.430	-286.000	28.000	304.000	844.000
3.440	-333.000	31.000	364.000	982.000
3.450	-368.000	33.000	405.000	1150.000
3.460	-391.000	34.000	429.000	1484.000
3.470	-400.000	34.000	440.000	1803.000
3.480	-397.000	33.000	436.000	2360.000
3.490	-377.000	30.000	416.000	2489.000
3.500	-341.000	26.000	378.000	2278.000
3.510	-291.000	20.000	323.000	1858.000
3.520	-230.000	14.000	259.000	1394.000
3.530	-159.000	7.000	184.000	745.000
3.540	-81.000	0.000	100.000	-5.000
3.550	-2.000	-6.000	14.000	-463.000
3.560	75.000	-12.000	-72.000	-665.000
3.570	148.000	-17.000	-151.000	-754.000
3.580	216.000	-21.000	-224.000	-945.000
3.590	274.000	-25.000	-292.000	-921.000
3.600	322.000	-27.000	-346.000	-970.000
3.610	359.000	-29.000	-382.000	-1161.000
3.620	382.000	-30.000	-406.000	-1268.000
3.630	392.000	-30.000	-415.000	-1510.000
3.640	389.000	-30.000	-409.000	-1889.000
3.650	370.000	-27.000	-386.000	-1995.000
3.660	336.000	-23.000	-346.000	-1897.000
3.670	288.000	-18.000	-292.000	-1589.000
3.680	228.000	-11.000	-226.000	-1129.000
3.690	159.000	-3.000	-149.000	-634.000
3.700	86.000	5.000	-68.000	-398.000
3.710	9.000	14.000	17.000	-55.000
3.720	-68.000	22.000	103.000	239.000
3.730	-141.000	31.000	186.000	355.000
3.740	-209.000	39.000	260.000	524.000
3.750	-271.000	46.000	329.000	908.000
3.760	-320.000	51.000	386.000	908.000
3.770	-359.000	55.000	425.000	1153.000
3.780	-386.000	57.000	450.000	1519.000
3.790	-398.000	57.000	460.000	1734.000
3.800	-397.000	56.000	455.000	2093.000
3.810	-379.000	51.000	435.000	2077.000
3.820	-345.000	44.000	397.000	1781.000
3.830	-299.000	35.000	342.000	1567.000
3.840	-241.000	24.000	276.000	1213.000
3.850	-174.000	13.000	202.000	839.000
3.860	-100.000	1.000	117.000	393.000
3.870	-23.000	-11.000	29.000	36.000
3.880	54.000	-22.000	-60.000	-226.000
3.890	129.000	-32.000	-144.000	-508.000
3.900	197.000	-40.000	-221.000	-541.000
3.910	258.000	-46.000	-293.000	-665.000
3.920	309.000	-51.000	-354.000	-770.000
3.930	349.000	-53.000	-397.000	-959.000
3.940	377.000	-54.000	-427.000	-1261.000
3.950	390.000	-54.000	-443.000	-1413.000
3.960	391.000	-52.000	-443.000	-1835.000
3.970	374.000	-48.000	-427.000	-1759.000
3.980	343.000	-42.000	-394.000	-1659.000
3.990	298.000	-35.000	-343.000	-1394.000
4.000	241.000	-27.000	-280.000	-1027.000
4.010	175.000	-19.000	-207.000	-677.000
4.020	102.000	-10.000	-123.000	-287.000
4.030	27.000	-1.000	-36.000	-135.000
4.040	-50.000	7.000	52.000	151.000
4.050	-124.000	15.000	141.000	292.000
4.060	-194.000	22.000	224.000	517.000
4.070	-256.000	30.000	296.000	643.000
4.080	-311.000	36.000	363.000	1067.000
4.090	-353.000	41.000	413.000	1258.000
4.100	-384.000	46.000	444.000	1664.000
4.110	-400.000	48.000	462.000	1892.000
4.120	-403.000	50.000	465.000	2261.000
4.130	-388.000	50.000	450.000	2152.000
4.140	-358.000	48.000	420.000	1926.000
4.150	-313.000	44.000	371.000	1466.000
4.160	-257.000	38.000	309.000	1084.000
4.170	-191.000	31.000	239.000	638.000
4.180	-118.000	22.000	157.000	208.000
4.190	-42.000	13.000	72.000	-56.000
4.200	36.000	3.000	-16.000	-393.000
4.210	111.000	-6.000	-101.000	-537.000
4.220	182.000	-15.000	-179.000	-729.000
4.230	245.000	-23.000	-249.000	-794.000
4.240	300.000	-30.000	-314.000	-1022.000
4.250	343.000	-35.000	-361.000	-1146.000
4.260	373.000	-38.000	-393.000	-1246.000
4.270	390.000	-40.000	-412.000	-1444.000
4.280	393.000	-40.000	-416.000	-1666.000
4.290	381.000	-40.000	-406.000	-1786.000
4.300	354.000	-36.000	-379.000	-1756.000
4.310	313.000	-30.000	-335.000	-1591.000
4.320	259.000	-23.000	-278.000	-1246.000
4.330	194.000	-15.000	-210.000	-750.000
4.340	123.000	-7.000	-134.000	-434.000
4.350	47.000	2.000	-50.000	-75.000
4.360	-28.000	11.000	32.000	-54.000
4.370	-103.000	18.000	117.000	136.000
4.380	-174.000	25.000	198.000	321.000
4.390	-241.000	31.000	270.000	803.000
4.400	-298.000	36.000	335.000	1106.000
4.410	-343.000	39.000	388.000	1264.000
4.420	-377.000	40.000	421.000	1605.000
4.430	-396.000	41.000	441.000	1759.000
4.440	-402.000	41.000	447.000	2060.000
4.450	-393.000	38.000	436.000	2252.000
4.460	-368.000	33.000	410.000	2181.000
4.470	-328.000	27.000	366.000	1889.000
4.480	-275.000	20.000	306.000	1470.000
4.490	-212.000	12.000	238.000	1065.000
4.500	-140.000	3.000	158.000	513.000
4.510	-63.000	-5.000	72.000	2.000
4.520	13.000	-13.000	-15.000	-102.000
4.530	89.000	-20.000	-101.000	-320.000
4.540	161.000	-27.000	-179.000	-490.000
4.550	227.000	-32.000	-253.000	-693.000
4.560	284.000	-37.000	-319.000	-852.000
4.570	331.000	-40.000	-369.000	-1098.000
4.580	365.000	-42.000	-403.000	-1256.000
4.590	386.000	-43.000	-424.000	-1478.000
4.600	392.000	-43.000	-430.000	-1595.000
4.610	386.000	-42.000	-420.000	-1987.000
4.620	362.000	-38.000	-395.000	-1854.000
4.630	323.000	-32.000	-351.000	-1531.000
4.640	272.000	-25.000	-293.000	-1226.000
4.650	210.000	-17.000	-225.000	-827.000
4.660	141.000	-8.000	-146.000	-550.000
4.670	67.000	1.000	-61.000	-303.000
4.680	-9.000	11.000	25.000	-110.000
4.690	-85.000	20.000	112.000	134.000
4.700	-158.000	29.000	196.000	397.000
4.710	-224.000	37.000	271.000	519.000
4.720	-283.000	44.000	339.000	809.000
4.730	-332.000	50.000	396.000	1132.000
4.740	-369.000	54.000	433.000	1446.000
4.750	-392.000	56.000	457.000	1666.000
4.760	-400.000	56.000	465.000	1776.000
4.770	-396.000	56.000	458.000	2166.000
4.780	-373.000	52.000	435.000	1927.000
4.790	-337.000	46.000	395.000	1768.000
4.800	-287.000	37.000	338.000	1390.000
4.810	-226.000	28.000	271.000	964.000
4.820	-157.000	18.000	194.000	584.000
4.830	-82.000	7.000	109.000	178.000
4.840	-5.000	-4.000	21.000	-104.000
4.850	71.000	-14.000	-68.000	-266.000
4.860	144.000	-23.000	-150.000	-423.000
4.870	212.000	-31.000	-225.000	-654.000
4.880	272.000	-37.000	-297.000	-884.000
4.890	321.000	-42.000	-355.000	-1013.000
4.900	358.000	-45.000	-394.000	-1149.000
4.910	382.000	-47.000	-421.000	-1322.000
4.920	392.000	-47.000	-434.000	-1501.000
4.930	389.000	-47.000	-431.000	-1829.000
4.940	369.000	-43.000	-412.000	-1778.000
4.950	334.000	-38.000	-376.000	-1556.000
4.960	286.000	-32.000	-323.000	-1266.000
4.970	227.000	-24.000	-259.000	-941.000
4.980	160.000	-16.000	-185.000	-680.000
4.990	87.000	-8.000	-102.000	-411.000
5.000	10.000	0.000	-15.000	-52.000
5.010	-67.000	8.000	72.000	243.000
5.020	-140.000	16.000	157.000	350.000
5.030	-208.000	23.000	235.000	501.000
5.040	-270.000	30.000	305.000	861.000
5.050	-322.000	35.000	368.000	1182.000
5.060	-362.000	39.000	412.000	1450.000
5.070	-390.000	42.000	439.000	1834.000
5.080	-402.000	44.000	454.000	1947.000
5.090	-402.000	44.000	452.000	2341.000
5.100	-383.000	43.000	434.000	2125.000
5.110	-349.000	40.000	400.000	1786.000
5.120	-302.000	34.000	347.000	1427.000
5.130	-244.000	27.000	284.000	1076.000
5.140	-176.000	19.000	211.000	595.000
5.150	-101.000	11.000	127.000	69.000
5.160	-26.000	2.000	43.000	3.000
5.170	51.000	-7.000	-45.000	-247.000
5.180	125.000	-15.000	-127.000	-393.000
5.190	194.000	-23.000	-202.000	-537.000
5.200	256.000	-29.000	-273.000	-742.000
5.210	308.000	-34.000	-333.000	-906.000
5.220	350.000	-38.000	-376.000	-1254.000
5.230	379.000	-41.000	-403.000	-1568.000
5.240	393.000	-41.000	-419.000	-1729.000
5.250	394.000	-41.000	-419.000	-2045.000
5.260	377.000	-38.000	-403.000	-1887.000
5.270	345.000	-33.000	-371.000	-1608.000
5.280	299.000	-27.000	-322.000	-1203.000
5.290	242.000	-19.000	-261.000	-843.000
5.300	176.000	-11.000	-190.000	-505.000
5.310	104.000	-2.000	-109.000	-249.000
5.320	31.000	6.000	-26.000	-330.000
5.330	-45.000	15.000	60.000	-130.000
5.340	-119.000	23.000	146.000	46.000
5.350	-187.000	30.000	224.000	54.000
5.360	-252.000	36.000	295.000	573.000
5.370	-307.000	41.000	358.000	958.000
5.380	-351.000	45.000	406.000	1343.000
5.390	-384.000	47.000	436.000	1903.000
5.400	-402.000	47.000	453.000	2257.000
5.410	-404.000	47.000	455.000	2383.000
5.420	-390.000	44.000	439.000	2312.000
5.430	-360.000	39.000	409.000	2006.000
5.440	-316.000	31.000	359.000	1603.000
5.450	-258.000	23.000	297.000	928.000
5.460	-193.000	14.000	226.000	600.000
5.470	-121.000	5.000	144.000	274.000
5.480	-45.000	-4.000	58.000	-11.000
5.490	31.000	-13.000	-31.000	-121.000
5.500	106.000	-21.000	-118.000	-302.000
5.510	175.000	-28.000	-194.000	-278.000
5.520	239.000	-34.000	-268.000	-504.000
5.530	293.000	-39.000	-332.000	-620.000
5.540	338.000	-43.000	-379.000	-992.000
5.550	371.000	-46.000	-411.000	-1403.000
5.560	390.000	-46.000	-430.000	-1736.000
5.570	395.000	-46.000	-434.000	-2070.000
5.580	384.000	-45.000	-421.000	-2171.000
5.590	356.000	-40.000	-393.000	-1901.000
5.600	313.000	-34.000	-346.000	-1432.000
5.610	257.000	-27.000	-286.000	-846.000
5.620	192.000	-18.000	-216.000	-392.000
5.630	121.000	-10.000	-136.000	-116.000
5.640	46.000	-1.000	-49.000	87.000
5.650	-28.000	8.000	35.000	-27.000
5.660	-102.000	17.000	123.000	43.000
5.670	-172.000	25.000	206.000	118.000
5.680	-236.000	32.000	279.000	268.000
5.690	-293.000	39.000	346.000	636.000
5.700	-341.000	45.000	400.000	1184.000
5.710	-376.000	49.000	434.000	1602.000
5.720	-398.000	51.000	455.000	2047.000
5.730	-404.000	52.000	461.000	2238.000
5.740	-396.000	52.000	451.000	2460.000
5.750	-370.000	48.000	425.000	2185.000
5.760	-329.000	42.000	381.000	1734.000
5.770	-274.000	34.000	322.000	1074.000
5.780	-210.000	25.000	253.000	594.000
5.790	-139.000	15.000	175.000	219.000
5.800	-64.000	5.000	90.000	-25.000
5.810	13.000	-5.000	2.000	-251.000
5.820	88.000	-14.000	-85.000	-326.000
5.830	159.000	-22.000	-165.000	-369.000
5.840	224.000	-29.000	-239.000	-458.000
5.850	281.000	-35.000	-307.000	-630.000
5.860	329.000	-40.000	-360.000	-993.000
5.870	364.000	-43.000	-396.000	-1239.000
5.880	387.000	-44.000	-420.000	-1644.000
5.890	394.000	-44.000	-428.000	-1794.000
5.900	388.000	-43.000	-421.000	-2098.000
5.910	365.000	-39.000	-400.000	-2015.000
5.920	325.000	-34.000	-358.000	-1504.000
5.930	274.000	-27.000	-303.000	-1170.000
5.940	211.000	-19.000	-237.000	-639.000
5.950	141.000	-11.000	-160.000	-260.000
5.960	68.000	-3.000	-77.000	-171.000
5.970	-8.000	5.000	8.000	1.000
5.980	-84.000	13.000	95.000	220.000
5.990	-155.000	20.000	179.000	219.000
6.000	-222.000	27.000	255.000	466.000
6.010	-281.000	32.000	322.000	731.000
6.020	-330.000	37.000	381.000	1026.000
6.030	-368.000	41.000	420.000	1427.000
6.040	-393.000	43.000	444.000	1830.000
6.050	-403.000	44.000	454.000	2088.000
6.060	-400.000	44.000	448.000	2484.000
6.070	-378.000	42.000	426.000	2256.000
6.080	-342.000	37.000	386.000	1997.000
6.090	-291.000	30.000	330.000	1429.000
6.100	-230.000	23.000	265.000	974.000
6.110	-160.000	14.000	189.000	462.000
6.120	-85.000	5.000	105.000	73.000
6.130	-8.000	-5.000	18.000	-186.000
6.140	69.000	-13.000	-70.000	-436.000
6.150	142.000	-22.000	-150.000	-540.000
6.160	209.000	-29.000	-224.000	-604.000
6.170	268.000	-35.000	-294.000	-690.000
6.180	318.000	-39.000	-350.000	-926.000
6.190	356.000	-42.000	-389.000	-1141.000
6.200	381.000	-44.000	-415.000	-1376.000
6.210	392.000	-44.000	-426.000	-1603.000
6.220	390.000	-43.000	-422.000	-1971.000
6.230	371.000	-40.000	-403.000	-1957.000
6.240	336.000	-34.000	-366.000	-1653.000
6.250	288.000	-27.000	-313.000	-1305.000
6.260	229.000	-19.000	-249.000	-941.000
6.270	161.000	-11.000	-175.000	-540.000
6.280	87.000	-2.000	-91.000	-166.000
6.290	12.000	7.000	-7.000	-79.000
6.300	-64.000	16.000	80.000	102.000
6.310	-137.000	24.000	166.000	220.000
6.320	-205.000	31.000	243.000	369.000
6.330	-265.000	38.000	311.000	486.000
6.340	-318.000	43.000	375.000	947.000
6.350	-359.000	47.000	418.000	1321.000
6.360	-387.000	49.000	445.000	1668.000
6.370	-402.000	50.000	459.000	2098.000
6.380	-402.000	50.000	456.000	2402.000
6.390	-385.000	47.000	438.000	2348.000
6.400	-352.000	41.000	404.000	2031.000
6.410	-305.000	34.000	351.000	1581.000
6.420	-246.000	26.000	287.000	1049.000
6.430	-177.000	16.000	214.000	431.000
6.440	-103.000	7.000	130.000	34.000
6.450	-26.000	-3.000	42.000	-266.000
6.460	49.000	-12.000	-46.000	-232.000
6.470	123.000	-20.000	-130.000	-370.000
6.480	191.000	-27.000	-206.000	-382.000
6.490	252.000	-33.000	-279.000	-469.000
6.500	305.000	-39.000	-340.000	-759.000
6.510	347.000	-42.000	-384.000	-1086.000
6.520	376.000	-45.000	-413.000	-1376.000
6.530	392.000	-45.000	-430.000	-1747.000
6.540	394.000	-45.000	-430.000	-2115.000
6.550	379.000	-43.000	-415.000	-2119.000
6.560	347.000	-39.000	-384.000	-1745.000
6.570	302.000	-33.000	-334.000	-1386.000
6.580	244.000	-25.000	-273.000	-840.000
6.590	176.000	-17.000	-200.000	-244.000
6.600	105.000	-9.000	-120.000	-135.000
6.610	30.000	0.000	-34.000	5.000
6.620	-46.000	9.000	52.000	145.000
6.630	-118.000	17.000	138.000	31.000
6.640	-187.000	24.000	219.000	143.000
6.650	-251.000	31.000	290.000	504.000
6.660	-305.000	37.000	355.000	753.000
6.670	-350.000	42.000	405.000	1252.000
6.680	-383.000	46.000	435.000	1781.000
6.690	-401.000	48.000	453.000	2106.000
6.700	-405.000	48.000	456.000	2439.000
6.710	-392.000	47.000	442.000	2421.000
6.720	-362.000	43.000	413.000	2046.000
6.730	-317.000	37.000	364.000	1477.000
6.740	-261.000	29.000	303.000	1021.000
6.750	-196.000	20.000	234.000	648.000
6.760	-123.000	11.000	152.000	178.000
6.770	-46.000	1.000	66.000	-213.000
6.780	29.000	-8.000	-22.000	-169.000
6.790	103.000	-17.000	-106.000	-215.000
6.800	173.000	-24.000	-184.000	-303.000
6.810	238.000	-31.000	-257.000	-611.000
6.820	293.000	-37.000	-322.000	-786.000
6.830	338.000	-40.000	-369.000	-1084.000
6.840	371.000	-43.000	-402.000	-1431.000
6.850	389.000	-44.000	-422.000	-1594.000
6.860	393.000	-44.000	-427.000	-1787.000
6.870	383.000	-42.000	-416.000	-2005.000
6.880	356.000	-37.000	-390.000	-1830.000
6.890	315.000	-31.000	-344.000	-1559.000
6.900	261.000	-24.000	-286.000	-1141.000
6.910	197.000	-16.000	-218.000	-718.000
6.920	126.000	-7.000	-139.000	-364.000
6.930	51.000	1.000	-55.000	-110.000
6.940	-25.000	10.000	31.000	38.000
6.950	-101.000	18.000	119.000	310.000
6.960	-171.000	25.000	201.000	310.000
6.970	-236.000	31.000	273.000	507.000
6.980	-293.000	37.000	341.000	792.000
6.990	-340.000	41.000	395.000	1152.000
7.000	-375.000	44.000	429.000	1528.000
7.010	-396.000	46.000	450.000	1819.000
7.020	-403.000	46.000	456.000	2114.000
7.030	-396.000	46.000	447.000	2420.000
7.040	-371.000	42.000	421.000	2216.000
7.050	-331.000	36.000	377.000	1827.000
7.060	-277.000	29.000	317.000	1225.000
7.070	-215.000	21.000	251.000	918.000
7.080	-143.000	12.000	171.000	346.000
7.090	-68.000	2.000	86.000	71.000
7.100	9.000	-7.000	-2.000	-170.000
7.110	85.000	-16.000	-89.000	-362.000
7.120	157.000	-24.000	-168.000	-490.000
7.130	223.000	-31.000	-242.000	-640.000
7.140	281.000	-36.000	-310.000	-855.000
7.150	328.000	-41.000	-363.000	-1015.000
7.160	363.000	-44.000	-398.000	-1209.000
7.170	385.000	-45.000	-421.000	-1452.000
7.180	392.000	-45.000	-429.000	-1583.000
7.190	386.000	-45.000	-422.000	-1871.000
7.200	363.000	-41.000	-399.000	-1775.000
7.210	327.000	-35.000	-359.000	-1721.000
7.220	276.000	-28.000	-302.000	-1300.000
7.230	213.000	-20.000	-235.000	-708.000
7.240	145.000	-11.000	-159.000	-523.000
7.250	71.000	-2.000	-76.000	-254.000
7.260	-6.000	7.000	11.000	52.000
7.270	-80.000	16.000	96.000	20.000
7.280	-153.000	24.000	182.000	269.000
7.290	-220.000	31.000	256.000	477.000
7.300	-280.000	38.000	324.000	819.000
7.310	-330.000	43.000	385.000	1169.000
7.320	-368.000	46.000	423.000	1495.000
7.330	-393.000	48.000	448.000	1833.000
7.340	-403.000	49.000	458.000	2038.000
7.350	-399.000	49.000	453.000	2275.000
7.360	-377.000	45.000	432.000	2034.000
7.370	-341.000	39.000	394.000	1766.000
7.380	-291.000	32.000	338.000	1312.000
7.390	-231.000	24.000	272.000	955.000
7.400	-161.000	15.000	195.000	417.000
7.410	-88.000	6.000	112.000	248.000
7.420	-12.000	-3.000	25.000	63.000
7.430	64.000	-12.000	-64.000	-114.000
7.440	139.000	-21.000	-147.000	-493.000
7.450	206.000	-28.000	-222.000	-538.000
7.460	266.000	-34.000	-292.000	-715.000
7.470	317.000	-39.000	-350.000	-1017.000
7.480	356.000	-42.000	-389.000	-1282.000
7.490	382.000	-44.000	-416.000	-1553.000
7.500	394.000	-45.000	-429.000	-1810.000
7.510	391.000	-45.000	-426.000	-1972.000
7.520	372.000	-41.000	-408.000	-1910.000
7.530	337.000	-36.000	-373.000	-1571.000
7.540	288.000	-30.000	-319.000	-1082.000
7.550	229.000	-22.000	-256.000	-725.000
7.560	161.000	-14.000	-182.000	-337.000
7.570	89.000	-6.000	-100.000	-214.000
7.580	14.000	3.000	-14.000	-108.000
7.590	-61.000	11.000	72.000	-39.000
7.600	-132.000	19.000	157.000	-140.000
7.610	-201.000	26.000	236.000	168.000
7.620	-263.000	33.000	305.000	517.000
7.630	-318.000	39.000	368.000	1160.000
7.640	-361.000	44.000	413.000	1677.000
7.650	-391.000	46.000	440.000	2140.000
7.660	-405.000	47.000	455.000	2316.000
7.670	-405.000	47.000	453.000	2534.000
7.680	-386.000	45.000	436.000	2180.000
7.690	-352.000	40.000	403.000	1737.000
7.700	-303.000	33.000	350.000	1072.000
7.710	-245.000	25.000	288.000	717.000
7.720	-179.000	17.000	215.000	480.000
7.730	-105.000	8.000	131.000	52.000
7.740	-31.000	-1.000	46.000	86.000
7.750	44.000	-10.000	-43.000	56.000
7.760	117.000	-19.000	-126.000	-4.000
7.770	186.000	-26.000	-202.000	-172.000
7.780	249.000	-32.000	-274.000	-490.000
7.790	303.000	-38.000	-335.000	-844.000
7.800	347.000	-42.000	-379.000	-1334.000
7.810	378.000	-44.000	-409.000	-1754.000
7.820	394.000	-45.000	-426.000	-2000.000
7.830	396.000	-45.000	-427.000	-2269.000
7.840	380.000	-42.000	-412.000	-2079.000
7.850	348.000	-36.000	-381.000	-1668.000
7.860	301.000	-30.000	-332.000	-1051.000
7.870	243.000	-22.000	-271.000	-532.000
7.880	178.000	-14.000	-200.000	-311.000
7.890	107.000	-6.000	-120.000	-167.000
7.900	33.000	3.000	-35.000	-126.000
7.910	-41.000	11.000	51.000	-195.000
7.920	-114.000	18.000	138.000	-143.000
7.930	-183.000	26.000	219.000	-24.000
7.940	-247.000	32.000	289.000	332.000
7.950	-304.000	38.000	355.000	916.000
7.960	-350.000	42.000	405.000	1449.000
7.970	-384.000	46.000	435.000	2003.000
7.980	-403.000	47.000	453.000	2349.000
7.990	-406.000	47.000	456.000	2467.000
8.000	-393.000	46.000	442.000	2393.000
8.010	-363.000	41.000	413.000	1976.000
8.020	-319.000	35.000	365.000	1494.000
8.030	-263.000	27.000	304.000	999.000
8.040	-197.000	18.000	234.000	485.000
8.050	-124.000	9.000	152.000	26.000
8.060	-49.000	0.000	66.000	-116.000
8.070	26.000	-9.000	-22.000	-91.000
8.080	100.000	-18.000	-108.000	-140.000
8.090	170.000	-25.000	-186.000	-221.000
8.100	234.000	-32.000	-259.000	-396.000
8.110	290.000	-38.000	-324.000	-687.000
8.120	335.000	-42.000	-372.000	-954.000
8.130	369.000	-45.000	-405.000	-1387.000
8.140	389.000	-46.000	-426.000	-1732.000
8.150	395.000	-46.000	-430.000	-2073.000
8.160	386.000	-45.000	-419.000	-2299.000
8.170	358.000	-40.000	-393.000	-1904.000
8.180	316.000	-34.000	-347.000	-1460.000
8.190	261.000	-26.000	-289.000	-909.000
8.200	196.000	-18.000	-221.000	-383.000
8.210	126.000	-9.000	-142.000	-184.000
8.220	51.000	0.000	-57.000	53.000
8.230	-25.000	9.000	29.000	177.000
8.240	-98.000	17.000	115.000	72.000
8.250	-167.000	25.000	199.000	-14.000
8.260	-232.000	32.000	272.000	218.000
8.270	-289.000	38.000	339.000	518.000
8.280	-337.000	43.000	395.000	998.000
8.290	-374.000	46.000	430.000	1581.000
8.300	-397.000	48.000	451.000	2036.000
8.310	-405.000	49.000	458.000	2349.000
8.320	-399.000	48.000	449.000	2673.000
8.330	-374.000	44.000	425.000	2372.000
8.340	-334.000	38.000	381.000	1912.000
8.350	-280.000	30.000	323.000	1260.000
8.360	-216.000	22.000	256.000	687.000
8.370	-143.000	12.000	177.000	23.000
8.380	-68.000	3.000	92.000	-205.000
8.390	9.000	-6.000	4.000	-398.000
8.400	84.000	-15.000	-84.000	-428.000
8.410	154.000	-22.000	-163.000	-298.000
8.420	219.000	-29.000	-238.000	-345.000
8.430	277.000	-35.000	-307.000	-580.000
8.440	324.000	-39.000	-360.000	-747.000
8.450	360.000	-42.000	-397.000	-1055.000
8.460	384.000	-44.000	-421.000	-1501.000
8.470	394.000	-44.000	-430.000	-1912.000
8.480	389.000	-44.000	-423.000	-2197.000
8.490	368.000	-41.000	-402.000	-2222.000
8.500	330.000	-35.000	-361.000	-1810.000
8.510	279.000	-29.000	-305.000	-1338.000
8.520	214.000	-21.000	-239.000	-481.000
8.530	145.000	-12.000	-164.000	-203.000
8.540	70.000	-3.000	-80.000	134.000
8.550	-5.000	5.000	5.000	140.000
8.560	-80.000	13.000	91.000	204.000
8.570	-152.000	21.000	177.000	291.000
8.580	-218.000	28.000	252.000	357.000
8.590	-276.000	34.000	320.000	458.000
8.600	-326.000	40.000	380.000	835.000
8.610	-365.000	44.000	420.000	1289.000
8.620	-391.000	46.000	445.000	1726.000
8.630	-403.000	47.000	455.000	2123.000
8.640	-401.000	47.000	450.000	2518.000
8.650	-381.000	45.000	430.000	2409.000
8.660	-346.000	39.000	392.000	2141.000
8.670	-296.000	32.000	337.000	1580.000
8.680	-235.000	24.000	272.000	1030.000
8.690	-164.000	15.000	197.000	344.000
8.700	-88.000	5.000	112.000	-168.000
8.710	-11.000	-5.000	26.000	-392.000
8.720	65.000	-14.000	-62.000	-478.000
8.730	138.000	-22.000	-144.000	-545.000
8.740	204.000	-29.000	-219.000	-444.000
8.750	263.000	-35.000	-289.000	-493.000
8.760	313.000	-39.000	-348.000	-682.000
8.770	352.000	-42.000	-387.000	-961.000
8.780	379.000	-44.000	-414.000	-1354.000
8.790	392.000	-44.000	-428.000	-1705.000
8.800	391.000	-44.000	-425.000	-2058.000
8.810	374.000	-41.000	-408.000	-2154.000
8.820	340.000	-36.000	-372.000	-1833.000
8.830	292.000	-29.000	-318.000	-1368.000
8.840	233.000	-21.000	-257.000	-925.000
8.850	165.000	-13.000	-183.000	-477.000
8.860	92.000	-4.000	-101.000	-200.000
8.870	15.000	5.000	-15.000	136.000
8.880	-60.000	13.000	70.000	151.000
8.890	-133.000	21.000	157.000	231.000
8.900	-202.000	28.000	236.000	446.000
8.910	-263.000	34.000	305.000	599.000
8.920	-315.000	40.000	368.000	843.000
8.930	-357.000	44.000	414.000	1260.000
8.940	-386.000	46.000	441.000	1634.000
8.950	-401.000	47.000	456.000	1963.000
8.960	-403.000	47.000	455.000	2416.000
8.970	-386.000	46.000	439.000	2254.000
8.980	-354.000	41.000	405.000	1972.000
8.990	-309.000	34.000	353.000	1678.000
9.000	-251.000	27.000	290.000	1172.000
9.010	-183.000	18.000	217.000	593.000
9.020	-110.000	8.000	135.000	248.000
9.030	-33.000	-1.000	49.000	-103.000
9.040	44.000	-10.000	-39.000	-321.000
9.050	119.000	-19.000	-124.000	-527.000
9.060	188.000	-26.000	-201.000	-575.000
9.070	251.000	-33.000	-273.000	-792.000
9.080	303.000	-38.000	-335.000	-827.000
9.090	345.000	-42.000	-380.000	-1050.000
9.100	374.000	-44.000	-410.000	-1248.000
9.110	390.000	-45.000	-427.000	-1538.000
9.120	392.000	-45.000	-429.000	-1837.000
9.130	378.000	-42.000	-414.000	-1901.000
9.140	348.000	-38.000	-384.000	-1698.000
9.150	305.000	-32.000	-334.000	-1487.000
9.160	249.000	-25.000	-275.000	-1076.000
9.170	183.000	-16.000	-203.000	-609.000
9.180	112.000	-8.000	-123.000	-394.000
9.190	37.000	1.000	-38.000	-192.000
9.200	-39.000	10.000	47.000	-25.000
9.210	-115.000	18.000	135.000	326.000
9.220	-184.000	26.000	215.000	333.000
9.230	-248.000	33.000	286.000	593.000
9.240	-304.000	39.000	352.000	977.000
9.250	-349.000	43.000	403.000	1343.000
9.260	-381.000	46.000	434.000	1640.000
9.270	-400.000	48.000	453.000	2002.000
9.280	-403.000	48.000	457.000	2130.000
9.290	-391.000	46.000	444.000	2178.000
9.300	-363.000	42.000	416.000	1977.000
9.310	-321.000	36.000	368.000	1675.000
9.320	-266.000	28.000	308.000	1218.000
9.330	-201.000	19.000	238.000	747.000
9.340	-129.000	10.000	157.000	334.000
9.350	-52.000	1.000	70.000	-106.000
9.360	24.000	-8.000	-17.000	-195.000
9.370	99.000	-17.000	-104.000	-328.000
9.380	169.000	-24.000	-181.000	-352.000
9.390	233.000	-31.000	-254.000	-473.000
9.400	290.000	-37.000	-321.000	-828.000
9.410	336.000	-41.000	-369.000	-1143.000
9.420	369.000	-44.000	-403.000	-1378.000
9.430	389.000	-45.000	-424.000	-1677.000
9.440	394.000	-45.000	-429.000	-1862.000
9.450	385.000	-43.000	-419.000	-2076.000
9.460	357.000	-39.000	-393.000	-1672.000
9.470	317.000	-33.000	-349.000	-1457.000
9.480	264.000	-26.000	-291.000	-1096.000
9.490	200.000	-18.000	-223.000	-619.000
9.500	130.000	-10.000	-145.000	-354.000
9.510	55.000	-1.000	-60.000	-77.000
9.520	-20.000	7.000	25.000	-47.000
9.530	-95.000	15.000	111.000	108.000
9.540	-167.000	23.000	196.000	338.000
9.550	-231.000	30.000	269.000	356.000
9.560	-289.000	36.000	336.000	709.000
9.570	-337.000	41.000	392.000	1109.000
9.580	-374.000	45.000	427.000	1625.000
9.590	-397.000	47.000	449.000	2022.000
9.600	-404.000	47.000	456.000	2170.000
9.610	-398.000	47.000	448.000	2476.000
9.620	-373.000	43.000	424.000	2161.000
9.630	-334.000	38.000	381.000	1808.000
9.640	-281.000	30.000	323.000	1248.000
9.650	-218.000	22.000	256.000	757.000
9.660	-147.000	12.000	178.000	286.000
9.670	-71.000	3.000	91.000	-121.000
9.680	4.000	-6.000	6.000	-100.000
9.690	80.000	-15.000	-83.000	-291.000
9.700	151.000	-23.000	-162.000	-280.000
9.710	218.000	-30.000	-236.000	-530.000
9.720	276.000	-36.000	-305.000	-691.000
9.730	324.000	-40.000	-359.000	-908.000
9.740	361.000	-43.000	-395.000	-1252.000
9.750	384.000	-45.000	-420.000	-1495.000
9.760	393.000	-45.000	-429.000	-1738.000
9.770	389.000	-44.000	-423.000	-2120.000
9.780	367.000	-41.000	-402.000	-1992.000
9.790	330.000	-35.000	-361.000	-1690.000
9.800	280.000	-28.000	-307.000	-1313.000
9.810	218.000	-20.000	-242.000	-772.000
9.820	147.000	-11.000	-164.000	-182.000
9.830	74.000	-2.000	-82.000	-67.000
9.840	-2.000	6.000	3.000	97.000
9.850	-78.000	15.000	90.000	277.000
9.860	-149.000	22.000	175.000	216.000
9.870	-215.000	29.000	251.000	268.000
9.880	-274.000	35.000	320.000	464.000
9.890	-325.000	40.000	380.000	911.000
9.900	-365.000	44.000	421.000	1417.000
9.910	-391.000	47.000	445.000	1777.000
9.920	-403.000	47.000	457.000	2112.000
9.930	-401.000	47.000	452.000	2455.000
9.940	-381.000	45.000	432.000	2307.000
9.950	-346.000	40.000	395.000	2009.000
9.960	-297.000	33.000	340.000	1545.000
9.970	-236.000	25.000	275.000	965.000
9.980	-167.000	15.000	200.000	496.000
9.990	-92.000	6.000	115.000	55.000
10.000	-14.000	-4.000	28.000	-332.000
10.010	61.000	-13.000	-59.000	-307.000
10.020	135.000	-21.000	-141.000	-504.000
10.030	202.000	-28.000	-217.000	-498.000
10.040	262.000	-34.000	-288.000	-616.000
10.050	313.000	-39.000	-347.000	-855.000
10.060	353.000	-43.000	-387.000	-1170.000
10.070	379.000	-45.000	-415.000	-1357.000
10.080	392.000	-45.000	-429.000	-1656.000
10.090	391.000	-45.000	-427.000	-1967.000
10.100	373.000	-42.000	-409.000	-1913.000
10.110	340.000	-37.000	-375.000	-1705.000
10.120	294.000	-30.000	-322.000	-1451.000
10.130	234.000	-22.000	-259.000	-839.000
10.140	168.000	-14.000	-187.000	-612.000
10.150	95.000	-5.000	-105.000	-291.000
10.160	19.000	3.000	-20.000	-47.000
10.170	-57.000	12.000	66.000	113.000
10.180	-132.000	20.000	154.000	417.000
10.190	-200.000	27.000	232.000	455.000
10.200	-261.000	34.000	302.000	573.000
10.210	-314.000	39.000	365.000	897.000
10.220	-356.000	43.000	412.000	1257.000
10.230	-386.000	46.000	440.000	1696.000
10.240	-401.000	47.000	455.000	1960.000
10.250	-403.000	47.000	455.000	2361.000
10.260	-387.000	45.000	439.000	2273.000
10.270	-355.000	41.000	407.000	1939.000
10.280	-310.000	34.000	355.000	1608.000
10.290	-253.000	27.000	293.000	1195.000
10.300	-185.000	18.000	221.000	583.000
10.310	-112.000	9.000	138.000	222.000
10.320	-35.000	-1.000	51.000	-133.000
10.330	41.000	-10.000	-37.000	-227.000
10.340	116.000	-18.000	-120.000	-438.000
10.350	186.000	-26.000	-198.000	-596.000
10.360	248.000	-32.000	-270.000	-659.000
10.370	302.000	-38.000	-333.000	-910.000
10.380	344.000	-41.000	-378.000	-1070.000
10.390	373.000	-44.000	-408.000	-1213.000
10.400	390.000	-44.000	-426.000	-1571.000
10.410	392.000	-44.000	-428.000	-1809.000
10.420	379.000	-42.000	-414.000	-1941.000
10.430	350.000	-38.000	-384.000	-1796.000
10.440	307.000	-32.000	-336.000	-1523.000
10.450	251.000	-25.000	-276.000	-1069.000
10.460	186.000	-16.000	-206.000	-692.000
10.470	113.000	-7.000	-124.000	-211.000
10.480	39.000	1.000	-41.000	-151.000
10.490	-38.000	10.000	46.000	124.000
10.500	-111.000	19.000	131.000	88.000
10.510	-182.000	26.000	213.000	351.000
10.520	-246.000	33.000	284.000	576.000
10.530	-301.000	39.000	350.000	808.000
10.540	-347.000	43.000	402.000	1275.000
10.550	-380.000	46.000	433.000	1648.000
10.560	-400.000	47.000	453.000	2069.000
10.570	-404.000	47.000	457.000	2244.000
10.580	-393.000	46.000	444.000	2334.000
10.590	-365.000	42.000	417.000	2054.000
10.600	-322.000	35.000	369.000	1578.000
10.610	-267.000	28.000	309.000	1103.000
10.620	-203.000	19.000	241.000	740.000
10.630	-131.000	10.000	160.000	307.000
10.640	-56.000	1.000	74.000	94.000
10.650	21.000	-8.000	-14.000	-148.000
10.660	97.000	-17.000	-101.000	-394.000
10.670	167.000	-24.000	-179.000	-383.000
10.680	233.000	-31.000	-254.000	-700.000
10.690	292.000	-37.000	-324.000	-1208.000
10.700	333.000	-41.000	-369.000	-830.000
10.710	366.000	-43.000	-402.000	-1077.000
10.720	386.000	-45.000	-424.000	-1379.000
10.730	392.000	-45.000	-430.000	-1679.000
10.740	384.000	-44.000	-420.000	-1984.000
10.750	360.000	-40.000	-395.000	-2006.000
10.760	321.000	-34.000	-351.000	-1795.000
10.770	268.000	-27.000	-293.000	-1331.000
10.780	204.000	-19.000	-226.000	-781.000
10.790	133.000	-11.000	-148.000	-353.000
10.800	57.000	-2.000	-64.000	48.000
10.810	-20.000	7.000	22.000	284.000
10.820	-96.000	16.000	109.000	483.000
10.830	-166.000	23.000	192.000	395.000
10.840	-230.000	30.000	266.000	377.000
10.850	-287.000	37.000	334.000	578.000
10.860	-334.000	41.000	390.000	846.000
10.870	-371.000	45.000	426.000	1362.000
10.880	-394.000	47.000	449.000	1755.000
10.890	-402.000	47.000	456.000	2011.000
10.900	-397.000	47.000	449.000	2403.000
10.910	-374.000	44.000	425.000	2277.000
10.920	-337.000	38.000	383.000	2082.000
10.930	-285.000	31.000	325.000	1544.000
10.940	-223.000	23.000	260.000	1082.000
10.950	-152.000	13.000	182.000	530.000
10.960	-74.000	3.000	96.000	-162.000
10.970	3.000	-6.000	10.000	-363.000
10.980	80.000	-15.000	-78.000	-609.000
10.990	153.000	-23.000	-159.000	-753.000
11.000	218.000	-30.000	-233.000	-657.000
11.010	275.000	-35.000	-302.000	-648.000
11.020	323.000	-40.000	-357.000	-836.000
11.030	359.000	-42.000	-394.000	-1034.000
11.040	382.000	-43.000	-419.000	-1267.000
11.050	391.000	-43.000	-429.000	-1500.000
11.060	388.000	-43.000	-423.000	-1987.000
11.070	367.000	-39.000	-402.000	-1944.000
11.080	332.000	-34.000	-363.000	-1833.000
11.090	282.000	-27.000	-308.000	-1385.000
11.100	222.000	-20.000	-243.000	-1028.000
11.110	153.000	-11.000	-168.000	-598.000
11.120	79.000	-3.000	-85.000	-278.000
11.130	1.000	6.000	2.000	156.000
11.140	-75.000	14.000	87.000	312.000
11.150	-148.000	22.000	173.000	454.000
11.160	-215.000	29.000	249.000	548.000
11.170	-274.000	35.000	318.000	656.000
11.180	-325.000	40.000	379.000	1026.000
11.190	-364.000	44.000	420.000	1350.000
11.200	-390.000	47.000	445.000	1673.000
11.210	-402.000	47.000	457.000	1975.000
11.220	-400.000	47.000	453.000	2290.000
11.230	-380.000	45.000	434.000	2120.000
11.240	-346.000	40.000	396.000	1923.000
11.250	-298.000	33.000	342.000	1546.000
11.260	-238.000	25.000	277.000	1044.000
11.270	-170.000	16.000	202.000	647.000
11.280	-95.000	7.000	118.000	160.000
11.290	-19.000	-3.000	32.000	-20.000
11.300	59.000	-12.000	-57.000	-395.000
11.310	132.000	-20.000	-139.000	-441.000
11.320	201.000	-28.000	-215.000	-652.000
11.330	262.000	-34.000	-286.000	-821.000
11.340	314.000	-40.000	-346.000	-1097.000
11.350	353.000	-43.000	-386.000	-1206.000
11.360	379.000	-45.000	-414.000	-1339.000
11.370	391.000	-45.000	-428.000	-1475.000
11.380	390.000	-45.000	-426.000	-1768.000
11.390	372.000	-42.000	-410.000	-1699.000
11.400	340.000	-37.000	-376.000	-1596.000
11.410	294.000	-31.000	-324.000	-1317.000
11.420	236.000	-23.000	-262.000	-923.000
11.430	171.000	-15.000	-189.000	-765.000
11.440	100.000	-6.000	-107.000	-628.000
11.450	24.000	3.000	-23.000	-314.000
11.460	-52.000	12.000	63.000	-111.000
11.470	-127.000	20.000	150.000	215.000
11.480	-198.000	28.000	229.000	609.000
11.490	-262.000	35.000	300.000	1007.000
11.500	-315.000	40.000	363.000	1206.000
11.510	-358.000	44.000	410.000	1578.000
11.520	-387.000	46.000	438.000	1794.000
11.530	-401.000	47.000	455.000	1876.000
11.540	-402.000	47.000	456.000	2127.000
11.550	-385.000	45.000	440.000	1917.000
11.560	-354.000	40.000	408.000	1717.000
11.570	-309.000	33.000	357.000	1381.000
11.580	-253.000	26.000	295.000	1085.000
11.590	-188.000	18.000	223.000	808.000
11.600	-115.000	9.000	139.000	381.000
11.610	-40.000	0.000	55.000	218.000
11.620	36.000	-9.000	-34.000	61.000
11.630	111.000	-17.000	-118.000	-188.000
11.640	183.000	-25.000	-196.000	-596.000
11.650	246.000	-32.000	-268.000	-738.000
11.660	302.000	-37.000	-332.000	-1161.000
11.670	345.000	-41.000	-377.000	-1341.000
11.680	376.000	-44.000	-407.000	-1614.000
11.690	391.000	-44.000	-426.000	-1614.000
11.700	393.000	-44.000	-429.000	-1795.000
11.710	379.000	-42.000	-415.000	-1765.000
11.720	349.000	-38.000	-386.000	-1491.000
11.730	306.000	-32.000	-338.000	-1231.000
11.740	251.000	-25.000	-278.000	-908.000
11.750	187.000	-17.000	-208.000	-643.000
11.760	117.000	-8.000	-128.000	-495.000
11.770	43.000	0.000	-43.000	-369.000
11.780	-32.000	9.000	42.000	-286.000
11.790	-107.000	17.000	129.000	-27.000
11.800	-179.000	25.000	211.000	347.000
11.810	-244.000	32.000	282.000	653.000
11.820	-301.000	39.000	348.000	1060.000
11.830	-348.000	43.000	400.000	1548.000
11.840	-381.000	47.000	432.000	1821.000
11.850	-401.000	48.000	452.000	2159.000
11.860	-405.000	48.000	456.000	2267.000
11.870	-393.000	46.000	444.000	2186.000
11.880	-364.000	42.000	417.000	1771.000
11.890	-322.000	35.000	371.000	1420.000
11.900	-268.000	28.000	311.000	1050.000
11.910	-203.000	19.000	242.000	548.000
11.920	-133.000	10.000	162.000	359.000
11.930	-59.000	1.000	76.000	238.000
11.940	18.000	-8.000	-13.000	-35.000
11.950	92.000	-16.000	-98.000	-60.000
11.960	163.000	-24.000	-176.000	-207.000
11.970	229.000	-31.000	-251.000	-523.000
11.980	286.000	-37.000	-317.000	-789.000
11.990	333.000	-41.000	-367.000	-1134.000
12.000	368.000	-44.000	-401.000	-1499.000
12.010	389.000	-45.000	-423.000	0.000
12.020	398.000	-45.000	-429.000	0.000
12.030	396.000	-44.000	-420.000	0.000
12.040	382.000	-39.000	-396.000	0.000
12.050	358.000	-31.000	-353.000	0.000
12.060	325.000	-21.000	-295.000	0.000
12.070	283.000	-8.000	-228.000	0.000
12.080	235.000	7.000	-149.000	0.000
12.090	181.000	26.000	-63.000	0.000
12.100	125.000	48.000	24.000	0.000
12.110	67.000	71.000	114.000	0.000
12.120	10.000	97.000	204.000	0.000
12.130	-45.000	123.000	288.000	0.000
12.140	-95.000	149.000	366.000	0.000
12.150	-139.000	174.000	436.000	0.000
12.160	-175.000	196.000	491.000	0.000
12.170	-201.000	215.000	535.000	0.000
12.180	-218.000	231.000	567.000	0.000
12.190	-224.000	241.000	583.000	0.000
12.200	-220.000	246.000	587.000	0.000
12.210	-204.000	247.000	579.000	0.000
12.220	-177.000	243.000	556.000	0.000
12.230	-140.000	233.000	520.000	0.000
12.240	-96.000	219.000	472.000	0.000
12.250	-44.000	202.000	415.000	0.000
12.260	12.000	184.000	348.000	0.000
12.270	72.000	165.000	275.000	0.000
12.280	132.000	146.000	198.000	0.000
12.290	192.000	128.000	119.000	0.000
12.300	250.000	112.000	42.000	0.000
12.310	304.000	99.000	-33.000	0.000
12.320	352.000	88.000	-98.000	0.000
12.330	392.000	80.000	-154.000	0.000
12.340	424.000	75.000	-201.000	0.000
12.350	447.000	72.000	-238.000	0.000
12.360	460.000	71.000	-259.000	0.000
12.370	463.000	71.000	-265.000	0.000
12.380	458.000	74.000	-260.000	0.000
12.390	441.000	79.000	-241.000	0.000
12.400	416.000	86.000	-205.000	0.000
12.410	383.000	94.000	-155.000	0.000
12.420	343.000	104.000	-97.000	0.000
12.430	297.000	115.000	-29.000	0.000
12.440	247.000	128.000	46.000	0.000
12.450	195.000	142.000	125.000	0.000
12.460	142.000	158.000	204.000	0.000
12.470	90.000	175.000	280.000	0.000
12.480	41.000	193.000	356.000	0.000
12.490	-5.000	211.000	424.000	0.000
12.500	-46.000	229.000	479.000	0.000
12.510	-79.000	246.000	527.000	0.000
12.520	-104.000	260.000	562.000	0.000
12.530	-120.000	272.000	584.000	0.000
12.540	-127.000	280.000	594.000	0.000
12.550	-126.000	284.000	593.000	0.000
12.560	-112.000	284.000	579.000	0.000
12.570	-90.000	280.000	553.000	0.000
12.580	-59.000	271.000	514.000	0.000
12.590	-21.000	257.000	466.000	0.000
12.600	23.000	240.000	412.000	0.000
12.610	72.000	221.000	349.000	0.000
12.620	123.000	201.000	281.000	0.000
12.630	175.000	180.000	211.000	0.000
12.640	227.000	159.000	137.000	0.000
12.650	274.000	141.000	71.000	0.000
12.660	320.000	124.000	4.000	0.000
12.670	358.000	110.000	-56.000	0.000
12.680	390.000	100.000	-104.000	0.000
12.690	415.000	92.000	-146.000	0.000
12.700	430.000	87.000	-177.000	0.000
12.710	437.000	86.000	-196.000	0.000
12.720	436.000	86.000	-204.000	0.000
12.730	425.000	87.000	-200.000	0.000
12.740	405.000	92.000	-185.000	0.000
12.750	378.000	98.000	-155.000	0.000
12.760	344.000	105.000	-112.000	0.000
12.770	303.000	113.000	-61.000	0.000
12.780	259.000	121.000	-3.000	0.000
12.790	212.000	130.000	63.000	0.000
12.800	163.000	140.000	130.000	0.000
12.810	115.000	150.000	198.000	0.000
12.820	67.000	161.000	263.000	0.000
12.830	21.000	172.000	328.000	0.000
12.840	-20.000	183.000	387.000	0.000
12.850	-55.000	194.000	431.000	0.000
12.860	-85.000	204.000	469.000	0.000
12.870	-107.000	213.000	496.000	0.000
12.880	-121.000	221.000	510.000	0.000
12.890	-127.000	225.000	513.000	0.000
12.900	-126.000	227.000	507.000	0.000
12.910	-114.000	227.000	489.000	0.000
12.920	-95.000	222.000	459.000	0.000
12.930	-68.000	213.000	420.000	0.000
12.940	-35.000	200.000	371.000	0.000
12.950	3.000	184.000	317.000	0.000
12.960	45.000	166.000	258.000	0.000
12.970	89.000	146.000	194.000	0.000
12.980	133.000	125.000	129.000	0.000
12.990	177.000	105.000	67.000	0.000
13.000	217.000	85.000	4.000	0.000
13.010	254.000	67.000	-53.000	0.000
13.020	286.000	52.000	-101.000	0.000
13.030	311.000	40.000	-144.000	0.000
13.040	329.000	31.000	-179.000	0.000
13.050	339.000	25.000	-204.000	0.000
13.060	341.000	22.000	-219.000	0.000
13.070	337.000	22.000	-223.000	0.000
13.080	322.000	23.000	-219.000	0.000
13.090	300.000	28.000	-205.000	0.000
13.100	272.000	34.000	-178.000	0.000
13.110	238.000	41.000	-140.000	0.000
13.120	200.000	49.000	-95.000	0.000
13.130	158.000	57.000	-44.000	0.000
13.140	114.000	65.000	12.000	0.000
13.150	70.000	73.000	72.000	0.000
13.160	25.000	80.000	130.000	0.000
13.170	-17.000	87.000	187.000	0.000
13.180	-56.000	94.000	239.000	0.000
13.190	-92.000	102.000	287.000	0.000
13.200	-122.000	108.000	329.000	0.000
13.210	-146.000	114.000	359.000	0.000
13.220	-163.000	119.000	378.000	0.000
13.230	-173.000	123.000	388.000	0.000
13.240	-176.000	126.000	389.000	0.000
13.250	-173.000	126.000	379.000	0.000
13.260	-161.000	126.000	360.000	0.000
13.270	-143.000	121.000	327.000	0.000
13.280	-118.000	114.000	287.000	0.000
13.290	-88.000	104.000	242.000	0.000
13.300	-54.000	90.000	188.000	0.000
13.310	-17.000	75.000	134.000	0.000
13.320	21.000	58.000	78.000	0.000
13.330	60.000	40.000	19.000	0.000
13.340	98.000	21.000	-37.000	0.000
13.350	133.000	3.000	-86.000	0.000
13.360	164.000	-14.000	-133.000	0.000
13.370	190.000	-28.000	-174.000	0.000
13.380	210.000	-40.000	-207.000	0.000
13.390	224.000	-49.000	-235.000	0.000
13.400	231.000	-55.000	-253.000	0.000
13.410	231.000	-57.000	-262.000	0.000
13.420	224.000	-57.000	-262.000	0.000
13.430	209.000	-54.000	-256.000	0.000
13.440	188.000	-48.000	-240.000	0.000
13.450	161.000	-41.000	-213.000	0.000
13.460	129.000	-32.000	-178.000	0.000
13.470	94.000	-23.000	-138.000	0.000
13.480	57.000	-13.000	-92.000	0.000
13.490	18.000	-5.000	-42.000	0.000
13.500	-21.000	4.000	10.000	0.000
13.510	-59.000	11.000	63.000	0.000
13.520	-95.000	18.000	112.000	0.000
13.530	-127.000	23.000	158.000	0.000
13.540	-155.000	29.000	198.000	0.000
13.550	-179.000	33.000	230.000	0.000
13.560	-196.000	37.000	256.000	0.000
13.570	-208.000	40.000	274.000	0.000
13.580	-213.000	42.000	281.000	0.000
13.590	-213.000	44.000	280.000	0.000
13.600	-206.000	44.000	270.000	0.000
13.610	-192.000	44.000	250.000	0.000
13.620	-173.000	41.000	219.000	0.000
13.630	-149.000	36.000	181.000	0.000
13.640	-121.000	29.000	140.000	0.000
13.650	-89.000	20.000	93.000	0.000
13.660	-56.000	9.000	42.000	0.000
13.670	-21.000	-4.000	-8.000	0.000
13.680	14.000	-18.000	-56.000	0.000
13.690	50.000	-34.000	-106.000	0.000
13.700	78.000	-47.000	-144.000	0.000
13.710	104.000	-61.000	-181.000	0.000
13.720	127.000	-73.000	-213.000	0.000
13.730	143.000	-83.000	-239.000	0.000
13.740	154.000	-90.000	-257.000	0.000
13.750	159.000	-95.000	-267.000	0.000
13.760	158.000	-96.000	-269.000	0.000
13.770	150.000	-96.000	-267.000	0.000
13.780	134.000	-91.000	-256.000	0.000
13.790	115.000	-84.000	-237.000	0.000
13.800	90.000	-75.000	-209.000	0.000
13.810	61.000	-65.000	-176.000	0.000
13.820	30.000	-55.000	-138.000	0.000
13.830	-4.000	-44.000	-96.000	0.000
13.840	-37.000	-34.000	-51.000	0.000
13.850	-71.000	-25.000	-7.000	0.000
13.860	-103.000	-17.000	41.000	0.000
13.870	-131.000	-10.000	83.000	0.000
13.880	-156.000	-4.000	121.000	0.000
13.890	-178.000	0.000	157.000	0.000
13.900	-194.000	4.000	184.000	0.000
13.910	-205.000	6.000	203.000	0.000
13.920	-211.000	8.000	215.000	0.000
13.930	-212.000	10.000	219.000	0.000
13.940	-207.000	10.000	217.000	0.000
13.950	-196.000	10.000	207.000	0.000
13.960	-180.000	10.000	188.000	0.000
13.970	-160.000	9.000	159.000	0.000
13.980	-136.000	6.000	125.000	0.000
13.990	-108.000	1.000	86.000	0.000
14.000	-79.000	-5.000	43.000	0.000
14.010	-48.000	-12.000	0.000	0.000
14.020	-17.000	-21.000	-44.000	0.000
14.030	13.000	-31.000	-83.000	0.000
14.040	42.000	-41.000	-120.000	0.000
14.050	69.000	-52.000	-155.000	0.000
14.060	92.000	-62.000	-183.000	0.000
14.070	110.000	-71.000	-206.000	0.000
14.080	123.000	-79.000	-224.000	0.000
14.090	131.000	-84.000	-233.000	0.000
14.100	133.000	-87.000	-236.000	0.000
14.110	131.000	-87.000	-235.000	0.000
14.120	122.000	-86.000	-226.000	0.000
14.130	108.000	-81.000	-211.000	0.000
14.140	88.000	-73.000	-188.000	0.000
14.150	66.000	-64.000	-160.000	0.000
14.160	40.000	-53.000	-128.000	0.000
14.170	12.000	-41.000	-93.000	0.000
14.180	-16.000	-30.000	-54.000	0.000
14.190	-45.000	-19.000	-15.000	0.000
14.200	-73.000	-9.000	26.000	0.000
14.210	-98.000	0.000	65.000	0.000
14.220	-121.000	8.000	100.000	0.000
14.230	-140.000	13.000	133.000	0.000
14.240	-155.000	18.000	161.000	0.000
14.250	-165.000	21.000	182.000	0.000
14.260	-171.000	22.000	196.000	0.000
14.270	-171.000	23.000	204.000	0.000
14.280	-168.000	24.000	205.000	0.000
14.290	-159.000	24.000	202.000	0.000
14.300	-145.000	24.000	190.000	0.000
14.310	-127.000	23.000	171.000	0.000
14.320	-106.000	21.000	144.000	0.000
14.330	-81.000	19.000	112.000	0.000
14.340	-56.000	16.000	78.000	0.000
14.350	-29.000	12.000	40.000	0.000
14.360	-1.000	7.000	3.000	0.000
14.370	27.000	2.000	-34.000	0.000
14.380	53.000	-5.000	-68.000	0.000
14.390	77.000	-11.000	-97.000	0.000
14.400	98.000	-19.000	-124.000	0.000
14.410	116.000	-25.000	-146.000	0.000
14.420	130.000	-32.000	-160.000	0.000
14.430	139.000	-37.000	-169.000	0.000
14.440	143.000	-41.000	-173.000	0.000
14.450	144.000	-42.000	-173.000	0.000
14.460	139.000	-42.000	-166.000	0.000
14.470	128.000	-41.000	-153.000	0.000
14.480	114.000	-36.000	-134.000	0.000
14.490	96.000	-28.000	-109.000	0.000
14.500	75.000	-19.000	-80.000	0.000
14.510	51.000	-9.000	-50.000	0.000
14.520	27.000	2.000	-17.000	0.000
14.530	2.000	13.000	17.000	0.000
14.540	-23.000	24.000	52.000	0.000
14.550	-45.000	34.000	85.000	0.000
14.560	-66.000	43.000	116.000	0.000
14.570	-84.000	50.000	145.000	0.000
14.580	-98.000	55.000	169.000	0.000
14.590	-107.000	59.000	188.000	0.000
14.600	-112.000	61.000	203.000	0.000
14.610	-113.000	62.000	212.000	0.000
14.620	-111.000	62.000	214.000	0.000
14.630	-103.000	61.000	214.000	0.000
14.640	-90.000	59.000	206.000	0.000
14.650	-75.000	57.000	193.000	0.000
14.660	-56.000	55.000	172.000	0.000
14.670	-35.000	52.000	147.000	0.000
14.680	-12.000	49.000	118.000	0.000
14.690	12.000	47.000	86.000	0.000
14.700	36.000	44.000	54.000	0.000
14.710	59.000	40.000	21.000	0.000
14.720	82.000	37.000	-10.000	0.000
14.730	103.000	33.000	-38.000	0.000
14.740	121.000	29.000	-62.000	0.000
14.750	137.000	24.000	-82.000	0.000
14.760	148.000	20.000	-96.000	0.000
14.770	157.000	16.000	-105.000	0.000
14.780	161.000	12.000	-109.000	0.000
14.790	161.000	9.000	-109.000	0.000
14.800	158.000	8.000	-103.000	0.000
14.810	150.000	8.000	-91.000	0.000
14.820	138.000	8.000	-74.000	0.000
14.830	122.000	12.000	-53.000	0.000
14.840	104.000	18.000	-29.000	0.000
14.850	84.000	25.000	-2.000	0.000
14.860	63.000	34.000	26.000	0.000
14.870	41.000	43.000	55.000	0.000
14.880	19.000	53.000	83.000	0.000
14.890	-1.000	62.000	111.000	0.000
14.900	-20.000	71.000	137.000	0.000
14.910	-37.000	78.000	160.000	0.000
14.920	-50.000	84.000	179.000	0.000
14.930	-59.000	89.000	195.000	0.000
14.940	-65.000	91.000	206.000	0.000
14.950	-66.000	92.000	213.000	0.000
14.960	-66.000	92.000	215.000	0.000
14.970	-59.000	90.000	215.000	0.000
14.980	-49.000	86.000	209.000	0.000
14.990	-35.000	82.000	198.000	0.000
15.000	-19.000	77.000	182.000	0.000
