0.000	0.000	0.000	0.000	0.000
0.010	0.000	13.000	24.000	44.000
0.020	-1.000	14.000	27.000	282.000
0.030	-1.000	15.000	28.000	435.000
0.040	-1.000	16.000	30.000	621.000
0.050	0.000	16.000	31.000	697.000
0.060	3.000	17.000	32.000	542.000
0.070	8.000	17.000	32.000	170.000
0.080	14.000	18.000	32.000	-294.000
0.090	19.000	19.000	32.000	-633.000
0.100	23.000	20.000	32.000	-897.000
0.110	24.000	22.000	32.000	-892.000
0.120	24.000	24.000	31.000	-912.000
0.130	20.000	26.000	30.000	-610.000
0.140	15.000	28.000	29.000	-390.000
0.150	8.000	29.000	29.000	-106.000
0.160	1.000	29.000	29.000	19.000
0.170	-6.000	28.000	29.000	44.000
0.180	-11.000	25.000	29.000	-210.000
0.190	-16.000	20.000	29.000	-420.000
0.200	-21.000	14.000	29.000	-556.000
0.210	-26.000	7.000	29.000	-588.000
0.220	-32.000	-1.000	29.000	-378.000
0.230	-37.000	-9.000	28.000	-163.000
0.240	-43.000	-16.000	26.000	325.000
0.250	-47.000	-23.000	23.000	715.000
0.260	-50.000	-30.000	17.000	1165.000
0.270	-50.000	-35.000	11.000	1439.000
0.280	-47.000	-39.000	2.000	1567.000
0.290	-38.000	-42.000	-8.000	1212.000
0.300	-27.000	-44.000	-19.000	896.000
0.310	-13.000	-44.000	-31.000	451.000
0.320	1.000	-44.000	-43.000	196.000
0.330	15.000	-40.000	-54.000	33.000
0.340	27.000	-36.000	-64.000	113.000
0.350	37.000	-30.000	-73.000	323.000
0.360	45.000	-23.000	-79.000	577.000
0.370	52.000	-17.000	-82.000	690.000
0.380	59.000	-10.000	-82.000	518.000
0.390	64.000	-4.000	-82.000	300.000
0.400	68.000	1.000	-75.000	-108.000
0.410	70.000	6.000	-66.000	-577.000
0.420	70.000	11.000	-52.000	-1107.000
0.430	66.000	15.000	-35.000	-1445.000
0.440	57.000	20.000	-15.000	-1487.000
0.450	44.000	24.000	6.000	-1362.000
0.460	27.000	29.000	29.000	-1039.000
0.470	7.000	33.000	51.000	-598.000
0.480	-14.000	37.000	73.000	-208.000
0.490	-35.000	40.000	92.000	118.000
0.500	-53.000	42.000	111.000	138.000
0.510	-69.000	43.000	126.000	117.000
0.520	-81.000	43.000	138.000	-86.000
0.530	-90.000	43.000	147.000	-244.000
0.540	-96.000	40.000	150.000	-304.000
0.550	-98.000	37.000	150.000	-352.000
0.560	-98.000	32.000	148.000	-129.000
0.570	-97.000	27.000	140.000	442.000
0.580	-90.000	21.000	127.000	709.000
0.590	-79.000	14.000	108.000	931.000
0.600	-64.000	8.000	86.000	1065.000
0.610	-45.000	1.000	60.000	1056.000
0.620	-22.000	-5.000	33.000	841.000
0.630	3.000	-11.000	4.000	586.000
0.640	29.000	-16.000	-25.000	300.000
0.650	54.000	-19.000	-52.000	100.000
0.660	77.000	-21.000	-78.000	-32.000
0.670	97.000	-21.000	-101.000	-108.000
0.680	114.000	-21.000	-119.000	-239.000
0.690	126.000	-20.000	-132.000	-273.000
0.700	134.000	-17.000	-141.000	-412.000
0.710	136.000	-13.000	-144.000	-452.000
0.720	135.000	-9.000	-144.000	-782.000
0.730	126.000	-4.000	-136.000	-764.000
0.740	113.000	0.000	-123.000	-898.000
0.750	94.000	3.000	-102.000	-866.000
0.760	71.000	6.000	-76.000	-849.000
0.770	45.000	8.000	-47.000	-855.000
0.780	17.000	9.000	-15.000	-875.000
0.790	-14.000	10.000	18.000	-656.000
0.800	-46.000	10.000	52.000	-329.000
0.810	-77.000	10.000	83.000	0.000
0.820	-106.000	10.000	112.000	359.000
0.830	-132.000	8.000	136.000	759.000
0.840	-151.000	6.000	155.000	847.000
0.850	-165.000	4.000	167.000	1009.000
0.860	-171.000	1.000	172.000	953.000
0.870	-172.000	-1.000	173.000	1106.000
0.880	-164.000	-3.000	167.000	975.000
0.890	-150.000	-5.000	154.000	936.000
0.900	-128.000	-7.000	133.000	684.000
0.910	-102.000	-8.000	104.000	636.000
0.920	-73.000	-8.000	73.000	755.000
0.930	-40.000	-9.000	38.000	759.000
0.940	-6.000	-9.000	1.000	862.000
0.950	31.000	-9.000	-36.000	649.000
0.960	67.000	-9.000	-71.000	470.000
0.970	102.000	-9.000	-102.000	147.000
0.980	134.000	-8.000	-128.000	-225.000
0.990	163.000	-6.000	-148.000	-786.000
1.000	185.000	-4.000	-163.000	-1165.000
1.010	199.000	-1.000	-170.000	-1377.000
1.020	204.000	3.000	-171.000	-1406.000
1.030	203.000	7.000	-165.000	-1665.000
1.040	190.000	13.000	-152.000	-1404.000
1.050	169.000	18.000	-128.000	-1140.000
1.060	141.000	24.000	-98.000	-903.000
1.070	107.000	30.000	-63.000	-686.000
1.080	70.000	35.000	-23.000	-684.000
1.090	31.000	39.000	19.000	-804.000
1.100	-9.000	41.000	62.000	-951.000
1.110	-50.000	43.000	105.000	-925.000
1.120	-91.000	43.000	145.000	-674.000
1.130	-130.000	43.000	180.000	-278.000
1.140	-166.000	41.000	210.000	303.000
1.150	-196.000	38.000	233.000	848.000
1.160	-218.000	32.000	248.000	1266.000
1.170	-231.000	26.000	253.000	1562.000
1.180	-235.000	18.000	253.000	1819.000
1.190	-228.000	9.000	242.000	1825.000
1.200	-210.000	0.000	221.000	1599.000
1.210	-182.000	-8.000	188.000	1224.000
1.220	-146.000	-16.000	148.000	844.000
1.230	-104.000	-23.000	103.000	539.000
1.240	-59.000	-28.000	50.000	459.000
1.250	-13.000	-32.000	-6.000	589.000
1.260	34.000	-34.000	-61.000	669.000
1.270	79.000	-34.000	-113.000	832.000
1.280	123.000	-34.000	-160.000	721.000
1.290	165.000	-34.000	-203.000	289.000
1.300	201.000	-32.000	-238.000	-135.000
1.310	232.000	-29.000	-263.000	-839.000
1.320	254.000	-26.000	-278.000	-1440.000
1.330	267.000	-22.000	-283.000	-2052.000
1.340	268.000	-17.000	-278.000	-2370.000
1.350	255.000	-12.000	-263.000	-2214.000
1.360	229.000	-6.000	-233.000	-1731.000
1.370	192.000	0.000	-194.000	-1110.000
1.380	147.000	6.000	-147.000	-570.000
1.390	97.000	11.000	-93.000	-254.000
1.400	43.000	16.000	-32.000	-17.000
1.410	-11.000	20.000	30.000	-68.000
1.420	-63.000	23.000	91.000	-332.000
1.430	-114.000	25.000	149.000	-399.000
1.440	-162.000	27.000	202.000	-292.000
1.450	-205.000	28.000	248.000	-45.000
1.460	-243.000	29.000	286.000	522.000
1.470	-273.000	29.000	312.000	1173.000
1.480	-293.000	29.000	326.000	1792.000
1.490	-302.000	29.000	329.000	2348.000
1.500	-299.000	26.000	322.000	2767.000
1.510	-279.000	22.000	302.000	2465.000
1.520	-246.000	16.000	268.000	1956.000
1.530	-201.000	10.000	223.000	1253.000
1.540	-146.000	3.000	169.000	435.000
1.550	-88.000	-3.000	111.000	109.000
1.560	-26.000	-8.000	47.000	-193.000
1.570	35.000	-12.000	-21.000	-168.000
1.580	94.000	-15.000	-86.000	-47.000
1.590	149.000	-16.000	-144.000	107.000
1.600	200.000	-17.000	-197.000	18.000
1.610	245.000	-17.000	-244.000	-278.000
1.620	282.000	-16.000	-279.000	-722.000
1.630	310.000	-14.000	-303.000	-1341.000
1.640	327.000	-11.000	-314.000	-1991.000
1.650	331.000	-7.000	-315.000	-2500.000
1.660	322.000	-2.000	-303.000	-2897.000
1.670	296.000	4.000	-278.000	-2684.000
1.680	255.000	10.000	-237.000	-2088.000
1.690	202.000	16.000	-185.000	-1352.000
1.700	141.000	21.000	-127.000	-738.000
1.710	74.000	25.000	-61.000	-191.000
1.720	6.000	27.000	10.000	16.000
1.730	-62.000	28.000	81.000	140.000
1.740	-127.000	28.000	150.000	161.000
1.750	-188.000	28.000	213.000	286.000
1.760	-241.000	25.000	269.000	318.000
1.770	-287.000	22.000	316.000	643.000
1.780	-325.000	18.000	349.000	1305.000
1.790	-350.000	14.000	368.000	1823.000
1.800	-363.000	9.000	375.000	2449.000
1.810	-364.000	4.000	367.000	3207.000
1.820	-347.000	-1.000	345.000	3352.000
1.830	-314.000	-6.000	306.000	3143.000
1.840	-266.000	-12.000	252.000	2606.000
1.850	-204.000	-18.000	190.000	1702.000
1.860	-132.000	-23.000	117.000	698.000
1.870	-57.000	-28.000	40.000	117.000
1.880	20.000	-31.000	-40.000	-336.000
1.890	96.000	-33.000	-118.000	-679.000
1.900	166.000	-33.000	-188.000	-692.000
1.910	229.000	-33.000	-252.000	-648.000
1.920	283.000	-32.000	-309.000	-621.000
1.930	328.000	-29.000	-354.000	-866.000
1.940	360.000	-25.000	-381.000	-1077.000
1.950	380.000	-21.000	-394.000	-1527.000
1.960	387.000	-16.000	-394.000	-2141.000
1.970	381.000	-10.000	-378.000	-2907.000
1.980	357.000	-4.000	-346.000	-3163.000
1.990	316.000	3.000	-297.000	-2997.000
2.000	259.000	10.000	-234.000	-2541.000
2.010	189.000	18.000	-163.000	-1732.000
2.020	111.000	25.000	-83.000	-900.000
2.030	28.000	31.000	2.000	-47.000
2.040	-57.000	36.000	90.000	838.000
2.050	-137.000	40.000	173.000	1302.000
2.060	-210.000	42.000	251.000	1543.000
2.070	-273.000	42.000	323.000	1575.000
2.080	-322.000	42.000	383.000	1251.000
2.090	-360.000	41.000	425.000	1212.000
2.100	-384.000	38.000	453.000	1222.000
2.110	-395.000	36.000	463.000	1490.000
2.120	-395.000	33.000	458.000	2231.000
2.130	-377.000	29.000	437.000	2509.000
2.140	-345.000	26.000	397.000	2766.000
2.150	-298.000	22.000	339.000	2714.000
2.160	-237.000	17.000	270.000	2292.000
2.170	-164.000	12.000	191.000	1512.000
2.180	-81.000	7.000	102.000	342.000
2.190	4.000	1.000	12.000	-574.000
2.200	88.000	-5.000	-79.000	-1303.000
2.210	168.000	-10.000	-163.000	-1893.000
2.220	237.000	-15.000	-237.000	-1900.000
2.230	296.000	-18.000	-306.000	-1856.000
2.240	341.000	-22.000	-363.000	-1564.000
2.250	372.000	-25.000	-400.000	-1275.000
2.260	389.000	-27.000	-422.000	-1129.000
2.270	393.000	-29.000	-429.000	-1289.000
2.280	384.000	-31.000	-422.000	-1700.000
2.290	359.000	-32.000	-398.000	-1902.000
2.300	321.000	-32.000	-356.000	-2150.000
2.310	268.000	-32.000	-299.000	-2002.000
2.320	203.000	-29.000	-231.000	-1625.000
2.330	129.000	-25.000	-155.000	-1107.000
2.340	48.000	-20.000	-73.000	-367.000
2.350	-37.000	-14.000	13.000	566.000
2.360	-119.000	-8.000	97.000	1210.000
2.370	-196.000	-1.000	176.000	1742.000
2.380	-263.000	4.000	247.000	1934.000
2.390	-319.000	9.000	311.000	2027.000
2.400	-361.000	12.000	363.000	1931.000
2.410	-390.000	15.000	395.000	1982.000
2.420	-404.000	16.000	414.000	2037.000
2.430	-404.000	17.000	418.000	2261.000
2.440	-388.000	17.000	406.000	2366.000
2.450	-356.000	17.000	379.000	2283.000
2.460	-310.000	14.000	333.000	2116.000
2.470	-253.000	11.000	275.000	2005.000
2.480	-183.000	8.000	208.000	1431.000
2.490	-105.000	4.000	130.000	743.000
2.500	-23.000	1.000	48.000	77.000
2.510	60.000	-2.000	-35.000	-587.000
2.520	141.000	-4.000	-116.000	-1264.000
2.530	215.000	-5.000	-187.000	-1719.000
2.540	279.000	-5.000	-252.000	-1964.000
2.550	330.000	-5.000	-309.000	-1965.000
2.560	368.000	-4.000	-350.000	-1988.000
2.570	390.000	-2.000	-375.000	-1841.000
2.580	398.000	1.000	-384.000	-1879.000
2.590	393.000	3.000	-381.000	-2204.000
2.600	370.000	5.000	-361.000	-2132.000
2.610	334.000	7.000	-324.000	-2200.000
2.620	284.000	9.000	-270.000	-2079.000
2.630	222.000	11.000	-206.000	-1793.000
2.640	150.000	12.000	-133.000	-1311.000
2.650	71.000	13.000	-52.000	-687.000
2.660	-11.000	14.000	32.000	-56.000
2.670	-92.000	15.000	115.000	480.000
2.680	-170.000	15.000	193.000	1067.000
2.690	-241.000	16.000	263.000	1568.000
2.700	-301.000	16.000	327.000	1839.000
2.710	-350.000	16.000	377.000	2182.000
2.720	-383.000	16.000	406.000	2203.000
2.730	-402.000	16.000	424.000	2332.000
2.740	-406.000	15.000	426.000	2497.000
2.750	-395.000	13.000	410.000	2689.000
2.760	-367.000	10.000	380.000	2593.000
2.770	-324.000	7.000	330.000	2349.000
2.780	-268.000	3.000	268.000	2008.000
2.790	-199.000	-2.000	197.000	1321.000
2.800	-123.000	-8.000	115.000	738.000
2.810	-42.000	-13.000	29.000	129.000
2.820	41.000	-18.000	-58.000	-514.000
2.830	120.000	-23.000	-140.000	-852.000
2.840	195.000	-28.000	-215.000	-1294.000
2.850	259.000	-31.000	-283.000	-1333.000
2.860	313.000	-33.000	-342.000	-1445.000
2.870	354.000	-34.000	-384.000	-1505.000
2.880	381.000	-34.000	-410.000	-1581.000
2.890	393.000	-34.000	-422.000	-1665.000
2.900	393.000	-33.000	-421.000	-2144.000
2.910	375.000	-29.000	-402.000	-2217.000
2.920	341.000	-25.000	-367.000	-2092.000
2.930	293.000	-20.000	-315.000	-1867.000
2.940	233.000	-14.000	-250.000	-1562.000
2.950	163.000	-7.000	-175.000	-1139.000
2.960	85.000	-1.000	-93.000	-532.000
2.970	5.000	5.000	-8.000	-119.000
2.980	-77.000	11.000	80.000	498.000
2.990	-155.000	17.000	165.000	945.000
3.000	-226.000	21.000	241.000	1250.000
3.010	-287.000	24.000	311.000	1403.000
3.020	-338.000	27.000	372.000	1702.000
3.030	-375.000	28.000	411.000	1871.000
3.040	-398.000	29.000	436.000	2087.000
3.050	-406.000	29.000	447.000	2312.000
3.060	-401.000	29.000	441.000	2790.000
3.070	-377.000	27.000	419.000	2720.000
3.080	-337.000	24.000	379.000	2425.000
3.090	-283.000	20.000	323.000	1985.000
3.100	-217.000	16.000	256.000	1404.000
3.110	-141.000	12.000	179.000	639.000
3.120	-60.000	8.000	94.000	-32.000
3.130	24.000	4.000	6.000	-753.000
3.140	104.000	1.000	-80.000	-1067.000
3.150	180.000	-2.000	-160.000	-1406.000
3.160	247.000	-4.000	-231.000	-1517.000
3.170	303.000	-6.000	-296.000	-1506.000
3.180	347.000	-8.000	-349.000	-1528.000
3.190	378.000	-9.000	-382.000	-1651.000
3.200	395.000	-10.000	-400.000	-1868.000
3.210	398.000	-11.000	-405.000	-2221.000
3.220	385.000	-12.000	-394.000	-2439.000
3.230	356.000	-12.000	-366.000	-2464.000
3.240	311.000	-12.000	-322.000	-2180.000
3.250	253.000	-12.000	-262.000	-1774.000
3.260	183.000	-10.000	-193.000	-1114.000
3.270	105.000	-8.000	-116.000	-395.000
3.280	24.000	-5.000	-34.000	139.000
3.290	-59.000	-3.000	51.000	767.000
3.300	-138.000	0.000	131.000	1139.000
3.310	-210.000	3.000	206.000	1303.000
3.320	-274.000	5.000	273.000	1501.000
3.330	-326.000	7.000	333.000	1544.000
3.340	-367.000	9.000	375.000	1804.000
3.350	-394.000	10.000	400.000	2062.000
3.360	-406.000	10.000	412.000	2305.000
3.370	-405.000	10.000	409.000	2801.000
3.380	-386.000	10.000	390.000	2884.000
3.390	-352.000	8.000	353.000	2870.000
3.400	-302.000	5.000	301.000	2482.000
3.410	-239.000	0.000	238.000	1900.000
3.420	-165.000	-4.000	165.000	1100.000
3.430	-83.000	-9.000	84.000	140.000
3.440	1.000	-14.000	0.000	-608.000
3.450	83.000	-18.000	-83.000	-1086.000
3.460	160.000	-20.000	-160.000	-1357.000
3.470	229.000	-22.000	-230.000	-1449.000
3.480	288.000	-22.000	-294.000	-1470.000
3.490	334.000	-22.000	-346.000	-1344.000
3.500	368.000	-22.000	-380.000	-1422.000
3.510	387.000	-19.000	-399.000	-1459.000
3.520	393.000	-17.000	-405.000	-1771.000
3.530	386.000	-13.000	-396.000	-2312.000
3.540	363.000	-10.000	-370.000	-2626.000
3.550	323.000	-6.000	-325.000	-2506.000
3.560	269.000	-1.000	-267.000	-2182.000
3.570	203.000	3.000	-198.000	-1663.000
3.580	127.000	8.000	-120.000	-914.000
3.590	47.000	12.000	-37.000	-333.000
3.600	-37.000	16.000	50.000	473.000
3.610	-118.000	19.000	135.000	1012.000
3.620	-193.000	21.000	213.000	1343.000
3.630	-259.000	23.000	285.000	1485.000
3.640	-314.000	24.000	349.000	1532.000
3.650	-357.000	24.000	396.000	1629.000
3.660	-387.000	24.000	426.000	1834.000
3.670	-402.000	24.000	441.000	2013.000
3.680	-404.000	24.000	441.000	2455.000
3.690	-388.000	23.000	424.000	2508.000
3.700	-357.000	20.000	390.000	2501.000
3.710	-312.000	17.000	338.000	2398.000
3.720	-254.000	13.000	274.000	2111.000
3.730	-183.000	9.000	201.000	1396.000
3.740	-105.000	3.000	117.000	710.000
3.750	-21.000	-2.000	30.000	-187.000
3.760	63.000	-8.000	-58.000	-923.000
3.770	143.000	-12.000	-141.000	-1429.000
3.780	215.000	-17.000	-215.000	-1630.000
3.790	278.000	-20.000	-284.000	-1785.000
3.800	328.000	-23.000	-342.000	-1710.000
3.810	364.000	-24.000	-383.000	-1553.000
3.820	386.000	-25.000	-407.000	-1487.000
3.830	393.000	-25.000	-418.000	-1471.000
3.840	388.000	-25.000	-414.000	-1865.000
3.850	366.000	-25.000	-394.000	-1963.000
3.860	330.000	-23.000	-355.000	-2050.000
3.870	280.000	-20.000	-302.000	-1944.000
3.880	219.000	-17.000	-237.000	-1786.000
3.890	146.000	-12.000	-161.000	-1176.000
3.900	68.000	-8.000	-81.000	-680.000
3.910	-16.000	-3.000	5.000	195.000
3.920	-97.000	2.000	89.000	698.000
3.930	-175.000	6.000	170.000	1259.000
3.940	-246.000	10.000	243.000	1740.000
3.950	-305.000	13.000	309.000	1880.000
3.960	-352.000	15.000	364.000	1999.000
3.970	-385.000	16.000	399.000	2070.000
3.980	-404.000	17.000	420.000	2235.000
3.990	-407.000	17.000	426.000	2313.000
4.000	-396.000	17.000	417.000	2547.000
4.010	-368.000	15.000	392.000	2483.000
4.020	-325.000	12.000	347.000	2265.000
4.030	-269.000	9.000	289.000	1943.000
4.040	-198.000	5.000	219.000	1038.000
4.050	-125.000	2.000	143.000	857.000
4.060	-44.000	-2.000	59.000	225.000
4.070	38.000	-5.000	-26.000	-319.000
4.080	118.000	-8.000	-109.000	-808.000
4.090	195.000	-10.000	-186.000	-1487.000
4.100	260.000	-11.000	-252.000	-1603.000
4.110	315.000	-12.000	-313.000	-1781.000
4.120	358.000	-12.000	-359.000	-2013.000
4.130	385.000	-12.000	-386.000	-2002.000
4.140	397.000	-12.000	-400.000	-2018.000
4.150	396.000	-11.000	-400.000	-2330.000
4.160	377.000	-9.000	-383.000	-2268.000
4.170	342.000	-7.000	-350.000	-2033.000
4.180	294.000	-5.000	-299.000	-1834.000
4.190	233.000	-3.000	-236.000	-1431.000
4.200	163.000	0.000	-164.000	-1044.000
4.210	87.000	2.000	-84.000	-696.000
4.220	6.000	5.000	0.000	-146.000
4.230	-74.000	8.000	84.000	235.000
4.240	-152.000	10.000	165.000	721.000
4.250	-225.000	12.000	239.000	1288.000
4.260	-288.000	14.000	305.000	1655.000
4.270	-339.000	16.000	361.000	1898.000
4.280	-378.000	17.000	397.000	2257.000
4.290	-402.000	17.000	419.000	2514.000
4.300	-410.000	17.000	426.000	2661.000
4.310	-403.000	17.000	418.000	2846.000
4.320	-378.000	15.000	394.000	2656.000
4.330	-337.000	11.000	351.000	2264.000
4.340	-283.000	7.000	292.000	1858.000
4.350	-217.000	2.000	226.000	1304.000
4.360	-142.000	-3.000	148.000	676.000
4.370	-62.000	-8.000	64.000	116.000
4.380	19.000	-13.000	-22.000	-282.000
4.390	99.000	-17.000	-107.000	-679.000
4.400	174.000	-21.000	-183.000	-965.000
4.410	242.000	-23.000	-253.000	-1261.000
4.420	299.000	-25.000	-316.000	-1398.000
4.430	344.000	-26.000	-365.000	-1540.000
4.440	377.000	-26.000	-395.000	-1878.000
4.450	393.000	-26.000	-412.000	-1923.000
4.460	396.000	-25.000	-415.000	-2255.000
4.470	382.000	-22.000	-401.000	-2340.000
4.480	352.000	-19.000	-371.000	-2258.000
4.490	308.000	-15.000	-324.000	-2118.000
4.500	250.000	-10.000	-263.000	-1713.000
4.510	180.000	-6.000	-192.000	-1053.000
4.520	104.000	-1.000	-113.000	-567.000
4.530	23.000	4.000	-28.000	8.000
4.540	-58.000	8.000	58.000	436.000
4.550	-137.000	12.000	143.000	874.000
4.560	-210.000	15.000	220.000	1204.000
4.570	-273.000	17.000	290.000	1305.000
4.580	-326.000	19.000	353.000	1498.000
4.590	-368.000	20.000	396.000	1880.000
4.600	-395.000	20.000	423.000	2121.000
4.610	-407.000	20.000	436.000	2351.000
4.620	-405.000	20.000	433.000	2722.000
4.630	-385.000	20.000	415.000	2702.000
4.640	-350.000	18.000	378.000	2604.000
4.650	-300.000	15.000	324.000	2261.000
4.660	-237.000	11.000	259.000	1713.000
4.670	-163.000	7.000	185.000	940.000
4.680	-83.000	2.000	101.000	234.000
4.690	2.000	-2.000	13.000	-657.000
4.700	83.000	-6.000	-72.000	-1018.000
4.710	160.000	-9.000	-152.000	-1308.000
4.720	229.000	-12.000	-224.000	-1415.000
4.730	289.000	-14.000	-290.000	-1564.000
4.740	336.000	-16.000	-345.000	-1542.000
4.750	371.000	-17.000	-382.000	-1705.000
4.760	390.000	-17.000	-402.000	-1697.000
4.770	395.000	-17.000	-409.000	-1859.000
4.780	387.000	-17.000	-401.000	-2278.000
4.790	362.000	-17.000	-377.000	-2377.000
4.800	321.000	-16.000	-335.000	-2195.000
4.810	267.000	-13.000	-277.000	-1933.000
4.820	200.000	-10.000	-210.000	-1347.000
4.830	124.000	-6.000	-134.000	-655.000
4.840	45.000	-2.000	-52.000	-234.000
4.850	-37.000	1.000	32.000	326.000
4.860	-118.000	5.000	116.000	898.000
4.870	-193.000	8.000	194.000	1253.000
4.880	-259.000	11.000	263.000	1414.000
4.890	-315.000	13.000	327.000	1593.000
4.900	-360.000	14.000	375.000	1912.000
4.910	-390.000	15.000	404.000	2066.000
4.920	-406.000	15.000	421.000	2324.000
4.930	-409.000	15.000	422.000	2832.000
4.940	-392.000	14.000	407.000	2709.000
4.950	-361.000	12.000	376.000	2677.000
4.960	-314.000	8.000	326.000	2323.000
4.970	-254.000	4.000	265.000	1831.000
4.980	-182.000	0.000	193.000	1063.000
4.990	-104.000	-5.000	113.000	446.000
5.000	-22.000	-9.000	28.000	-166.000
5.010	60.000	-13.000	-57.000	-672.000
5.020	139.000	-16.000	-138.000	-1105.000
5.030	211.000	-17.000	-211.000	-1361.000
5.040	273.000	-19.000	-278.000	-1441.000
5.050	325.000	-19.000	-336.000	-1652.000
5.060	363.000	-19.000	-375.000	-1726.000
5.070	386.000	-19.000	-399.000	-1733.000
5.080	395.000	-18.000	-408.000	-1896.000
5.090	391.000	-16.000	-404.000	-2323.000
5.100	369.000	-14.000	-383.000	-2336.000
5.110	332.000	-11.000	-343.000	-2242.000
5.120	281.000	-8.000	-289.000	-1992.000
5.130	217.000	-5.000	-222.000	-1483.000
5.140	144.000	-1.000	-147.000	-935.000
5.150	66.000	3.000	-65.000	-487.000
5.160	-16.000	6.000	20.000	119.000
5.170	-97.000	10.000	105.000	636.000
5.180	-174.000	13.000	186.000	1092.000
5.190	-243.000	15.000	258.000	1370.000
5.200	-302.000	17.000	324.000	1575.000
5.210	-350.000	19.000	377.000	1861.000
5.220	-384.000	20.000	409.000	2064.000
5.230	-404.000	20.000	429.000	2338.000
5.240	-408.000	20.000	433.000	2505.000
5.250	-397.000	20.000	421.000	2698.000
5.260	-369.000	18.000	393.000	2602.000
5.270	-326.000	15.000	345.000	2360.000
5.280	-269.000	11.000	285.000	1903.000
5.290	-200.000	6.000	216.000	1238.000
5.300	-123.000	1.000	135.000	555.000
5.310	-42.000	-4.000	50.000	-20.000
5.320	40.000	-9.000	-36.000	-521.000
5.330	121.000	-13.000	-121.000	-1093.000
5.340	194.000	-17.000	-195.000	-1261.000
5.350	259.000	-20.000	-264.000	-1426.000
5.360	313.000	-22.000	-326.000	-1525.000
5.370	354.000	-23.000	-371.000	-1574.000
5.380	382.000	-23.000	-398.000	-1759.000
5.390	394.000	-23.000	-412.000	-1815.000
5.400	394.000	-23.000	-412.000	-2273.000
5.410	375.000	-21.000	-395.000	-2214.000
5.420	342.000	-19.000	-362.000	-2213.000
5.430	294.000	-15.000	-311.000	-1974.000
5.440	233.000	-11.000	-248.000	-1540.000
5.450	163.000	-7.000	-175.000	-1130.000
5.460	85.000	-3.000	-95.000	-531.000
5.470	3.000	1.000	-10.000	107.000
5.480	-78.000	5.000	74.000	561.000
5.490	-156.000	9.000	157.000	993.000
5.500	-227.000	12.000	232.000	1287.000
5.510	-288.000	14.000	300.000	1432.000
5.520	-339.000	16.000	358.000	1725.000
5.530	-377.000	17.000	397.000	2005.000
5.540	-401.000	17.000	420.000	2313.000
5.550	-409.000	17.000	429.000	2497.000
5.560	-403.000	17.000	423.000	2828.000
5.570	-379.000	16.000	401.000	2756.000
5.580	-339.000	13.000	360.000	2460.000
5.590	-285.000	10.000	303.000	2018.000
5.600	-219.000	6.000	237.000	1436.000
5.610	-144.000	2.000	160.000	787.000
5.620	-63.000	-2.000	76.000	94.000
5.630	20.000	-6.000	-10.000	-527.000
5.640	101.000	-9.000	-95.000	-992.000
5.650	177.000	-12.000	-172.000	-1336.000
5.660	245.000	-14.000	-242.000	-1566.000
5.670	301.000	-15.000	-306.000	-1537.000
5.680	345.000	-16.000	-355.000	-1545.000
5.690	376.000	-16.000	-387.000	-1658.000
5.700	393.000	-16.000	-404.000	-1868.000
5.710	395.000	-16.000	-407.000	-2098.000
5.720	382.000	-16.000	-395.000	-2332.000
5.730	353.000	-14.000	-365.000	-2371.000
5.740	309.000	-12.000	-318.000	-2212.000
5.750	251.000	-9.000	-257.000	-1793.000
5.760	181.000	-5.000	-186.000	-1122.000
5.770	105.000	-2.000	-109.000	-628.000
5.780	24.000	2.000	-26.000	-46.000
5.790	-58.000	5.000	59.000	503.000
5.800	-137.000	8.000	142.000	924.000
5.810	-210.000	11.000	217.000	1241.000
5.820	-274.000	14.000	286.000	1448.000
5.830	-328.000	16.000	348.000	1729.000
5.840	-368.000	17.000	389.000	1835.000
5.850	-395.000	17.000	414.000	2086.000
5.860	-407.000	17.000	426.000	2323.000
5.870	-406.000	17.000	423.000	2816.000
5.880	-386.000	16.000	404.000	2779.000
5.890	-350.000	13.000	366.000	2552.000
5.900	-300.000	9.000	312.000	2220.000
5.910	-237.000	5.000	248.000	1681.000
5.920	-164.000	0.000	174.000	1030.000
5.930	-84.000	-5.000	90.000	308.000
5.940	-2.000	-10.000	5.000	-246.000
5.950	81.000	-14.000	-81.000	-912.000
5.960	158.000	-18.000	-160.000	-1216.000
5.970	229.000	-20.000	-232.000	-1566.000
5.980	288.000	-22.000	-297.000	-1564.000
5.990	335.000	-22.000	-351.000	-1537.000
6.000	369.000	-22.000	-386.000	-1581.000
6.010	389.000	-22.000	-406.000	-1707.000
6.020	394.000	-22.000	-412.000	-1862.000
6.030	386.000	-19.000	-404.000	-2276.000
6.040	360.000	-17.000	-379.000	-2254.000
6.050	320.000	-14.000	-336.000	-2207.000
6.060	265.000	-10.000	-277.000	-1822.000
6.070	200.000	-7.000	-210.000	-1483.000
6.080	125.000	-3.000	-132.000	-878.000
6.090	45.000	1.000	-49.000	-296.000
6.100	-36.000	5.000	36.000	160.000
6.110	-117.000	9.000	122.000	763.000
6.120	-193.000	12.000	201.000	1258.000
6.130	-260.000	14.000	271.000	1532.000
6.140	-317.000	16.000	336.000	1803.000
6.150	-361.000	18.000	384.000	1967.000
6.160	-391.000	18.000	414.000	2113.000
6.170	-406.000	19.000	431.000	2248.000
6.180	-408.000	19.000	432.000	2655.000
6.190	-391.000	19.000	416.000	2565.000
6.200	-359.000	16.000	385.000	2443.000
6.210	-313.000	14.000	333.000	2246.000
6.220	-252.000	10.000	270.000	1647.000
6.230	-183.000	6.000	200.000	1257.000
6.240	-104.000	1.000	117.000	483.000
6.250	-22.000	-3.000	31.000	-139.000
6.260	60.000	-7.000	-55.000	-653.000
6.270	139.000	-11.000	-136.000	-1092.000
6.280	211.000	-14.000	-209.000	-1353.000
6.290	274.000	-17.000	-277.000	-1552.000
6.300	326.000	-18.000	-335.000	-1744.000
6.310	364.000	-19.000	-376.000	-1804.000
6.320	387.000	-20.000	-399.000	-1801.000
6.330	396.000	-20.000	-409.000	-1955.000
6.340	391.000	-20.000	-406.000	-2259.000
6.350	368.000	-18.000	-385.000	-2172.000
6.360	331.000	-16.000	-347.000	-2111.000
6.370	279.000	-13.000	-293.000	-1770.000
6.380	216.000	-9.000	-228.000	-1418.000
6.390	143.000	-5.000	-152.000	-880.000
6.400	66.000	-2.000	-72.000	-556.000
6.410	-16.000	2.000	12.000	66.000
6.420	-96.000	6.000	96.000	479.000
6.430	-174.000	9.000	178.000	1081.000
6.440	-244.000	12.000	250.000	1477.000
6.450	-303.000	14.000	315.000	1662.000
6.460	-351.000	16.000	368.000	1932.000
6.470	-385.000	16.000	402.000	2124.000
6.480	-404.000	17.000	421.000	2273.000
6.490	-409.000	17.000	426.000	2571.000
6.500	-398.000	16.000	416.000	2753.000
6.510	-369.000	14.000	389.000	2534.000
6.520	-327.000	11.000	343.000	2423.000
6.530	-270.000	7.000	283.000	1956.000
6.540	-202.000	2.000	215.000	1400.000
6.550	-125.000	-2.000	135.000	691.000
6.560	-43.000	-6.000	51.000	-21.000
6.570	40.000	-10.000	-35.000	-633.000
6.580	120.000	-14.000	-119.000	-1064.000
6.590	195.000	-16.000	-194.000	-1466.000
6.600	260.000	-18.000	-263.000	-1591.000
6.610	314.000	-18.000	-324.000	-1659.000
6.620	354.000	-19.000	-368.000	-1568.000
6.630	380.000	-19.000	-395.000	-1523.000
6.640	393.000	-19.000	-409.000	-1740.000
6.650	393.000	-18.000	-408.000	-2211.000
6.660	375.000	-16.000	-391.000	-2277.000
6.670	342.000	-14.000	-357.000	-2263.000
6.680	295.000	-11.000	-305.000	-2129.000
6.690	235.000	-8.000	-242.000	-1783.000
6.700	164.000	-4.000	-169.000	-1213.000
6.710	86.000	-1.000	-89.000	-603.000
6.720	4.000	3.000	-4.000	45.000
6.730	-78.000	7.000	81.000	622.000
6.740	-157.000	10.000	163.000	1155.000
6.750	-229.000	13.000	238.000	1532.000
6.760	-289.000	15.000	305.000	1515.000
6.770	-339.000	17.000	362.000	1677.000
6.780	-376.000	18.000	399.000	1851.000
6.790	-399.000	19.000	422.000	2072.000
6.800	-407.000	19.000	430.000	2300.000
6.810	-402.000	19.000	423.000	2780.000
6.820	-378.000	17.000	400.000	2712.000
6.830	-339.000	14.000	357.000	2536.000
6.840	-286.000	11.000	300.000	2192.000
6.850	-220.000	6.000	233.000	1574.000
6.860	-145.000	1.000	156.000	898.000
6.870	-63.000	-4.000	72.000	69.000
6.880	20.000	-9.000	-14.000	-547.000
6.890	103.000	-13.000	-100.000	-1240.000
6.900	178.000	-17.000	-177.000	-1422.000
6.910	245.000	-19.000	-247.000	-1523.000
6.920	301.000	-21.000	-310.000	-1505.000
6.930	344.000	-21.000	-360.000	-1404.000
6.940	374.000	-21.000	-392.000	-1428.000
6.950	391.000	-21.000	-409.000	-1680.000
6.960	394.000	-21.000	-412.000	-2058.000
6.970	381.000	-20.000	-400.000	-2296.000
6.980	352.000	-17.000	-371.000	-2337.000
6.990	309.000	-14.000	-324.000	-2297.000
7.000	251.000	-11.000	-262.000	-1858.000
7.010	182.000	-7.000	-192.000	-1289.000
7.020	106.000	-3.000	-114.000	-762.000
7.030	32.000	1.000	-38.000	-970.000
7.040	-51.000	5.000	46.000	-138.000
7.050	-134.000	8.000	131.000	854.000
7.060	-212.000	11.000	209.000	1750.000
7.070	-280.000	13.000	278.000	2314.000
7.080	-336.000	14.000	342.000	2662.000
7.090	-377.000	14.000	387.000	2715.000
7.100	-402.000	14.000	414.000	2583.000
7.110	-411.000	13.000	428.000	2399.000
7.120	-405.000	11.000	427.000	2317.000
7.130	-382.000	9.000	409.000	2042.000
7.140	-344.000	7.000	373.000	1729.000
7.150	-294.000	5.000	318.000	1553.000
7.160	-234.000	3.000	254.000	1480.000
7.170	-164.000	2.000	180.000	1206.000
7.180	-87.000	0.000	96.000	790.000
7.190	-8.000	-2.000	11.000	489.000
7.200	75.000	-4.000	-77.000	-313.000
7.210	153.000	-6.000	-156.000	-837.000
7.220	225.000	-8.000	-227.000	-1362.000
7.230	289.000	-11.000	-292.000	-1965.000
7.240	340.000	-13.000	-345.000	-2316.000
7.250	377.000	-14.000	-381.000	-2558.000
7.260	396.000	-15.000	-400.000	-2390.000
7.270	400.000	-15.000	-405.000	-2313.000
7.280	387.000	-15.000	-396.000	-2078.000
7.290	359.000	-15.000	-370.000	-1878.000
7.300	316.000	-14.000	-327.000	-1565.000
7.310	260.000	-11.000	-269.000	-1190.000
7.320	195.000	-8.000	-201.000	-969.000
7.330	122.000	-5.000	-125.000	-686.000
7.340	45.000	-1.000	-43.000	-480.000
7.350	-34.000	3.000	41.000	-213.000
7.360	-113.000	8.000	125.000	232.000
7.370	-188.000	12.000	202.000	710.000
7.380	-255.000	16.000	269.000	1080.000
7.390	-313.000	19.000	332.000	1542.000
7.400	-361.000	22.000	378.000	2207.000
7.410	-394.000	23.000	407.000	2645.000
7.420	-411.000	23.000	423.000	2906.000
7.430	-413.000	23.000	424.000	3190.000
7.440	-395.000	20.000	408.000	2890.000
7.450	-360.000	15.000	377.000	2367.000
7.460	-311.000	10.000	326.000	1845.000
7.470	-250.000	3.000	265.000	1328.000
7.480	-179.000	-3.000	194.000	767.000
7.490	-101.000	-9.000	113.000	199.000
7.500	-20.000	-14.000	27.000	-259.000
7.510	59.000	-18.000	-59.000	-409.000
7.520	134.000	-21.000	-140.000	-434.000
7.530	205.000	-23.000	-214.000	-702.000
7.540	268.000	-24.000	-282.000	-1017.000
7.550	321.000	-24.000	-340.000	-1414.000
7.560	361.000	-24.000	-381.000	-1753.000
7.570	388.000	-24.000	-406.000	-2208.000
7.580	399.000	-22.000	-416.000	-2506.000
7.590	395.000	-19.000	-412.000	-2817.000
7.600	372.000	-16.000	-392.000	-2624.000
7.610	333.000	-13.000	-353.000	-2251.000
7.620	279.000	-10.000	-298.000	-1658.000
7.630	213.000	-6.000	-230.000	-985.000
7.640	140.000	-3.000	-155.000	-531.000
7.650	60.000	0.000	-71.000	78.000
7.660	-19.000	3.000	13.000	239.000
7.670	-98.000	5.000	100.000	513.000
7.680	-172.000	7.000	182.000	653.000
7.690	-240.000	9.000	255.000	904.000
7.700	-300.000	11.000	323.000	1314.000
7.710	-349.000	13.000	376.000	1762.000
7.720	-385.000	15.000	409.000	2213.000
7.730	-406.000	16.000	429.000	2572.000
7.740	-412.000	17.000	434.000	2927.000
7.750	-402.000	18.000	422.000	3160.000
7.760	-373.000	18.000	394.000	2869.000
7.770	-329.000	17.000	346.000	2471.000
7.780	-270.000	14.000	286.000	1772.000
7.790	-199.000	10.000	217.000	909.000
7.800	-121.000	5.000	137.000	179.000
7.810	-39.000	0.000	53.000	-440.000
7.820	43.000	-5.000	-33.000	-864.000
7.830	121.000	-9.000	-117.000	-1028.000
7.840	194.000	-13.000	-191.000	-1214.000
7.850	258.000	-16.000	-260.000	-1276.000
7.860	311.000	-18.000	-321.000	-1290.000
7.870	352.000	-20.000	-365.000	-1384.000
7.880	380.000	-21.000	-392.000	-1603.000
7.890	393.000	-22.000	-406.000	-1802.000
7.900	394.000	-22.000	-406.000	-2375.000
7.910	377.000	-21.000	-390.000	-2527.000
7.920	344.000	-19.000	-356.000	-2467.000
7.930	296.000	-15.000	-306.000	-2183.000
7.940	235.000	-11.000	-244.000	-1715.000
7.950	162.000	-6.000	-173.000	-929.000
7.960	84.000	-1.000	-94.000	-374.000
7.970	1.000	4.000	-11.000	348.000
7.980	-80.000	8.000	73.000	756.000
7.990	-158.000	11.000	156.000	1153.000
8.000	-228.000	13.000	229.000	1304.000
8.010	-289.000	15.000	297.000	1449.000
8.020	-338.000	15.000	355.000	1510.000
8.030	-375.000	16.000	393.000	1716.000
8.040	-398.000	16.000	416.000	1962.000
8.050	-406.000	16.000	426.000	2208.000
8.060	-402.000	14.000	419.000	2819.000
8.070	-379.000	12.000	397.000	2857.000
8.080	-342.000	9.000	356.000	2885.000
8.090	-289.000	5.000	298.000	2477.000
8.100	-223.000	1.000	233.000	1811.000
8.110	-145.000	-3.000	154.000	748.000
8.120	-64.000	-7.000	71.000	70.000
8.130	20.000	-11.000	-14.000	-658.000
8.140	103.000	-14.000	-101.000	-1325.000
8.150	178.000	-16.000	-177.000	-1489.000
8.160	245.000	-17.000	-247.000	-1575.000
8.170	302.000	-17.000	-312.000	-1662.000
8.180	345.000	-17.000	-361.000	-1532.000
8.190	374.000	-17.000	-391.000	-1417.000
8.200	390.000	-17.000	-408.000	-1556.000
8.210	393.000	-17.000	-411.000	-1959.000
8.220	380.000	-16.000	-398.000	-2215.000
8.230	352.000	-14.000	-367.000	-2386.000
8.240	309.000	-12.000	-319.000	-2335.000
8.250	252.000	-10.000	-258.000	-2005.000
8.260	183.000	-7.000	-187.000	-1409.000
8.270	105.000	-3.000	-106.000	-629.000
8.280	25.000	1.000	-24.000	-165.000
8.290	-58.000	5.000	62.000	520.000
8.300	-138.000	9.000	145.000	1051.000
8.310	-212.000	13.000	222.000	1460.000
8.320	-276.000	16.000	290.000	1626.000
8.330	-330.000	18.000	351.000	1876.000
8.340	-369.000	20.000	393.000	1843.000
8.350	-395.000	21.000	418.000	1980.000
8.360	-406.000	21.000	431.000	2124.000
8.370	-404.000	21.000	427.000	2539.000
8.380	-384.000	20.000	408.000	2554.000
8.390	-349.000	17.000	370.000	2481.000
8.400	-300.000	13.000	316.000	2275.000
8.410	-237.000	9.000	252.000	1721.000
8.420	-164.000	3.000	178.000	1060.000
8.430	-84.000	-2.000	94.000	329.000
8.440	-2.000	-8.000	9.000	-231.000
8.450	81.000	-13.000	-78.000	-902.000
8.460	158.000	-17.000	-156.000	-1209.000
8.470	228.000	-20.000	-228.000	-1446.000
8.480	288.000	-22.000	-294.000	-1583.000
8.490	336.000	-23.000	-349.000	-1670.000
8.500	370.000	-23.000	-385.000	-1689.000
8.510	390.000	-23.000	-406.000	-1798.000
8.520	395.000	-22.000	-412.000	-1938.000
8.530	386.000	-20.000	-405.000	-2225.000
8.540	360.000	-18.000	-381.000	-2216.000
8.550	319.000	-14.000	-339.000	-2063.000
8.560	264.000	-11.000	-281.000	-1706.000
8.570	199.000	-8.000	-213.000	-1389.000
8.580	125.000	-4.000	-137.000	-916.000
8.590	45.000	0.000	-54.000	-327.000
8.600	-36.000	3.000	31.000	136.000
8.610	-116.000	6.000	116.000	627.000
8.620	-192.000	9.000	196.000	1147.000
8.630	-260.000	11.000	267.000	1556.000
8.640	-317.000	13.000	332.000	1821.000
8.650	-362.000	14.000	380.000	2096.000
8.660	-393.000	15.000	410.000	2334.000
8.670	-408.000	15.000	427.000	2429.000
8.680	-409.000	15.000	428.000	2689.000
8.690	-392.000	15.000	413.000	2597.000
8.700	-360.000	13.000	381.000	2473.000
8.710	-313.000	11.000	330.000	2158.000
8.720	-253.000	7.000	268.000	1696.000
8.730	-182.000	4.000	197.000	1067.000
8.740	-104.000	0.000	115.000	446.000
8.750	-23.000	-4.000	30.000	-52.000
8.760	59.000	-8.000	-56.000	-581.000
8.770	138.000	-11.000	-137.000	-1032.000
8.780	210.000	-14.000	-210.000	-1301.000
8.790	274.000	-16.000	-277.000	-1624.000
8.800	325.000	-17.000	-335.000	-1684.000
8.810	364.000	-18.000	-375.000	-1869.000
8.820	387.000	-19.000	-398.000	-1851.000
8.830	396.000	-19.000	-407.000	-1995.000
8.840	391.000	-19.000	-403.000	-2291.000
8.850	369.000	-17.000	-382.000	-2313.000
8.860	330.000	-15.000	-343.000	-1995.000
8.870	279.000	-12.000	-289.000	-1791.000
8.880	216.000	-8.000	-224.000	-1436.000
8.890	143.000	-4.000	-150.000	-895.000
8.900	65.000	0.000	-68.000	-452.000
8.910	-16.000	4.000	16.000	34.000
8.920	-97.000	8.000	101.000	570.000
8.930	-174.000	12.000	181.000	1039.000
8.940	-242.000	14.000	252.000	1212.000
8.950	-302.000	17.000	318.000	1562.000
8.960	-350.000	18.000	370.000	1849.000
8.970	-385.000	19.000	403.000	2169.000
8.980	-405.000	19.000	423.000	2423.000
8.990	-409.000	19.000	428.000	2574.000
9.000	-398.000	17.000	416.000	2755.000
9.010	-371.000	14.000	390.000	2767.000
9.020	-327.000	10.000	343.000	2380.000
9.030	-270.000	6.000	284.000	1923.000
9.040	-200.000	1.000	214.000	1141.000
9.050	-124.000	-4.000	135.000	596.000
9.060	-42.000	-8.000	49.000	-101.000
9.070	40.000	-12.000	-36.000	-585.000
9.080	119.000	-16.000	-120.000	-911.000
9.090	193.000	-18.000	-196.000	-1228.000
9.100	258.000	-20.000	-265.000	-1396.000
9.110	312.000	-21.000	-326.000	-1498.000
9.120	354.000	-21.000	-372.000	-1665.000
9.130	381.000	-21.000	-399.000	-1714.000
9.140	394.000	-21.000	-413.000	-1893.000
9.150	394.000	-20.000	-412.000	-2335.000
9.160	376.000	-18.000	-395.000	-2380.000
9.170	343.000	-16.000	-361.000	-2348.000
9.180	295.000	-13.000	-310.000	-2085.000
9.190	233.000	-10.000	-245.000	-1518.000
9.200	161.000	-7.000	-173.000	-882.000
9.210	84.000	-3.000	-92.000	-447.000
9.220	2.000	1.000	-7.000	176.000
9.230	-79.000	4.000	79.000	618.000
9.240	-156.000	8.000	161.000	925.000
9.250	-227.000	11.000	236.000	1233.000
9.260	-288.000	13.000	304.000	1389.000
9.270	-339.000	15.000	361.000	1690.000
9.280	-377.000	17.000	398.000	1976.000
9.290	-400.000	18.000	422.000	2173.000
9.300	-409.000	18.000	430.000	2499.000
9.310	-403.000	18.000	423.000	2828.000
9.320	-380.000	18.000	400.000	2870.000
9.330	-340.000	16.000	358.000	2552.000
9.340	-286.000	12.000	301.000	2093.000
9.350	-220.000	8.000	235.000	1498.000
9.360	-144.000	3.000	158.000	723.000
9.370	-62.000	-2.000	74.000	-73.000
9.380	21.000	-7.000	-11.000	-663.000
9.390	102.000	-11.000	-96.000	-1103.000
9.400	177.000	-15.000	-173.000	-1312.000
9.410	244.000	-17.000	-243.000	-1434.000
9.420	301.000	-19.000	-307.000	-1547.000
9.430	345.000	-20.000	-357.000	-1555.000
9.440	375.000	-20.000	-388.000	-1550.000
9.450	391.000	-20.000	-406.000	-1664.000
9.460	394.000	-20.000	-409.000	-2047.000
9.470	381.000	-18.000	-397.000	-2289.000
9.480	351.000	-16.000	-367.000	-2216.000
9.490	308.000	-13.000	-321.000	-2199.000
9.500	251.000	-10.000	-261.000	-1894.000
9.510	183.000	-6.000	-191.000	-1434.000
9.520	106.000	-2.000	-113.000	-764.000
9.530	25.000	2.000	-30.000	-158.000
9.540	-58.000	6.000	55.000	525.000
9.550	-138.000	9.000	139.000	1056.000
9.560	-211.000	12.000	215.000	1347.000
9.570	-275.000	14.000	284.000	1534.000
9.580	-329.000	15.000	347.000	1799.000
9.590	-370.000	16.000	389.000	2010.000
9.600	-396.000	16.000	415.000	2115.000
9.610	-407.000	16.000	428.000	2234.000
9.620	-405.000	16.000	425.000	2630.000
9.630	-385.000	14.000	406.000	2630.000
9.640	-350.000	12.000	369.000	2545.000
9.650	-300.000	9.000	314.000	2214.000
9.660	-238.000	5.000	250.000	1791.000
9.670	-165.000	1.000	176.000	1119.000
9.680	-85.000	-4.000	92.000	381.000
9.690	-3.000	-8.000	7.000	-185.000
9.700	79.000	-12.000	-79.000	-744.000
9.710	158.000	-15.000	-158.000	-1309.000
9.720	229.000	-17.000	-230.000	-1639.000
9.730	290.000	-19.000	-296.000	-1853.000
9.740	337.000	-20.000	-350.000	-1773.000
9.750	371.000	-20.000	-385.000	-1775.000
9.760	389.000	-20.000	-405.000	-1637.000
9.770	394.000	-20.000	-411.000	-1809.000
9.780	384.000	-18.000	-403.000	-2004.000
9.790	358.000	-16.000	-377.000	-2035.000
9.800	319.000	-14.000	-334.000	-2145.000
9.810	265.000	-11.000	-276.000	-1885.000
9.820	200.000	-8.000	-207.000	-1533.000
9.830	126.000	-4.000	-130.000	-1033.000
9.840	45.000	0.000	-46.000	-306.000
9.850	-35.000	4.000	37.000	35.000
9.860	-116.000	8.000	122.000	660.000
9.870	-193.000	12.000	202.000	1288.000
9.880	-260.000	15.000	270.000	1554.000
9.890	-318.000	17.000	335.000	1935.000
9.900	-362.000	19.000	382.000	2073.000
9.910	-392.000	20.000	412.000	2200.000
9.920	-407.000	20.000	428.000	2319.000
9.930	-408.000	20.000	429.000	2599.000
9.940	-391.000	19.000	414.000	2522.000
9.950	-359.000	16.000	382.000	2408.000
9.960	-312.000	12.000	331.000	2102.000
9.970	-252.000	8.000	269.000	1647.000
9.980	-183.000	3.000	198.000	1255.000
9.990	-105.000	-2.000	116.000	597.000
10.000	-23.000	-6.000	31.000	-47.000
10.010	59.000	-11.000	-55.000	-577.000
10.020	138.000	-14.000	-137.000	-1029.000
10.030	210.000	-17.000	-211.000	-1299.000
10.040	274.000	-19.000	-279.000	-1622.000
10.050	326.000	-20.000	-337.000	-1798.000
10.060	364.000	-21.000	-377.000	-1846.000
10.070	387.000	-21.000	-401.000	-1834.000
10.080	395.000	-21.000	-412.000	-1865.000
10.090	390.000	-19.000	-408.000	-2185.000
10.100	368.000	-17.000	-387.000	-2226.000
10.110	331.000	-15.000	-349.000	-2154.000
10.120	279.000	-12.000	-294.000	-1803.000
10.130	216.000	-9.000	-229.000	-1445.000
10.140	142.000	-5.000	-153.000	-785.000
10.150	65.000	-2.000	-72.000	-478.000
10.160	-16.000	2.000	12.000	14.000
10.170	-96.000	5.000	98.000	438.000
10.180	-173.000	8.000	179.000	932.000
10.190	-243.000	11.000	251.000	1356.000
10.200	-304.000	13.000	318.000	1795.000
10.210	-352.000	15.000	371.000	2039.000
10.220	-386.000	16.000	403.000	2211.000
10.230	-406.000	16.000	424.000	2461.000
10.240	-410.000	16.000	428.000	2610.000
10.250	-399.000	16.000	417.000	2788.000
10.260	-370.000	15.000	390.000	2566.000
10.270	-326.000	12.000	343.000	2220.000
10.280	-269.000	8.000	283.000	1794.000
10.290	-201.000	4.000	215.000	1268.000
10.300	-124.000	0.000	135.000	583.000
10.310	-43.000	-5.000	51.000	5.000
10.320	39.000	-9.000	-35.000	-499.000
10.330	119.000	-13.000	-118.000	-956.000
10.340	193.000	-16.000	-193.000	-1262.000
10.350	259.000	-18.000	-262.000	-1539.000
10.360	313.000	-19.000	-323.000	-1614.000
10.370	355.000	-20.000	-368.000	-1761.000
10.380	382.000	-20.000	-395.000	-1794.000
10.390	394.000	-20.000	-408.000	-1845.000
10.400	393.000	-20.000	-408.000	-2182.000
10.410	375.000	-18.000	-391.000	-2257.000
10.420	342.000	-15.000	-357.000	-2248.000
10.430	294.000	-12.000	-306.000	-2003.000
10.440	233.000	-9.000	-243.000	-1565.000
10.450	162.000	-5.000	-170.000	-1035.000
10.460	85.000	-1.000	-90.000	-571.000
10.470	4.000	3.000	-6.000	-42.000
10.480	-78.000	7.000	80.000	555.000
10.490	-155.000	10.000	161.000	870.000
10.500	-227.000	13.000	235.000	1301.000
10.510	-290.000	15.000	304.000	1673.000
10.520	-339.000	17.000	360.000	1687.000
10.530	-378.000	18.000	398.000	2090.000
10.540	-401.000	18.000	421.000	2266.000
10.550	-409.000	18.000	429.000	2460.000
10.560	-402.000	18.000	422.000	2682.000
10.570	-378.000	16.000	399.000	2636.000
10.580	-339.000	13.000	357.000	2476.000
10.590	-286.000	9.000	300.000	2145.000
10.600	-220.000	5.000	234.000	1538.000
10.610	-145.000	0.000	156.000	869.000
10.620	-62.000	-5.000	70.000	-71.000
10.630	20.000	-9.000	-14.000	-545.000
10.640	100.000	-13.000	-99.000	-891.000
10.650	176.000	-16.000	-176.000	-1254.000
10.660	244.000	-18.000	-247.000	-1499.000
10.670	300.000	-20.000	-311.000	-1481.000
10.680	345.000	-21.000	-360.000	-1614.000
10.690	376.000	-21.000	-392.000	-1712.000
10.700	392.000	-21.000	-409.000	-1794.000
10.710	394.000	-21.000	-412.000	-2037.000
10.720	381.000	-19.000	-399.000	-2281.000
10.730	352.000	-17.000	-370.000	-2327.000
10.740	307.000	-14.000	-322.000	-2057.000
10.750	250.000	-11.000	-262.000	-1780.000
10.760	181.000	-7.000	-191.000	-1224.000
10.770	105.000	-3.000	-113.000	-707.000
10.780	25.000	1.000	-29.000	-225.000
10.790	-58.000	5.000	57.000	474.000
10.800	-137.000	8.000	140.000	900.000
10.810	-210.000	11.000	216.000	1221.000
10.820	-275.000	14.000	286.000	1547.000
10.830	-329.000	16.000	348.000	1809.000
10.840	-370.000	17.000	390.000	2018.000
10.850	-397.000	18.000	416.000	2236.000
10.860	-409.000	18.000	429.000	2449.000
10.870	-406.000	18.000	426.000	2690.000
10.880	-385.000	17.000	407.000	2566.000
10.890	-350.000	14.000	371.000	2496.000
10.900	-300.000	11.000	316.000	2176.000
10.910	-237.000	7.000	253.000	1645.000
10.920	-164.000	2.000	178.000	1001.000
10.930	-83.000	-2.000	94.000	168.000
10.940	0.000	-7.000	8.000	-478.000
10.950	80.000	-10.000	-76.000	-755.000
10.960	157.000	-14.000	-156.000	-1091.000
10.970	227.000	-16.000	-228.000	-1350.000
10.980	288.000	-18.000	-294.000	-1620.000
10.990	336.000	-19.000	-348.000	-1698.000
11.000	370.000	-19.000	-383.000	-1711.000
11.010	390.000	-19.000	-404.000	-1815.000
11.020	395.000	-19.000	-410.000	-1952.000
11.030	386.000	-19.000	-402.000	-2236.000
11.040	360.000	-17.000	-377.000	-2225.000
11.050	320.000	-14.000	-334.000	-2187.000
11.060	266.000	-11.000	-277.000	-1924.000
11.070	199.000	-8.000	-209.000	-1336.000
11.080	124.000	-4.000	-131.000	-760.000
11.090	45.000	0.000	-50.000	-317.000
11.100	-37.000	4.000	35.000	259.000
11.110	-118.000	7.000	120.000	844.000
11.120	-192.000	11.000	198.000	1092.000
11.130	-259.000	13.000	268.000	1398.000
11.140	-316.000	15.000	333.000	1693.000
11.150	-361.000	17.000	381.000	1992.000
11.160	-392.000	17.000	409.000	2247.000
11.170	-407.000	17.000	426.000	2356.000
11.180	-409.000	17.000	427.000	2743.000
11.190	-392.000	16.000	412.000	2638.000
11.200	-360.000	14.000	380.000	2504.000
11.210	-313.000	10.000	329.000	2182.000
11.220	-254.000	6.000	267.000	1830.000
11.230	-183.000	2.000	196.000	1175.000
11.240	-105.000	-3.000	114.000	535.000
11.250	-22.000	-7.000	29.000	-210.000
11.260	60.000	-11.000	-57.000	-708.000
11.270	139.000	-15.000	-139.000	-1135.000
11.280	211.000	-17.000	-212.000	-1387.000
11.290	273.000	-19.000	-279.000	-1463.000
11.300	324.000	-20.000	-337.000	-1555.000
11.310	362.000	-20.000	-377.000	-1648.000
11.320	386.000	-20.000	-401.000	-1786.000
11.330	395.000	-20.000	-411.000	-1939.000
11.340	391.000	-19.000	-407.000	-2358.000
11.350	369.000	-17.000	-386.000	-2365.000
11.360	332.000	-14.000	-347.000	-2267.000
11.370	280.000	-11.000	-292.000	-1896.000
11.380	217.000	-8.000	-227.000	-1523.000
11.390	143.000	-4.000	-152.000	-851.000
11.400	63.000	0.000	-69.000	-186.000
11.410	-17.000	4.000	15.000	133.000
11.420	-98.000	7.000	100.000	652.000
11.430	-174.000	10.000	181.000	992.000
11.440	-244.000	13.000	254.000	1408.000
11.450	-302.000	15.000	320.000	1492.000
11.460	-350.000	16.000	373.000	1794.000
11.470	-385.000	17.000	406.000	2127.000
11.480	-405.000	18.000	426.000	2391.000
11.490	-409.000	18.000	430.000	2549.000
11.500	-398.000	18.000	419.000	2736.000
11.510	-370.000	16.000	392.000	2636.000
11.520	-327.000	13.000	344.000	2389.000
11.530	-270.000	9.000	284.000	1930.000
11.540	-202.000	5.000	216.000	1378.000
11.550	-125.000	0.000	136.000	673.000
11.560	-42.000	-5.000	51.000	-152.000
11.570	41.000	-9.000	-35.000	-741.000
11.580	120.000	-13.000	-119.000	-1037.000
11.590	194.000	-16.000	-194.000	-1331.000
11.600	259.000	-18.000	-263.000	-1482.000
11.610	313.000	-20.000	-324.000	-1570.000
11.620	354.000	-21.000	-369.000	-1611.000
11.630	382.000	-21.000	-396.000	-1789.000
11.640	394.000	-21.000	-410.000	-1841.000
11.650	393.000	-20.000	-410.000	-2179.000
11.660	375.000	-19.000	-393.000	-2254.000
11.670	342.000	-16.000	-359.000	-2246.000
11.680	293.000	-13.000	-308.000	-1885.000
11.690	234.000	-10.000	-246.000	-1701.000
11.700	163.000	-6.000	-173.000	-1145.000
11.710	85.000	-2.000	-92.000	-545.000
11.720	3.000	2.000	-8.000	95.000
11.730	-78.000	5.000	77.000	549.000
11.740	-156.000	9.000	160.000	982.000
11.750	-227.000	12.000	234.000	1277.000
11.760	-289.000	14.000	302.000	1538.000
11.770	-340.000	15.000	359.000	1811.000
11.780	-377.000	17.000	397.000	1959.000
11.790	-401.000	17.000	420.000	2276.000
11.800	-409.000	17.000	429.000	2467.000
11.810	-403.000	17.000	422.000	2804.000
11.820	-379.000	16.000	399.000	2735.000
11.830	-340.000	13.000	357.000	2559.000
11.840	-286.000	9.000	300.000	2098.000
11.850	-219.000	5.000	234.000	1386.000
11.860	-144.000	0.000	157.000	747.000
11.870	-63.000	-4.000	73.000	62.000
11.880	20.000	-8.000	-13.000	-554.000
11.890	101.000	-12.000	-98.000	-1013.000
11.900	176.000	-15.000	-175.000	-1238.000
11.910	244.000	-17.000	-245.000	-1487.000
11.920	300.000	-18.000	-309.000	-1472.000
11.930	345.000	-19.000	-358.000	-1607.000
11.940	375.000	-19.000	-390.000	-1591.000
11.950	392.000	-19.000	-407.000	-1811.000
11.960	395.000	-19.000	-410.000	-2166.000
11.970	382.000	-18.000	-397.000	-2386.000
11.980	352.000	-16.000	-368.000	-2297.000
11.990	308.000	-13.000	-321.000	-2151.000
12.000	250.000	-10.000	-260.000	-1742.000
12.010	181.000	-6.000	-190.000	0.000
12.020	106.000	-2.000	-111.000	0.000
12.030	30.000	2.000	-28.000	0.000
12.040	-48.000	6.000	56.000	0.000
12.050	-124.000	10.000	141.000	0.000
12.060	-196.000	14.000	217.000	0.000
12.070	-262.000	18.000	287.000	0.000
12.080	-321.000	21.000	348.000	0.000
12.090	-371.000	24.000	391.000	0.000
12.100	-411.000	25.000	417.000	0.000
12.110	-440.000	25.000	431.000	0.000
12.120	-458.000	24.000	429.000	0.000
12.130	-464.000	18.000	411.000	0.000
12.140	-460.000	7.000	375.000	0.000
12.150	-443.000	-7.000	321.000	0.000
12.160	-416.000	-27.000	257.000	0.000
12.170	-380.000	-51.000	181.000	0.000
12.180	-337.000	-79.000	94.000	0.000
12.190	-288.000	-112.000	1.000	0.000
12.200	-235.000	-147.000	-96.000	0.000
12.210	-182.000	-184.000	-190.000	0.000
12.220	-128.000	-221.000	-284.000	0.000
12.230	-78.000	-258.000	-380.000	0.000
12.240	-33.000	-293.000	-463.000	0.000
12.250	6.000	-324.000	-537.000	0.000
12.260	37.000	-352.000	-609.000	0.000
12.270	58.000	-374.000	-663.000	0.000
12.280	68.000	-391.000	-701.000	0.000
12.290	69.000	-403.000	-732.000	0.000
12.300	57.000	-410.000	-746.000	0.000
12.310	33.000	-413.000	-746.000	0.000
12.320	-1.000	-413.000	-734.000	0.000
12.330	-44.000	-409.000	-706.000	0.000
12.340	-95.000	-402.000	-663.000	0.000
12.350	-152.000	-394.000	-610.000	0.000
12.360	-215.000	-385.000	-549.000	0.000
12.370	-281.000	-376.000	-478.000	0.000
12.380	-347.000	-368.000	-403.000	0.000
12.390	-413.000	-360.000	-326.000	0.000
12.400	-478.000	-353.000	-251.000	0.000
12.410	-538.000	-347.000	-179.000	0.000
12.420	-593.000	-341.000	-114.000	0.000
12.430	-641.000	-337.000	-60.000	0.000
12.440	-681.000	-334.000	-16.000	0.000
12.450	-712.000	-331.000	16.000	0.000
12.460	-733.000	-330.000	32.000	0.000
12.470	-744.000	-330.000	33.000	0.000
12.480	-745.000	-332.000	23.000	0.000
12.490	-736.000	-337.000	-3.000	0.000
12.500	-716.000	-345.000	-47.000	0.000
12.510	-688.000	-356.000	-102.000	0.000
12.520	-651.000	-371.000	-164.000	0.000
12.530	-608.000	-389.000	-237.000	0.000
12.540	-561.000	-410.000	-315.000	0.000
12.550	-510.000	-433.000	-396.000	0.000
12.560	-458.000	-459.000	-474.000	0.000
12.570	-406.000	-485.000	-554.000	0.000
12.580	-357.000	-512.000	-632.000	0.000
12.590	-312.000	-537.000	-699.000	0.000
12.600	-272.000	-562.000	-759.000	0.000
12.610	-240.000	-582.000	-812.000	0.000
12.620	-216.000	-599.000	-853.000	0.000
12.630	-202.000	-612.000	-882.000	0.000
12.640	-197.000	-620.000	-900.000	0.000
12.650	-201.000	-622.000	-904.000	0.000
12.660	-216.000	-622.000	-898.000	0.000
12.670	-241.000	-616.000	-879.000	0.000
12.680	-274.000	-605.000	-846.000	0.000
12.690	-315.000	-592.000	-802.000	0.000
12.700	-361.000	-576.000	-749.000	0.000
12.710	-412.000	-559.000	-688.000	0.000
12.720	-465.000	-542.000	-621.000	0.000
12.730	-519.000	-526.000	-552.000	0.000
12.740	-572.000	-510.000	-481.000	0.000
12.750	-623.000	-495.000	-407.000	0.000
12.760	-669.000	-483.000	-339.000	0.000
12.770	-711.000	-472.000	-280.000	0.000
12.780	-746.000	-463.000	-224.000	0.000
12.790	-773.000	-455.000	-179.000	0.000
12.800	-792.000	-449.000	-148.000	0.000
12.810	-802.000	-445.000	-128.000	0.000
12.820	-804.000	-443.000	-120.000	0.000
12.830	-797.000	-442.000	-123.000	0.000
12.840	-780.000	-442.000	-140.000	0.000
12.850	-755.000	-443.000	-170.000	0.000
12.860	-722.000	-447.000	-213.000	0.000
12.870	-683.000	-453.000	-264.000	0.000
12.880	-638.000	-461.000	-324.000	0.000
12.890	-591.000	-471.000	-388.000	0.000
12.900	-541.000	-483.000	-453.000	0.000
12.910	-489.000	-497.000	-519.000	0.000
12.920	-438.000	-512.000	-588.000	0.000
12.930	-389.000	-527.000	-650.000	0.000
12.940	-345.000	-542.000	-701.000	0.000
12.950	-305.000	-556.000	-748.000	0.000
12.960	-272.000	-569.000	-787.000	0.000
12.970	-246.000	-579.000	-814.000	0.000
12.980	-228.000	-586.000	-832.000	0.000
12.990	-219.000	-588.000	-837.000	0.000
13.000	-218.000	-589.000	-835.000	0.000
13.010	-226.000	-583.000	-820.000	0.000
13.020	-243.000	-573.000	-794.000	0.000
13.030	-267.000	-559.000	-756.000	0.000
13.040	-299.000	-542.000	-710.000	0.000
13.050	-335.000	-522.000	-657.000	0.000
13.060	-375.000	-500.000	-597.000	0.000
13.070	-418.000	-477.000	-534.000	0.000
13.080	-461.000	-455.000	-468.000	0.000
13.090	-502.000	-433.000	-397.000	0.000
13.100	-543.000	-412.000	-330.000	0.000
13.110	-578.000	-394.000	-270.000	0.000
13.120	-608.000	-378.000	-210.000	0.000
13.130	-633.000	-365.000	-158.000	0.000
13.140	-650.000	-354.000	-117.000	0.000
13.150	-659.000	-345.000	-84.000	0.000
13.160	-661.000	-339.000	-63.000	0.000
13.170	-656.000	-334.000	-53.000	0.000
13.180	-641.000	-331.000	-52.000	0.000
13.190	-618.000	-329.000	-62.000	0.000
13.200	-589.000	-329.000	-82.000	0.000
13.210	-554.000	-329.000	-118.000	0.000
13.220	-513.000	-329.000	-160.000	0.000
13.230	-469.000	-331.000	-207.000	0.000
13.240	-421.000	-334.000	-261.000	0.000
13.250	-373.000	-338.000	-317.000	0.000
13.260	-324.000	-344.000	-374.000	0.000
13.270	-276.000	-349.000	-426.000	0.000
13.280	-230.000	-356.000	-475.000	0.000
13.290	-188.000	-362.000	-520.000	0.000
13.300	-150.000	-369.000	-559.000	0.000
13.310	-118.000	-375.000	-587.000	0.000
13.320	-93.000	-379.000	-605.000	0.000
13.330	-75.000	-381.000	-612.000	0.000
13.340	-64.000	-381.000	-614.000	0.000
13.350	-62.000	-379.000	-604.000	0.000
13.360	-65.000	-372.000	-585.000	0.000
13.370	-78.000	-362.000	-555.000	0.000
13.380	-97.000	-348.000	-515.000	0.000
13.390	-122.000	-331.000	-469.000	0.000
13.400	-152.000	-311.000	-417.000	0.000
13.410	-184.000	-289.000	-359.000	0.000
13.420	-219.000	-265.000	-300.000	0.000
13.430	-254.000	-242.000	-238.000	0.000
13.440	-288.000	-218.000	-175.000	0.000
13.450	-320.000	-196.000	-116.000	0.000
13.460	-349.000	-175.000	-59.000	0.000
13.470	-373.000	-157.000	-8.000	0.000
13.480	-390.000	-142.000	38.000	0.000
13.490	-402.000	-129.000	78.000	0.000
13.500	-406.000	-119.000	106.000	0.000
13.510	-405.000	-112.000	126.000	0.000
13.520	-395.000	-106.000	136.000	0.000
13.530	-377.000	-103.000	137.000	0.000
13.540	-353.000	-101.000	130.000	0.000
13.550	-324.000	-100.000	113.000	0.000
13.560	-289.000	-100.000	86.000	0.000
13.570	-250.000	-100.000	49.000	0.000
13.580	-208.000	-100.000	8.000	0.000
13.590	-164.000	-101.000	-38.000	0.000
13.600	-119.000	-103.000	-87.000	0.000
13.610	-75.000	-105.000	-133.000	0.000
13.620	-31.000	-107.000	-178.000	0.000
13.630	9.000	-109.000	-221.000	0.000
13.640	47.000	-111.000	-258.000	0.000
13.650	79.000	-113.000	-288.000	0.000
13.660	107.000	-115.000	-310.000	0.000
13.670	128.000	-116.000	-323.000	0.000
13.680	143.000	-116.000	-328.000	0.000
13.690	151.000	-115.000	-326.000	0.000
13.700	152.000	-111.000	-314.000	0.000
13.710	148.000	-105.000	-292.000	0.000
13.720	136.000	-95.000	-261.000	0.000
13.730	118.000	-83.000	-222.000	0.000
13.740	96.000	-69.000	-178.000	0.000
13.750	69.000	-52.000	-129.000	0.000
13.760	41.000	-34.000	-77.000	0.000
13.770	10.000	-13.000	-22.000	0.000
13.780	-21.000	7.000	33.000	0.000
13.790	-51.000	28.000	87.000	0.000
13.800	-78.000	47.000	139.000	0.000
13.810	-102.000	66.000	186.000	0.000
13.820	-122.000	82.000	227.000	0.000
13.830	-136.000	96.000	265.000	0.000
13.840	-145.000	107.000	295.000	0.000
13.850	-147.000	116.000	317.000	0.000
13.860	-144.000	122.000	331.000	0.000
13.870	-133.000	125.000	335.000	0.000
13.880	-115.000	126.000	333.000	0.000
13.890	-93.000	126.000	323.000	0.000
13.900	-65.000	126.000	304.000	0.000
13.910	-33.000	123.000	277.000	0.000
13.920	2.000	120.000	243.000	0.000
13.930	39.000	116.000	203.000	0.000
13.940	77.000	113.000	162.000	0.000
13.950	115.000	110.000	119.000	0.000
13.960	152.000	106.000	76.000	0.000
13.970	188.000	104.000	34.000	0.000
13.980	220.000	101.000	-4.000	0.000
13.990	249.000	99.000	-36.000	0.000
14.000	273.000	97.000	-62.000	0.000
14.010	292.000	95.000	-81.000	0.000
14.020	306.000	95.000	-91.000	0.000
14.030	314.000	95.000	-94.000	0.000
14.040	316.000	95.000	-91.000	0.000
14.050	313.000	96.000	-79.000	0.000
14.060	303.000	101.000	-58.000	0.000
14.070	288.000	106.000	-28.000	0.000
14.080	268.000	114.000	7.000	0.000
14.090	245.000	124.000	47.000	0.000
14.100	218.000	136.000	90.000	0.000
14.110	190.000	149.000	135.000	0.000
14.120	161.000	163.000	181.000	0.000
14.130	132.000	178.000	225.000	0.000
14.140	104.000	192.000	270.000	0.000
14.150	79.000	207.000	314.000	0.000
14.160	57.000	220.000	350.000	0.000
14.170	39.000	231.000	379.000	0.000
14.180	26.000	240.000	403.000	0.000
14.190	19.000	247.000	421.000	0.000
14.200	17.000	252.000	431.000	0.000
14.210	18.000	253.000	434.000	0.000
14.220	28.000	253.000	433.000	0.000
14.230	42.000	251.000	423.000	0.000
14.240	61.000	246.000	407.000	0.000
14.250	84.000	240.000	381.000	0.000
14.260	110.000	232.000	351.000	0.000
14.270	138.000	224.000	317.000	0.000
14.280	168.000	216.000	280.000	0.000
14.290	198.000	208.000	240.000	0.000
14.300	228.000	200.000	197.000	0.000
14.310	255.000	193.000	157.000	0.000
14.320	281.000	186.000	119.000	0.000
14.330	304.000	180.000	85.000	0.000
14.340	322.000	175.000	54.000	0.000
14.350	336.000	171.000	30.000	0.000
14.360	345.000	167.000	12.000	0.000
14.370	349.000	164.000	2.000	0.000
14.380	349.000	162.000	-1.000	0.000
14.390	343.000	161.000	1.000	0.000
14.400	332.000	160.000	10.000	0.000
14.410	315.000	160.000	28.000	0.000
14.420	295.000	160.000	52.000	0.000
14.430	272.000	162.000	82.000	0.000
14.440	245.000	166.000	114.000	0.000
14.450	217.000	170.000	149.000	0.000
14.460	188.000	176.000	185.000	0.000
14.470	159.000	182.000	221.000	0.000
14.480	130.000	190.000	257.000	0.000
14.490	104.000	197.000	291.000	0.000
14.500	80.000	204.000	319.000	0.000
14.510	59.000	210.000	342.000	0.000
14.520	42.000	216.000	361.000	0.000
14.530	29.000	219.000	373.000	0.000
14.540	21.000	221.000	378.000	0.000
14.550	18.000	221.000	379.000	0.000
14.560	19.000	220.000	375.000	0.000
14.570	26.000	215.000	363.000	0.000
14.580	37.000	208.000	346.000	0.000
14.590	52.000	199.000	322.000	0.000
14.600	71.000	189.000	293.000	0.000
14.610	91.000	178.000	262.000	0.000
14.620	114.000	166.000	226.000	0.000
14.630	136.000	153.000	187.000	0.000
14.640	159.000	142.000	149.000	0.000
14.650	180.000	130.000	112.000	0.000
14.660	200.000	120.000	75.000	0.000
14.670	217.000	111.000	40.000	0.000
14.680	231.000	103.000	10.000	0.000
14.690	241.000	96.000	-16.000	0.000
14.700	247.000	90.000	-37.000	0.000
14.710	248.000	86.000	-51.000	0.000
14.720	247.000	82.000	-58.000	0.000
14.730	240.000	79.000	-60.000	0.000
14.740	228.000	76.000	-58.000	0.000
14.750	212.000	75.000	-49.000	0.000
14.760	193.000	74.000	-34.000	0.000
14.770	171.000	73.000	-12.000	0.000
14.780	147.000	73.000	14.000	0.000
14.790	122.000	73.000	42.000	0.000
14.800	95.000	74.000	71.000	0.000
14.810	68.000	77.000	101.000	0.000
14.820	42.000	80.000	131.000	0.000
14.830	17.000	83.000	157.000	0.000
14.840	-6.000	87.000	181.000	0.000
14.850	-27.000	91.000	201.000	0.000
14.860	-44.000	94.000	217.000	0.000
14.870	-58.000	97.000	228.000	0.000
14.880	-67.000	99.000	234.000	0.000
14.890	-72.000	99.000	235.000	0.000
14.900	-73.000	99.000	232.000	0.000
14.910	-71.000	96.000	223.000	0.000
14.920	-63.000	90.000	209.000	0.000
14.930	-51.000	83.000	188.000	0.000
14.940	-36.000	75.000	162.000	0.000
14.950	-19.000	65.000	136.000	0.000
14.960	0.000	54.000	106.000	0.000
14.970	20.000	43.000	73.000	0.000
14.980	40.000	32.000	40.000	0.000
14.990	59.000	21.000	8.000	0.000
15.000	77.000	11.000	-24.000	0.000
