0.000	0.000	0.000	0.000	0.000
0.010	0.000	14.000	25.000	47.000
0.020	-1.000	15.000	27.000	292.000
0.030	-1.000	16.000	29.000	454.000
0.040	-1.000	17.000	31.000	646.000
0.050	0.000	17.000	32.000	723.000
0.060	4.000	17.000	33.000	444.000
0.070	9.000	18.000	33.000	75.000
0.080	14.000	18.000	33.000	-288.000
0.090	19.000	19.000	33.000	-679.000
0.100	22.000	21.000	33.000	-889.000
0.110	23.000	23.000	33.000	-971.000
0.120	23.000	25.000	32.000	-1077.000
0.130	18.000	27.000	31.000	-737.000
0.140	12.000	28.000	30.000	-487.000
0.150	4.000	29.000	30.000	-170.000
0.160	-4.000	29.000	29.000	2.000
0.170	-12.000	28.000	29.000	97.000
0.180	-19.000	24.000	29.000	58.000
0.190	-24.000	18.000	29.000	-157.000
0.200	-28.000	11.000	29.000	-353.000
0.210	-32.000	3.000	29.000	-371.000
0.220	-36.000	-6.000	29.000	-202.000
0.230	-40.000	-14.000	27.000	156.000
0.240	-43.000	-22.000	24.000	578.000
0.250	-44.000	-29.000	20.000	954.000
0.260	-44.000	-35.000	13.000	1412.000
0.270	-41.000	-39.000	5.000	1694.000
0.280	-33.000	-42.000	-5.000	1574.000
0.290	-21.000	-42.000	-16.000	1200.000
0.300	-6.000	-42.000	-27.000	678.000
0.310	9.000	-40.000	-40.000	316.000
0.320	24.000	-35.000	-51.000	6.000
0.330	38.000	-29.000	-61.000	-221.000
0.340	49.000	-21.000	-69.000	-225.000
0.350	57.000	-13.000	-74.000	-117.000
0.360	62.000	-5.000	-77.000	20.000
0.370	66.000	3.000	-77.000	-98.000
0.380	67.000	9.000	-74.000	-225.000
0.390	67.000	15.000	-67.000	-611.000
0.400	63.000	19.000	-55.000	-860.000
0.410	56.000	21.000	-39.000	-1093.000
0.420	45.000	23.000	-20.000	-1158.000
0.430	31.000	24.000	1.000	-1143.000
0.440	15.000	24.000	23.000	-1104.000
0.450	-4.000	24.000	46.000	-838.000
0.460	-25.000	24.000	67.000	-405.000
0.470	-45.000	23.000	87.000	-77.000
0.480	-65.000	22.000	104.000	388.000
0.490	-81.000	21.000	118.000	600.000
0.500	-93.000	20.000	127.000	695.000
0.510	-101.000	19.000	133.000	766.000
0.520	-103.000	18.000	134.000	639.000
0.530	-102.000	16.000	133.000	726.000
0.540	-95.000	14.000	126.000	644.000
0.550	-82.000	13.000	114.000	402.000
0.560	-66.000	11.000	97.000	330.000
0.570	-48.000	10.000	76.000	440.000
0.580	-27.000	8.000	53.000	489.000
0.590	-5.000	7.000	28.000	611.000
0.600	18.000	6.000	3.000	670.000
0.610	42.000	5.000	-22.000	546.000
0.620	66.000	4.000	-44.000	258.000
0.630	88.000	4.000	-64.000	-62.000
0.640	108.000	4.000	-81.000	-528.000
0.650	124.000	4.000	-93.000	-982.000
0.660	135.000	4.000	-100.000	-1393.000
0.670	139.000	7.000	-103.000	-1589.000
0.680	137.000	9.000	-103.000	-1748.000
0.690	126.000	12.000	-98.000	-1519.000
0.700	108.000	15.000	-87.000	-1160.000
0.710	85.000	18.000	-70.000	-850.000
0.720	57.000	19.000	-48.000	-472.000
0.730	28.000	20.000	-25.000	-374.000
0.740	-3.000	20.000	2.000	-238.000
0.750	-34.000	17.000	30.000	-145.000
0.760	-63.000	13.000	57.000	-155.000
0.770	-91.000	7.000	82.000	28.000
0.780	-116.000	1.000	104.000	287.000
0.790	-138.000	-5.000	123.000	742.000
0.800	-154.000	-12.000	135.000	1120.000
0.810	-164.000	-19.000	141.000	1518.000
0.820	-167.000	-24.000	142.000	1863.000
0.830	-162.000	-29.000	139.000	2058.000
0.840	-148.000	-32.000	127.000	1984.000
0.850	-125.000	-33.000	108.000	1621.000
0.860	-95.000	-33.000	81.000	1146.000
0.870	-60.000	-33.000	50.000	670.000
0.880	-23.000	-28.000	17.000	375.000
0.890	15.000	-23.000	-19.000	158.000
0.900	52.000	-15.000	-54.000	41.000
0.910	87.000	-7.000	-85.000	-73.000
0.920	120.000	1.000	-113.000	-371.000
0.930	148.000	9.000	-135.000	-643.000
0.940	171.000	16.000	-151.000	-1041.000
0.950	187.000	23.000	-160.000	-1426.000
0.960	195.000	28.000	-161.000	-1765.000
0.970	196.000	32.000	-156.000	-2217.000
0.980	186.000	35.000	-142.000	-2290.000
0.990	166.000	36.000	-117.000	-2115.000
1.000	138.000	37.000	-85.000	-1870.000
1.010	101.000	37.000	-49.000	-1309.000
1.020	60.000	37.000	-9.000	-897.000
1.030	16.000	36.000	34.000	-516.000
1.040	-29.000	33.000	77.000	-173.000
1.050	-73.000	30.000	118.000	136.000
1.060	-115.000	27.000	156.000	527.000
1.070	-152.000	23.000	187.000	848.000
1.080	-181.000	19.000	211.000	953.000
1.090	-203.000	15.000	229.000	1157.000
1.100	-217.000	11.000	237.000	1440.000
1.110	-221.000	7.000	237.000	1626.000
1.120	-218.000	3.000	230.000	2104.000
1.130	-202.000	-1.000	212.000	2091.000
1.140	-175.000	-4.000	182.000	1831.000
1.150	-140.000	-7.000	146.000	1583.000
1.160	-97.000	-10.000	104.000	1168.000
1.170	-48.000	-12.000	56.000	635.000
1.180	2.000	-12.000	5.000	346.000
1.190	54.000	-12.000	-44.000	-118.000
1.200	103.000	-12.000	-92.000	-403.000
1.210	148.000	-10.000	-134.000	-679.000
1.220	187.000	-7.000	-171.000	-948.000
1.230	219.000	-3.000	-201.000	-1297.000
1.240	242.000	2.000	-221.000	-1642.000
1.250	254.000	6.000	-232.000	-1867.000
1.260	256.000	11.000	-233.000	-2170.000
1.270	246.000	15.000	-226.000	-2307.000
1.280	224.000	19.000	-208.000	-2253.000
1.290	190.000	21.000	-177.000	-1929.000
1.300	147.000	22.000	-137.000	-1564.000
1.310	97.000	22.000	-92.000	-1182.000
1.320	42.000	22.000	-39.000	-766.000
1.330	-15.000	19.000	16.000	-393.000
1.340	-73.000	14.000	70.000	120.000
1.350	-129.000	8.000	122.000	688.000
1.360	-179.000	2.000	171.000	1116.000
1.370	-222.000	-5.000	210.000	1565.000
1.380	-256.000	-11.000	242.000	2012.000
1.390	-279.000	-17.000	263.000	2389.000
1.400	-289.000	-22.000	273.000	2587.000
1.410	-289.000	-26.000	272.000	3031.000
1.420	-272.000	-28.000	260.000	2842.000
1.430	-243.000	-28.000	235.000	2632.000
1.440	-201.000	-28.000	195.000	2138.000
1.450	-149.000	-27.000	148.000	1553.000
1.460	-89.000	-22.000	96.000	869.000
1.470	-25.000	-16.000	36.000	275.000
1.480	40.000	-9.000	-26.000	-214.000
1.490	103.000	-1.000	-84.000	-594.000
1.500	163.000	7.000	-137.000	-1088.000
1.510	215.000	16.000	-183.000	-1392.000
1.520	258.000	23.000	-221.000	-1688.000
1.530	292.000	30.000	-248.000	-2197.000
1.540	312.000	35.000	-262.000	-2458.000
1.550	320.000	39.000	-266.000	-2846.000
1.560	314.000	42.000	-257.000	-3131.000
1.570	292.000	43.000	-236.000	-3052.000
1.580	256.000	43.000	-200.000	-2792.000
1.590	206.000	43.000	-153.000	-2195.000
1.600	146.000	41.000	-99.000	-1541.000
1.610	80.000	37.000	-37.000	-1006.000
1.620	9.000	32.000	29.000	-352.000
1.630	-62.000	27.000	93.000	170.000
1.640	-131.000	21.000	155.000	711.000
1.650	-194.000	14.000	211.000	1145.000
1.660	-250.000	7.000	260.000	1695.000
1.670	-295.000	1.000	299.000	2149.000
1.680	-327.000	-6.000	324.000	2513.000
1.690	-346.000	-11.000	334.000	2956.000
1.700	-350.000	-17.000	334.000	3312.000
1.710	-339.000	-21.000	319.000	3599.000
1.720	-311.000	-25.000	290.000	3521.000
1.730	-267.000	-28.000	245.000	3107.000
1.740	-209.000	-30.000	189.000	2423.000
1.750	-141.000	-31.000	125.000	1694.000
1.760	-65.000	-31.000	55.000	819.000
1.770	15.000	-29.000	-21.000	-82.000
1.780	94.000	-25.000	-95.000	-815.000
1.790	168.000	-20.000	-161.000	-1335.000
1.800	235.000	-13.000	-222.000	-1816.000
1.810	290.000	-5.000	-275.000	-2017.000
1.820	333.000	3.000	-315.000	-2269.000
1.830	361.000	11.000	-341.000	-2427.000
1.840	374.000	18.000	-354.000	-2649.000
1.850	373.000	25.000	-352.000	-3096.000
1.860	353.000	29.000	-334.000	-3120.000
1.870	318.000	32.000	-300.000	-3153.000
1.880	267.000	33.000	-247.000	-2882.000
1.890	202.000	33.000	-184.000	-2329.000
1.900	128.000	31.000	-114.000	-1795.000
1.910	46.000	27.000	-35.000	-1012.000
1.920	-40.000	21.000	48.000	-82.000
1.930	-123.000	14.000	126.000	579.000
1.940	-204.000	6.000	201.000	1552.000
1.950	-275.000	-1.000	268.000	2240.000
1.960	-335.000	-9.000	327.000	2925.000
1.970	-380.000	-16.000	369.000	3427.000
1.980	-409.000	-22.000	393.000	3874.000
1.990	-419.000	-27.000	401.000	4051.000
2.000	-413.000	-30.000	395.000	4606.000
2.010	-385.000	-32.000	370.000	4459.000
2.020	-339.000	-32.000	328.000	4030.000
2.030	-276.000	-32.000	270.000	3227.000
2.040	-198.000	-28.000	201.000	2020.000
2.050	-109.000	-23.000	119.000	563.000
2.060	-16.000	-16.000	34.000	-712.000
2.070	78.000	-7.000	-55.000	-1931.000
2.080	163.000	2.000	-136.000	-2382.000
2.090	240.000	12.000	-209.000	-2734.000
2.100	304.000	21.000	-275.000	-2791.000
2.110	352.000	29.000	-330.000	-2568.000
2.120	386.000	35.000	-367.000	-2583.000
2.130	403.000	39.000	-384.000	-2596.000
2.140	405.000	39.000	-387.000	-2905.000
2.150	391.000	39.000	-375.000	-3315.000
2.160	359.000	34.000	-343.000	-3460.000
2.170	310.000	27.000	-292.000	-3307.000
2.180	245.000	19.000	-228.000	-2750.000
2.190	168.000	10.000	-155.000	-1982.000
2.200	81.000	2.000	-74.000	-880.000
2.210	-11.000	-6.000	12.000	343.000
2.220	-103.000	-13.000	96.000	1524.000
2.230	-189.000	-18.000	175.000	2409.000
2.240	-267.000	-23.000	246.000	3223.000
2.250	-330.000	-26.000	308.000	3523.000
2.260	-377.000	-27.000	357.000	3579.000
2.270	-407.000	-27.000	384.000	3535.000
2.280	-419.000	-27.000	396.000	3420.000
2.290	-416.000	-26.000	394.000	3633.000
2.300	-392.000	-22.000	374.000	3364.000
2.310	-352.000	-18.000	337.000	3139.000
2.320	-297.000	-14.000	284.000	2839.000
2.330	-227.000	-9.000	220.000	2177.000
2.340	-147.000	-5.000	146.000	1439.000
2.350	-59.000	-1.000	65.000	464.000
2.360	32.000	2.000	-17.000	-555.000
2.370	123.000	6.000	-99.000	-1701.000
2.380	205.000	9.000	-169.000	-2330.000
2.390	278.000	12.000	-234.000	-2930.000
2.400	336.000	16.000	-290.000	-3146.000
2.410	378.000	19.000	-333.000	-3203.000
2.420	403.000	23.000	-357.000	-3203.000
2.430	409.000	26.000	-366.000	-3027.000
2.440	399.000	27.000	-362.000	-3066.000
2.450	371.000	28.000	-342.000	-2968.000
2.460	327.000	28.000	-302.000	-2822.000
2.470	268.000	28.000	-247.000	-2504.000
2.480	195.000	25.000	-182.000	-1843.000
2.490	114.000	21.000	-109.000	-1223.000
2.500	27.000	16.000	-28.000	-454.000
2.510	-62.000	9.000	55.000	408.000
2.520	-149.000	2.000	135.000	1315.000
2.530	-228.000	-5.000	208.000	1979.000
2.540	-297.000	-13.000	274.000	2589.000
2.550	-354.000	-20.000	332.000	3244.000
2.560	-396.000	-26.000	370.000	3836.000
2.570	-420.000	-31.000	390.000	4199.000
2.580	-425.000	-34.000	396.000	4339.000
2.590	-411.000	-36.000	386.000	4283.000
2.600	-377.000	-37.000	357.000	3846.000
2.610	-326.000	-37.000	311.000	3251.000
2.620	-260.000	-33.000	251.000	2485.000
2.630	-181.000	-28.000	179.000	1469.000
2.640	-93.000	-21.000	96.000	322.000
2.650	-4.000	-13.000	12.000	-429.000
2.660	85.000	-4.000	-74.000	-1182.000
2.670	170.000	5.000	-153.000	-1901.000
2.680	246.000	13.000	-224.000	-2417.000
2.690	310.000	21.000	-287.000	-2780.000
2.700	359.000	28.000	-338.000	-2967.000
2.710	392.000	32.000	-369.000	-3120.000
2.720	408.000	34.000	-383.000	-3269.000
2.730	408.000	34.000	-383.000	-3580.000
2.740	388.000	34.000	-366.000	-3519.000
2.750	350.000	30.000	-331.000	-3256.000
2.760	295.000	24.000	-277.000	-2726.000
2.770	226.000	18.000	-211.000	-2034.000
2.780	146.000	11.000	-138.000	-1200.000
2.790	60.000	4.000	-56.000	-429.000
2.800	-30.000	-3.000	29.000	490.000
2.810	-119.000	-9.000	112.000	1385.000
2.820	-202.000	-15.000	190.000	2109.000
2.830	-274.000	-19.000	258.000	2505.000
2.840	-335.000	-22.000	319.000	2980.000
2.850	-381.000	-24.000	364.000	3332.000
2.860	-410.000	-24.000	388.000	3554.000
2.870	-422.000	-24.000	397.000	3785.000
2.880	-417.000	-23.000	393.000	4048.000
2.890	-392.000	-21.000	370.000	3920.000
2.900	-348.000	-18.000	330.000	3434.000
2.910	-289.000	-15.000	275.000	2877.000
2.920	-215.000	-12.000	210.000	1948.000
2.930	-132.000	-9.000	133.000	1040.000
2.940	-42.000	-6.000	52.000	-34.000
2.950	50.000	-3.000	-32.000	-1098.000
2.960	139.000	1.000	-112.000	-2013.000
2.970	220.000	6.000	-184.000	-2645.000
2.980	288.000	10.000	-248.000	-2847.000
2.990	342.000	15.000	-304.000	-2908.000
3.000	380.000	20.000	-344.000	-2876.000
3.010	400.000	24.000	-366.000	-2709.000
3.020	405.000	26.000	-373.000	-2867.000
3.030	394.000	28.000	-367.000	-3167.000
3.040	364.000	28.000	-343.000	-3142.000
3.050	318.000	28.000	-301.000	-3018.000
3.060	256.000	25.000	-242.000	-2553.000
3.070	183.000	21.000	-176.000	-2060.000
3.080	99.000	15.000	-100.000	-1160.000
3.090	11.000	9.000	-18.000	-321.000
3.100	-80.000	2.000	66.000	791.000
3.110	-166.000	-5.000	145.000	1630.000
3.120	-245.000	-12.000	218.000	2427.000
3.130	-313.000	-20.000	283.000	3093.000
3.140	-367.000	-26.000	338.000	3613.000
3.150	-404.000	-31.000	374.000	3903.000
3.160	-423.000	-35.000	391.000	4041.000
3.170	-425.000	-37.000	394.000	4233.000
3.180	-405.000	-38.000	381.000	3858.000
3.190	-368.000	-38.000	349.000	3477.000
3.200	-315.000	-35.000	299.000	2998.000
3.210	-247.000	-30.000	237.000	2268.000
3.220	-168.000	-24.000	163.000	1448.000
3.230	-81.000	-16.000	81.000	503.000
3.240	9.000	-8.000	-3.000	-390.000
3.250	98.000	0.000	-88.000	-1217.000
3.260	183.000	8.000	-164.000	-2069.000
3.270	258.000	16.000	-233.000	-2644.000
3.280	320.000	23.000	-294.000	-2998.000
3.290	367.000	28.000	-341.000	-3225.000
3.300	397.000	31.000	-368.000	-3327.000
3.310	409.000	33.000	-379.000	-3336.000
3.320	405.000	33.000	-377.000	-3534.000
3.330	381.000	33.000	-357.000	-3363.000
3.340	339.000	29.000	-319.000	-2977.000
3.350	282.000	24.000	-262.000	-2531.000
3.360	211.000	18.000	-196.000	-1846.000
3.370	130.000	11.000	-121.000	-1066.000
3.380	43.000	5.000	-39.000	-264.000
3.390	-46.000	-2.000	45.000	525.000
3.400	-133.000	-8.000	126.000	1275.000
3.410	-214.000	-13.000	201.000	1950.000
3.420	-285.000	-17.000	268.000	2486.000
3.430	-344.000	-21.000	327.000	3011.000
3.440	-388.000	-23.000	368.000	3446.000
3.450	-416.000	-24.000	389.000	3878.000
3.460	-425.000	-24.000	396.000	4060.000
3.470	-416.000	-24.000	389.000	4165.000
3.480	-387.000	-24.000	363.000	3889.000
3.490	-340.000	-22.000	320.000	3362.000
3.500	-277.000	-20.000	263.000	2605.000
3.510	-201.000	-17.000	195.000	1683.000
3.520	-116.000	-14.000	117.000	708.000
3.530	-25.000	-10.000	35.000	-381.000
3.540	65.000	-6.000	-50.000	-1188.000
3.550	151.000	-1.000	-129.000	-1854.000
3.560	230.000	4.000	-200.000	-2468.000
3.570	296.000	10.000	-264.000	-2715.000
3.580	348.000	15.000	-319.000	-2861.000
3.590	383.000	20.000	-355.000	-2818.000
3.600	402.000	24.000	-374.000	-2896.000
3.610	405.000	26.000	-379.000	-3143.000
3.620	391.000	27.000	-369.000	-3393.000
3.630	358.000	27.000	-342.000	-3302.000
3.640	308.000	26.000	-295.000	-2971.000
3.650	243.000	22.000	-234.000	-2400.000
3.660	166.000	18.000	-165.000	-1640.000
3.670	80.000	12.000	-86.000	-681.000
3.680	-8.000	5.000	-3.000	54.000
3.690	-97.000	-2.000	81.000	929.000
3.700	-182.000	-9.000	160.000	1766.000
3.710	-258.000	-16.000	232.000	2398.000
3.720	-323.000	-23.000	296.000	2988.000
3.730	-374.000	-28.000	348.000	3491.000
3.740	-408.000	-32.000	379.000	3798.000
3.750	-425.000	-35.000	394.000	4083.000
3.760	-424.000	-35.000	395.000	4279.000
3.770	-402.000	-35.000	378.000	4008.000
3.780	-362.000	-34.000	343.000	3566.000
3.790	-306.000	-31.000	290.000	2995.000
3.800	-235.000	-25.000	226.000	2133.000
3.810	-153.000	-19.000	151.000	1138.000
3.820	-64.000	-12.000	68.000	93.000
3.830	26.000	-5.000	-17.000	-730.000
3.840	115.000	3.000	-100.000	-1578.000
3.850	198.000	10.000	-175.000	-2290.000
3.860	270.000	17.000	-242.000	-2703.000
3.870	329.000	23.000	-301.000	-2980.000
3.880	372.000	27.000	-344.000	-3071.000
3.890	398.000	30.000	-369.000	-3089.000
3.900	407.000	32.000	-378.000	-3155.000
3.910	400.000	32.000	-373.000	-3395.000
3.920	374.000	31.000	-351.000	-3352.000
3.930	330.000	27.000	-310.000	-3035.000
3.940	270.000	22.000	-251.000	-2481.000
3.950	198.000	16.000	-185.000	-1882.000
3.960	117.000	10.000	-110.000	-1218.000
3.970	29.000	4.000	-28.000	-322.000
3.980	-62.000	-3.000	57.000	734.000
3.990	-150.000	-8.000	137.000	1662.000
4.000	-229.000	-13.000	210.000	2206.000
4.010	-299.000	-18.000	276.000	2818.000
4.020	-355.000	-22.000	332.000	3226.000
4.030	-395.000	-24.000	369.000	3489.000
4.040	-419.000	-26.000	388.000	3807.000
4.050	-424.000	-27.000	393.000	3905.000
4.060	-412.000	-27.000	383.000	4046.000
4.070	-379.000	-27.000	355.000	3658.000
4.080	-330.000	-26.000	309.000	3231.000
4.090	-264.000	-23.000	249.000	2386.000
4.100	-189.000	-20.000	181.000	1793.000
4.110	-101.000	-16.000	100.000	550.000
4.120	-12.000	-12.000	18.000	-251.000
4.130	78.000	-7.000	-66.000	-1133.000
4.140	165.000	-1.000	-145.000	-2048.000
4.150	241.000	5.000	-213.000	-2469.000
4.160	306.000	10.000	-277.000	-2852.000
4.170	355.000	16.000	-328.000	-2925.000
4.180	389.000	21.000	-361.000	-3090.000
4.190	405.000	25.000	-378.000	-3125.000
4.200	405.000	27.000	-380.000	-3344.000
4.210	385.000	27.000	-367.000	-3210.000
4.220	349.000	27.000	-336.000	-3128.000
4.230	296.000	26.000	-285.000	-2758.000
4.240	229.000	22.000	-222.000	-2214.000
4.250	151.000	16.000	-151.000	-1525.000
4.260	65.000	10.000	-71.000	-666.000
4.270	-24.000	3.000	13.000	179.000
4.280	-112.000	-4.000	97.000	988.000
4.290	-197.000	-12.000	176.000	1961.000
4.300	-271.000	-18.000	245.000	2538.000
4.310	-334.000	-24.000	308.000	3140.000
4.320	-382.000	-29.000	357.000	3584.000
4.330	-413.000	-32.000	384.000	3873.000
4.340	-426.000	-34.000	396.000	4042.000
4.350	-421.000	-34.000	394.000	4142.000
4.360	-396.000	-34.000	373.000	3890.000
4.370	-353.000	-32.000	335.000	3430.000
4.380	-295.000	-28.000	280.000	2911.000
4.390	-222.000	-23.000	214.000	2032.000
4.400	-139.000	-17.000	137.000	1072.000
4.410	-49.000	-10.000	54.000	-20.000
4.420	42.000	-3.000	-31.000	-957.000
4.430	131.000	4.000	-113.000	-1859.000
4.440	213.000	11.000	-187.000	-2572.000
4.450	282.000	17.000	-252.000	-2818.000
4.460	337.000	23.000	-310.000	-2898.000
4.470	377.000	27.000	-349.000	-2985.000
4.480	400.000	29.000	-371.000	-3024.000
4.490	406.000	30.000	-377.000	-3117.000
4.500	395.000	30.000	-370.000	-3254.000
4.510	366.000	29.000	-345.000	-3221.000
4.520	321.000	25.000	-301.000	-3105.000
4.530	260.000	20.000	-242.000	-2665.000
4.540	185.000	15.000	-174.000	-1864.000
4.550	101.000	9.000	-97.000	-969.000
4.560	12.000	3.000	-15.000	-41.000
4.570	-79.000	-3.000	69.000	1005.000
4.580	-165.000	-9.000	148.000	1768.000
4.590	-243.000	-14.000	219.000	2365.000
4.600	-310.000	-19.000	284.000	2849.000
4.610	-364.000	-23.000	338.000	3320.000
4.620	-400.000	-26.000	372.000	3438.000
4.630	-421.000	-28.000	389.000	3776.000
4.640	-424.000	-29.000	392.000	4009.000
4.650	-408.000	-29.000	379.000	4018.000
4.660	-372.000	-29.000	348.000	3611.000
4.670	-320.000	-27.000	299.000	3127.000
4.680	-253.000	-24.000	238.000	2413.000
4.690	-175.000	-21.000	166.000	1630.000
4.700	-87.000	-17.000	86.000	508.000
4.710	3.000	-12.000	3.000	-387.000
4.720	94.000	-6.000	-81.000	-1422.000
4.730	179.000	0.000	-158.000	-2188.000
4.740	254.000	6.000	-226.000	-2673.000
4.750	316.000	12.000	-288.000	-2934.000
4.760	363.000	18.000	-336.000	-3072.000
4.770	393.000	23.000	-366.000	-3089.000
4.780	405.000	27.000	-379.000	-3022.000
4.790	402.000	28.000	-379.000	-3272.000
4.800	379.000	29.000	-362.000	-3148.000
4.810	340.000	29.000	-327.000	-3040.000
4.820	285.000	26.000	-273.000	-2720.000
4.830	216.000	21.000	-208.000	-2159.000
4.840	136.000	15.000	-135.000	-1389.000
4.850	49.000	8.000	-53.000	-506.000
4.860	-40.000	1.000	31.000	320.000
4.870	-128.000	-6.000	113.000	1189.000
4.880	-210.000	-13.000	190.000	1937.000
4.890	-284.000	-19.000	260.000	2743.000
4.900	-343.000	-24.000	320.000	3123.000
4.910	-389.000	-29.000	364.000	3661.000
4.920	-417.000	-31.000	388.000	3937.000
4.930	-427.000	-33.000	397.000	4108.000
4.940	-419.000	-33.000	392.000	4206.000
4.950	-390.000	-33.000	367.000	3815.000
4.960	-344.000	-30.000	326.000	3323.000
4.970	-283.000	-26.000	268.000	2728.000
4.980	-208.000	-21.000	200.000	1841.000
4.990	-123.000	-15.000	122.000	803.000
5.000	-32.000	-9.000	38.000	-311.000
5.010	58.000	-3.000	-47.000	-1113.000
5.020	146.000	4.000	-128.000	-1982.000
5.030	224.000	10.000	-198.000	-2390.000
5.040	292.000	16.000	-263.000	-2798.000
5.050	345.000	21.000	-318.000	-2943.000
5.060	382.000	25.000	-355.000	-3004.000
5.070	402.000	28.000	-374.000	-3045.000
5.080	406.000	28.000	-379.000	-3262.000
5.090	392.000	28.000	-368.000	-3376.000
5.100	359.000	27.000	-341.000	-3184.000
5.110	310.000	24.000	-294.000	-2900.000
5.120	246.000	19.000	-232.000	-2384.000
5.130	169.000	13.000	-163.000	-1573.000
5.140	84.000	7.000	-84.000	-711.000
5.150	-4.000	1.000	-2.000	35.000
5.160	-93.000	-5.000	81.000	893.000
5.170	-178.000	-11.000	159.000	1693.000
5.180	-255.000	-16.000	230.000	2387.000
5.190	-321.000	-21.000	293.000	3008.000
5.200	-372.000	-25.000	345.000	3405.000
5.210	-407.000	-28.000	376.000	3732.000
5.220	-424.000	-29.000	390.000	3909.000
5.230	-425.000	-30.000	391.000	4249.000
5.240	-404.000	-30.000	375.000	3984.000
5.250	-365.000	-30.000	341.000	3557.000
5.260	-309.000	-28.000	289.000	2896.000
5.270	-239.000	-25.000	227.000	2097.000
5.280	-157.000	-21.000	152.000	1059.000
5.290	-71.000	-16.000	72.000	351.000
5.300	19.000	-10.000	-12.000	-520.000
5.310	108.000	-4.000	-95.000	-1379.000
5.320	191.000	2.000	-170.000	-2074.000
5.330	264.000	9.000	-237.000	-2566.000
5.340	325.000	15.000	-298.000	-3004.000
5.350	369.000	20.000	-342.000	-3095.000
5.360	396.000	25.000	-369.000	-3105.000
5.370	406.000	27.000	-380.000	-3161.000
5.380	400.000	29.000	-377.000	-3394.000
5.390	375.000	29.000	-356.000	-3354.000
5.400	333.000	28.000	-318.000	-3166.000
5.410	274.000	24.000	-262.000	-2619.000
5.420	202.000	19.000	-195.000	-1930.000
5.430	120.000	14.000	-120.000	-1101.000
5.440	32.000	7.000	-38.000	-211.000
5.450	-57.000	0.000	46.000	583.000
5.460	-144.000	-7.000	128.000	1389.000
5.470	-225.000	-14.000	203.000	2157.000
5.480	-295.000	-20.000	270.000	2696.000
5.490	-352.000	-25.000	329.000	3144.000
5.500	-394.000	-29.000	369.000	3543.000
5.510	-420.000	-32.000	390.000	3964.000
5.520	-426.000	-33.000	396.000	4027.000
5.530	-415.000	-33.000	388.000	4145.000
5.540	-384.000	-32.000	361.000	3864.000
5.550	-335.000	-30.000	315.000	3307.000
5.560	-271.000	-26.000	256.000	2607.000
5.570	-194.000	-21.000	186.000	1688.000
5.580	-108.000	-15.000	106.000	670.000
5.590	-17.000	-9.000	22.000	-389.000
5.600	74.000	-3.000	-63.000	-1339.000
5.610	160.000	3.000	-142.000	-2054.000
5.620	238.000	10.000	-212.000	-2641.000
5.630	303.000	15.000	-276.000	-2907.000
5.640	353.000	20.000	-328.000	-2986.000
5.650	386.000	24.000	-361.000	-2913.000
5.660	403.000	27.000	-378.000	-2981.000
5.670	404.000	27.000	-380.000	-3223.000
5.680	386.000	27.000	-366.000	-3228.000
5.690	351.000	26.000	-335.000	-3151.000
5.700	299.000	22.000	-285.000	-2801.000
5.710	233.000	17.000	-222.000	-2293.000
5.720	156.000	12.000	-151.000	-1655.000
5.730	71.000	6.000	-72.000	-863.000
5.740	-19.000	0.000	11.000	134.000
5.750	-109.000	-6.000	94.000	1156.000
5.760	-194.000	-12.000	173.000	2047.000
5.770	-269.000	-17.000	241.000	2652.000
5.780	-332.000	-22.000	303.000	3145.000
5.790	-381.000	-26.000	352.000	3601.000
5.800	-411.000	-28.000	380.000	3658.000
5.810	-425.000	-30.000	392.000	3865.000
5.820	-421.000	-30.000	390.000	3994.000
5.830	-398.000	-30.000	371.000	3888.000
5.840	-355.000	-30.000	334.000	3324.000
5.850	-298.000	-27.000	280.000	2852.000
5.860	-227.000	-24.000	216.000	2148.000
5.870	-145.000	-19.000	140.000	1236.000
5.880	-56.000	-14.000	58.000	210.000
5.890	35.000	-8.000	-26.000	-763.000
5.900	125.000	-2.000	-109.000	-1782.000
5.910	206.000	5.000	-181.000	-2334.000
5.920	277.000	11.000	-248.000	-2775.000
5.930	334.000	17.000	-306.000	-2995.000
5.940	375.000	22.000	-347.000	-3068.000
5.950	399.000	26.000	-371.000	-3088.000
5.960	406.000	29.000	-379.000	-3162.000
5.970	396.000	30.000	-373.000	-3288.000
5.980	368.000	30.000	-350.000	-3255.000
5.990	323.000	28.000	-308.000	-3035.000
6.000	262.000	24.000	-249.000	-2527.000
6.010	188.000	18.000	-182.000	-1808.000
6.020	106.000	12.000	-106.000	-1117.000
6.030	18.000	5.000	-23.000	-264.000
6.040	-72.000	-2.000	61.000	693.000
6.050	-159.000	-9.000	142.000	1588.000
6.060	-238.000	-15.000	216.000	2268.000
6.070	-307.000	-21.000	281.000	2915.000
6.080	-362.000	-26.000	337.000	3385.000
6.090	-401.000	-29.000	373.000	3726.000
6.100	-422.000	-32.000	391.000	3890.000
6.110	-426.000	-33.000	395.000	4099.000
6.120	-411.000	-33.000	383.000	4094.000
6.130	-376.000	-32.000	353.000	3686.000
6.140	-324.000	-29.000	304.000	3099.000
6.150	-257.000	-25.000	243.000	2319.000
6.160	-179.000	-21.000	171.000	1503.000
6.170	-92.000	-15.000	90.000	494.000
6.180	-2.000	-9.000	6.000	-401.000
6.190	88.000	-3.000	-78.000	-1295.000
6.200	173.000	3.000	-155.000	-2038.000
6.210	250.000	10.000	-225.000	-2713.000
6.220	313.000	15.000	-287.000	-2993.000
6.230	360.000	20.000	-335.000	-3015.000
6.240	391.000	24.000	-365.000	-3045.000
6.250	405.000	26.000	-379.000	-3098.000
6.260	403.000	27.000	-380.000	-3331.000
6.270	381.000	27.000	-363.000	-3198.000
6.280	343.000	26.000	-328.000	-3095.000
6.290	288.000	22.000	-275.000	-2678.000
6.300	218.000	17.000	-209.000	-1941.000
6.310	140.000	11.000	-138.000	-1398.000
6.320	54.000	5.000	-58.000	-607.000
6.330	-35.000	-1.000	26.000	235.000
6.340	-123.000	-7.000	108.000	1091.000
6.350	-206.000	-13.000	185.000	1919.000
6.360	-280.000	-18.000	253.000	2653.000
6.370	-341.000	-22.000	314.000	3188.000
6.380	-388.000	-26.000	359.000	3722.000
6.390	-416.000	-28.000	384.000	3871.000
6.400	-427.000	-30.000	393.000	4051.000
6.410	-420.000	-30.000	389.000	4157.000
6.420	-392.000	-30.000	367.000	3780.000
6.430	-347.000	-30.000	327.000	3311.000
6.440	-286.000	-27.000	271.000	2634.000
6.450	-212.000	-23.000	204.000	1818.000
6.460	-129.000	-18.000	127.000	976.000
6.470	-39.000	-13.000	44.000	-70.000
6.480	52.000	-7.000	-41.000	-1021.000
6.490	138.000	0.000	-121.000	-1635.000
6.500	219.000	6.000	-193.000	-2392.000
6.510	288.000	13.000	-259.000	-2830.000
6.520	342.000	19.000	-315.000	-2983.000
6.530	381.000	24.000	-354.000	-3155.000
6.540	402.000	27.000	-374.000	-3164.000
6.550	406.000	29.000	-380.000	-3239.000
6.560	392.000	29.000	-371.000	-3240.000
6.570	361.000	29.000	-345.000	-3198.000
6.580	312.000	27.000	-299.000	-2815.000
6.590	250.000	22.000	-238.000	-2469.000
6.600	174.000	16.000	-169.000	-1701.000
6.610	91.000	10.000	-92.000	-1017.000
6.620	2.000	3.000	-8.000	-93.000
6.630	-88.000	-4.000	76.000	883.000
6.640	-172.000	-11.000	154.000	1521.000
6.650	-251.000	-17.000	227.000	2409.000
6.660	-318.000	-23.000	291.000	3051.000
6.670	-371.000	-27.000	344.000	3568.000
6.680	-407.000	-30.000	376.000	3865.000
6.690	-425.000	-32.000	391.000	4015.000
6.700	-427.000	-33.000	393.000	4333.000
6.710	-406.000	-33.000	378.000	3940.000
6.720	-368.000	-32.000	345.000	3536.000
6.730	-312.000	-29.000	292.000	2791.000
6.740	-244.000	-25.000	231.000	2174.000
6.750	-162.000	-20.000	156.000	1073.000
6.760	-75.000	-15.000	75.000	223.000
6.770	14.000	-8.000	-9.000	-506.000
6.780	103.000	-2.000	-93.000	-1342.000
6.790	185.000	4.000	-168.000	-1877.000
6.800	259.000	11.000	-236.000	-2449.000
6.810	320.000	16.000	-297.000	-2815.000
6.820	367.000	21.000	-342.000	-3181.000
6.830	396.000	24.000	-369.000	-3289.000
6.840	407.000	26.000	-380.000	-3306.000
6.850	402.000	27.000	-377.000	-3510.000
6.860	378.000	27.000	-357.000	-3454.000
6.870	335.000	26.000	-320.000	-3034.000
6.880	276.000	22.000	-263.000	-2429.000
6.890	205.000	17.000	-198.000	-1827.000
6.900	124.000	12.000	-124.000	-1091.000
6.910	37.000	6.000	-42.000	-301.000
6.920	-52.000	0.000	42.000	503.000
6.930	-140.000	-7.000	123.000	1407.000
6.940	-221.000	-13.000	199.000	2115.000
6.950	-291.000	-18.000	265.000	2584.000
6.960	-348.000	-23.000	325.000	2957.000
6.970	-391.000	-27.000	366.000	3397.000
6.980	-418.000	-29.000	388.000	3841.000
6.990	-426.000	-30.000	394.000	4036.000
7.000	-417.000	-30.000	388.000	4264.000
7.010	-387.000	-30.000	362.000	3965.000
7.020	-339.000	-29.000	318.000	3407.000
7.030	-276.000	-26.000	260.000	2725.000
7.040	-196.000	-22.000	188.000	1379.000
7.050	-112.000	-17.000	112.000	616.000
7.060	-23.000	-12.000	29.000	-212.000
7.070	67.000	-6.000	-56.000	-1064.000
7.080	155.000	1.000	-136.000	-2022.000
7.090	233.000	7.000	-207.000	-2549.000
7.100	298.000	13.000	-271.000	-2746.000
7.110	349.000	19.000	-324.000	-2868.000
7.120	384.000	23.000	-359.000	-2933.000
7.130	403.000	26.000	-377.000	-3107.000
7.140	405.000	28.000	-381.000	-3320.000
7.150	389.000	28.000	-369.000	-3422.000
7.160	355.000	28.000	-340.000	-3320.000
7.170	304.000	24.000	-291.000	-2965.000
7.180	238.000	20.000	-228.000	-2356.000
7.190	159.000	14.000	-158.000	-1427.000
7.200	74.000	8.000	-79.000	-653.000
7.210	-16.000	1.000	4.000	306.000
7.220	-105.000	-6.000	88.000	1157.000
7.230	-189.000	-13.000	167.000	1887.000
7.240	-264.000	-19.000	237.000	2454.000
7.250	-327.000	-24.000	300.000	2894.000
7.260	-376.000	-29.000	350.000	3291.000
7.270	-410.000	-32.000	379.000	3752.000
7.280	-425.000	-33.000	392.000	3933.000
7.290	-424.000	-33.000	392.000	4276.000
7.300	-401.000	-33.000	373.000	4002.000
7.310	-360.000	-32.000	337.000	3548.000
7.320	-303.000	-28.000	283.000	2950.000
7.330	-232.000	-24.000	219.000	2164.000
7.340	-150.000	-19.000	143.000	1208.000
7.350	-61.000	-13.000	61.000	171.000
7.360	31.000	-7.000	-24.000	-902.000
7.370	120.000	-1.000	-106.000	-1746.000
7.380	202.000	6.000	-179.000	-2365.000
7.390	274.000	12.000	-246.000	-2841.000
7.400	332.000	18.000	-305.000	-3071.000
7.410	373.000	23.000	-346.000	-3023.000
7.420	397.000	26.000	-370.000	-2936.000
7.430	404.000	28.000	-379.000	-2920.000
7.440	396.000	28.000	-373.000	-3204.000
7.450	369.000	28.000	-351.000	-3189.000
7.460	326.000	26.000	-310.000	-3113.000
7.470	266.000	22.000	-251.000	-2622.000
7.480	194.000	17.000	-184.000	-2055.000
7.490	111.000	11.000	-108.000	-1164.000
7.500	23.000	5.000	-26.000	-291.000
7.510	-66.000	-2.000	57.000	540.000
7.520	-154.000	-8.000	138.000	1540.000
7.530	-235.000	-13.000	211.000	2398.000
7.540	-304.000	-19.000	277.000	2937.000
7.550	-360.000	-23.000	333.000	3421.000
7.560	-400.000	-27.000	371.000	3760.000
7.570	-422.000	-29.000	390.000	3916.000
7.580	-426.000	-31.000	394.000	4002.000
7.590	-411.000	-31.000	384.000	3899.000
7.600	-377.000	-31.000	355.000	3535.000
7.610	-327.000	-30.000	308.000	3113.000
7.620	-261.000	-26.000	248.000	2369.000
7.630	-184.000	-22.000	177.000	1603.000
7.640	-98.000	-17.000	96.000	660.000
7.650	-8.000	-11.000	12.000	-272.000
7.660	82.000	-5.000	-72.000	-1168.000
7.670	167.000	1.000	-150.000	-1887.000
7.680	244.000	8.000	-220.000	-2519.000
7.690	309.000	14.000	-283.000	-2977.000
7.700	358.000	19.000	-333.000	-3127.000
7.710	391.000	24.000	-365.000	-3251.000
7.720	406.000	26.000	-380.000	-3261.000
7.730	405.000	28.000	-381.000	-3460.000
7.740	383.000	28.000	-366.000	-3191.000
7.750	345.000	27.000	-333.000	-2988.000
7.760	291.000	24.000	-281.000	-2620.000
7.770	222.000	19.000	-215.000	-1942.000
7.780	143.000	13.000	-143.000	-1235.000
7.790	59.000	6.000	-64.000	-683.000
7.800	-30.000	-1.000	20.000	171.000
7.810	-118.000	-8.000	103.000	1012.000
7.820	-201.000	-14.000	181.000	1803.000
7.830	-275.000	-20.000	250.000	2484.000
7.840	-337.000	-24.000	312.000	3073.000
7.850	-385.000	-28.000	358.000	3635.000
7.860	-416.000	-30.000	384.000	4030.000
7.870	-428.000	-31.000	394.000	4174.000
7.880	-422.000	-31.000	390.000	4254.000
7.890	-396.000	-31.000	369.000	3981.000
7.900	-351.000	-30.000	330.000	3376.000
7.910	-290.000	-26.000	274.000	2607.000
7.920	-216.000	-22.000	207.000	1735.000
7.930	-132.000	-17.000	130.000	754.000
7.940	-44.000	-11.000	48.000	-33.000
7.950	46.000	-5.000	-37.000	-865.000
7.960	134.000	1.000	-118.000	-1705.000
7.970	214.000	7.000	-190.000	-2274.000
7.980	283.000	13.000	-256.000	-2654.000
7.990	338.000	18.000	-312.000	-2858.000
8.000	378.000	23.000	-351.000	-3057.000
8.010	401.000	26.000	-372.000	-3196.000
8.020	406.000	28.000	-378.000	-3258.000
8.030	395.000	28.000	-371.000	-3485.000
8.040	365.000	28.000	-346.000	-3403.000
8.050	317.000	25.000	-301.000	-3004.000
8.060	254.000	21.000	-241.000	-2432.000
8.070	178.000	16.000	-173.000	-1618.000
8.080	93.000	10.000	-96.000	-686.000
8.090	5.000	4.000	-13.000	68.000
8.100	-84.000	-3.000	70.000	882.000
8.110	-170.000	-10.000	150.000	1714.000
8.120	-247.000	-16.000	222.000	2272.000
8.130	-314.000	-22.000	287.000	2860.000
8.140	-365.000	-26.000	340.000	3081.000
8.150	-402.000	-30.000	374.000	3473.000
8.160	-422.000	-32.000	390.000	3804.000
8.170	-425.000	-33.000	392.000	4151.000
8.180	-408.000	-33.000	378.000	4133.000
8.190	-372.000	-32.000	347.000	3812.000
8.200	-319.000	-30.000	296.000	3269.000
8.210	-251.000	-26.000	234.000	2490.000
8.220	-171.000	-22.000	161.000	1516.000
8.230	-82.000	-16.000	80.000	332.000
8.240	9.000	-11.000	-4.000	-642.000
8.250	100.000	-5.000	-88.000	-1652.000
8.260	185.000	2.000	-164.000	-2424.000
8.270	260.000	9.000	-233.000	-2939.000
8.280	320.000	15.000	-294.000	-3013.000
8.290	363.000	20.000	-340.000	-2781.000
8.300	391.000	24.000	-368.000	-2739.000
8.310	402.000	27.000	-381.000	-2741.000
8.320	399.000	28.000	-379.000	-3161.000
8.330	376.000	28.000	-360.000	-3165.000
8.340	337.000	26.000	-324.000	-3152.000
8.350	282.000	22.000	-269.000	-2894.000
8.360	213.000	17.000	-203.000	-2366.000
8.370	133.000	11.000	-130.000	-1601.000
8.380	46.000	5.000	-48.000	-701.000
8.390	-45.000	-1.000	36.000	395.000
8.400	-135.000	-7.000	118.000	1509.000
8.410	-220.000	-13.000	196.000	2598.000
8.420	-291.000	-18.000	262.000	3011.000
8.430	-349.000	-23.000	321.000	3325.000
8.440	-392.000	-27.000	364.000	3592.000
8.450	-418.000	-29.000	387.000	3774.000
8.460	-425.000	-31.000	395.000	3753.000
8.470	-415.000	-31.000	389.000	3805.000
8.480	-386.000	-31.000	364.000	3599.000
8.490	-340.000	-29.000	322.000	3242.000
8.500	-278.000	-26.000	264.000	2621.000
8.510	-203.000	-21.000	195.000	1809.000
8.520	-120.000	-16.000	117.000	1042.000
8.530	-31.000	-10.000	34.000	124.000
8.540	60.000	-4.000	-51.000	-889.000
8.550	148.000	2.000	-131.000	-1834.000
8.560	228.000	8.000	-202.000	-2558.000
8.570	296.000	14.000	-267.000	-3012.000
8.580	349.000	19.000	-321.000	-3213.000
8.590	386.000	24.000	-357.000	-3334.000
8.600	404.000	27.000	-376.000	-3201.000
8.610	407.000	28.000	-380.000	-3397.000
8.620	389.000	28.000	-369.000	-3143.000
8.630	354.000	28.000	-340.000	-2874.000
8.640	304.000	25.000	-293.000	-2626.000
8.650	239.000	20.000	-231.000	-2119.000
8.660	163.000	15.000	-160.000	-1523.000
8.670	80.000	8.000	-83.000	-928.000
8.680	-7.000	1.000	1.000	-259.000
8.690	-96.000	-5.000	84.000	676.000
8.700	-181.000	-12.000	163.000	1560.000
8.710	-259.000	-18.000	235.000	2459.000
8.720	-324.000	-23.000	297.000	3033.000
8.730	-376.000	-27.000	347.000	3642.000
8.740	-412.000	-30.000	378.000	4152.000
8.750	-428.000	-32.000	391.000	4255.000
8.760	-427.000	-32.000	392.000	4423.000
8.770	-404.000	-32.000	374.000	4014.000
8.780	-361.000	-32.000	339.000	3228.000
8.790	-305.000	-29.000	287.000	2723.000
8.800	-234.000	-25.000	223.000	1912.000
8.810	-152.000	-21.000	148.000	956.000
8.820	-64.000	-15.000	66.000	57.000
8.830	25.000	-9.000	-18.000	-647.000
8.840	113.000	-2.000	-101.000	-1399.000
8.850	194.000	5.000	-175.000	-1914.000
8.860	266.000	11.000	-243.000	-2397.000
8.870	325.000	17.000	-303.000	-2726.000
8.880	370.000	22.000	-345.000	-3090.000
8.890	397.000	25.000	-371.000	-3213.000
8.900	407.000	27.000	-380.000	-3367.000
8.910	401.000	28.000	-375.000	-3678.000
8.920	375.000	28.000	-354.000	-3582.000
8.930	331.000	26.000	-314.000	-3223.000
8.940	270.000	22.000	-256.000	-2521.000
8.950	196.000	18.000	-189.000	-1686.000
8.960	113.000	12.000	-115.000	-829.000
8.970	25.000	6.000	-32.000	-5.000
8.980	-65.000	-1.000	52.000	880.000
8.990	-151.000	-8.000	133.000	1554.000
9.000	-230.000	-14.000	208.000	2124.000
9.010	-298.000	-20.000	273.000	2523.000
9.020	-354.000	-25.000	331.000	2988.000
9.030	-394.000	-28.000	370.000	3296.000
9.040	-419.000	-31.000	390.000	3764.000
9.050	-425.000	-31.000	395.000	3982.000
9.060	-414.000	-31.000	385.000	4222.000
9.070	-382.000	-31.000	358.000	3916.000
9.080	-334.000	-29.000	311.000	3559.000
9.090	-269.000	-25.000	251.000	2773.000
9.100	-191.000	-21.000	181.000	1766.000
9.110	-103.000	-16.000	101.000	537.000
9.120	-11.000	-11.000	18.000	-603.000
9.130	80.000	-5.000	-67.000	-1530.000
9.140	166.000	1.000	-146.000	-2253.000
9.150	243.000	8.000	-215.000	-2754.000
9.160	307.000	14.000	-279.000	-2972.000
9.170	355.000	19.000	-330.000	-2912.000
9.180	387.000	24.000	-363.000	-2852.000
9.190	402.000	27.000	-379.000	-2820.000
9.200	402.000	28.000	-381.000	-3097.000
9.210	383.000	28.000	-366.000	-3123.000
9.220	347.000	27.000	-334.000	-3053.000
9.230	295.000	23.000	-283.000	-2810.000
9.240	229.000	18.000	-219.000	-2368.000
9.250	152.000	12.000	-148.000	-1764.000
9.260	67.000	6.000	-68.000	-976.000
9.270	-23.000	0.000	15.000	41.000
9.280	-114.000	-7.000	99.000	1220.000
9.290	-198.000	-13.000	176.000	2030.000
9.300	-274.000	-18.000	245.000	2825.000
9.310	-337.000	-23.000	307.000	3374.000
9.320	-384.000	-27.000	354.000	3661.000
9.330	-415.000	-29.000	381.000	3941.000
9.340	-426.000	-31.000	393.000	3869.000
9.350	-421.000	-32.000	391.000	4005.000
9.360	-395.000	-32.000	370.000	3665.000
9.370	-352.000	-31.000	332.000	3247.000
9.380	-293.000	-28.000	277.000	2644.000
9.390	-221.000	-24.000	212.000	1928.000
9.400	-140.000	-19.000	135.000	1214.000
9.410	-51.000	-13.000	53.000	207.000
9.420	39.000	-7.000	-32.000	-659.000
9.430	127.000	0.000	-113.000	-1499.000
9.440	209.000	6.000	-186.000	-2276.000
9.450	280.000	12.000	-252.000	-2803.000
9.460	338.000	18.000	-311.000	-3227.000
9.470	378.000	23.000	-350.000	-3247.000
9.480	401.000	26.000	-373.000	-3235.000
9.490	407.000	28.000	-379.000	-3288.000
9.500	396.000	29.000	-372.000	-3395.000
9.510	365.000	29.000	-348.000	-3107.000
9.520	318.000	27.000	-305.000	-2783.000
9.530	256.000	22.000	-244.000	-2287.000
9.540	182.000	17.000	-177.000	-1670.000
9.550	100.000	11.000	-101.000	-1038.000
9.560	12.000	4.000	-17.000	-207.000
9.570	-78.000	-3.000	67.000	757.000
9.580	-162.000	-10.000	146.000	1336.000
9.590	-241.000	-16.000	219.000	2129.000
9.600	-309.000	-21.000	284.000	2768.000
9.610	-365.000	-26.000	339.000	3480.000
9.620	-403.000	-29.000	374.000	3796.000
9.630	-425.000	-31.000	391.000	4181.000
9.640	-428.000	-32.000	394.000	4341.000
9.650	-411.000	-32.000	381.000	4177.000
9.660	-374.000	-32.000	350.000	3632.000
9.670	-321.000	-29.000	301.000	3036.000
9.680	-252.000	-26.000	239.000	2114.000
9.690	-172.000	-21.000	166.000	1158.000
9.700	-85.000	-16.000	86.000	241.000
9.710	4.000	-10.000	2.000	-491.000
9.720	93.000	-3.000	-83.000	-1279.000
9.730	176.000	3.000	-159.000	-1843.000
9.740	251.000	9.000	-227.000	-2394.000
9.750	314.000	15.000	-291.000	-2822.000
9.760	361.000	20.000	-338.000	-2976.000
9.770	392.000	24.000	-367.000	-3123.000
9.780	406.000	26.000	-380.000	-3278.000
9.790	404.000	27.000	-379.000	-3594.000
9.800	381.000	27.000	-361.000	-3409.000
9.810	341.000	26.000	-326.000	-3140.000
9.820	285.000	22.000	-272.000	-2690.000
9.830	214.000	18.000	-206.000	-1907.000
9.840	134.000	12.000	-134.000	-1186.000
9.850	47.000	6.000	-54.000	-342.000
9.860	-43.000	-1.000	31.000	571.000
9.870	-130.000	-7.000	113.000	1281.000
9.880	-211.000	-13.000	189.000	1900.000
9.890	-283.000	-19.000	257.000	2486.000
9.900	-343.000	-24.000	318.000	3033.000
9.910	-388.000	-28.000	361.000	3472.000
9.920	-416.000	-30.000	385.000	3784.000
9.930	-426.000	-31.000	394.000	3982.000
9.940	-419.000	-31.000	389.000	4216.000
9.950	-392.000	-31.000	366.000	4053.000
9.960	-346.000	-30.000	324.000	3514.000
9.970	-284.000	-27.000	267.000	2767.000
9.980	-208.000	-23.000	198.000	1759.000
9.990	-124.000	-18.000	121.000	854.000
10.000	-34.000	-12.000	38.000	-153.000
10.010	59.000	-6.000	-47.000	-1331.000
10.020	145.000	0.000	-127.000	-1925.000
10.030	224.000	7.000	-198.000	-2459.000
10.040	291.000	13.000	-264.000	-2737.000
10.050	345.000	19.000	-319.000	-3009.000
10.060	382.000	23.000	-356.000	-3057.000
10.070	401.000	27.000	-376.000	-2972.000
10.080	405.000	28.000	-380.000	-3203.000
10.090	390.000	29.000	-370.000	-3211.000
10.100	358.000	28.000	-343.000	-3164.000
10.110	310.000	25.000	-297.000	-2997.000
10.120	246.000	20.000	-235.000	-2461.000
10.130	170.000	15.000	-166.000	-1751.000
10.140	86.000	9.000	-87.000	-973.000
10.150	-4.000	2.000	-4.000	52.000
10.160	-94.000	-5.000	80.000	1020.000
10.170	-179.000	-11.000	159.000	1794.000
10.180	-256.000	-17.000	230.000	2468.000
10.190	-321.000	-23.000	294.000	2957.000
10.200	-373.000	-27.000	346.000	3481.000
10.210	-408.000	-30.000	377.000	3793.000
10.220	-425.000	-32.000	392.000	3960.000
10.230	-425.000	-32.000	393.000	4176.000
10.240	-404.000	-32.000	376.000	3925.000
10.250	-365.000	-32.000	343.000	3511.000
10.260	-309.000	-29.000	290.000	2858.000
10.270	-240.000	-24.000	227.000	2182.000
10.280	-158.000	-20.000	152.000	1127.000
10.290	-72.000	-14.000	71.000	407.000
10.300	19.000	-8.000	-13.000	-589.000
10.310	107.000	-2.000	-96.000	-1318.000
10.320	191.000	4.000	-171.000	-2140.000
10.330	264.000	10.000	-238.000	-2618.000
10.340	325.000	16.000	-299.000	-3046.000
10.350	370.000	21.000	-343.000	-3245.000
10.360	397.000	24.000	-369.000	-3228.000
10.370	407.000	27.000	-380.000	-3264.000
10.380	400.000	27.000	-377.000	-3365.000
10.390	374.000	27.000	-356.000	-3217.000
10.400	331.000	26.000	-318.000	-2941.000
10.410	272.000	22.000	-261.000	-2436.000
10.420	200.000	17.000	-194.000	-1779.000
10.430	119.000	11.000	-120.000	-1092.000
10.440	32.000	5.000	-38.000	-316.000
10.450	-56.000	-1.000	46.000	385.000
10.460	-142.000	-8.000	127.000	1113.000
10.470	-224.000	-14.000	202.000	2048.000
10.480	-295.000	-20.000	269.000	2721.000
10.490	-353.000	-24.000	327.000	3277.000
10.500	-396.000	-28.000	367.000	3766.000
10.510	-421.000	-30.000	388.000	4028.000
10.520	-428.000	-31.000	394.000	4197.000
10.530	-416.000	-31.000	386.000	4170.000
10.540	-384.000	-31.000	360.000	3772.000
10.550	-335.000	-30.000	315.000	3234.000
10.560	-270.000	-26.000	255.000	2433.000
10.570	-193.000	-22.000	186.000	1548.000
10.580	-107.000	-17.000	107.000	554.000
10.590	-17.000	-11.000	23.000	-369.000
10.600	73.000	-5.000	-62.000	-1209.000
10.610	158.000	2.000	-141.000	-1835.000
10.620	236.000	8.000	-211.000	-2461.000
10.630	301.000	14.000	-275.000	-2759.000
10.640	352.000	20.000	-327.000	-2978.000
10.650	386.000	24.000	-361.000	-3018.000
10.660	403.000	27.000	-378.000	-3063.000
10.670	405.000	28.000	-380.000	-3404.000
10.680	387.000	28.000	-367.000	-3374.000
10.690	352.000	27.000	-336.000	-3271.000
10.700	300.000	24.000	-286.000	-2901.000
10.710	233.000	19.000	-223.000	-2261.000
10.720	154.000	14.000	-152.000	-1399.000
10.730	69.000	7.000	-73.000	-656.000
10.740	-20.000	1.000	11.000	187.000
10.750	-110.000	-6.000	95.000	1201.000
10.760	-193.000	-12.000	172.000	1854.000
10.770	-268.000	-18.000	242.000	2496.000
10.780	-332.000	-23.000	304.000	3134.000
10.790	-380.000	-27.000	353.000	3475.000
10.800	-412.000	-30.000	381.000	3786.000
10.810	-426.000	-32.000	393.000	3968.000
10.820	-423.000	-32.000	391.000	4194.000
10.830	-399.000	-32.000	372.000	3935.000
10.840	-356.000	-31.000	335.000	3366.000
10.850	-298.000	-28.000	279.000	2773.000
10.860	-227.000	-24.000	215.000	2085.000
10.870	-144.000	-19.000	139.000	1070.000
10.880	-56.000	-13.000	57.000	192.000
10.890	35.000	-7.000	-28.000	-778.000
10.900	124.000	-1.000	-110.000	-1679.000
10.910	206.000	6.000	-183.000	-2366.000
10.920	276.000	12.000	-250.000	-2685.000
10.930	334.000	17.000	-308.000	-3038.000
10.940	375.000	22.000	-349.000	-3102.000
10.950	399.000	25.000	-372.000	-3115.000
10.960	405.000	27.000	-380.000	-3069.000
10.970	396.000	28.000	-374.000	-3328.000
10.980	368.000	28.000	-350.000	-3286.000
10.990	322.000	25.000	-308.000	-2945.000
11.000	262.000	21.000	-249.000	-2569.000
11.010	187.000	16.000	-181.000	-1725.000
11.020	106.000	10.000	-106.000	-1165.000
11.030	17.000	4.000	-23.000	-186.000
11.040	-73.000	-3.000	61.000	757.000
11.050	-159.000	-9.000	141.000	1526.000
11.060	-239.000	-15.000	215.000	2336.000
11.070	-307.000	-20.000	280.000	2855.000
11.080	-362.000	-25.000	336.000	3338.000
11.090	-401.000	-28.000	372.000	3688.000
11.100	-422.000	-30.000	390.000	3860.000
11.110	-426.000	-31.000	394.000	4075.000
11.120	-411.000	-31.000	382.000	4074.000
11.130	-376.000	-31.000	353.000	3669.000
11.140	-324.000	-29.000	305.000	3085.000
11.150	-258.000	-26.000	243.000	2424.000
11.160	-179.000	-21.000	172.000	1471.000
11.170	-93.000	-16.000	92.000	585.000
11.180	-2.000	-10.000	8.000	-443.000
11.190	88.000	-4.000	-77.000	-1328.000
11.200	173.000	2.000	-154.000	-2065.000
11.210	250.000	9.000	-224.000	-2735.000
11.220	312.000	15.000	-286.000	-2895.000
11.230	360.000	20.000	-335.000	-3051.000
11.240	391.000	24.000	-365.000	-3074.000
11.250	404.000	27.000	-379.000	-3005.000
11.260	402.000	28.000	-380.000	-3255.000
11.270	381.000	28.000	-363.000	-3251.000
11.280	343.000	27.000	-329.000	-3137.000
11.290	289.000	23.000	-276.000	-2827.000
11.300	220.000	18.000	-211.000	-2179.000
11.310	141.000	12.000	-139.000	-1477.000
11.320	54.000	6.000	-58.000	-559.000
11.330	-35.000	0.000	25.000	270.000
11.340	-125.000	-7.000	108.000	1349.000
11.350	-208.000	-13.000	185.000	2128.000
11.360	-281.000	-19.000	253.000	2709.000
11.370	-342.000	-24.000	314.000	3236.000
11.380	-387.000	-28.000	359.000	3531.000
11.390	-416.000	-31.000	384.000	3834.000
11.400	-426.000	-32.000	393.000	3905.000
11.410	-420.000	-33.000	389.000	4155.000
11.420	-392.000	-33.000	367.000	3778.000
11.430	-347.000	-31.000	326.000	3308.000
11.440	-287.000	-27.000	269.000	2747.000
11.450	-213.000	-23.000	202.000	1909.000
11.460	-129.000	-18.000	124.000	935.000
11.470	-39.000	-12.000	42.000	-102.000
11.480	52.000	-6.000	-44.000	-1046.000
11.490	139.000	1.000	-124.000	-1772.000
11.500	218.000	7.000	-195.000	-2272.000
11.510	287.000	13.000	-261.000	-2733.000
11.520	342.000	18.000	-317.000	-3019.000
11.530	381.000	23.000	-354.000	-3184.000
11.540	402.000	26.000	-375.000	-3187.000
11.550	406.000	27.000	-380.000	-3257.000
11.560	393.000	27.000	-371.000	-3372.000
11.570	361.000	27.000	-344.000	-3189.000
11.580	312.000	25.000	-299.000	-2809.000
11.590	249.000	20.000	-238.000	-2349.000
11.600	173.000	15.000	-169.000	-1604.000
11.610	89.000	9.000	-91.000	-821.000
11.620	1.000	3.000	-8.000	-47.000
11.630	-88.000	-4.000	75.000	807.000
11.640	-173.000	-10.000	155.000	1578.000
11.650	-251.000	-16.000	226.000	2342.000
11.660	-317.000	-21.000	290.000	2883.000
11.670	-369.000	-25.000	343.000	3316.000
11.680	-406.000	-28.000	376.000	3775.000
11.690	-425.000	-30.000	391.000	4055.000
11.700	-427.000	-31.000	393.000	4363.000
11.710	-407.000	-31.000	378.000	4078.000
11.720	-368.000	-31.000	346.000	3530.000
11.730	-313.000	-28.000	294.000	2902.000
11.740	-244.000	-25.000	232.000	2148.000
11.750	-163.000	-20.000	158.000	1169.000
11.760	-76.000	-15.000	77.000	302.000
11.770	14.000	-9.000	-7.000	-556.000
11.780	104.000	-3.000	-92.000	-1497.000
11.790	186.000	3.000	-166.000	-2003.000
11.800	260.000	10.000	-234.000	-2552.000
11.810	320.000	16.000	-295.000	-2785.000
11.820	366.000	21.000	-341.000	-3043.000
11.830	395.000	25.000	-368.000	-3177.000
11.840	406.000	27.000	-380.000	-3215.000
11.850	402.000	28.000	-378.000	-3551.000
11.860	378.000	28.000	-358.000	-3486.000
11.870	336.000	27.000	-321.000	-3175.000
11.880	277.000	23.000	-265.000	-2544.000
11.890	206.000	18.000	-200.000	-1922.000
11.900	124.000	12.000	-126.000	-1055.000
11.910	36.000	6.000	-43.000	-157.000
11.920	-53.000	-1.000	41.000	619.000
11.930	-140.000	-8.000	123.000	1385.000
11.940	-221.000	-14.000	198.000	2097.000
11.950	-292.000	-21.000	266.000	2686.000
11.960	-349.000	-25.000	324.000	3041.000
11.970	-391.000	-29.000	366.000	3350.000
11.980	-417.000	-31.000	387.000	3689.000
11.990	-425.000	-32.000	394.000	3913.000
12.000	-417.000	-32.000	387.000	4279.000
12.010	-387.000	-32.000	362.000	0.000
12.020	-345.000	-30.000	318.000	0.000
12.030	-296.000	-26.000	259.000	0.000
12.040	-239.000	-23.000	189.000	0.000
12.050	-178.000	-20.000	110.000	0.000
12.060	-114.000	-20.000	27.000	0.000
12.070	-49.000	-20.000	-59.000	0.000
12.080	16.000	-25.000	-138.000	0.000
12.090	80.000	-33.000	-211.000	0.000
12.100	140.000	-45.000	-279.000	0.000
12.110	189.000	-57.000	-333.000	0.000
12.120	238.000	-73.000	-377.000	0.000
12.130	278.000	-88.000	-406.000	0.000
12.140	310.000	-101.000	-424.000	0.000
12.150	331.000	-112.000	-429.000	0.000
12.160	340.000	-117.000	-422.000	0.000
12.170	341.000	-117.000	-401.000	0.000
12.180	327.000	-110.000	-367.000	0.000
12.190	304.000	-95.000	-320.000	0.000
12.200	271.000	-73.000	-264.000	0.000
12.210	229.000	-45.000	-200.000	0.000
12.220	182.000	-11.000	-130.000	0.000
12.230	130.000	25.000	-53.000	0.000
12.240	78.000	62.000	25.000	0.000
12.250	24.000	99.000	107.000	0.000
12.260	-27.000	132.000	187.000	0.000
12.270	-73.000	162.000	264.000	0.000
12.280	-115.000	186.000	342.000	0.000
12.290	-148.000	204.000	411.000	0.000
12.300	-172.000	216.000	467.000	0.000
12.310	-186.000	223.000	516.000	0.000
12.320	-191.000	224.000	552.000	0.000
12.330	-188.000	224.000	573.000	0.000
12.340	-173.000	219.000	581.000	0.000
12.350	-149.000	213.000	576.000	0.000
12.360	-117.000	207.000	556.000	0.000
12.370	-77.000	202.000	518.000	0.000
12.380	-32.000	198.000	469.000	0.000
12.390	18.000	196.000	413.000	0.000
12.400	72.000	194.000	344.000	0.000
12.410	127.000	194.000	268.000	0.000
12.420	184.000	193.000	191.000	0.000
12.430	243.000	190.000	108.000	0.000
12.440	292.000	187.000	41.000	0.000
12.450	342.000	181.000	-25.000	0.000
12.460	386.000	174.000	-81.000	0.000
12.470	425.000	164.000	-123.000	0.000
12.480	456.000	153.000	-154.000	0.000
12.490	480.000	141.000	-174.000	0.000
12.500	494.000	130.000	-177.000	0.000
12.510	499.000	122.000	-172.000	0.000
12.520	496.000	116.000	-154.000	0.000
12.530	481.000	116.000	-119.000	0.000
12.540	458.000	119.000	-75.000	0.000
12.550	427.000	130.000	-24.000	0.000
12.560	388.000	147.000	34.000	0.000
12.570	344.000	170.000	99.000	0.000
12.580	296.000	196.000	164.000	0.000
12.590	245.000	225.000	231.000	0.000
12.600	195.000	255.000	300.000	0.000
12.610	146.000	285.000	369.000	0.000
12.620	101.000	312.000	431.000	0.000
12.630	61.000	335.000	488.000	0.000
12.640	29.000	353.000	539.000	0.000
12.650	3.000	365.000	582.000	0.000
12.660	-13.000	371.000	614.000	0.000
12.670	-20.000	372.000	638.000	0.000
12.680	-20.000	368.000	651.000	0.000
12.690	-9.000	358.000	653.000	0.000
12.700	11.000	346.000	644.000	0.000
12.710	39.000	332.000	621.000	0.000
12.720	72.000	318.000	586.000	0.000
12.730	111.000	304.000	540.000	0.000
12.740	153.000	293.000	487.000	0.000
12.750	198.000	283.000	426.000	0.000
12.760	244.000	275.000	358.000	0.000
12.770	290.000	268.000	286.000	0.000
12.780	334.000	263.000	215.000	0.000
12.790	376.000	259.000	145.000	0.000
12.800	413.000	253.000	81.000	0.000
12.810	446.000	247.000	26.000	0.000
12.820	473.000	240.000	-20.000	0.000
12.830	493.000	231.000	-54.000	0.000
12.840	506.000	221.000	-73.000	0.000
12.850	512.000	211.000	-80.000	0.000
12.860	511.000	200.000	-78.000	0.000
12.870	501.000	191.000	-64.000	0.000
12.880	482.000	184.000	-37.000	0.000
12.890	456.000	181.000	2.000	0.000
12.900	424.000	181.000	48.000	0.000
12.910	385.000	185.000	98.000	0.000
12.920	342.000	196.000	155.000	0.000
12.930	296.000	210.000	211.000	0.000
12.940	248.000	229.000	267.000	0.000
12.950	199.000	249.000	327.000	0.000
12.960	152.000	271.000	380.000	0.000
12.970	109.000	292.000	425.000	0.000
12.980	70.000	311.000	469.000	0.000
12.990	37.000	326.000	505.000	0.000
13.000	11.000	336.000	533.000	0.000
13.010	-7.000	341.000	553.000	0.000
13.020	-17.000	341.000	564.000	0.000
13.030	-18.000	335.000	566.000	0.000
13.040	-12.000	324.000	562.000	0.000
13.050	3.000	308.000	546.000	0.000
13.060	26.000	289.000	520.000	0.000
13.070	54.000	269.000	484.000	0.000
13.080	87.000	248.000	441.000	0.000
13.090	122.000	229.000	391.000	0.000
13.100	159.000	211.000	332.000	0.000
13.110	197.000	196.000	270.000	0.000
13.120	234.000	183.000	205.000	0.000
13.130	269.000	173.000	138.000	0.000
13.140	301.000	165.000	74.000	0.000
13.150	328.000	159.000	16.000	0.000
13.160	351.000	154.000	-38.000	0.000
13.170	368.000	148.000	-81.000	0.000
13.180	379.000	142.000	-111.000	0.000
13.190	383.000	135.000	-132.000	0.000
13.200	382.000	127.000	-143.000	0.000
13.210	373.000	118.000	-142.000	0.000
13.220	357.000	109.000	-131.000	0.000
13.230	335.000	101.000	-109.000	0.000
13.240	307.000	94.000	-74.000	0.000
13.250	274.000	89.000	-34.000	0.000
13.260	236.000	86.000	13.000	0.000
13.270	194.000	86.000	62.000	0.000
13.280	152.000	91.000	112.000	0.000
13.290	108.000	100.000	162.000	0.000
13.300	64.000	111.000	208.000	0.000
13.310	21.000	125.000	252.000	0.000
13.320	-19.000	140.000	293.000	0.000
13.330	-54.000	154.000	325.000	0.000
13.340	-84.000	167.000	348.000	0.000
13.350	-108.000	177.000	366.000	0.000
13.360	-124.000	183.000	375.000	0.000
13.370	-133.000	184.000	376.000	0.000
13.380	-135.000	180.000	373.000	0.000
13.390	-129.000	171.000	361.000	0.000
13.400	-115.000	156.000	340.000	0.000
13.410	-94.000	138.000	310.000	0.000
13.420	-68.000	117.000	275.000	0.000
13.430	-38.000	95.000	234.000	0.000
13.440	-6.000	72.000	185.000	0.000
13.450	28.000	51.000	133.000	0.000
13.460	62.000	32.000	80.000	0.000
13.470	94.000	17.000	23.000	0.000
13.480	123.000	4.000	-34.000	0.000
13.490	150.000	-5.000	-86.000	0.000
13.500	171.000	-12.000	-133.000	0.000
13.510	188.000	-16.000	-176.000	0.000
13.520	199.000	-19.000	-211.000	0.000
13.530	204.000	-21.000	-237.000	0.000
13.540	205.000	-22.000	-255.000	0.000
13.550	199.000	-25.000	-263.000	0.000
13.560	187.000	-28.000	-261.000	0.000
13.570	170.000	-31.000	-250.000	0.000
13.580	147.000	-36.000	-228.000	0.000
13.590	121.000	-40.000	-196.000	0.000
13.600	91.000	-44.000	-157.000	0.000
13.610	57.000	-47.000	-114.000	0.000
13.620	22.000	-48.000	-67.000	0.000
13.630	-15.000	-48.000	-19.000	0.000
13.640	-52.000	-43.000	28.000	0.000
13.650	-89.000	-36.000	71.000	0.000
13.660	-123.000	-27.000	110.000	0.000
13.670	-155.000	-15.000	145.000	0.000
13.680	-182.000	-3.000	170.000	0.000
13.690	-205.000	9.000	189.000	0.000
13.700	-223.000	19.000	201.000	0.000
13.710	-234.000	27.000	206.000	0.000
13.720	-238.000	32.000	206.000	0.000
13.730	-238.000	33.000	199.000	0.000
13.740	-228.000	30.000	183.000	0.000
13.750	-213.000	21.000	160.000	0.000
13.760	-192.000	8.000	132.000	0.000
13.770	-167.000	-8.000	99.000	0.000
13.780	-138.000	-27.000	62.000	0.000
13.790	-107.000	-46.000	21.000	0.000
13.800	-76.000	-66.000	-22.000	0.000
13.810	-44.000	-84.000	-66.000	0.000
13.820	-13.000	-100.000	-109.000	0.000
13.830	14.000	-113.000	-151.000	0.000
13.840	38.000	-122.000	-191.000	0.000
13.850	57.000	-128.000	-228.000	0.000
13.860	72.000	-130.000	-261.000	0.000
13.870	81.000	-131.000	-287.000	0.000
13.880	84.000	-130.000	-306.000	0.000
13.890	84.000	-126.000	-316.000	0.000
13.900	76.000	-122.000	-319.000	0.000
13.910	64.000	-118.000	-316.000	0.000
13.920	47.000	-116.000	-303.000	0.000
13.930	26.000	-114.000	-280.000	0.000
13.940	2.000	-113.000	-249.000	0.000
13.950	-25.000	-113.000	-212.000	0.000
13.960	-53.000	-113.000	-172.000	0.000
13.970	-82.000	-113.000	-128.000	0.000
13.980	-112.000	-113.000	-82.000	0.000
13.990	-141.000	-111.000	-39.000	0.000
14.000	-169.000	-107.000	3.000	0.000
14.010	-194.000	-100.000	39.000	0.000
14.020	-217.000	-92.000	69.000	0.000
14.030	-237.000	-82.000	93.000	0.000
14.040	-251.000	-71.000	110.000	0.000
14.050	-262.000	-61.000	119.000	0.000
14.060	-266.000	-51.000	120.000	0.000
14.070	-267.000	-43.000	118.000	0.000
14.080	-261.000	-38.000	108.000	0.000
14.090	-249.000	-37.000	91.000	0.000
14.100	-232.000	-37.000	67.000	0.000
14.110	-211.000	-44.000	40.000	0.000
14.120	-185.000	-54.000	10.000	0.000
14.130	-156.000	-67.000	-24.000	0.000
14.140	-128.000	-82.000	-56.000	0.000
14.150	-97.000	-98.000	-90.000	0.000
14.160	-67.000	-114.000	-122.000	0.000
14.170	-39.000	-128.000	-155.000	0.000
14.180	-13.000	-140.000	-186.000	0.000
14.190	9.000	-149.000	-213.000	0.000
14.200	27.000	-154.000	-239.000	0.000
14.210	40.000	-155.000	-260.000	0.000
14.220	47.000	-155.000	-276.000	0.000
14.230	50.000	-149.000	-286.000	0.000
14.240	49.000	-142.000	-290.000	0.000
14.250	41.000	-133.000	-290.000	0.000
14.260	29.000	-124.000	-282.000	0.000
14.270	13.000	-114.000	-267.000	0.000
14.280	-6.000	-106.000	-243.000	0.000
14.290	-27.000	-100.000	-213.000	0.000
14.300	-49.000	-95.000	-179.000	0.000
14.310	-73.000	-92.000	-141.000	0.000
14.320	-96.000	-90.000	-99.000	0.000
14.330	-119.000	-88.000	-59.000	0.000
14.340	-140.000	-86.000	-18.000	0.000
14.350	-160.000	-84.000	21.000	0.000
14.360	-177.000	-80.000	54.000	0.000
14.370	-192.000	-75.000	81.000	0.000
14.380	-202.000	-68.000	103.000	0.000
14.390	-210.000	-59.000	117.000	0.000
14.400	-213.000	-50.000	124.000	0.000
14.410	-213.000	-40.000	124.000	0.000
14.420	-208.000	-31.000	121.000	0.000
14.430	-198.000	-23.000	109.000	0.000
14.440	-184.000	-17.000	91.000	0.000
14.450	-166.000	-14.000	68.000	0.000
14.460	-144.000	-14.000	42.000	0.000
14.470	-120.000	-17.000	15.000	0.000
14.480	-94.000	-24.000	-14.000	0.000
14.490	-66.000	-34.000	-43.000	0.000
14.500	-38.000	-46.000	-69.000	0.000
14.510	-11.000	-58.000	-94.000	0.000
14.520	15.000	-71.000	-117.000	0.000
14.530	38.000	-82.000	-138.000	0.000
14.540	57.000	-90.000	-157.000	0.000
14.550	72.000	-95.000	-171.000	0.000
14.560	83.000	-97.000	-181.000	0.000
14.570	88.000	-96.000	-187.000	0.000
14.580	89.000	-90.000	-190.000	0.000
14.590	87.000	-82.000	-190.000	0.000
14.600	78.000	-71.000	-185.000	0.000
14.610	65.000	-58.000	-174.000	0.000
14.620	50.000	-46.000	-157.000	0.000
14.630	32.000	-34.000	-134.000	0.000
14.640	13.000	-23.000	-106.000	0.000
14.650	-7.000	-15.000	-75.000	0.000
14.660	-27.000	-8.000	-41.000	0.000
14.670	-46.000	-4.000	-5.000	0.000
14.680	-64.000	-2.000	30.000	0.000
14.690	-80.000	-1.000	65.000	0.000
14.700	-94.000	0.000	97.000	0.000
14.710	-105.000	1.000	125.000	0.000
14.720	-113.000	2.000	148.000	0.000
14.730	-118.000	5.000	164.000	0.000
14.740	-119.000	9.000	174.000	0.000
14.750	-119.000	15.000	177.000	0.000
14.760	-113.000	21.000	177.000	0.000
14.770	-104.000	29.000	169.000	0.000
14.780	-92.000	36.000	155.000	0.000
14.790	-77.000	43.000	136.000	0.000
14.800	-59.000	48.000	112.000	0.000
14.810	-39.000	50.000	86.000	0.000
14.820	-17.000	51.000	59.000	0.000
14.830	7.000	49.000	32.000	0.000
14.840	30.000	43.000	7.000	0.000
14.850	53.000	35.000	-17.000	0.000
14.860	75.000	25.000	-37.000	0.000
14.870	95.000	15.000	-54.000	0.000
14.880	113.000	4.000	-68.000	0.000
14.890	127.000	-4.000	-77.000	0.000
14.900	137.000	-11.000	-84.000	0.000
14.910	143.000	-15.000	-86.000	0.000
14.920	145.000	-15.000	-87.000	0.000
14.930	144.000	-13.000	-85.000	0.000
14.940	137.000	-7.000	-79.000	0.000
14.950	126.000	3.000	-69.000	0.000
14.960	112.000	15.000	-55.000	0.000
14.970	95.000	27.000	-38.000	0.000
14.980	77.000	40.000	-17.000	0.000
14.990	59.000	52.000	6.000	0.000
15.000	40.000	62.000	31.000	0.000
