0.000	-1.000	1.000	0.000	116.000
0.010	3.000	20.000	31.000	-321.000
0.020	3.000	22.000	34.000	-121.000
0.030	3.000	24.000	38.000	118.000
0.040	2.000	26.000	41.000	486.000
0.050	2.000	27.000	43.000	701.000
0.060	2.000	28.000	46.000	878.000
0.070	6.000	29.000	47.000	527.000
0.080	12.000	29.000	48.000	-57.000
0.090	18.000	30.000	49.000	-634.000
0.100	23.000	31.000	49.000	-1118.000
0.110	26.000	33.000	49.000	-1434.000
0.120	26.000	35.000	49.000	-1505.000
0.130	23.000	37.000	49.000	-1376.000
0.140	14.000	39.000	49.000	-718.000
0.150	4.000	41.000	48.000	-180.000
0.160	-7.000	41.000	47.000	301.000
0.170	-16.000	40.000	46.000	437.000
0.180	-24.000	36.000	45.000	460.000
0.190	-28.000	30.000	45.000	95.000
0.200	-31.000	21.000	44.000	-188.000
0.210	-32.000	12.000	43.000	-477.000
0.220	-33.000	2.000	41.000	-499.000
0.230	-34.000	-8.000	38.000	-275.000
0.240	-35.000	-17.000	33.000	170.000
0.250	-36.000	-24.000	27.000	802.000
0.260	-36.000	-30.000	19.000	1464.000
0.270	-33.000	-34.000	9.000	1898.000
0.280	-25.000	-37.000	-2.000	1876.000
0.290	-12.000	-37.000	-14.000	1428.000
0.300	3.000	-37.000	-26.000	914.000
0.310	21.000	-34.000	-38.000	148.000
0.320	38.000	-28.000	-50.000	-442.000
0.330	52.000	-21.000	-60.000	-743.000
0.340	63.000	-13.000	-67.000	-886.000
0.350	69.000	-4.000	-72.000	-734.000
0.360	71.000	5.000	-74.000	-510.000
0.370	71.000	14.000	-74.000	-494.000
0.380	67.000	21.000	-68.000	-428.000
0.390	59.000	26.000	-58.000	-317.000
0.400	50.000	28.000	-44.000	-491.000
0.410	38.000	29.000	-24.000	-618.000
0.420	25.000	29.000	-4.000	-873.000
0.430	11.000	28.000	19.000	-1150.000
0.440	-6.000	25.000	43.000	-1117.000
0.450	-25.000	21.000	66.000	-845.000
0.460	-45.000	18.000	87.000	-382.000
0.470	-66.000	15.000	106.000	347.000
0.480	-83.000	13.000	120.000	816.000
0.490	-97.000	12.000	131.000	1281.000
0.500	-105.000	11.000	137.000	1465.000
0.510	-107.000	11.000	138.000	1468.000
0.520	-102.000	11.000	136.000	1225.000
0.530	-90.000	11.000	128.000	771.000
0.540	-73.000	12.000	114.000	337.000
0.550	-52.000	14.000	96.000	-36.000
0.560	-30.000	17.000	75.000	-103.000
0.570	-7.000	19.000	52.000	-34.000
0.580	16.000	22.000	29.000	135.000
0.590	39.000	24.000	5.000	251.000
0.600	61.000	26.000	-17.000	299.000
0.610	82.000	27.000	-36.000	157.000
0.620	102.000	28.000	-52.000	-267.000
0.630	119.000	28.000	-64.000	-800.000
0.640	132.000	28.000	-71.000	-1396.000
0.650	139.000	28.000	-74.000	-1872.000
0.660	140.000	28.000	-74.000	-2281.000
0.670	133.000	28.000	-68.000	-2396.000
0.680	117.000	28.000	-58.000	-2111.000
0.690	93.000	29.000	-43.000	-1537.000
0.700	64.000	29.000	-23.000	-961.000
0.710	31.000	29.000	-2.000	-358.000
0.720	-4.000	29.000	21.000	198.000
0.730	-38.000	27.000	46.000	540.000
0.740	-69.000	22.000	69.000	653.000
0.750	-97.000	16.000	91.000	750.000
0.760	-119.000	9.000	110.000	641.000
0.770	-136.000	1.000	124.000	617.000
0.780	-147.000	-8.000	134.000	651.000
0.790	-153.000	-16.000	138.000	921.000
0.800	-154.000	-23.000	138.000	1420.000
0.810	-150.000	-29.000	131.000	2101.000
0.820	-136.000	-33.000	117.000	2305.000
0.830	-114.000	-35.000	95.000	2268.000
0.840	-84.000	-35.000	68.000	1907.000
0.850	-48.000	-35.000	38.000	1354.000
0.860	-7.000	-30.000	5.000	571.000
0.870	34.000	-24.000	-29.000	-23.000
0.880	75.000	-15.000	-61.000	-677.000
0.890	112.000	-5.000	-92.000	-1121.000
0.900	143.000	6.000	-117.000	-1357.000
0.910	167.000	17.000	-136.000	-1474.000
0.920	185.000	28.000	-149.000	-1744.000
0.930	194.000	37.000	-154.000	-1883.000
0.940	195.000	45.000	-153.000	-2083.000
0.950	189.000	51.000	-143.000	-2448.000
0.960	174.000	54.000	-123.000	-2670.000
0.970	149.000	55.000	-93.000	-2562.000
0.980	117.000	55.000	-58.000	-2395.000
0.990	78.000	52.000	-17.000	-1997.000
1.000	32.000	48.000	28.000	-1199.000
1.010	-16.000	42.000	73.000	-422.000
1.020	-65.000	36.000	118.000	468.000
1.030	-112.000	29.000	159.000	1345.000
1.040	-152.000	22.000	195.000	1861.000
1.050	-183.000	15.000	223.000	2053.000
1.060	-204.000	9.000	242.000	2029.000
1.070	-215.000	4.000	252.000	1945.000
1.080	-216.000	1.000	253.000	1878.000
1.090	-206.000	-1.000	246.000	1719.000
1.100	-185.000	-1.000	228.000	1437.000
1.110	-157.000	-1.000	198.000	1418.000
1.120	-121.000	2.000	159.000	1343.000
1.130	-79.000	6.000	116.000	1257.000
1.140	-32.000	11.000	67.000	1047.000
1.150	19.000	16.000	16.000	591.000
1.160	72.000	21.000	-33.000	-105.000
1.170	122.000	25.000	-78.000	-693.000
1.180	169.000	29.000	-118.000	-1455.000
1.190	209.000	31.000	-151.000	-2132.000
1.200	240.000	33.000	-176.000	-2706.000
1.210	258.000	35.000	-191.000	-2880.000
1.220	264.000	36.000	-197.000	-2937.000
1.230	257.000	36.000	-195.000	-2808.000
1.240	236.000	36.000	-183.000	-2375.000
1.250	202.000	36.000	-159.000	-1706.000
1.260	160.000	35.000	-125.000	-1261.000
1.270	111.000	31.000	-85.000	-899.000
1.280	58.000	26.000	-40.000	-695.000
1.290	2.000	21.000	9.000	-449.000
1.300	-54.000	14.000	59.000	-213.000
1.310	-109.000	7.000	108.000	205.000
1.320	-162.000	-1.000	151.000	952.000
1.330	-208.000	-8.000	189.000	1656.000
1.340	-245.000	-15.000	218.000	2326.000
1.350	-272.000	-22.000	237.000	3034.000
1.360	-286.000	-28.000	246.000	3544.000
1.370	-287.000	-33.000	246.000	3943.000
1.380	-272.000	-37.000	236.000	3882.000
1.390	-241.000	-39.000	213.000	3352.000
1.400	-196.000	-40.000	176.000	2507.000
1.410	-140.000	-39.000	131.000	1523.000
1.420	-79.000	-35.000	81.000	841.000
1.430	-12.000	-28.000	25.000	-28.000
1.440	55.000	-18.000	-32.000	-693.000
1.450	118.000	-6.000	-86.000	-1072.000
1.460	175.000	7.000	-136.000	-1320.000
1.470	225.000	21.000	-179.000	-1651.000
1.480	266.000	34.000	-214.000	-2082.000
1.490	295.000	46.000	-237.000	-2457.000
1.500	311.000	57.000	-248.000	-2816.000
1.510	315.000	65.000	-249.000	-3351.000
1.520	303.000	69.000	-237.000	-3559.000
1.530	276.000	71.000	-210.000	-3534.000
1.540	234.000	71.000	-167.000	-3159.000
1.550	179.000	68.000	-115.000	-2497.000
1.560	116.000	61.000	-56.000	-1891.000
1.570	46.000	52.000	9.000	-1107.000
1.580	-27.000	42.000	76.000	-275.000
1.590	-100.000	31.000	142.000	629.000
1.600	-169.000	19.000	204.000	1500.000
1.610	-229.000	7.000	257.000	2113.000
1.620	-280.000	-3.000	300.000	2825.000
1.630	-318.000	-12.000	331.000	3402.000
1.640	-340.000	-19.000	347.000	3701.000
1.650	-346.000	-24.000	349.000	3872.000
1.660	-337.000	-27.000	339.000	4071.000
1.670	-310.000	-27.000	312.000	3870.000
1.680	-267.000	-27.000	267.000	3419.000
1.690	-210.000	-24.000	212.000	2758.000
1.700	-141.000	-19.000	149.000	1855.000
1.710	-63.000	-12.000	76.000	743.000
1.720	18.000	-5.000	0.000	-241.000
1.730	99.000	4.000	-71.000	-1186.000
1.740	175.000	12.000	-139.000	-1930.000
1.750	243.000	21.000	-200.000	-2550.000
1.760	299.000	29.000	-252.000	-2951.000
1.770	340.000	36.000	-292.000	-3111.000
1.780	365.000	42.000	-315.000	-3172.000
1.790	374.000	45.000	-323.000	-3280.000
1.800	367.000	47.000	-320.000	-3462.000
1.810	340.000	47.000	-300.000	-3186.000
1.820	298.000	46.000	-264.000	-2969.000
1.830	241.000	41.000	-212.000	-2564.000
1.840	172.000	34.000	-150.000	-2045.000
1.850	96.000	26.000	-81.000	-1641.000
1.860	14.000	17.000	-6.000	-1029.000
1.870	-72.000	7.000	70.000	-41.000
1.880	-156.000	-3.000	144.000	1004.000
1.890	-235.000	-12.000	212.000	2177.000
1.900	-305.000	-22.000	270.000	3381.000
1.910	-361.000	-30.000	315.000	4364.000
1.920	-399.000	-37.000	347.000	4960.000
1.930	-416.000	-43.000	363.000	5062.000
1.940	-413.000	-48.000	363.000	4946.000
1.950	-387.000	-50.000	348.000	4267.000
1.960	-342.000	-50.000	316.000	3457.000
1.970	-281.000	-49.000	264.000	2651.000
1.980	-208.000	-43.000	202.000	1994.000
1.990	-126.000	-34.000	132.000	1417.000
2.000	-37.000	-22.000	51.000	699.000
2.010	53.000	-9.000	-31.000	-6.000
2.020	142.000	5.000	-106.000	-941.000
2.030	226.000	21.000	-178.000	-2049.000
2.040	301.000	35.000	-242.000	-3243.000
2.050	361.000	49.000	-295.000	-4155.000
2.060	403.000	61.000	-328.000	-4756.000
2.070	425.000	70.000	-346.000	-5041.000
2.080	426.000	77.000	-350.000	-5020.000
2.090	402.000	80.000	-336.000	-4245.000
2.100	359.000	80.000	-304.000	-3410.000
2.110	298.000	75.000	-252.000	-2398.000
2.120	224.000	66.000	-187.000	-1495.000
2.130	142.000	53.000	-110.000	-869.000
2.140	55.000	38.000	-26.000	-374.000
2.150	-33.000	21.000	60.000	18.000
2.160	-120.000	5.000	144.000	565.000
2.170	-203.000	-11.000	225.000	1348.000
2.180	-279.000	-24.000	294.000	2393.000
2.190	-343.000	-35.000	350.000	3435.000
2.200	-392.000	-41.000	391.000	4417.000
2.210	-423.000	-44.000	413.000	5202.000
2.220	-433.000	-44.000	416.000	5578.000
2.230	-420.000	-42.000	404.000	5385.000
2.240	-383.000	-37.000	373.000	4499.000
2.250	-326.000	-28.000	321.000	3300.000
2.260	-253.000	-19.000	256.000	2004.000
2.270	-169.000	-8.000	181.000	829.000
2.280	-78.000	3.000	98.000	-217.000
2.290	16.000	15.000	8.000	-1161.000
2.300	105.000	25.000	-75.000	-1570.000
2.310	190.000	34.000	-152.000	-2125.000
2.320	266.000	42.000	-222.000	-2649.000
2.330	329.000	46.000	-283.000	-3061.000
2.340	377.000	49.000	-325.000	-3456.000
2.350	408.000	50.000	-351.000	-3827.000
2.360	419.000	49.000	-362.000	-3954.000
2.370	413.000	45.000	-358.000	-4253.000
2.380	384.000	40.000	-336.000	-3914.000
2.390	336.000	33.000	-296.000	-3338.000
2.400	270.000	26.000	-241.000	-2409.000
2.410	193.000	18.000	-175.000	-1649.000
2.420	107.000	10.000	-101.000	-842.000
2.430	15.000	1.000	-21.000	112.000
2.440	-78.000	-7.000	60.000	1081.000
2.450	-167.000	-15.000	137.000	1955.000
2.460	-248.000	-22.000	211.000	2733.000
2.470	-317.000	-29.000	273.000	3368.000
2.480	-371.000	-34.000	320.000	3868.000
2.490	-409.000	-39.000	357.000	4390.000
2.500	-426.000	-42.000	375.000	4505.000
2.510	-425.000	-43.000	377.000	4687.000
2.520	-401.000	-43.000	364.000	4290.000
2.530	-357.000	-43.000	334.000	3615.000
2.540	-297.000	-38.000	284.000	2925.000
2.550	-223.000	-32.000	222.000	2120.000
2.560	-139.000	-23.000	152.000	1285.000
2.570	-48.000	-12.000	72.000	326.000
2.580	43.000	0.000	-11.000	-394.000
2.590	134.000	13.000	-88.000	-1395.000
2.600	219.000	26.000	-160.000	-2384.000
2.610	294.000	39.000	-226.000	-3315.000
2.620	354.000	51.000	-281.000	-3971.000
2.630	397.000	61.000	-318.000	-4446.000
2.640	419.000	69.000	-338.000	-4492.000
2.650	422.000	75.000	-344.000	-4501.000
2.660	403.000	76.000	-334.000	-4105.000
2.670	364.000	76.000	-306.000	-3485.000
2.680	308.000	71.000	-259.000	-2802.000
2.690	238.000	62.000	-197.000	-2105.000
2.700	157.000	50.000	-124.000	-1360.000
2.710	70.000	36.000	-44.000	-722.000
2.720	-20.000	20.000	41.000	-52.000
2.730	-109.000	4.000	123.000	654.000
2.740	-194.000	-11.000	203.000	1503.000
2.750	-273.000	-24.000	274.000	2665.000
2.760	-339.000	-35.000	328.000	3642.000
2.770	-390.000	-43.000	372.000	4538.000
2.780	-422.000	-48.000	397.000	5117.000
2.790	-433.000	-50.000	402.000	5319.000
2.800	-423.000	-50.000	394.000	5222.000
2.810	-389.000	-47.000	367.000	4435.000
2.820	-335.000	-40.000	320.000	3350.000
2.830	-264.000	-31.000	256.000	2078.000
2.840	-183.000	-21.000	183.000	1096.000
2.850	-94.000	-10.000	101.000	155.000
2.860	-4.000	2.000	14.000	-401.000
2.870	87.000	14.000	-71.000	-1119.000
2.880	173.000	25.000	-147.000	-1740.000
2.890	252.000	34.000	-219.000	-2487.000
2.900	319.000	41.000	-282.000	-3146.000
2.910	371.000	46.000	-326.000	-3705.000
2.920	405.000	49.000	-353.000	-4069.000
2.930	420.000	49.000	-366.000	-4300.000
2.940	416.000	49.000	-363.000	-4457.000
2.950	389.000	45.000	-343.000	-4024.000
2.960	342.000	39.000	-304.000	-3288.000
2.970	278.000	32.000	-249.000	-2389.000
2.980	201.000	24.000	-183.000	-1475.000
2.990	116.000	15.000	-107.000	-719.000
3.000	25.000	6.000	-26.000	130.000
3.010	-66.000	-3.000	56.000	829.000
3.020	-154.000	-12.000	136.000	1534.000
3.030	-235.000	-20.000	212.000	2226.000
3.040	-305.000	-27.000	276.000	2850.000
3.050	-363.000	-32.000	326.000	3644.000
3.060	-404.000	-36.000	365.000	4256.000
3.070	-427.000	-38.000	387.000	4776.000
3.080	-430.000	-39.000	389.000	5056.000
3.090	-409.000	-39.000	378.000	4641.000
3.100	-367.000	-37.000	349.000	3866.000
3.110	-307.000	-32.000	300.000	2906.000
3.120	-234.000	-26.000	237.000	2050.000
3.130	-150.000	-17.000	166.000	1116.000
3.140	-59.000	-7.000	87.000	140.000
3.150	33.000	4.000	3.000	-644.000
3.160	124.000	16.000	-76.000	-1518.000
3.170	208.000	27.000	-149.000	-2226.000
3.180	283.000	39.000	-217.000	-2989.000
3.190	345.000	50.000	-275.000	-3692.000
3.200	389.000	58.000	-314.000	-4054.000
3.210	415.000	65.000	-337.000	-4333.000
3.220	421.000	69.000	-346.000	-4407.000
3.230	406.000	70.000	-339.000	-4189.000
3.240	371.000	70.000	-314.000	-3738.000
3.250	318.000	65.000	-270.000	-3116.000
3.260	250.000	56.000	-211.000	-2403.000
3.270	169.000	45.000	-141.000	-1474.000
3.280	82.000	32.000	-63.000	-751.000
3.290	-8.000	18.000	20.000	-79.000
3.300	-100.000	3.000	101.000	910.000
3.310	-186.000	-12.000	181.000	1695.000
3.320	-265.000	-25.000	253.000	2634.000
3.330	-332.000	-36.000	310.000	3498.000
3.340	-386.000	-45.000	356.000	4498.000
3.350	-419.000	-51.000	387.000	4903.000
3.360	-432.000	-54.000	395.000	5070.000
3.370	-425.000	-54.000	389.000	5063.000
3.380	-394.000	-53.000	367.000	4368.000
3.390	-344.000	-47.000	323.000	3506.000
3.400	-277.000	-39.000	262.000	2462.000
3.410	-199.000	-29.000	191.000	1607.000
3.420	-112.000	-17.000	113.000	720.000
3.430	-20.000	-5.000	25.000	-185.000
3.440	72.000	8.000	-59.000	-1000.000
3.450	162.000	20.000	-137.000	-1983.000
3.460	241.000	31.000	-208.000	-2503.000
3.470	310.000	40.000	-273.000	-3160.000
3.480	365.000	46.000	-319.000	-3793.000
3.490	401.000	51.000	-348.000	-4076.000
3.500	418.000	53.000	-364.000	-4227.000
3.510	417.000	53.000	-363.000	-4437.000
3.520	393.000	51.000	-345.000	-4062.000
3.530	348.000	46.000	-308.000	-3288.000
3.540	287.000	39.000	-255.000	-2516.000
3.550	212.000	31.000	-189.000	-1643.000
3.560	128.000	21.000	-113.000	-865.000
3.570	40.000	11.000	-32.000	-300.000
3.580	-52.000	1.000	52.000	565.000
3.590	-141.000	-9.000	132.000	1335.000
3.600	-223.000	-18.000	210.000	2017.000
3.610	-296.000	-25.000	275.000	2810.000
3.620	-356.000	-31.000	327.000	3581.000
3.630	-401.000	-35.000	368.000	4376.000
3.640	-426.000	-37.000	392.000	4795.000
3.650	-431.000	-37.000	395.000	4992.000
3.660	-414.000	-37.000	385.000	4753.000
3.670	-375.000	-35.000	357.000	4032.000
3.680	-317.000	-31.000	310.000	3040.000
3.690	-244.000	-24.000	246.000	1977.000
3.700	-162.000	-16.000	177.000	1165.000
3.710	-73.000	-7.000	98.000	354.000
3.720	20.000	3.000	13.000	-577.000
3.730	112.000	14.000	-68.000	-1502.000
3.740	197.000	26.000	-143.000	-2189.000
3.750	274.000	36.000	-213.000	-2994.000
3.760	337.000	46.000	-272.000	-3570.000
3.770	383.000	54.000	-314.000	-3907.000
3.780	411.000	60.000	-339.000	-4143.000
3.790	419.000	64.000	-350.000	-4174.000
3.800	409.000	64.000	-346.000	-4276.000
3.810	377.000	64.000	-324.000	-3873.000
3.820	325.000	59.000	-283.000	-3095.000
3.830	259.000	51.000	-226.000	-2419.000
3.840	179.000	41.000	-156.000	-1459.000
3.850	95.000	29.000	-81.000	-1008.000
3.860	5.000	15.000	1.000	-276.000
3.870	-86.000	1.000	83.000	576.000
3.880	-175.000	-13.000	163.000	1648.000
3.890	-256.000	-25.000	237.000	2644.000
3.900	-326.000	-36.000	296.000	3621.000
3.910	-381.000	-45.000	343.000	4442.000
3.920	-418.000	-51.000	378.000	5027.000
3.930	-433.000	-55.000	390.000	5095.000
3.940	-429.000	-55.000	387.000	5129.000
3.950	-399.000	-55.000	368.000	4253.000
3.960	-351.000	-50.000	329.000	3391.000
3.970	-287.000	-42.000	271.000	2505.000
3.980	-210.000	-32.000	202.000	1601.000
3.990	-125.000	-20.000	126.000	852.000
4.000	-34.000	-7.000	40.000	9.000
4.010	57.000	6.000	-44.000	-687.000
4.020	146.000	19.000	-122.000	-1505.000
4.030	228.000	30.000	-195.000	-2291.000
4.040	300.000	40.000	-261.000	-3110.000
4.050	357.000	48.000	-310.000	-3716.000
4.060	398.000	53.000	-342.000	-4295.000
4.070	418.000	56.000	-359.000	-4441.000
4.080	420.000	57.000	-361.000	-4649.000
4.090	398.000	56.000	-344.000	-4172.000
4.100	357.000	52.000	-310.000	-3577.000
4.110	297.000	45.000	-259.000	-2645.000
4.120	222.000	36.000	-194.000	-1577.000
4.130	140.000	27.000	-120.000	-934.000
4.140	51.000	16.000	-39.000	-194.000
4.150	-39.000	5.000	44.000	398.000
4.160	-129.000	-6.000	125.000	1227.000
4.170	-213.000	-16.000	205.000	2012.000
4.180	-286.000	-24.000	271.000	2600.000
4.190	-347.000	-30.000	324.000	3274.000
4.200	-394.000	-35.000	367.000	4071.000
4.210	-423.000	-38.000	392.000	4702.000
4.220	-431.000	-38.000	396.000	4948.000
4.230	-419.000	-38.000	388.000	4991.000
4.240	-383.000	-36.000	362.000	4293.000
4.250	-328.000	-32.000	316.000	3360.000
4.260	-257.000	-26.000	254.000	2280.000
4.270	-175.000	-18.000	184.000	1283.000
4.280	-86.000	-9.000	106.000	386.000
4.290	8.000	1.000	20.000	-664.000
4.300	99.000	12.000	-62.000	-1386.000
4.310	186.000	22.000	-137.000	-2194.000
4.320	264.000	33.000	-208.000	-2923.000
4.330	328.000	42.000	-269.000	-3389.000
4.340	377.000	49.000	-314.000	-3831.000
4.350	407.000	55.000	-341.000	-4012.000
4.360	418.000	59.000	-354.000	-4104.000
4.370	410.000	60.000	-352.000	-4143.000
4.380	381.000	60.000	-332.000	-3826.000
4.390	333.000	55.000	-294.000	-3266.000
4.400	269.000	48.000	-239.000	-2581.000
4.410	192.000	38.000	-172.000	-1788.000
4.420	107.000	27.000	-96.000	-1072.000
4.430	17.000	14.000	-14.000	-310.000
4.440	-75.000	1.000	68.000	617.000
4.450	-165.000	-12.000	149.000	1684.000
4.460	-247.000	-24.000	225.000	2617.000
4.470	-317.000	-35.000	286.000	3376.000
4.480	-373.000	-44.000	335.000	4094.000
4.490	-413.000	-50.000	372.000	4797.000
4.500	-432.000	-53.000	389.000	5061.000
4.510	-431.000	-54.000	388.000	5139.000
4.520	-405.000	-54.000	372.000	4430.000
4.530	-360.000	-50.000	338.000	3620.000
4.540	-298.000	-42.000	282.000	2704.000
4.550	-223.000	-33.000	215.000	1830.000
4.560	-137.000	-21.000	140.000	820.000
4.570	-48.000	-9.000	58.000	179.000
4.580	44.000	5.000	-29.000	-633.000
4.590	133.000	18.000	-106.000	-1363.000
4.600	216.000	30.000	-179.000	-2132.000
4.610	290.000	40.000	-247.000	-2997.000
4.620	351.000	49.000	-300.000	-3829.000
4.630	394.000	55.000	-333.000	-4329.000
4.640	417.000	58.000	-353.000	-4510.000
4.650	421.000	60.000	-357.000	-4628.000
4.660	402.000	60.000	-345.000	-4206.000
4.670	363.000	56.000	-314.000	-3565.000
4.680	306.000	49.000	-265.000	-2751.000
4.690	234.000	41.000	-203.000	-1830.000
4.700	152.000	31.000	-130.000	-1018.000
4.710	64.000	20.000	-50.000	-322.000
4.720	-26.000	8.000	33.000	281.000
4.730	-114.000	-4.000	114.000	821.000
4.740	-199.000	-15.000	193.000	1652.000
4.750	-275.000	-24.000	262.000	2452.000
4.760	-340.000	-31.000	317.000	3365.000
4.770	-390.000	-37.000	361.000	4207.000
4.780	-422.000	-40.000	389.000	4854.000
4.790	-433.000	-41.000	395.000	5108.000
4.800	-424.000	-41.000	389.000	5167.000
4.810	-389.000	-40.000	364.000	4273.000
4.820	-336.000	-36.000	321.000	3332.000
4.830	-267.000	-30.000	260.000	2293.000
4.840	-187.000	-22.000	190.000	1386.000
4.850	-97.000	-13.000	112.000	276.000
4.860	-6.000	-3.000	27.000	-415.000
4.870	86.000	8.000	-56.000	-1243.000
4.880	173.000	19.000	-132.000	-1953.000
4.890	252.000	30.000	-204.000	-2660.000
4.900	318.000	39.000	-267.000	-3171.000
4.910	370.000	47.000	-313.000	-3727.000
4.920	403.000	52.000	-342.000	-3973.000
4.930	417.000	56.000	-357.000	-4106.000
4.940	413.000	57.000	-357.000	-4299.000
4.950	387.000	57.000	-338.000	-4009.000
4.960	341.000	53.000	-302.000	-3389.000
4.970	279.000	46.000	-248.000	-2701.000
4.980	204.000	37.000	-183.000	-1961.000
4.990	119.000	27.000	-107.000	-1117.000
5.000	28.000	15.000	-26.000	-203.000
5.010	-64.000	2.000	57.000	665.000
5.020	-153.000	-10.000	137.000	1503.000
5.030	-236.000	-22.000	214.000	2422.000
5.040	-308.000	-32.000	279.000	3231.000
5.050	-367.000	-40.000	330.000	4063.000
5.060	-409.000	-47.000	370.000	4711.000
5.070	-430.000	-50.000	390.000	4916.000
5.080	-431.000	-51.000	392.000	4943.000
5.090	-409.000	-51.000	378.000	4438.000
5.100	-367.000	-47.000	347.000	3704.000
5.110	-306.000	-41.000	293.000	2660.000
5.120	-235.000	-32.000	229.000	2081.000
5.130	-152.000	-21.000	156.000	1256.000
5.140	-63.000	-9.000	75.000	486.000
5.150	29.000	4.000	-12.000	-361.000
5.160	121.000	17.000	-91.000	-1399.000
5.170	207.000	29.000	-165.000	-2355.000
5.180	283.000	40.000	-234.000	-3204.000
5.190	345.000	49.000	-290.000	-3863.000
5.200	390.000	55.000	-327.000	-4307.000
5.210	415.000	60.000	-349.000	-4423.000
5.220	420.000	61.000	-355.000	-4366.000
5.230	404.000	61.000	-346.000	-4042.000
5.240	368.000	59.000	-319.000	-3503.000
5.250	314.000	52.000	-273.000	-2807.000
5.260	246.000	44.000	-213.000	-2148.000
5.270	166.000	33.000	-141.000	-1376.000
5.280	79.000	22.000	-62.000	-663.000
5.290	-11.000	9.000	20.000	0.000
5.300	-101.000	-3.000	102.000	751.000
5.310	-187.000	-14.000	181.000	1574.000
5.320	-266.000	-24.000	252.000	2541.000
5.330	-333.000	-32.000	309.000	3427.000
5.340	-386.000	-38.000	354.000	4327.000
5.350	-420.000	-42.000	385.000	4882.000
5.360	-434.000	-44.000	393.000	5170.000
5.370	-427.000	-44.000	389.000	5146.000
5.380	-395.000	-43.000	367.000	4321.000
5.390	-344.000	-39.000	326.000	3354.000
5.400	-276.000	-33.000	266.000	2223.000
5.410	-198.000	-25.000	198.000	1412.000
5.420	-109.000	-15.000	120.000	326.000
5.430	-19.000	-5.000	36.000	-278.000
5.440	71.000	6.000	-48.000	-852.000
5.450	158.000	18.000	-124.000	-1520.000
5.460	238.000	28.000	-196.000	-2246.000
5.470	308.000	37.000	-262.000	-3066.000
5.480	362.000	45.000	-309.000	-3598.000
5.490	400.000	51.000	-340.000	-4145.000
5.500	418.000	54.000	-357.000	-4395.000
5.510	418.000	55.000	-359.000	-4688.000
5.520	394.000	55.000	-342.000	-4266.000
5.530	350.000	52.000	-308.000	-3571.000
5.540	288.000	46.000	-256.000	-2634.000
5.550	212.000	38.000	-192.000	-1628.000
5.560	128.000	28.000	-117.000	-859.000
5.570	38.000	17.000	-36.000	-67.000
5.580	-53.000	5.000	47.000	634.000
5.590	-142.000	-8.000	128.000	1389.000
5.600	-224.000	-19.000	206.000	2061.000
5.610	-296.000	-30.000	272.000	2729.000
5.620	-356.000	-38.000	325.000	3514.000
5.630	-401.000	-44.000	366.000	4321.000
5.640	-426.000	-48.000	390.000	4749.000
5.650	-432.000	-49.000	393.000	5068.000
5.660	-416.000	-49.000	382.000	4929.000
5.670	-377.000	-46.000	354.000	4175.000
5.680	-320.000	-40.000	304.000	3274.000
5.690	-248.000	-32.000	240.000	2287.000
5.700	-165.000	-22.000	169.000	1308.000
5.710	-74.000	-10.000	88.000	245.000
5.720	19.000	2.000	2.000	-659.000
5.730	111.000	14.000	-79.000	-1562.000
5.740	197.000	26.000	-153.000	-2349.000
5.750	274.000	37.000	-223.000	-3121.000
5.760	337.000	47.000	-282.000	-3671.000
5.770	383.000	54.000	-322.000	-3989.000
5.780	410.000	59.000	-346.000	-4094.000
5.790	418.000	62.000	-356.000	-4135.000
5.800	406.000	62.000	-349.000	-4011.000
5.810	374.000	60.000	-325.000	-3656.000
5.820	324.000	53.000	-282.000	-3147.000
5.830	258.000	45.000	-224.000	-2456.000
5.840	180.000	35.000	-154.000	-1718.000
5.850	94.000	23.000	-76.000	-984.000
5.860	3.000	10.000	6.000	-140.000
5.870	-89.000	-2.000	88.000	805.000
5.880	-177.000	-13.000	168.000	1722.000
5.890	-257.000	-24.000	241.000	2592.000
5.900	-327.000	-32.000	300.000	3584.000
5.910	-381.000	-39.000	346.000	4300.000
5.920	-417.000	-44.000	380.000	4797.000
5.930	-433.000	-46.000	392.000	5025.000
5.940	-428.000	-46.000	389.000	4955.000
5.950	-399.000	-46.000	370.000	4225.000
5.960	-351.000	-42.000	332.000	3366.000
5.970	-286.000	-35.000	274.000	2366.000
5.980	-210.000	-27.000	206.000	1600.000
5.990	-125.000	-17.000	131.000	847.000
6.000	-35.000	-6.000	47.000	118.000
6.010	57.000	5.000	-37.000	-718.000
6.020	145.000	17.000	-115.000	-1416.000
6.030	228.000	27.000	-187.000	-2337.000
6.040	299.000	37.000	-253.000	-3031.000
6.050	357.000	44.000	-304.000	-3769.000
6.060	398.000	50.000	-337.000	-4340.000
6.070	418.000	54.000	-355.000	-4478.000
6.080	419.000	56.000	-359.000	-4564.000
6.090	398.000	56.000	-344.000	-4221.000
6.100	356.000	53.000	-313.000	-3501.000
6.110	295.000	48.000	-262.000	-2467.000
6.120	222.000	40.000	-200.000	-1664.000
6.130	139.000	30.000	-126.000	-888.000
6.140	51.000	19.000	-46.000	-271.000
6.150	-39.000	6.000	37.000	336.000
6.160	-127.000	-6.000	118.000	944.000
6.170	-210.000	-17.000	197.000	1664.000
6.180	-285.000	-28.000	266.000	2544.000
6.190	-349.000	-36.000	319.000	3571.000
6.200	-397.000	-42.000	363.000	4425.000
6.210	-426.000	-46.000	389.000	4989.000
6.220	-434.000	-47.000	394.000	5184.000
6.230	-421.000	-47.000	385.000	5072.000
6.240	-384.000	-45.000	360.000	4248.000
6.250	-328.000	-40.000	313.000	3213.000
6.260	-257.000	-32.000	251.000	2165.000
6.270	-175.000	-23.000	180.000	1192.000
6.280	-86.000	-12.000	101.000	314.000
6.290	7.000	0.000	14.000	-606.000
6.300	98.000	12.000	-67.000	-1338.000
6.310	184.000	24.000	-143.000	-2037.000
6.320	261.000	35.000	-214.000	-2677.000
6.330	327.000	45.000	-275.000	-3417.000
6.340	376.000	52.000	-318.000	-3850.000
6.350	407.000	58.000	-344.000	-4139.000
6.360	418.000	60.000	-356.000	-4203.000
6.370	411.000	60.000	-352.000	-4339.000
6.380	382.000	59.000	-331.000	-3984.000
6.390	334.000	53.000	-291.000	-3396.000
6.400	269.000	46.000	-234.000	-2574.000
6.410	191.000	36.000	-166.000	-1669.000
6.420	105.000	25.000	-90.000	-861.000
6.430	14.000	12.000	-8.000	-22.000
6.440	-78.000	0.000	75.000	853.000
6.450	-166.000	-12.000	155.000	1648.000
6.460	-247.000	-23.000	230.000	2477.000
6.470	-317.000	-32.000	291.000	3266.000
6.480	-373.000	-39.000	339.000	4008.000
6.490	-412.000	-44.000	376.000	4612.000
6.500	-430.000	-47.000	391.000	4794.000
6.510	-429.000	-48.000	390.000	4920.000
6.520	-405.000	-47.000	374.000	4479.000
6.530	-360.000	-43.000	339.000	3655.000
6.540	-298.000	-37.000	283.000	2729.000
6.550	-224.000	-28.000	217.000	1963.000
6.560	-140.000	-19.000	143.000	1158.000
6.570	-48.000	-8.000	59.000	105.000
6.580	44.000	4.000	-26.000	-692.000
6.590	134.000	15.000	-104.000	-1526.000
6.600	218.000	26.000	-177.000	-2381.000
6.610	292.000	36.000	-244.000	-3202.000
6.620	352.000	44.000	-298.000	-3885.000
6.630	393.000	51.000	-333.000	-4147.000
6.640	416.000	55.000	-353.000	-4366.000
6.650	419.000	57.000	-358.000	-4398.000
6.660	400.000	57.000	-347.000	-4019.000
6.670	361.000	55.000	-318.000	-3412.000
6.680	304.000	49.000	-270.000	-2623.000
6.690	233.000	41.000	-208.000	-1838.000
6.700	153.000	31.000	-137.000	-1252.000
6.710	66.000	20.000	-57.000	-625.000
6.720	-24.000	7.000	27.000	35.000
6.730	-114.000	-5.000	108.000	850.000
6.740	-199.000	-16.000	188.000	1673.000
6.750	-275.000	-26.000	257.000	2466.000
6.760	-341.000	-35.000	312.000	3491.000
6.770	-392.000	-41.000	357.000	4424.000
6.780	-424.000	-45.000	386.000	5031.000
6.790	-435.000	-46.000	393.000	5254.000
6.800	-425.000	-46.000	387.000	5173.000
6.810	-391.000	-45.000	364.000	4398.000
6.820	-337.000	-41.000	320.000	3323.000
6.830	-267.000	-34.000	259.000	2174.000
6.840	-186.000	-25.000	189.000	1177.000
6.850	-97.000	-14.000	112.000	225.000
6.860	-6.000	-3.000	26.000	-456.000
6.870	85.000	10.000	-57.000	-1160.000
6.880	171.000	22.000	-133.000	-1770.000
6.890	250.000	33.000	-204.000	-2509.000
6.900	317.000	43.000	-268.000	-3161.000
6.910	369.000	51.000	-313.000	-3715.000
6.920	403.000	56.000	-342.000	-4075.000
6.930	418.000	59.000	-356.000	-4302.000
6.940	415.000	60.000	-355.000	-4574.000
6.950	388.000	59.000	-335.000	-4118.000
6.960	342.000	54.000	-298.000	-3481.000
6.970	279.000	47.000	-244.000	-2663.000
6.980	203.000	38.000	-178.000	-1817.000
6.990	117.000	27.000	-101.000	-887.000
7.000	25.000	14.000	-19.000	101.000
7.010	-66.000	2.000	62.000	798.000
7.020	-154.000	-10.000	143.000	1500.000
7.030	-235.000	-21.000	219.000	2191.000
7.040	-306.000	-31.000	283.000	2930.000
7.050	-364.000	-39.000	333.000	3702.000
7.060	-407.000	-44.000	373.000	4531.000
7.070	-429.000	-47.000	391.000	4880.000
7.080	-432.000	-48.000	392.000	5140.000
7.090	-411.000	-48.000	378.000	4709.000
7.100	-369.000	-44.000	346.000	3923.000
7.110	-309.000	-38.000	294.000	2954.000
7.120	-235.000	-30.000	228.000	1975.000
7.130	-151.000	-20.000	155.000	1057.000
7.140	-61.000	-9.000	73.000	210.000
7.150	32.000	3.000	-13.000	-703.000
7.160	123.000	14.000	-92.000	-1564.000
7.170	207.000	26.000	-166.000	-2263.000
7.180	282.000	36.000	-235.000	-3018.000
7.190	343.000	44.000	-291.000	-3600.000
7.200	388.000	51.000	-328.000	-4095.000
7.210	413.000	56.000	-351.000	-4249.000
7.220	418.000	58.000	-358.000	-4221.000
7.230	404.000	58.000	-349.000	-4152.000
7.240	368.000	56.000	-322.000	-3588.000
7.250	315.000	50.000	-277.000	-2990.000
7.260	247.000	42.000	-218.000	-2295.000
7.270	166.000	32.000	-147.000	-1379.000
7.280	79.000	21.000	-68.000	-667.000
7.290	-12.000	9.000	15.000	112.000
7.300	-102.000	-3.000	97.000	842.000
7.310	-188.000	-14.000	176.000	1648.000
7.320	-267.000	-25.000	248.000	2603.000
7.330	-333.000	-33.000	305.000	3363.000
7.340	-386.000	-40.000	351.000	4277.000
7.350	-421.000	-44.000	384.000	4959.000
7.360	-434.000	-46.000	393.000	5118.000
7.370	-427.000	-47.000	389.000	5105.000
7.380	-395.000	-46.000	368.000	4288.000
7.390	-344.000	-42.000	327.000	3328.000
7.400	-277.000	-35.000	268.000	2318.000
7.410	-199.000	-26.000	199.000	1489.000
7.420	-111.000	-16.000	123.000	507.000
7.430	-20.000	-4.000	38.000	-245.000
7.440	71.000	8.000	-46.000	-938.000
7.450	158.000	20.000	-123.000	-1587.000
7.460	239.000	31.000	-195.000	-2414.000
7.470	308.000	41.000	-260.000	-3086.000
7.480	364.000	49.000	-309.000	-3847.000
7.490	401.000	55.000	-339.000	-4234.000
7.500	418.000	58.000	-355.000	-4354.000
7.510	417.000	59.000	-357.000	-4541.000
7.520	393.000	59.000	-340.000	-4149.000
7.530	349.000	54.000	-305.000	-3477.000
7.540	288.000	48.000	-253.000	-2673.000
7.550	213.000	39.000	-188.000	-1775.000
7.560	129.000	28.000	-114.000	-979.000
7.570	39.000	16.000	-33.000	-166.000
7.580	-53.000	4.000	50.000	668.000
7.590	-141.000	-9.000	131.000	1297.000
7.600	-224.000	-20.000	209.000	2100.000
7.610	-297.000	-30.000	274.000	2874.000
7.620	-357.000	-38.000	326.000	3631.000
7.630	-402.000	-44.000	367.000	4415.000
7.640	-427.000	-47.000	389.000	4826.000
7.650	-432.000	-48.000	392.000	5017.000
7.660	-415.000	-48.000	381.000	4773.000
7.670	-376.000	-45.000	352.000	4049.000
7.680	-318.000	-39.000	301.000	3054.000
7.690	-247.000	-31.000	238.000	2222.000
7.700	-165.000	-21.000	166.000	1367.000
7.710	-74.000	-11.000	85.000	289.000
7.720	18.000	1.000	-1.000	-509.000
7.730	110.000	12.000	-81.000	-1442.000
7.740	197.000	24.000	-156.000	-2368.000
7.750	272.000	34.000	-225.000	-2903.000
7.760	336.000	43.000	-284.000	-3609.000
7.770	383.000	50.000	-324.000	-4052.000
7.780	410.000	55.000	-348.000	-4143.000
7.790	418.000	57.000	-358.000	-4172.000
7.800	407.000	58.000	-351.000	-4157.000
7.810	374.000	57.000	-327.000	-3658.000
7.820	324.000	51.000	-285.000	-3149.000
7.830	257.000	44.000	-227.000	-2342.000
7.840	179.000	34.000	-158.000	-1626.000
7.850	92.000	23.000	-80.000	-791.000
7.860	2.000	11.000	3.000	-97.000
7.870	-81.000	0.000	77.000	-202.000
7.880	-169.000	-11.000	157.000	900.000
7.890	-253.000	-22.000	232.000	2378.000
7.900	-327.000	-31.000	293.000	3859.000
7.910	-386.000	-39.000	341.000	5091.000
7.920	-426.000	-45.000	378.000	5899.000
7.930	-442.000	-49.000	393.000	5924.000
7.940	-435.000	-51.000	392.000	5467.000
7.950	-402.000	-51.000	375.000	4195.000
7.960	-349.000	-49.000	339.000	2780.000
7.970	-281.000	-42.000	282.000	1556.000
7.980	-203.000	-33.000	214.000	716.000
7.990	-117.000	-20.000	138.000	10.000
8.000	-32.000	-6.000	55.000	7.000
8.010	55.000	9.000	-31.000	-241.000
8.020	139.000	23.000	-110.000	-574.000
8.030	219.000	37.000	-183.000	-1307.000
8.040	292.000	49.000	-251.000	-2421.000
8.050	353.000	57.000	-302.000	-3607.000
8.060	397.000	63.000	-334.000	-4540.000
8.070	422.000	65.000	-353.000	-5207.000
8.080	427.000	65.000	-356.000	-5613.000
8.090	407.000	64.000	-340.000	-5191.000
8.100	363.000	58.000	-307.000	-4068.000
8.110	300.000	51.000	-256.000	-2713.000
8.120	221.000	41.000	-192.000	-1188.000
8.130	134.000	29.000	-118.000	-53.000
8.140	44.000	17.000	-37.000	631.000
8.150	-47.000	4.000	45.000	1186.000
8.160	-133.000	-9.000	126.000	1412.000
8.170	-213.000	-21.000	204.000	1710.000
8.180	-283.000	-32.000	270.000	2017.000
8.190	-343.000	-39.000	322.000	2690.000
8.200	-389.000	-44.000	364.000	3480.000
8.210	-419.000	-46.000	387.000	4331.000
8.220	-430.000	-46.000	390.000	4985.000
8.230	-421.000	-45.000	380.000	5359.000
8.240	-388.000	-41.000	353.000	4932.000
8.250	-335.000	-35.000	304.000	4110.000
8.260	-264.000	-28.000	241.000	2894.000
8.270	-181.000	-20.000	171.000	1678.000
8.280	-88.000	-12.000	92.000	258.000
8.290	10.000	-3.000	5.000	-1217.000
8.300	103.000	6.000	-74.000	-2058.000
8.310	191.000	16.000	-148.000	-2852.000
8.320	268.000	25.000	-219.000	-3345.000
8.330	330.000	34.000	-279.000	-3508.000
8.340	375.000	41.000	-321.000	-3473.000
8.350	402.000	47.000	-347.000	-3380.000
8.360	411.000	51.000	-360.000	-3360.000
8.370	403.000	52.000	-356.000	-3533.000
8.380	375.000	52.000	-335.000	-3434.000
8.390	330.000	49.000	-295.000	-3281.000
8.400	269.000	43.000	-239.000	-2926.000
8.410	196.000	35.000	-172.000	-2520.000
8.420	112.000	25.000	-96.000	-1776.000
8.430	21.000	15.000	-14.000	-767.000
8.440	-73.000	4.000	69.000	470.000
8.450	-165.000	-7.000	150.000	1788.000
8.460	-249.000	-17.000	226.000	2925.000
8.470	-322.000	-27.000	289.000	3970.000
8.480	-379.000	-35.000	339.000	4693.000
8.490	-418.000	-42.000	379.000	5173.000
8.500	-434.000	-46.000	396.000	5029.000
8.510	-429.000	-48.000	396.000	4658.000
8.520	-401.000	-48.000	382.000	3814.000
8.530	-355.000	-46.000	348.000	3004.000
8.540	-293.000	-40.000	294.000	2198.000
8.550	-219.000	-31.000	227.000	1525.000
8.560	-137.000	-19.000	153.000	1023.000
8.570	-50.000	-6.000	70.000	564.000
8.580	39.000	8.000	-17.000	19.000
8.590	128.000	22.000	-97.000	-835.000
8.600	213.000	34.000	-171.000	-1931.000
8.610	289.000	45.000	-240.000	-3060.000
8.620	352.000	54.000	-294.000	-4106.000
8.630	397.000	60.000	-330.000	-4782.000
8.640	421.000	64.000	-351.000	-4994.000
8.650	425.000	65.000	-356.000	-5026.000
8.660	405.000	64.000	-344.000	-4422.000
8.670	364.000	59.000	-315.000	-3519.000
8.680	305.000	52.000	-267.000	-2492.000
8.690	231.000	42.000	-205.000	-1395.000
8.700	149.000	30.000	-133.000	-669.000
8.710	61.000	17.000	-53.000	-38.000
8.720	-28.000	4.000	30.000	400.000
8.730	-115.000	-10.000	110.000	806.000
8.740	-198.000	-22.000	189.000	1413.000
8.750	-273.000	-32.000	258.000	2144.000
8.760	-338.000	-40.000	312.000	3116.000
8.770	-389.000	-45.000	355.000	4118.000
8.780	-422.000	-48.000	382.000	4894.000
8.790	-435.000	-48.000	388.000	5369.000
8.800	-427.000	-48.000	380.000	5494.000
8.810	-394.000	-44.000	356.000	4772.000
8.820	-340.000	-39.000	310.000	3628.000
8.830	-270.000	-32.000	249.000	2426.000
8.840	-187.000	-24.000	180.000	1156.000
8.850	-97.000	-15.000	102.000	98.000
8.860	-4.000	-5.000	18.000	-785.000
8.870	88.000	6.000	-64.000	-1541.000
8.880	174.000	16.000	-138.000	-2080.000
8.890	251.000	26.000	-209.000	-2533.000
8.900	317.000	36.000	-272.000	-3070.000
8.910	367.000	43.000	-315.000	-3413.000
8.920	400.000	49.000	-343.000	-3716.000
8.930	414.000	52.000	-357.000	-3892.000
8.940	411.000	53.000	-355.000	-4235.000
8.950	386.000	53.000	-336.000	-4066.000
8.960	342.000	51.000	-299.000	-3662.000
8.970	279.000	45.000	-244.000	-2802.000
8.980	205.000	38.000	-179.000	-2156.000
8.990	119.000	28.000	-103.000	-1160.000
9.000	28.000	18.000	-21.000	-237.000
9.010	-65.000	7.000	62.000	752.000
9.020	-154.000	-4.000	142.000	1574.000
9.030	-236.000	-15.000	219.000	2363.000
9.040	-309.000	-24.000	284.000	3300.000
9.050	-367.000	-33.000	335.000	4003.000
9.060	-408.000	-39.000	377.000	4547.000
9.070	-429.000	-44.000	396.000	4782.000
9.080	-430.000	-46.000	398.000	4832.000
9.090	-407.000	-46.000	385.000	4228.000
9.100	-366.000	-44.000	354.000	3645.000
9.110	-307.000	-38.000	302.000	2839.000
9.120	-235.000	-30.000	237.000	2106.000
9.130	-152.000	-20.000	163.000	1273.000
9.140	-63.000	-8.000	81.000	497.000
9.150	29.000	4.000	-6.000	-354.000
9.160	120.000	17.000	-87.000	-1279.000
9.170	206.000	29.000	-162.000	-2259.000
9.180	282.000	40.000	-232.000	-3125.000
9.190	345.000	49.000	-289.000	-3915.000
9.200	391.000	56.000	-328.000	-4465.000
9.210	417.000	61.000	-351.000	-4667.000
9.220	422.000	62.000	-359.000	-4567.000
9.230	405.000	62.000	-350.000	-4093.000
9.240	368.000	59.000	-324.000	-3434.000
9.250	313.000	52.000	-279.000	-2639.000
9.260	243.000	43.000	-219.000	-1782.000
9.270	164.000	31.000	-148.000	-1194.000
9.280	78.000	18.000	-69.000	-629.000
9.290	-11.000	4.000	14.000	-85.000
9.300	-101.000	-9.000	95.000	685.000
9.310	-186.000	-21.000	175.000	1405.000
9.320	-265.000	-31.000	246.000	2405.000
9.330	-334.000	-40.000	304.000	3548.000
9.340	-387.000	-45.000	348.000	4424.000
9.350	-422.000	-49.000	380.000	5078.000
9.360	-436.000	-50.000	388.000	5331.000
9.370	-429.000	-50.000	383.000	5281.000
9.380	-397.000	-47.000	362.000	4435.000
9.390	-345.000	-42.000	320.000	3337.000
9.400	-278.000	-35.000	261.000	2331.000
9.410	-198.000	-26.000	193.000	1273.000
9.420	-110.000	-15.000	117.000	335.000
9.430	-19.000	-5.000	32.000	-384.000
9.440	72.000	7.000	-50.000	-1050.000
9.450	158.000	18.000	-126.000	-1564.000
9.460	238.000	29.000	-197.000	-2281.000
9.470	307.000	38.000	-261.000	-2978.000
9.480	362.000	46.000	-308.000	-3642.000
9.490	400.000	51.000	-338.000	-4181.000
9.500	417.000	55.000	-354.000	-4308.000
9.510	417.000	56.000	-354.000	-4616.000
9.520	393.000	56.000	-337.000	-4206.000
9.530	349.000	53.000	-302.000	-3522.000
9.540	288.000	48.000	-250.000	-2708.000
9.550	213.000	40.000	-186.000	-1802.000
9.560	129.000	31.000	-111.000	-1001.000
9.570	38.000	20.000	-30.000	-67.000
9.580	-53.000	9.000	53.000	633.000
9.590	-141.000	-3.000	134.000	1270.000
9.600	-223.000	-14.000	211.000	1962.000
9.610	-296.000	-24.000	277.000	2762.000
9.620	-356.000	-33.000	329.000	3538.000
9.630	-401.000	-39.000	371.000	4337.000
9.640	-426.000	-43.000	394.000	4760.000
9.650	-432.000	-45.000	396.000	5075.000
9.660	-415.000	-45.000	386.000	4817.000
9.670	-377.000	-44.000	357.000	4198.000
9.680	-319.000	-39.000	307.000	3175.000
9.690	-248.000	-32.000	243.000	2320.000
9.700	-164.000	-22.000	171.000	1215.000
9.710	-72.000	-12.000	89.000	51.000
9.720	19.000	0.000	3.000	-588.000
9.730	110.000	12.000	-78.000	-1393.000
9.740	196.000	24.000	-154.000	-2214.000
9.750	272.000	35.000	-225.000	-2896.000
9.760	335.000	45.000	-285.000	-3487.000
9.770	382.000	52.000	-326.000	-3953.000
9.780	411.000	57.000	-351.000	-4293.000
9.790	419.000	59.000	-361.000	-4294.000
9.800	408.000	60.000	-355.000	-4256.000
9.810	375.000	58.000	-332.000	-3741.000
9.820	324.000	51.000	-289.000	-3102.000
9.830	257.000	43.000	-231.000	-2307.000
9.840	178.000	32.000	-161.000	-1482.000
9.850	92.000	20.000	-83.000	-791.000
9.860	1.000	7.000	0.000	19.000
9.870	-90.000	-6.000	83.000	822.000
9.880	-177.000	-18.000	163.000	1624.000
9.890	-258.000	-28.000	238.000	2633.000
9.900	-326.000	-37.000	296.000	3388.000
9.910	-381.000	-44.000	344.000	4259.000
9.920	-417.000	-48.000	378.000	4765.000
9.930	-433.000	-49.000	390.000	5000.000
9.940	-429.000	-49.000	388.000	5051.000
9.950	-401.000	-47.000	369.000	4420.000
9.960	-353.000	-42.000	331.000	3527.000
9.970	-288.000	-35.000	274.000	2500.000
9.980	-211.000	-26.000	206.000	1598.000
9.990	-125.000	-15.000	132.000	735.000
10.000	-34.000	-4.000	48.000	-86.000
10.010	57.000	8.000	-36.000	-765.000
10.020	146.000	19.000	-112.000	-1569.000
10.030	228.000	30.000	-185.000	-2345.000
10.040	300.000	39.000	-251.000	-3156.000
10.050	357.000	47.000	-300.000	-3755.000
10.060	397.000	53.000	-333.000	-4214.000
10.070	418.000	56.000	-351.000	-4493.000
10.080	419.000	58.000	-354.000	-4577.000
10.090	397.000	58.000	-339.000	-4115.000
10.100	355.000	55.000	-308.000	-3415.000
10.110	295.000	49.000	-257.000	-2513.000
10.120	223.000	41.000	-195.000	-1817.000
10.130	141.000	32.000	-122.000	-1128.000
10.140	52.000	20.000	-41.000	-352.000
10.150	-38.000	9.000	40.000	266.000
10.160	-127.000	-3.000	121.000	1000.000
10.170	-211.000	-14.000	200.000	1822.000
10.180	-286.000	-25.000	268.000	2671.000
10.190	-349.000	-33.000	320.000	3557.000
10.200	-396.000	-39.000	364.000	4297.000
10.210	-425.000	-44.000	389.000	4884.000
10.220	-433.000	-46.000	393.000	5096.000
10.230	-420.000	-46.000	385.000	4998.000
10.240	-384.000	-45.000	359.000	4301.000
10.250	-329.000	-41.000	312.000	3369.000
10.260	-258.000	-34.000	250.000	2290.000
10.270	-176.000	-25.000	179.000	1294.000
10.280	-87.000	-15.000	100.000	397.000
10.290	8.000	-4.000	11.000	-768.000
10.300	98.000	8.000	-69.000	-1353.000
10.310	184.000	20.000	-145.000	-2049.000
10.320	261.000	32.000	-217.000	-2687.000
10.330	326.000	42.000	-279.000	-3309.000
10.340	376.000	50.000	-322.000	-3877.000
10.350	407.000	55.000	-349.000	-4160.000
10.360	418.000	58.000	-361.000	-4221.000
10.370	411.000	59.000	-358.000	-4353.000
10.380	381.000	58.000	-336.000	-3879.000
10.390	333.000	52.000	-296.000	-3310.000
10.400	268.000	45.000	-239.000	-2502.000
10.410	190.000	35.000	-171.000	-1608.000
10.420	105.000	23.000	-94.000	-925.000
10.430	14.000	11.000	-11.000	-72.000
10.440	-77.000	-2.000	72.000	698.000
10.450	-165.000	-14.000	153.000	1523.000
10.460	-247.000	-25.000	229.000	2490.000
10.470	-318.000	-34.000	291.000	3392.000
10.480	-374.000	-41.000	340.000	4109.000
10.490	-413.000	-46.000	377.000	4695.000
10.500	-432.000	-48.000	393.000	4980.000
10.510	-431.000	-49.000	392.000	5074.000
10.520	-406.000	-47.000	376.000	4493.000
10.530	-360.000	-43.000	341.000	3555.000
10.540	-297.000	-35.000	286.000	2535.000
10.550	-223.000	-27.000	219.000	1807.000
10.560	-138.000	-16.000	145.000	915.000
10.570	-48.000	-5.000	62.000	139.000
10.580	44.000	7.000	-23.000	-667.000
10.590	134.000	19.000	-101.000	-1508.000
10.600	217.000	30.000	-174.000	-2252.000
10.610	291.000	40.000	-242.000	-3098.000
10.620	351.000	47.000	-295.000	-3799.000
10.630	394.000	53.000	-329.000	-4309.000
10.640	416.000	57.000	-349.000	-4381.000
10.650	420.000	58.000	-354.000	-4525.000
10.660	401.000	58.000	-343.000	-4124.000
10.670	362.000	55.000	-314.000	-3499.000
10.680	305.000	50.000	-266.000	-2696.000
10.690	234.000	42.000	-205.000	-1901.000
10.700	153.000	32.000	-133.000	-1191.000
10.710	65.000	20.000	-54.000	-463.000
10.720	-25.000	8.000	28.000	165.000
10.730	-115.000	-4.000	109.000	956.000
10.740	-199.000	-15.000	188.000	1643.000
10.750	-275.000	-25.000	257.000	2443.000
10.760	-340.000	-33.000	312.000	3356.000
10.770	-391.000	-40.000	356.000	4314.000
10.780	-424.000	-44.000	385.000	5056.000
10.790	-434.000	-46.000	391.000	5157.000
10.800	-424.000	-47.000	385.000	5093.000
10.810	-391.000	-46.000	362.000	4446.000
10.820	-337.000	-42.000	318.000	3360.000
10.830	-267.000	-35.000	255.000	2202.000
10.840	-187.000	-27.000	187.000	1314.000
10.850	-99.000	-17.000	110.000	452.000
10.860	-7.000	-6.000	23.000	-386.000
10.870	84.000	6.000	-59.000	-1100.000
10.880	171.000	18.000	-135.000	-1834.000
10.890	252.000	30.000	-209.000	-2791.000
10.900	317.000	40.000	-271.000	-3157.000
10.910	369.000	48.000	-316.000	-3712.000
10.920	403.000	54.000	-345.000	-4074.000
10.930	418.000	58.000	-360.000	-4301.000
10.940	414.000	58.000	-359.000	-4457.000
10.950	387.000	58.000	-339.000	-4022.000
10.960	341.000	54.000	-302.000	-3402.000
10.970	278.000	47.000	-247.000	-2597.000
10.980	202.000	37.000	-180.000	-1760.000
10.990	117.000	26.000	-104.000	-954.000
11.000	27.000	14.000	-22.000	-183.000
11.010	-65.000	2.000	62.000	684.000
11.020	-153.000	-11.000	143.000	1406.000
11.030	-235.000	-22.000	220.000	2229.000
11.040	-307.000	-31.000	284.000	3075.000
11.050	-366.000	-39.000	335.000	3935.000
11.060	-408.000	-44.000	375.000	4605.000
11.070	-430.000	-47.000	394.000	4943.000
11.080	-433.000	-47.000	395.000	5194.000
11.090	-411.000	-47.000	381.000	4640.000
11.100	-368.000	-43.000	349.000	3753.000
11.110	-308.000	-36.000	296.000	2818.000
11.120	-234.000	-28.000	231.000	1864.000
11.130	-150.000	-17.000	157.000	965.000
11.140	-60.000	-6.000	76.000	133.000
11.150	32.000	6.000	-10.000	-652.000
11.160	123.000	18.000	-90.000	-1526.000
11.170	206.000	29.000	-163.000	-2118.000
11.180	281.000	39.000	-233.000	-2901.000
11.190	342.000	47.000	-289.000	-3505.000
11.200	387.000	53.000	-326.000	-4016.000
11.210	414.000	57.000	-348.000	-4415.000
11.220	420.000	58.000	-356.000	-4471.000
11.230	406.000	58.000	-347.000	-4356.000
11.240	371.000	55.000	-321.000	-3873.000
11.250	315.000	50.000	-275.000	-2879.000
11.260	247.000	42.000	-216.000	-2210.000
11.270	166.000	32.000	-146.000	-1315.000
11.280	77.000	21.000	-68.000	-385.000
11.290	-14.000	9.000	14.000	340.000
11.300	-104.000	-3.000	96.000	1029.000
11.310	-189.000	-14.000	175.000	1687.000
11.320	-266.000	-25.000	247.000	2407.000
11.330	-333.000	-34.000	303.000	3323.000
11.340	-384.000	-41.000	349.000	4013.000
11.350	-418.000	-45.000	381.000	4629.000
11.360	-432.000	-48.000	390.000	4962.000
11.370	-426.000	-48.000	386.000	5089.000
11.380	-396.000	-47.000	365.000	4503.000
11.390	-347.000	-43.000	324.000	3731.000
11.400	-280.000	-36.000	265.000	2645.000
11.410	-202.000	-28.000	197.000	1758.000
11.420	-113.000	-18.000	121.000	615.000
11.430	-21.000	-7.000	36.000	-266.000
11.440	72.000	5.000	-48.000	-1180.000
11.450	161.000	17.000	-125.000	-2012.000
11.460	242.000	28.000	-197.000	-2758.000
11.470	310.000	38.000	-262.000	-3252.000
11.480	364.000	47.000	-310.000	-3755.000
11.490	400.000	54.000	-341.000	-4047.000
11.500	416.000	58.000	-358.000	-4089.000
11.510	414.000	59.000	-359.000	-4210.000
11.520	391.000	59.000	-341.000	-3993.000
11.530	348.000	55.000	-307.000	-3461.000
11.540	287.000	48.000	-253.000	-2655.000
11.550	214.000	40.000	-189.000	-1988.000
11.560	131.000	29.000	-113.000	-1265.000
11.570	42.000	17.000	-32.000	-514.000
11.580	-51.000	4.000	52.000	499.000
11.590	-140.000	-8.000	133.000	1272.000
11.600	-224.000	-19.000	211.000	2189.000
11.610	-298.000	-29.000	277.000	3059.000
11.620	-359.000	-37.000	329.000	3894.000
11.630	-404.000	-42.000	371.000	4629.000
11.640	-429.000	-46.000	393.000	5002.000
11.650	-434.000	-47.000	395.000	5164.000
11.660	-415.000	-47.000	385.000	4665.000
11.670	-375.000	-43.000	355.000	3850.000
11.680	-316.000	-37.000	305.000	2779.000
11.690	-244.000	-29.000	241.000	1882.000
11.700	-162.000	-19.000	169.000	1088.000
11.710	-73.000	-8.000	88.000	289.000
11.720	18.000	4.000	2.000	-399.000
11.730	108.000	15.000	-79.000	-1126.000
11.740	193.000	27.000	-153.000	-1881.000
11.750	272.000	37.000	-225.000	-2971.000
11.760	335.000	45.000	-283.000	-3544.000
11.770	383.000	52.000	-322.000	-4113.000
11.780	412.000	56.000	-347.000	-4422.000
11.790	420.000	58.000	-357.000	-4398.000
11.800	409.000	58.000	-350.000	-4343.000
11.810	376.000	56.000	-326.000	-3813.000
11.820	324.000	50.000	-284.000	-3048.000
11.830	256.000	43.000	-226.000	-2148.000
11.840	177.000	33.000	-157.000	-1355.000
11.850	90.000	22.000	-80.000	-571.000
11.860	0.000	10.000	2.000	84.000
11.870	-90.000	-2.000	84.000	762.000
11.880	-177.000	-14.000	164.000	1578.000
11.890	-255.000	-24.000	237.000	2249.000
11.900	-324.000	-33.000	296.000	3192.000
11.910	-379.000	-40.000	343.000	4096.000
11.920	-416.000	-45.000	378.000	4744.000
11.930	-433.000	-47.000	390.000	5094.000
11.940	-429.000	-48.000	387.000	5123.000
11.950	-401.000	-47.000	369.000	4475.000
11.960	-354.000	-43.000	332.000	3686.000
11.970	-289.000	-37.000	275.000	2628.000
11.980	-212.000	-29.000	207.000	1703.000
11.990	-126.000	-19.000	133.000	821.000
12.000	-33.000	-8.000	48.000	-245.000
12.010	57.000	4.000	-35.000	0.000
12.020	148.000	16.000	-113.000	0.000
12.030	233.000	27.000	-186.000	0.000
12.040	313.000	38.000	-252.000	0.000
12.050	386.000	48.000	-303.000	0.000
12.060	450.000	56.000	-336.000	0.000
12.070	502.000	64.000	-354.000	0.000
12.080	544.000	73.000	-358.000	0.000
12.090	575.000	82.000	-342.000	0.000
12.100	592.000	95.000	-309.000	0.000
12.110	597.000	111.000	-255.000	0.000
12.120	592.000	132.000	-185.000	0.000
12.130	573.000	159.000	-105.000	0.000
12.140	545.000	192.000	-11.000	0.000
12.150	508.000	233.000	93.000	0.000
12.160	465.000	277.000	200.000	0.000
12.170	417.000	327.000	313.000	0.000
12.180	367.000	381.000	426.000	0.000
12.190	318.000	435.000	538.000	0.000
12.200	272.000	489.000	643.000	0.000
12.210	231.000	540.000	741.000	0.000
12.220	197.000	587.000	831.000	0.000
12.230	173.000	628.000	905.000	0.000
12.240	160.000	663.000	971.000	0.000
12.250	157.000	690.000	1025.000	0.000
12.260	166.000	709.000	1063.000	0.000
12.270	188.000	722.000	1088.000	0.000
12.280	222.000	729.000	1099.000	0.000
12.290	267.000	730.000	1095.000	0.000
12.300	323.000	730.000	1075.000	0.000
12.310	386.000	727.000	1040.000	0.000
12.320	456.000	722.000	994.000	0.000
12.330	531.000	719.000	937.000	0.000
12.340	608.000	717.000	870.000	0.000
12.350	687.000	716.000	796.000	0.000
12.360	764.000	716.000	723.000	0.000
12.370	838.000	719.000	646.000	0.000
12.380	908.000	724.000	573.000	0.000
12.390	973.000	730.000	508.000	0.000
12.400	1030.000	735.000	452.000	0.000
12.410	1078.000	741.000	408.000	0.000
12.420	1116.000	746.000	380.000	0.000
12.430	1145.000	751.000	369.000	0.000
12.440	1163.000	756.000	371.000	0.000
12.450	1169.000	762.000	389.000	0.000
12.460	1166.000	769.000	427.000	0.000
12.470	1151.000	778.000	481.000	0.000
12.480	1127.000	790.000	546.000	0.000
12.490	1093.000	806.000	623.000	0.000
12.500	1052.000	827.000	708.000	0.000
12.510	1006.000	852.000	796.000	0.000
12.520	956.000	881.000	886.000	0.000
12.530	903.000	914.000	977.000	0.000
12.540	851.000	948.000	1064.000	0.000
12.550	802.000	984.000	1144.000	0.000
12.560	756.000	1019.000	1220.000	0.000
12.570	716.000	1052.000	1292.000	0.000
12.580	684.000	1082.000	1357.000	0.000
12.590	661.000	1106.000	1399.000	0.000
12.600	648.000	1125.000	1433.000	0.000
12.610	646.000	1137.000	1456.000	0.000
12.620	653.000	1141.000	1463.000	0.000
12.630	673.000	1141.000	1460.000	0.000
12.640	702.000	1133.000	1443.000	0.000
12.650	741.000	1120.000	1410.000	0.000
12.660	786.000	1104.000	1367.000	0.000
12.670	838.000	1086.000	1315.000	0.000
12.680	895.000	1067.000	1253.000	0.000
12.690	954.000	1048.000	1184.000	0.000
12.700	1012.000	1032.000	1110.000	0.000
12.710	1070.000	1018.000	1031.000	0.000
12.720	1124.000	1006.000	956.000	0.000
12.730	1174.000	997.000	883.000	0.000
12.740	1219.000	990.000	812.000	0.000
12.750	1255.000	985.000	754.000	0.000
12.760	1283.000	982.000	708.000	0.000
12.770	1303.000	979.000	668.000	0.000
12.780	1313.000	976.000	644.000	0.000
12.790	1314.000	973.000	637.000	0.000
12.800	1306.000	970.000	640.000	0.000
12.810	1287.000	967.000	657.000	0.000
12.820	1261.000	965.000	689.000	0.000
12.830	1226.000	964.000	737.000	0.000
12.840	1184.000	964.000	795.000	0.000
12.850	1137.000	965.000	855.000	0.000
12.860	1085.000	970.000	923.000	0.000
12.870	1030.000	979.000	997.000	0.000
12.880	974.000	990.000	1066.000	0.000
12.890	918.000	1004.000	1132.000	0.000
12.900	864.000	1020.000	1195.000	0.000
12.910	814.000	1036.000	1252.000	0.000
12.920	769.000	1053.000	1296.000	0.000
12.930	730.000	1067.000	1330.000	0.000
12.940	699.000	1079.000	1357.000	0.000
12.950	677.000	1086.000	1369.000	0.000
12.960	664.000	1088.000	1371.000	0.000
12.970	661.000	1086.000	1364.000	0.000
12.980	665.000	1076.000	1343.000	0.000
12.990	681.000	1061.000	1310.000	0.000
13.000	704.000	1039.000	1268.000	0.000
13.010	734.000	1014.000	1219.000	0.000
13.020	769.000	986.000	1161.000	0.000
13.030	809.000	955.000	1092.000	0.000
13.040	851.000	924.000	1023.000	0.000
13.050	893.000	894.000	951.000	0.000
13.060	933.000	867.000	874.000	0.000
13.070	971.000	842.000	797.000	0.000
13.080	1004.000	820.000	729.000	0.000
13.090	1031.000	801.000	663.000	0.000
13.100	1051.000	786.000	599.000	0.000
13.110	1063.000	774.000	549.000	0.000
13.120	1067.000	764.000	507.000	0.000
13.130	1064.000	755.000	476.000	0.000
13.140	1052.000	747.000	459.000	0.000
13.150	1031.000	739.000	455.000	0.000
13.160	1003.000	732.000	459.000	0.000
13.170	967.000	724.000	477.000	0.000
13.180	925.000	716.000	508.000	0.000
13.190	879.000	709.000	550.000	0.000
13.200	828.000	702.000	598.000	0.000
13.210	774.000	696.000	651.000	0.000
13.220	718.000	692.000	705.000	0.000
13.230	661.000	689.000	760.000	0.000
13.240	606.000	689.000	813.000	0.000
13.250	552.000	689.000	856.000	0.000
13.260	502.000	691.000	896.000	0.000
13.270	456.000	694.000	929.000	0.000
13.280	416.000	697.000	951.000	0.000
13.290	383.000	699.000	963.000	0.000
13.300	357.000	699.000	965.000	0.000
13.310	339.000	697.000	957.000	0.000
13.320	330.000	689.000	937.000	0.000
13.330	328.000	677.000	907.000	0.000
13.340	334.000	659.000	868.000	0.000
13.350	348.000	636.000	819.000	0.000
13.360	369.000	609.000	767.000	0.000
13.370	395.000	578.000	709.000	0.000
13.380	423.000	545.000	643.000	0.000
13.390	455.000	509.000	573.000	0.000
13.400	486.000	475.000	505.000	0.000
13.410	515.000	442.000	434.000	0.000
13.420	542.000	410.000	364.000	0.000
13.430	565.000	382.000	298.000	0.000
13.440	583.000	358.000	235.000	0.000
13.450	595.000	337.000	179.000	0.000
13.460	599.000	321.000	131.000	0.000
13.470	598.000	307.000	91.000	0.000
13.480	588.000	297.000	61.000	0.000
13.490	570.000	288.000	43.000	0.000
13.500	545.000	281.000	35.000	0.000
13.510	514.000	274.000	36.000	0.000
13.520	477.000	268.000	48.000	0.000
13.530	435.000	261.000	71.000	0.000
13.540	389.000	254.000	104.000	0.000
13.550	341.000	246.000	142.000	0.000
13.560	289.000	239.000	186.000	0.000
13.570	237.000	232.000	233.000	0.000
13.580	186.000	225.000	278.000	0.000
13.590	135.000	219.000	322.000	0.000
13.600	87.000	215.000	365.000	0.000
13.610	43.000	212.000	399.000	0.000
13.620	2.000	210.000	424.000	0.000
13.630	-33.000	208.000	442.000	0.000
13.640	-62.000	206.000	449.000	0.000
13.650	-84.000	203.000	450.000	0.000
13.660	-99.000	199.000	440.000	0.000
13.670	-107.000	192.000	420.000	0.000
13.680	-108.000	183.000	389.000	0.000
13.690	-102.000	169.000	349.000	0.000
13.700	-89.000	151.000	303.000	0.000
13.710	-70.000	130.000	250.000	0.000
13.720	-47.000	105.000	193.000	0.000
13.730	-20.000	77.000	135.000	0.000
13.740	8.000	48.000	72.000	0.000
13.750	37.000	17.000	9.000	0.000
13.760	64.000	-12.000	-47.000	0.000
13.770	89.000	-40.000	-102.000	0.000
13.780	111.000	-66.000	-157.000	0.000
13.790	127.000	-88.000	-206.000	0.000
13.800	138.000	-106.000	-250.000	0.000
13.810	142.000	-121.000	-287.000	0.000
13.820	141.000	-132.000	-313.000	0.000
13.830	132.000	-139.000	-333.000	0.000
13.840	116.000	-143.000	-345.000	0.000
13.850	93.000	-145.000	-347.000	0.000
13.860	65.000	-146.000	-343.000	0.000
13.870	32.000	-146.000	-330.000	0.000
13.880	-5.000	-147.000	-307.000	0.000
13.890	-45.000	-148.000	-275.000	0.000
13.900	-87.000	-149.000	-240.000	0.000
13.910	-129.000	-152.000	-198.000	0.000
13.920	-172.000	-155.000	-155.000	0.000
13.930	-214.000	-158.000	-112.000	0.000
13.940	-253.000	-162.000	-71.000	0.000
13.950	-291.000	-165.000	-33.000	0.000
13.960	-324.000	-167.000	-1.000	0.000
13.970	-353.000	-169.000	24.000	0.000
13.980	-377.000	-169.000	43.000	0.000
13.990	-396.000	-169.000	52.000	0.000
14.000	-409.000	-169.000	53.000	0.000
14.010	-415.000	-170.000	46.000	0.000
14.020	-416.000	-172.000	30.000	0.000
14.030	-411.000	-175.000	4.000	0.000
14.040	-399.000	-181.000	-30.000	0.000
14.050	-382.000	-190.000	-69.000	0.000
14.060	-361.000	-202.000	-112.000	0.000
14.070	-335.000	-217.000	-159.000	0.000
14.080	-308.000	-234.000	-208.000	0.000
14.090	-279.000	-254.000	-257.000	0.000
14.100	-250.000	-275.000	-304.000	0.000
14.110	-222.000	-296.000	-348.000	0.000
14.120	-196.000	-316.000	-390.000	0.000
14.130	-173.000	-335.000	-430.000	0.000
14.140	-155.000	-352.000	-464.000	0.000
14.150	-142.000	-364.000	-492.000	0.000
14.160	-134.000	-374.000	-515.000	0.000
14.170	-133.000	-379.000	-529.000	0.000
14.180	-136.000	-381.000	-537.000	0.000
14.190	-147.000	-381.000	-540.000	0.000
14.200	-164.000	-377.000	-536.000	0.000
14.210	-186.000	-371.000	-524.000	0.000
14.220	-211.000	-364.000	-506.000	0.000
14.230	-240.000	-356.000	-480.000	0.000
14.240	-272.000	-349.000	-447.000	0.000
14.250	-304.000	-342.000	-410.000	0.000
14.260	-337.000	-337.000	-370.000	0.000
14.270	-369.000	-333.000	-327.000	0.000
14.280	-400.000	-331.000	-286.000	0.000
14.290	-428.000	-329.000	-247.000	0.000
14.300	-453.000	-327.000	-208.000	0.000
14.310	-475.000	-326.000	-175.000	0.000
14.320	-492.000	-325.000	-150.000	0.000
14.330	-505.000	-323.000	-131.000	0.000
14.340	-513.000	-320.000	-119.000	0.000
14.350	-516.000	-318.000	-115.000	0.000
14.360	-515.000	-314.000	-117.000	0.000
14.370	-508.000	-311.000	-128.000	0.000
14.380	-495.000	-309.000	-147.000	0.000
14.390	-478.000	-308.000	-174.000	0.000
14.400	-457.000	-308.000	-205.000	0.000
14.410	-432.000	-310.000	-241.000	0.000
14.420	-406.000	-316.000	-279.000	0.000
14.430	-377.000	-323.000	-316.000	0.000
14.440	-347.000	-333.000	-353.000	0.000
14.450	-318.000	-345.000	-389.000	0.000
14.460	-289.000	-357.000	-424.000	0.000
14.470	-263.000	-370.000	-454.000	0.000
14.480	-240.000	-382.000	-480.000	0.000
14.490	-220.000	-392.000	-502.000	0.000
14.500	-205.000	-400.000	-517.000	0.000
14.510	-195.000	-404.000	-525.000	0.000
14.520	-191.000	-406.000	-530.000	0.000
14.530	-190.000	-406.000	-530.000	0.000
14.540	-196.000	-400.000	-525.000	0.000
14.550	-207.000	-391.000	-514.000	0.000
14.560	-223.000	-380.000	-496.000	0.000
14.570	-242.000	-367.000	-472.000	0.000
14.580	-264.000	-354.000	-444.000	0.000
14.590	-288.000	-340.000	-411.000	0.000
14.600	-313.000	-327.000	-374.000	0.000
14.610	-337.000	-316.000	-335.000	0.000
14.620	-360.000	-306.000	-295.000	0.000
14.630	-381.000	-298.000	-257.000	0.000
14.640	-400.000	-291.000	-219.000	0.000
14.650	-416.000	-286.000	-183.000	0.000
14.660	-428.000	-282.000	-152.000	0.000
14.670	-436.000	-278.000	-127.000	0.000
14.680	-440.000	-275.000	-106.000	0.000
14.690	-440.000	-271.000	-94.000	0.000
14.700	-436.000	-267.000	-89.000	0.000
14.710	-426.000	-262.000	-89.000	0.000
14.720	-413.000	-257.000	-94.000	0.000
14.730	-396.000	-251.000	-107.000	0.000
14.740	-375.000	-246.000	-127.000	0.000
14.750	-352.000	-242.000	-154.000	0.000
14.760	-326.000	-239.000	-181.000	0.000
14.770	-299.000	-238.000	-211.000	0.000
14.780	-270.000	-238.000	-243.000	0.000
14.790	-242.000	-238.000	-272.000	0.000
14.800	-213.000	-243.000	-299.000	0.000
14.810	-186.000	-248.000	-323.000	0.000
14.820	-161.000	-254.000	-344.000	0.000
14.830	-139.000	-260.000	-360.000	0.000
14.840	-120.000	-266.000	-371.000	0.000
14.850	-105.000	-270.000	-377.000	0.000
14.860	-95.000	-272.000	-378.000	0.000
14.870	-90.000	-272.000	-377.000	0.000
14.880	-89.000	-269.000	-370.000	0.000
14.890	-92.000	-261.000	-357.000	0.000
14.900	-101.000	-251.000	-338.000	0.000
14.910	-113.000	-238.000	-316.000	0.000
14.920	-129.000	-224.000	-291.000	0.000
14.930	-146.000	-208.000	-262.000	0.000
14.940	-165.000	-192.000	-231.000	0.000
14.950	-186.000	-175.000	-195.000	0.000
14.960	-203.000	-161.000	-162.000	0.000
14.970	-221.000	-148.000	-127.000	0.000
14.980	-236.000	-138.000	-92.000	0.000
14.990	-249.000	-129.000	-60.000	0.000
15.000	-259.000	-122.000	-31.000	0.000
