0.000	0.000	1.000	1.000	0.000
0.010	0.000	13.000	25.000	50.000
0.020	-1.000	15.000	28.000	301.000
0.030	-1.000	16.000	30.000	471.000
0.040	-1.000	16.000	31.000	669.000
0.050	0.000	17.000	32.000	746.000
0.060	4.000	18.000	33.000	457.000
0.070	9.000	18.000	33.000	65.000
0.080	15.000	19.000	33.000	-450.000
0.090	20.000	20.000	33.000	-867.000
0.100	22.000	21.000	33.000	-1002.000
0.110	23.000	23.000	33.000	-1156.000
0.120	21.000	26.000	33.000	-1098.000
0.130	15.000	27.000	32.000	-744.000
0.140	7.000	29.000	31.000	-358.000
0.150	-2.000	29.000	31.000	-27.000
0.160	-11.000	29.000	30.000	189.000
0.170	-19.000	26.000	30.000	246.000
0.180	-25.000	21.000	30.000	112.000
0.190	-29.000	14.000	30.000	-122.000
0.200	-33.000	6.000	30.000	-154.000
0.210	-35.000	-2.000	30.000	-209.000
0.220	-37.000	-11.000	29.000	-14.000
0.230	-39.000	-19.000	26.000	412.000
0.240	-39.000	-27.000	22.000	805.000
0.250	-39.000	-33.000	16.000	1403.000
0.260	-35.000	-37.000	9.000	1683.000
0.270	-27.000	-40.000	-1.000	1668.000
0.280	-15.000	-40.000	-11.000	1357.000
0.290	0.000	-40.000	-23.000	853.000
0.300	15.000	-36.000	-34.000	456.000
0.310	31.000	-31.000	-45.000	-56.000
0.320	46.000	-23.000	-55.000	-518.000
0.330	57.000	-14.000	-63.000	-674.000
0.340	65.000	-5.000	-68.000	-769.000
0.350	69.000	4.000	-71.000	-755.000
0.360	69.000	12.000	-71.000	-689.000
0.370	67.000	19.000	-68.000	-830.000
0.380	60.000	25.000	-59.000	-786.000
0.390	49.000	27.000	-47.000	-677.000
0.400	37.000	28.000	-30.000	-812.000
0.410	23.000	28.000	-10.000	-954.000
0.420	6.000	25.000	11.000	-897.000
0.430	-12.000	21.000	34.000	-806.000
0.440	-32.000	16.000	56.000	-455.000
0.450	-51.000	10.000	76.000	-125.000
0.460	-69.000	5.000	94.000	303.000
0.470	-86.000	1.000	107.000	916.000
0.480	-98.000	-2.000	117.000	1304.000
0.490	-104.000	-4.000	122.000	1459.000
0.500	-105.000	-5.000	122.000	1581.000
0.510	-99.000	-5.000	120.000	1450.000
0.520	-86.000	-5.000	110.000	1090.000
0.530	-68.000	-3.000	96.000	719.000
0.540	-45.000	1.000	76.000	254.000
0.550	-20.000	5.000	54.000	-51.000
0.560	4.000	10.000	31.000	-9.000
0.570	29.000	15.000	7.000	-59.000
0.580	53.000	20.000	-16.000	-99.000
0.590	75.000	25.000	-37.000	-163.000
0.600	94.000	28.000	-54.000	-267.000
0.610	111.000	31.000	-68.000	-644.000
0.620	125.000	32.000	-76.000	-1225.000
0.630	133.000	32.000	-79.000	-1698.000
0.640	136.000	32.000	-79.000	-2235.000
0.650	133.000	32.000	-74.000	-2710.000
0.660	120.000	31.000	-64.000	-2631.000
0.670	99.000	29.000	-49.000	-2256.000
0.680	72.000	28.000	-29.000	-1756.000
0.690	39.000	25.000	-6.000	-1006.000
0.700	2.000	23.000	17.000	-115.000
0.710	-35.000	19.000	42.000	613.000
0.720	-71.000	14.000	65.000	1283.000
0.730	-101.000	8.000	86.000	1508.000
0.740	-125.000	1.000	104.000	1540.000
0.750	-140.000	-7.000	118.000	1206.000
0.760	-149.000	-15.000	127.000	1030.000
0.770	-151.000	-23.000	130.000	933.000
0.780	-149.000	-29.000	130.000	1276.000
0.790	-138.000	-34.000	122.000	1381.000
0.800	-122.000	-37.000	107.000	1695.000
0.810	-99.000	-37.000	84.000	1842.000
0.820	-71.000	-37.000	57.000	1944.000
0.830	-37.000	-33.000	27.000	1715.000
0.840	1.000	-27.000	-6.000	1248.000
0.850	42.000	-20.000	-39.000	484.000
0.860	83.000	-11.000	-70.000	-397.000
0.870	121.000	-1.000	-98.000	-1240.000
0.880	153.000	10.000	-120.000	-1902.000
0.890	178.000	20.000	-138.000	-2465.000
0.900	192.000	31.000	-148.000	-2607.000
0.910	196.000	39.000	-150.000	-2596.000
0.920	191.000	47.000	-147.000	-2600.000
0.930	172.000	52.000	-134.000	-2000.000
0.940	146.000	54.000	-112.000	-1633.000
0.950	112.000	54.000	-80.000	-1201.000
0.960	74.000	50.000	-44.000	-997.000
0.970	32.000	43.000	-2.000	-763.000
0.980	-10.000	34.000	41.000	-729.000
0.990	-54.000	24.000	84.000	-373.000
1.000	-96.000	13.000	123.000	32.000
1.010	-136.000	2.000	160.000	717.000
1.020	-171.000	-7.000	189.000	1499.000
1.030	-198.000	-15.000	209.000	2193.000
1.040	-216.000	-21.000	221.000	2834.000
1.050	-222.000	-25.000	224.000	3161.000
1.060	-217.000	-27.000	219.000	3365.000
1.070	-196.000	-27.000	203.000	2842.000
1.080	-164.000	-25.000	175.000	2196.000
1.090	-122.000	-21.000	138.000	1396.000
1.100	-72.000	-14.000	96.000	482.000
1.110	-19.000	-5.000	48.000	-201.000
1.120	34.000	4.000	-1.000	-631.000
1.130	85.000	14.000	-48.000	-914.000
1.140	132.000	24.000	-92.000	-1133.000
1.150	173.000	33.000	-129.000	-1335.000
1.160	207.000	40.000	-161.000	-1641.000
1.170	233.000	46.000	-182.000	-2108.000
1.180	248.000	49.000	-193.000	-2494.000
1.190	252.000	50.000	-195.000	-2888.000
1.200	245.000	50.000	-188.000	-3295.000
1.210	223.000	48.000	-170.000	-3183.000
1.220	187.000	44.000	-140.000	-2633.000
1.230	142.000	37.000	-102.000	-2107.000
1.240	88.000	30.000	-58.000	-1348.000
1.250	28.000	21.000	-9.000	-454.000
1.260	-33.000	12.000	41.000	290.000
1.270	-93.000	3.000	89.000	1011.000
1.280	-148.000	-7.000	134.000	1572.000
1.290	-196.000	-16.000	173.000	2068.000
1.300	-234.000	-25.000	204.000	2422.000
1.310	-261.000	-32.000	225.000	2750.000
1.320	-275.000	-39.000	237.000	2965.000
1.330	-278.000	-43.000	238.000	3389.000
1.340	-265.000	-45.000	229.000	3394.000
1.350	-238.000	-46.000	208.000	3204.000
1.360	-198.000	-45.000	173.000	2811.000
1.370	-147.000	-41.000	131.000	2252.000
1.380	-86.000	-35.000	82.000	1387.000
1.390	-20.000	-26.000	26.000	521.000
1.400	47.000	-15.000	-30.000	-240.000
1.410	114.000	-3.000	-83.000	-1166.000
1.420	174.000	10.000	-131.000	-1769.000
1.430	227.000	23.000	-175.000	-2435.000
1.440	269.000	36.000	-209.000	-2967.000
1.450	296.000	48.000	-231.000	-3144.000
1.460	310.000	58.000	-242.000	-3407.000
1.470	309.000	66.000	-242.000	-3570.000
1.480	291.000	70.000	-229.000	-3396.000
1.490	258.000	71.000	-203.000	-3071.000
1.500	210.000	70.000	-162.000	-2431.000
1.510	154.000	64.000	-111.000	-2081.000
1.520	90.000	55.000	-54.000	-1643.000
1.530	20.000	42.000	11.000	-998.000
1.540	-50.000	28.000	76.000	-488.000
1.550	-122.000	13.000	138.000	543.000
1.560	-188.000	-2.000	195.000	1455.000
1.570	-248.000	-17.000	244.000	2625.000
1.580	-296.000	-30.000	283.000	3608.000
1.590	-330.000	-40.000	309.000	4440.000
1.600	-346.000	-48.000	320.000	4834.000
1.610	-346.000	-53.000	318.000	5161.000
1.620	-326.000	-55.000	302.000	4931.000
1.630	-286.000	-55.000	270.000	4115.000
1.640	-229.000	-51.000	219.000	2944.000
1.650	-160.000	-43.000	161.000	1759.000
1.660	-81.000	-32.000	95.000	426.000
1.670	-1.000	-18.000	23.000	-395.000
1.680	80.000	-3.000	-52.000	-1236.000
1.690	157.000	13.000	-120.000	-1947.000
1.700	224.000	29.000	-180.000	-2271.000
1.710	281.000	43.000	-234.000	-2651.000
1.720	326.000	56.000	-276.000	-3154.000
1.730	355.000	65.000	-302.000	-3528.000
1.740	367.000	70.000	-313.000	-3824.000
1.750	364.000	72.000	-310.000	-4336.000
1.760	341.000	72.000	-291.000	-4389.000
1.770	299.000	65.000	-254.000	-4027.000
1.780	240.000	56.000	-201.000	-3309.000
1.790	168.000	44.000	-140.000	-2430.000
1.800	85.000	29.000	-70.000	-1247.000
1.810	-2.000	14.000	5.000	-181.000
1.820	-91.000	-3.000	82.000	1032.000
1.830	-176.000	-19.000	153.000	2140.000
1.840	-251.000	-34.000	216.000	2914.000
1.850	-316.000	-47.000	271.000	3815.000
1.860	-365.000	-58.000	313.000	4450.000
1.870	-396.000	-66.000	339.000	4881.000
1.880	-408.000	-71.000	346.000	5172.000
1.890	-402.000	-73.000	341.000	5498.000
1.900	-373.000	-73.000	319.000	5198.000
1.910	-325.000	-68.000	278.000	4667.000
1.920	-258.000	-60.000	219.000	3661.000
1.930	-178.000	-49.000	153.000	2589.000
1.940	-87.000	-36.000	78.000	1253.000
1.950	10.000	-21.000	-3.000	-208.000
1.960	107.000	-5.000	-84.000	-1588.000
1.970	199.000	12.000	-155.000	-2829.000
1.980	280.000	29.000	-221.000	-3737.000
1.990	345.000	46.000	-279.000	-4213.000
2.000	392.000	61.000	-321.000	-4658.000
2.010	418.000	73.000	-344.000	-4781.000
2.020	424.000	81.000	-351.000	-4860.000
2.030	410.000	86.000	-343.000	-4886.000
2.040	374.000	86.000	-317.000	-4509.000
2.050	318.000	83.000	-270.000	-3795.000
2.060	245.000	74.000	-205.000	-2817.000
2.070	160.000	60.000	-133.000	-1786.000
2.080	68.000	43.000	-51.000	-815.000
2.090	-28.000	24.000	37.000	272.000
2.100	-123.000	3.000	123.000	1393.000
2.110	-212.000	-17.000	203.000	2462.000
2.120	-290.000	-36.000	275.000	3368.000
2.130	-355.000	-52.000	337.000	4303.000
2.140	-404.000	-65.000	381.000	5218.000
2.150	-432.000	-73.000	403.000	5741.000
2.160	-438.000	-76.000	408.000	5923.000
2.170	-422.000	-76.000	396.000	5801.000
2.180	-382.000	-70.000	364.000	5056.000
2.190	-322.000	-59.000	310.000	4016.000
2.200	-246.000	-45.000	244.000	2847.000
2.210	-156.000	-28.000	163.000	1377.000
2.220	-58.000	-9.000	76.000	-129.000
2.230	40.000	10.000	-14.000	-1252.000
2.240	137.000	29.000	-102.000	-2470.000
2.250	226.000	47.000	-179.000	-3450.000
2.260	303.000	61.000	-249.000	-4225.000
2.270	362.000	73.000	-308.000	-4519.000
2.280	402.000	79.000	-347.000	-4595.000
2.290	422.000	82.000	-366.000	-4565.000
2.300	424.000	81.000	-370.000	-4755.000
2.310	402.000	73.000	-357.000	-4384.000
2.320	360.000	61.000	-324.000	-3868.000
2.330	301.000	47.000	-272.000	-3316.000
2.340	226.000	30.000	-206.000	-2495.000
2.350	139.000	11.000	-131.000	-1488.000
2.360	44.000	-7.000	-50.000	-306.000
2.370	-54.000	-25.000	35.000	954.000
2.380	-149.000	-41.000	116.000	2099.000
2.390	-237.000	-54.000	190.000	3184.000
2.400	-313.000	-65.000	253.000	4086.000
2.410	-375.000	-72.000	307.000	4980.000
2.420	-417.000	-76.000	344.000	5455.000
2.430	-439.000	-77.000	360.000	5770.000
2.440	-440.000	-77.000	361.000	5902.000
2.450	-415.000	-72.000	346.000	5250.000
2.460	-369.000	-64.000	312.000	4372.000
2.470	-305.000	-54.000	262.000	3379.000
2.480	-226.000	-42.000	197.000	2271.000
2.490	-136.000	-29.000	123.000	1091.000
2.500	-39.000	-14.000	45.000	-177.000
2.510	59.000	1.000	-38.000	-1338.000
2.520	153.000	17.000	-114.000	-2349.000
2.530	238.000	31.000	-182.000	-3149.000
2.540	311.000	45.000	-244.000	-3865.000
2.550	367.000	58.000	-295.000	-4295.000
2.560	404.000	67.000	-327.000	-4532.000
2.570	421.000	74.000	-342.000	-4658.000
2.580	419.000	78.000	-342.000	-4860.000
2.590	395.000	79.000	-326.000	-4709.000
2.600	350.000	77.000	-291.000	-4209.000
2.610	286.000	69.000	-235.000	-3372.000
2.620	208.000	59.000	-170.000	-2465.000
2.630	119.000	45.000	-96.000	-1401.000
2.640	23.000	29.000	-13.000	-178.000
2.650	-74.000	12.000	72.000	998.000
2.660	-166.000	-7.000	152.000	1955.000
2.670	-250.000	-24.000	226.000	2872.000
2.680	-323.000	-41.000	291.000	3839.000
2.690	-380.000	-55.000	345.000	4621.000
2.700	-419.000	-66.000	378.000	5285.000
2.710	-437.000	-73.000	392.000	5658.000
2.720	-435.000	-76.000	391.000	5951.000
2.730	-408.000	-76.000	371.000	5520.000
2.740	-359.000	-71.000	330.000	4657.000
2.750	-292.000	-62.000	272.000	3608.000
2.760	-210.000	-49.000	201.000	2367.000
2.770	-115.000	-33.000	118.000	744.000
2.780	-17.000	-15.000	31.000	-532.000
2.790	81.000	4.000	-58.000	-1700.000
2.800	174.000	22.000	-140.000	-2715.000
2.810	258.000	40.000	-214.000	-3621.000
2.820	328.000	56.000	-281.000	-4282.000
2.830	379.000	68.000	-332.000	-4506.000
2.840	411.000	76.000	-363.000	-4622.000
2.850	422.000	79.000	-375.000	-4555.000
2.860	414.000	79.000	-373.000	-4595.000
2.870	385.000	72.000	-351.000	-4396.000
2.880	336.000	61.000	-310.000	-3915.000
2.890	269.000	46.000	-250.000	-3131.000
2.900	188.000	29.000	-178.000	-2172.000
2.910	96.000	10.000	-99.000	-958.000
2.920	0.000	-10.000	-14.000	154.000
2.930	-98.000	-28.000	73.000	1473.000
2.940	-191.000	-46.000	154.000	2659.000
2.950	-274.000	-60.000	226.000	3635.000
2.960	-344.000	-71.000	287.000	4509.000
2.970	-398.000	-79.000	336.000	5287.000
2.980	-431.000	-82.000	365.000	5646.000
2.990	-443.000	-82.000	373.000	5792.000
3.000	-433.000	-79.000	368.000	5662.000
3.010	-399.000	-71.000	343.000	4967.000
3.020	-344.000	-60.000	300.000	3943.000
3.030	-273.000	-47.000	242.000	2910.000
3.040	-188.000	-32.000	170.000	1696.000
3.050	-94.000	-16.000	92.000	447.000
3.060	4.000	1.000	9.000	-758.000
3.070	100.000	17.000	-73.000	-1752.000
3.080	192.000	33.000	-147.000	-2850.000
3.090	273.000	46.000	-213.000	-3691.000
3.100	339.000	58.000	-272.000	-4265.000
3.110	387.000	67.000	-314.000	-4598.000
3.120	415.000	74.000	-338.000	-4727.000
3.130	422.000	76.000	-345.000	-4687.000
3.140	410.000	76.000	-338.000	-4739.000
3.150	376.000	73.000	-313.000	-4399.000
3.160	322.000	66.000	-268.000	-3745.000
3.170	252.000	55.000	-207.000	-2973.000
3.180	167.000	42.000	-139.000	-1809.000
3.190	74.000	28.000	-60.000	-668.000
3.200	-21.000	12.000	22.000	269.000
3.210	-117.000	-5.000	104.000	1444.000
3.220	-207.000	-21.000	181.000	2505.000
3.230	-286.000	-36.000	249.000	3358.000
3.240	-352.000	-50.000	307.000	4210.000
3.250	-402.000	-61.000	352.000	5029.000
3.260	-431.000	-69.000	375.000	5456.000
3.270	-440.000	-74.000	381.000	5786.000
3.280	-426.000	-75.000	372.000	5675.000
3.290	-389.000	-74.000	343.000	5075.000
3.300	-332.000	-68.000	296.000	4184.000
3.310	-258.000	-58.000	233.000	3065.000
3.320	-170.000	-45.000	158.000	1687.000
3.330	-74.000	-30.000	75.000	313.000
3.340	25.000	-13.000	-12.000	-990.000
3.350	122.000	4.000	-98.000	-2179.000
3.360	211.000	22.000	-174.000	-3081.000
3.370	289.000	39.000	-243.000	-3860.000
3.380	351.000	54.000	-305.000	-4348.000
3.390	393.000	65.000	-346.000	-4438.000
3.400	416.000	73.000	-368.000	-4519.000
3.410	420.000	76.000	-374.000	-4679.000
3.420	402.000	76.000	-364.000	-4529.000
3.430	364.000	70.000	-334.000	-4214.000
3.440	307.000	59.000	-285.000	-3632.000
3.450	233.000	45.000	-219.000	-2717.000
3.460	148.000	28.000	-144.000	-1802.000
3.470	54.000	9.000	-62.000	-638.000
3.480	-44.000	-11.000	25.000	664.000
3.490	-140.000	-29.000	111.000	1902.000
3.500	-229.000	-46.000	189.000	3007.000
3.510	-307.000	-61.000	257.000	3995.000
3.520	-369.000	-72.000	315.000	4689.000
3.530	-415.000	-79.000	358.000	5439.000
3.540	-440.000	-83.000	377.000	5847.000
3.550	-443.000	-83.000	381.000	5937.000
3.560	-422.000	-78.000	368.000	5497.000
3.570	-378.000	-70.000	334.000	4584.000
3.580	-316.000	-58.000	283.000	3600.000
3.590	-238.000	-43.000	217.000	2430.000
3.600	-148.000	-26.000	141.000	1136.000
3.610	-51.000	-9.000	59.000	-169.000
3.620	48.000	9.000	-27.000	-1419.000
3.630	143.000	27.000	-108.000	-2448.000
3.640	230.000	43.000	-179.000	-3328.000
3.650	304.000	56.000	-244.000	-3949.000
3.660	362.000	67.000	-298.000	-4385.000
3.670	401.000	75.000	-332.000	-4601.000
3.680	419.000	79.000	-348.000	-4582.000
3.690	419.000	79.000	-350.000	-4782.000
3.700	397.000	76.000	-334.000	-4642.000
3.710	354.000	68.000	-300.000	-4174.000
3.720	293.000	57.000	-245.000	-3515.000
3.730	216.000	44.000	-180.000	-2565.000
3.740	127.000	29.000	-107.000	-1402.000
3.750	32.000	13.000	-26.000	-271.000
3.760	-66.000	-4.000	57.000	1005.000
3.770	-161.000	-20.000	137.000	2221.000
3.780	-247.000	-36.000	209.000	3183.000
3.790	-321.000	-49.000	272.000	4029.000
3.800	-379.000	-60.000	325.000	4682.000
3.810	-419.000	-68.000	360.000	5217.000
3.820	-438.000	-73.000	374.000	5474.000
3.830	-436.000	-75.000	374.000	5556.000
3.840	-411.000	-75.000	355.000	5197.000
3.850	-364.000	-70.000	317.000	4416.000
3.860	-301.000	-62.000	263.000	3699.000
3.870	-220.000	-50.000	193.000	2425.000
3.880	-130.000	-37.000	117.000	1293.000
3.890	-32.000	-22.000	33.000	-104.000
3.900	65.000	-5.000	-53.000	-1194.000
3.910	160.000	11.000	-133.000	-2434.000
3.920	247.000	27.000	-205.000	-3586.000
3.930	318.000	42.000	-270.000	-4170.000
3.940	372.000	55.000	-322.000	-4532.000
3.950	407.000	64.000	-354.000	-4738.000
3.960	420.000	70.000	-368.000	-4620.000
3.970	415.000	72.000	-368.000	-4738.000
3.980	387.000	72.000	-349.000	-4387.000
3.990	340.000	65.000	-311.000	-3928.000
4.000	274.000	54.000	-254.000	-3084.000
4.010	194.000	41.000	-184.000	-2122.000
4.020	105.000	24.000	-107.000	-1192.000
4.030	10.000	6.000	-23.000	-135.000
4.040	-87.000	-13.000	64.000	1080.000
4.050	-180.000	-31.000	147.000	2239.000
4.060	-265.000	-48.000	222.000	3373.000
4.070	-335.000	-62.000	285.000	4097.000
4.080	-391.000	-72.000	338.000	4951.000
4.090	-428.000	-79.000	371.000	5580.000
4.100	-443.000	-82.000	383.000	5821.000
4.110	-437.000	-82.000	380.000	5889.000
4.120	-406.000	-77.000	359.000	5258.000
4.130	-354.000	-67.000	317.000	4319.000
4.140	-284.000	-55.000	259.000	3165.000
4.150	-201.000	-39.000	188.000	2020.000
4.160	-107.000	-22.000	108.000	651.000
4.170	-8.000	-4.000	23.000	-709.000
4.180	90.000	15.000	-64.000	-1888.000
4.190	183.000	32.000	-141.000	-2968.000
4.200	265.000	48.000	-210.000	-3746.000
4.210	333.000	62.000	-273.000	-4346.000
4.220	382.000	72.000	-319.000	-4553.000
4.230	411.000	78.000	-346.000	-4561.000
4.240	421.000	81.000	-355.000	-4646.000
4.250	411.000	80.000	-350.000	-4688.000
4.260	379.000	74.000	-327.000	-4358.000
4.270	328.000	64.000	-284.000	-3859.000
4.280	260.000	51.000	-223.000	-3136.000
4.290	177.000	35.000	-153.000	-2063.000
4.300	85.000	18.000	-76.000	-934.000
4.310	-11.000	0.000	8.000	165.000
4.320	-109.000	-17.000	91.000	1531.000
4.330	-200.000	-33.000	169.000	2578.000
4.340	-282.000	-48.000	237.000	3605.000
4.350	-350.000	-60.000	296.000	4445.000
4.360	-401.000	-69.000	342.000	5110.000
4.370	-433.000	-75.000	367.000	5628.000
4.380	-442.000	-77.000	373.000	5678.000
4.390	-430.000	-77.000	366.000	5579.000
4.400	-394.000	-73.000	339.000	4891.000
4.410	-339.000	-66.000	293.000	4074.000
4.420	-266.000	-55.000	232.000	2939.000
4.430	-181.000	-43.000	158.000	1827.000
4.440	-86.000	-28.000	79.000	492.000
4.450	12.000	-12.000	-7.000	-721.000
4.460	109.000	4.000	-91.000	-1895.000
4.470	200.000	20.000	-165.000	-2961.000
4.480	279.000	36.000	-234.000	-3708.000
4.490	344.000	49.000	-294.000	-4363.000
4.500	389.000	60.000	-336.000	-4560.000
4.510	414.000	67.000	-359.000	-4596.000
4.520	419.000	71.000	-365.000	-4601.000
4.530	404.000	71.000	-357.000	-4565.000
4.540	368.000	68.000	-330.000	-4249.000
4.550	313.000	60.000	-283.000	-3698.000
4.560	241.000	48.000	-219.000	-2851.000
4.570	156.000	34.000	-147.000	-1810.000
4.580	63.000	17.000	-67.000	-714.000
4.590	-34.000	0.000	19.000	474.000
4.600	-130.000	-18.000	104.000	1678.000
4.610	-220.000	-35.000	183.000	2818.000
4.620	-298.000	-50.000	252.000	3669.000
4.630	-362.000	-63.000	311.000	4445.000
4.640	-409.000	-72.000	356.000	5115.000
4.650	-437.000	-77.000	378.000	5672.000
4.660	-442.000	-79.000	383.000	5764.000
4.670	-425.000	-79.000	373.000	5566.000
4.680	-385.000	-73.000	343.000	4873.000
4.690	-326.000	-63.000	293.000	3989.000
4.700	-250.000	-50.000	229.000	2829.000
4.710	-161.000	-34.000	153.000	1483.000
4.720	-64.000	-17.000	71.000	78.000
4.730	36.000	1.000	-17.000	-1310.000
4.740	133.000	19.000	-100.000	-2510.000
4.750	221.000	36.000	-173.000	-3361.000
4.760	297.000	51.000	-241.000	-4031.000
4.770	356.000	64.000	-298.000	-4353.000
4.780	396.000	73.000	-337.000	-4452.000
4.790	417.000	79.000	-356.000	-4555.000
4.800	419.000	80.000	-360.000	-4736.000
4.810	399.000	78.000	-347.000	-4592.000
4.820	359.000	70.000	-316.000	-4261.000
4.830	298.000	58.000	-263.000	-3399.000
4.840	224.000	44.000	-197.000	-2677.000
4.850	136.000	27.000	-124.000	-1518.000
4.860	43.000	9.000	-43.000	-563.000
4.870	-55.000	-10.000	42.000	743.000
4.880	-150.000	-27.000	123.000	1925.000
4.890	-239.000	-43.000	199.000	3154.000
4.900	-314.000	-57.000	263.000	3939.000
4.910	-376.000	-68.000	318.000	4855.000
4.920	-419.000	-75.000	356.000	5464.000
4.930	-441.000	-79.000	372.000	5771.000
4.940	-442.000	-80.000	373.000	5897.000
4.950	-418.000	-78.000	357.000	5357.000
4.960	-372.000	-72.000	321.000	4455.000
4.970	-308.000	-62.000	268.000	3444.000
4.980	-230.000	-49.000	201.000	2439.000
4.990	-138.000	-35.000	124.000	995.000
5.000	-42.000	-19.000	42.000	-138.000
5.010	55.000	-2.000	-44.000	-1189.000
5.020	150.000	15.000	-124.000	-2343.000
5.030	235.000	31.000	-195.000	-3142.000
5.040	308.000	45.000	-260.000	-3857.000
5.050	366.000	57.000	-314.000	-4519.000
5.060	403.000	66.000	-346.000	-4712.000
5.070	420.000	71.000	-361.000	-4805.000
5.080	417.000	72.000	-362.000	-4865.000
5.090	392.000	71.000	-344.000	-4600.000
5.100	346.000	65.000	-308.000	-4006.000
5.110	282.000	55.000	-252.000	-3206.000
5.120	203.000	42.000	-184.000	-2212.000
5.130	114.000	26.000	-109.000	-1191.000
5.140	18.000	9.000	-26.000	0.000
5.150	-78.000	-8.000	60.000	1035.000
5.160	-171.000	-26.000	142.000	2110.000
5.170	-256.000	-42.000	216.000	3123.000
5.180	-327.000	-55.000	279.000	3821.000
5.190	-384.000	-66.000	333.000	4619.000
5.200	-423.000	-74.000	367.000	5293.000
5.210	-441.000	-77.000	380.000	5675.000
5.220	-438.000	-78.000	379.000	5858.000
5.230	-411.000	-75.000	360.000	5453.000
5.240	-362.000	-68.000	320.000	4610.000
5.250	-295.000	-57.000	264.000	3576.000
5.260	-212.000	-44.000	194.000	2230.000
5.270	-119.000	-29.000	115.000	870.000
5.280	-20.000	-12.000	31.000	-541.000
5.290	79.000	5.000	-56.000	-1819.000
5.300	173.000	23.000	-135.000	-2924.000
5.310	257.000	39.000	-206.000	-3789.000
5.320	326.000	53.000	-270.000	-4302.000
5.330	377.000	65.000	-320.000	-4523.000
5.340	408.000	73.000	-349.000	-4520.000
5.350	418.000	77.000	-361.000	-4356.000
5.360	411.000	78.000	-359.000	-4547.000
5.370	381.000	74.000	-338.000	-4238.000
5.380	333.000	65.000	-298.000	-3899.000
5.390	267.000	52.000	-238.000	-3229.000
5.400	186.000	37.000	-169.000	-2248.000
5.410	96.000	19.000	-92.000	-1249.000
5.420	0.000	1.000	-8.000	-82.000
5.430	-97.000	-17.000	77.000	1163.000
5.440	-190.000	-35.000	157.000	2403.000
5.450	-274.000	-50.000	228.000	3537.000
5.460	-345.000	-63.000	288.000	4537.000
5.470	-399.000	-72.000	338.000	5302.000
5.480	-433.000	-78.000	366.000	5768.000
5.490	-444.000	-81.000	375.000	5771.000
5.500	-435.000	-81.000	370.000	5756.000
5.510	-400.000	-77.000	345.000	4924.000
5.520	-346.000	-68.000	302.000	4021.000
5.530	-275.000	-57.000	242.000	2971.000
5.540	-190.000	-43.000	169.000	1745.000
5.550	-96.000	-27.000	90.000	486.000
5.560	1.000	-10.000	5.000	-609.000
5.570	98.000	8.000	-80.000	-1746.000
5.580	189.000	25.000	-156.000	-2728.000
5.590	270.000	40.000	-224.000	-3589.000
5.600	336.000	53.000	-286.000	-4178.000
5.610	384.000	64.000	-329.000	-4523.000
5.620	413.000	70.000	-354.000	-4778.000
5.630	420.000	74.000	-361.000	-4723.000
5.640	409.000	74.000	-354.000	-4880.000
5.650	375.000	70.000	-329.000	-4511.000
5.660	321.000	61.000	-284.000	-3834.000
5.670	249.000	49.000	-221.000	-2812.000
5.680	164.000	35.000	-150.000	-1678.000
5.690	71.000	18.000	-71.000	-559.000
5.700	-25.000	1.000	13.000	478.000
5.710	-121.000	-17.000	98.000	1619.000
5.720	-210.000	-33.000	176.000	2538.000
5.730	-289.000	-48.000	245.000	3392.000
5.740	-356.000	-60.000	305.000	4362.000
5.750	-404.000	-70.000	350.000	4928.000
5.760	-434.000	-75.000	374.000	5498.000
5.770	-442.000	-77.000	380.000	5711.000
5.780	-428.000	-77.000	371.000	5620.000
5.790	-391.000	-72.000	343.000	5036.000
5.800	-334.000	-64.000	295.000	4157.000
5.810	-260.000	-52.000	232.000	3047.000
5.820	-173.000	-38.000	158.000	1792.000
5.830	-76.000	-22.000	77.000	286.000
5.840	23.000	-6.000	-10.000	-1008.000
5.850	121.000	11.000	-94.000	-2306.000
5.860	212.000	28.000	-169.000	-3414.000
5.870	290.000	43.000	-237.000	-4131.000
5.880	351.000	57.000	-296.000	-4455.000
5.890	393.000	67.000	-336.000	-4529.000
5.900	415.000	73.000	-358.000	-4481.000
5.910	418.000	76.000	-363.000	-4537.000
5.920	399.000	76.000	-353.000	-4300.000
5.930	361.000	69.000	-324.000	-4029.000
5.940	305.000	59.000	-275.000	-3596.000
5.950	232.000	45.000	-210.000	-2802.000
5.960	147.000	29.000	-138.000	-1870.000
5.970	53.000	11.000	-57.000	-691.000
5.980	-43.000	-7.000	29.000	389.000
5.990	-139.000	-25.000	112.000	1677.000
6.000	-229.000	-42.000	189.000	2937.000
6.010	-307.000	-56.000	255.000	3933.000
6.020	-371.000	-68.000	312.000	4866.000
6.030	-417.000	-76.000	354.000	5580.000
6.040	-442.000	-81.000	373.000	5959.000
6.050	-445.000	-82.000	375.000	6028.000
6.060	-422.000	-81.000	362.000	5339.000
6.070	-378.000	-74.000	329.000	4456.000
6.080	-316.000	-64.000	278.000	3495.000
6.090	-238.000	-51.000	212.000	2342.000
6.100	-148.000	-36.000	136.000	1061.000
6.110	-53.000	-19.000	54.000	0.000
6.120	44.000	-1.000	-33.000	-1052.000
6.130	139.000	17.000	-114.000	-2149.000
6.140	227.000	34.000	-187.000	-3197.000
6.150	300.000	48.000	-253.000	-3721.000
6.160	359.000	60.000	-307.000	-4308.000
6.170	399.000	69.000	-342.000	-4646.000
6.180	418.000	74.000	-359.000	-4727.000
6.190	419.000	75.000	-361.000	-5010.000
6.200	397.000	73.000	-345.000	-4823.000
6.210	353.000	66.000	-310.000	-4203.000
6.220	291.000	56.000	-256.000	-3421.000
6.230	214.000	42.000	-190.000	-2487.000
6.240	124.000	27.000	-115.000	-1221.000
6.250	29.000	10.000	-33.000	-120.000
6.260	-69.000	-7.000	52.000	1133.000
6.270	-163.000	-24.000	134.000	2214.000
6.280	-248.000	-40.000	208.000	3067.000
6.290	-322.000	-54.000	273.000	3940.000
6.300	-380.000	-65.000	327.000	4614.000
6.310	-420.000	-73.000	363.000	5164.000
6.320	-439.000	-77.000	378.000	5433.000
6.330	-438.000	-78.000	378.000	5640.000
6.340	-413.000	-76.000	360.000	5268.000
6.350	-367.000	-69.000	323.000	4592.000
6.360	-303.000	-59.000	267.000	3729.000
6.370	-222.000	-46.000	198.000	2454.000
6.380	-131.000	-31.000	121.000	1205.000
6.390	-34.000	-15.000	38.000	-56.000
6.400	66.000	2.000	-49.000	-1500.000
6.410	161.000	18.000	-129.000	-2681.000
6.420	247.000	34.000	-200.000	-3671.000
6.430	319.000	48.000	-266.000	-4358.000
6.440	373.000	60.000	-317.000	-4688.000
6.450	407.000	68.000	-348.000	-4754.000
6.460	420.000	73.000	-363.000	-4638.000
6.470	413.000	74.000	-362.000	-4526.000
6.480	385.000	73.000	-343.000	-4218.000
6.490	337.000	65.000	-306.000	-3676.000
6.500	273.000	53.000	-248.000	-3110.000
6.510	194.000	39.000	-179.000	-2258.000
6.520	105.000	22.000	-103.000	-1301.000
6.530	10.000	4.000	-19.000	-224.000
6.540	-88.000	-15.000	67.000	1122.000
6.550	-179.000	-32.000	147.000	2040.000
6.560	-264.000	-48.000	220.000	3209.000
6.570	-336.000	-61.000	282.000	4192.000
6.580	-392.000	-71.000	334.000	5025.000
6.590	-429.000	-78.000	365.000	5638.000
6.600	-445.000	-81.000	376.000	5983.000
6.610	-439.000	-81.000	374.000	6020.000
6.620	-408.000	-78.000	352.000	5367.000
6.630	-355.000	-70.000	310.000	4293.000
6.640	-285.000	-58.000	252.000	3147.000
6.650	-200.000	-45.000	181.000	1775.000
6.660	-106.000	-28.000	102.000	452.000
6.670	-8.000	-11.000	17.000	-756.000
6.680	89.000	7.000	-69.000	-1812.000
6.690	181.000	24.000	-146.000	-2792.000
6.700	262.000	41.000	-216.000	-3487.000
6.710	330.000	55.000	-279.000	-4133.000
6.720	378.000	66.000	-325.000	-4260.000
6.730	409.000	73.000	-351.000	-4548.000
6.740	419.000	76.000	-361.000	-4628.000
6.750	410.000	76.000	-356.000	-4783.000
6.760	379.000	71.000	-333.000	-4545.000
6.770	328.000	62.000	-289.000	-4006.000
6.780	259.000	50.000	-228.000	-3138.000
6.790	176.000	35.000	-158.000	-2062.000
6.800	83.000	18.000	-79.000	-816.000
6.810	-13.000	1.000	5.000	264.000
6.820	-111.000	-16.000	90.000	1614.000
6.830	-201.000	-33.000	168.000	2533.000
6.840	-283.000	-48.000	238.000	3573.000
6.850	-351.000	-60.000	298.000	4421.000
6.860	-401.000	-69.000	345.000	4977.000
6.870	-433.000	-75.000	371.000	5522.000
6.880	-442.000	-78.000	378.000	5592.000
6.890	-431.000	-78.000	371.000	5625.000
6.900	-396.000	-73.000	345.000	5044.000
6.910	-340.000	-65.000	299.000	4083.000
6.920	-268.000	-54.000	238.000	3063.000
6.930	-182.000	-40.000	164.000	1814.000
6.940	-87.000	-25.000	84.000	484.000
6.950	12.000	-8.000	-2.000	-842.000
6.960	110.000	9.000	-87.000	-2108.000
6.970	200.000	25.000	-162.000	-3018.000
6.980	280.000	40.000	-231.000	-3873.000
6.990	343.000	54.000	-291.000	-4267.000
7.000	389.000	64.000	-333.000	-4600.000
7.010	414.000	71.000	-357.000	-4631.000
7.020	419.000	74.000	-363.000	-4632.000
7.030	404.000	74.000	-355.000	-4592.000
7.040	368.000	69.000	-329.000	-4274.000
7.050	312.000	60.000	-282.000	-3604.000
7.060	240.000	47.000	-218.000	-2777.000
7.070	155.000	32.000	-146.000	-1751.000
7.080	63.000	14.000	-67.000	-783.000
7.090	-34.000	-3.000	18.000	418.000
7.100	-130.000	-21.000	103.000	1632.000
7.110	-220.000	-38.000	180.000	2779.000
7.120	-298.000	-53.000	249.000	3636.000
7.130	-364.000	-65.000	307.000	4648.000
7.140	-411.000	-74.000	351.000	5280.000
7.150	-438.000	-80.000	372.000	5692.000
7.160	-444.000	-81.000	377.000	5898.000
7.170	-426.000	-81.000	366.000	5561.000
7.180	-386.000	-75.000	336.000	4873.000
7.190	-325.000	-65.000	286.000	3759.000
7.200	-250.000	-53.000	222.000	2760.000
7.210	-161.000	-38.000	147.000	1427.000
7.220	-65.000	-21.000	65.000	148.000
7.230	34.000	-3.000	-21.000	-1137.000
7.240	131.000	15.000	-105.000	-2368.000
7.250	219.000	31.000	-178.000	-3243.000
7.260	295.000	47.000	-245.000	-3931.000
7.270	355.000	60.000	-302.000	-4384.000
7.280	396.000	69.000	-339.000	-4589.000
7.290	417.000	75.000	-358.000	-4663.000
7.300	419.000	76.000	-362.000	-4822.000
7.310	398.000	76.000	-348.000	-4545.000
7.320	357.000	69.000	-317.000	-4105.000
7.330	297.000	58.000	-264.000	-3387.000
7.340	221.000	44.000	-197.000	-2432.000
7.350	136.000	28.000	-125.000	-1664.000
7.360	42.000	11.000	-43.000	-562.000
7.370	-55.000	-7.000	43.000	631.000
7.380	-150.000	-25.000	125.000	1836.000
7.390	-238.000	-41.000	201.000	2966.000
7.400	-314.000	-55.000	266.000	3902.000
7.410	-376.000	-66.000	321.000	4824.000
7.420	-420.000	-73.000	359.000	5553.000
7.430	-442.000	-78.000	376.000	5842.000
7.440	-443.000	-78.000	378.000	5954.000
7.450	-418.000	-77.000	362.000	5288.000
7.460	-372.000	-70.000	326.000	4399.000
7.470	-308.000	-61.000	272.000	3398.000
7.480	-229.000	-48.000	205.000	2285.000
7.490	-140.000	-34.000	129.000	1217.000
7.500	-43.000	-17.000	45.000	-75.000
7.510	56.000	0.000	-42.000	-1370.000
7.520	150.000	17.000	-122.000	-2375.000
7.530	236.000	33.000	-194.000	-3285.000
7.540	309.000	47.000	-260.000	-3975.000
7.550	365.000	59.000	-313.000	-4386.000
7.560	402.000	67.000	-346.000	-4607.000
7.570	419.000	72.000	-362.000	-4721.000
7.580	417.000	73.000	-362.000	-4913.000
7.590	391.000	72.000	-345.000	-4523.000
7.600	346.000	64.000	-310.000	-4059.000
7.610	282.000	54.000	-254.000	-3250.000
7.620	203.000	40.000	-186.000	-2247.000
7.630	115.000	24.000	-111.000	-1336.000
7.640	19.000	7.000	-28.000	-120.000
7.650	-78.000	-11.000	57.000	1050.000
7.660	-172.000	-28.000	139.000	2236.000
7.670	-257.000	-44.000	213.000	3224.000
7.680	-329.000	-58.000	276.000	4019.000
7.690	-386.000	-69.000	329.000	4780.000
7.700	-425.000	-76.000	363.000	5427.000
7.710	-442.000	-80.000	376.000	5671.000
7.720	-439.000	-80.000	375.000	5860.000
7.730	-411.000	-78.000	356.000	5343.000
7.740	-361.000	-70.000	316.000	4407.000
7.750	-294.000	-60.000	260.000	3412.000
7.760	-212.000	-46.000	190.000	2213.000
7.770	-119.000	-30.000	111.000	854.000
7.780	-21.000	-13.000	28.000	-439.000
7.790	78.000	4.000	-59.000	-1737.000
7.800	171.000	22.000	-137.000	-2741.000
7.810	255.000	38.000	-208.000	-3638.000
7.820	324.000	52.000	-272.000	-4176.000
7.830	376.000	64.000	-321.000	-4532.000
7.840	408.000	72.000	-350.000	-4640.000
7.850	419.000	76.000	-362.000	-4566.000
7.860	412.000	76.000	-359.000	-4716.000
7.870	382.000	73.000	-337.000	-4375.000
7.880	333.000	65.000	-297.000	-3896.000
7.890	266.000	52.000	-237.000	-3113.000
7.900	185.000	37.000	-167.000	-2155.000
7.910	95.000	21.000	-90.000	-1174.000
7.920	-1.000	3.000	-6.000	-20.000
7.930	-98.000	-15.000	79.000	1215.000
7.940	-191.000	-33.000	159.000	2447.000
7.950	-274.000	-48.000	230.000	3458.000
7.960	-345.000	-61.000	291.000	4475.000
7.970	-398.000	-71.000	341.000	5137.000
7.980	-432.000	-77.000	369.000	5633.000
7.990	-444.000	-80.000	378.000	5775.000
8.000	-434.000	-80.000	373.000	5641.000
8.010	-401.000	-76.000	348.000	5061.000
8.020	-347.000	-67.000	304.000	4130.000
8.030	-276.000	-56.000	244.000	3059.000
8.040	-189.000	-42.000	170.000	1584.000
8.050	-97.000	-26.000	92.000	588.000
8.060	1.000	-9.000	6.000	-644.000
8.070	97.000	8.000	-79.000	-1658.000
8.080	189.000	25.000	-156.000	-2772.000
8.090	270.000	40.000	-225.000	-3624.000
8.100	337.000	53.000	-287.000	-4323.000
8.110	385.000	63.000	-330.000	-4642.000
8.120	413.000	70.000	-355.000	-4760.000
8.130	420.000	73.000	-363.000	-4711.000
8.140	408.000	73.000	-357.000	-4757.000
8.150	373.000	69.000	-332.000	-4295.000
8.160	320.000	60.000	-286.000	-3775.000
8.170	248.000	47.000	-224.000	-2762.000
8.180	165.000	33.000	-153.000	-1867.000
8.190	71.000	16.000	-73.000	-595.000
8.200	-24.000	-2.000	11.000	332.000
8.210	-121.000	-19.000	96.000	1616.000
8.220	-210.000	-36.000	173.000	2535.000
8.230	-290.000	-50.000	242.000	3505.000
8.240	-357.000	-63.000	302.000	4453.000
8.250	-406.000	-72.000	348.000	5119.000
8.260	-435.000	-77.000	371.000	5539.000
8.270	-443.000	-79.000	377.000	5747.000
8.280	-429.000	-79.000	369.000	5652.000
8.290	-392.000	-74.000	341.000	5065.000
8.300	-334.000	-65.000	293.000	4068.000
8.310	-259.000	-53.000	230.000	2861.000
8.320	-171.000	-39.000	156.000	1526.000
8.330	-76.000	-23.000	75.000	301.000
8.340	24.000	-6.000	-12.000	-1114.000
8.350	119.000	12.000	-94.000	-2046.000
8.360	210.000	28.000	-170.000	-3205.000
8.370	287.000	44.000	-237.000	-3843.000
8.380	349.000	57.000	-296.000	-4333.000
8.390	393.000	67.000	-335.000	-4657.000
8.400	416.000	73.000	-357.000	-4697.000
8.410	420.000	76.000	-362.000	-4827.000
8.420	401.000	76.000	-352.000	-4535.000
8.430	362.000	70.000	-323.000	-4107.000
8.440	305.000	60.000	-273.000	-3548.000
8.450	231.000	46.000	-208.000	-2650.000
8.460	145.000	30.000	-135.000	-1632.000
8.470	52.000	13.000	-55.000	-615.000
8.480	-45.000	-5.000	30.000	568.000
8.490	-140.000	-23.000	114.000	1709.000
8.500	-228.000	-40.000	190.000	2734.000
8.510	-306.000	-54.000	257.000	3770.000
8.520	-369.000	-66.000	314.000	4618.000
8.530	-415.000	-74.000	355.000	5376.000
8.540	-441.000	-79.000	374.000	5905.000
8.550	-445.000	-80.000	377.000	6095.000
8.560	-423.000	-80.000	364.000	5506.000
8.570	-380.000	-73.000	331.000	4705.000
8.580	-317.000	-64.000	279.000	3581.000
8.590	-239.000	-51.000	213.000	2413.000
8.600	-149.000	-36.000	136.000	1121.000
8.610	-53.000	-19.000	55.000	-65.000
8.620	45.000	-2.000	-32.000	-1219.000
8.630	140.000	16.000	-114.000	-2284.000
8.640	226.000	32.000	-186.000	-3075.000
8.650	301.000	47.000	-253.000	-3855.000
8.660	360.000	59.000	-308.000	-4418.000
8.670	399.000	68.000	-343.000	-4621.000
8.680	418.000	73.000	-361.000	-4709.000
8.690	418.000	75.000	-363.000	-4881.000
8.700	396.000	73.000	-347.000	-4719.000
8.710	353.000	66.000	-314.000	-4234.000
8.720	290.000	55.000	-259.000	-3330.000
8.730	213.000	42.000	-192.000	-2412.000
8.740	123.000	26.000	-117.000	-1158.000
8.750	29.000	8.000	-35.000	-183.000
8.760	-68.000	-9.000	50.000	968.000
8.770	-164.000	-27.000	134.000	2313.000
8.780	-247.000	-43.000	207.000	2916.000
8.790	-321.000	-56.000	271.000	3818.000
8.800	-380.000	-67.000	326.000	4629.000
8.810	-421.000	-75.000	362.000	5291.000
8.820	-440.000	-78.000	376.000	5535.000
8.830	-440.000	-79.000	377.000	5840.000
8.840	-415.000	-76.000	359.000	5433.000
8.850	-368.000	-69.000	322.000	4613.000
8.860	-303.000	-59.000	266.000	3635.000
8.870	-223.000	-46.000	198.000	2497.000
8.880	-131.000	-31.000	121.000	1127.000
8.890	-32.000	-15.000	37.000	-349.000
8.900	69.000	2.000	-50.000	-1854.000
8.910	163.000	19.000	-130.000	-2855.000
8.920	248.000	35.000	-200.000	-3702.000
8.930	318.000	49.000	-265.000	-4157.000
8.940	370.000	61.000	-316.000	-4296.000
8.950	404.000	69.000	-347.000	-4436.000
8.960	417.000	74.000	-361.000	-4377.000
8.970	412.000	74.000	-360.000	-4540.000
8.980	386.000	72.000	-341.000	-4457.000
8.990	339.000	64.000	-304.000	-3981.000
9.000	275.000	53.000	-246.000	-3358.000
9.010	195.000	38.000	-176.000	-2345.000
9.020	107.000	22.000	-102.000	-1491.000
9.030	11.000	5.000	-18.000	-266.000
9.040	-87.000	-13.000	66.000	1083.000
9.050	-181.000	-30.000	147.000	2352.000
9.060	-267.000	-46.000	220.000	3575.000
9.070	-339.000	-59.000	282.000	4491.000
9.080	-394.000	-70.000	334.000	5155.000
9.090	-430.000	-77.000	365.000	5633.000
9.100	-444.000	-80.000	376.000	5753.000
9.110	-437.000	-81.000	373.000	5721.000
9.120	-405.000	-78.000	352.000	5008.000
9.130	-353.000	-71.000	310.000	4115.000
9.140	-282.000	-60.000	251.000	2881.000
9.150	-200.000	-46.000	180.000	1901.000
9.160	-108.000	-30.000	101.000	781.000
9.170	-11.000	-12.000	16.000	-377.000
9.180	86.000	6.000	-70.000	-1504.000
9.190	180.000	23.000	-148.000	-2770.000
9.200	262.000	39.000	-218.000	-3581.000
9.210	329.000	53.000	-281.000	-4090.000
9.220	379.000	64.000	-326.000	-4454.000
9.230	410.000	71.000	-353.000	-4703.000
9.240	420.000	75.000	-363.000	-4754.000
9.250	411.000	75.000	-358.000	-4886.000
9.260	380.000	71.000	-335.000	-4631.000
9.270	328.000	62.000	-292.000	-3963.000
9.280	259.000	49.000	-231.000	-3105.000
9.290	175.000	35.000	-160.000	-1921.000
9.300	82.000	18.000	-82.000	-703.000
9.310	-15.000	0.000	3.000	472.000
9.320	-111.000	-17.000	87.000	1553.000
9.330	-203.000	-34.000	167.000	2719.000
9.340	-283.000	-49.000	237.000	3494.000
9.350	-350.000	-62.000	296.000	4244.000
9.360	-401.000	-72.000	345.000	4951.000
9.370	-432.000	-77.000	370.000	5385.000
9.380	-441.000	-79.000	377.000	5481.000
9.390	-431.000	-79.000	371.000	5649.000
9.400	-396.000	-74.000	345.000	5062.000
9.410	-341.000	-65.000	299.000	4212.000
9.420	-270.000	-54.000	237.000	3284.000
9.430	-184.000	-40.000	164.000	1995.000
9.440	-88.000	-24.000	83.000	518.000
9.450	12.000	-7.000	-2.000	-926.000
9.460	110.000	10.000	-87.000	-2173.000
9.470	201.000	26.000	-162.000	-3185.000
9.480	281.000	41.000	-230.000	-4007.000
9.490	346.000	55.000	-291.000	-4609.000
9.500	390.000	65.000	-332.000	-4649.000
9.510	414.000	72.000	-356.000	-4559.000
9.520	418.000	75.000	-362.000	-4461.000
9.530	402.000	75.000	-354.000	-4340.000
9.540	366.000	69.000	-327.000	-4069.000
9.550	311.000	60.000	-280.000	-3552.000
9.560	239.000	47.000	-216.000	-2731.000
9.570	155.000	31.000	-144.000	-1826.000
9.580	64.000	14.000	-65.000	-957.000
9.590	-32.000	-4.000	20.000	162.000
9.600	-128.000	-21.000	104.000	1423.000
9.610	-218.000	-38.000	182.000	2606.000
9.620	-298.000	-52.000	250.000	3723.000
9.630	-365.000	-64.000	307.000	4830.000
9.640	-413.000	-73.000	351.000	5542.000
9.650	-440.000	-78.000	372.000	5904.000
9.660	-446.000	-80.000	377.000	6072.000
9.670	-427.000	-80.000	366.000	5591.000
9.680	-385.000	-74.000	336.000	4668.000
9.690	-323.000	-65.000	285.000	3480.000
9.700	-248.000	-53.000	222.000	2534.000
9.710	-159.000	-38.000	147.000	1240.000
9.720	-63.000	-22.000	64.000	-7.000
9.730	34.000	-4.000	-22.000	-1036.000
9.740	129.000	13.000	-105.000	-2060.000
9.750	217.000	30.000	-178.000	-2995.000
9.760	293.000	46.000	-246.000	-3729.000
9.770	353.000	58.000	-303.000	-4217.000
9.780	395.000	68.000	-340.000	-4565.000
9.790	417.000	74.000	-359.000	-4755.000
9.800	420.000	75.000	-363.000	-5009.000
9.810	400.000	74.000	-350.000	-4811.000
9.820	359.000	68.000	-318.000	-4322.000
9.830	299.000	57.000	-266.000	-3565.000
9.840	222.000	44.000	-200.000	-2465.000
9.850	134.000	28.000	-127.000	-1348.000
9.860	40.000	11.000	-45.000	-307.000
9.870	-58.000	-7.000	41.000	954.000
9.880	-152.000	-25.000	123.000	1985.000
9.890	-239.000	-41.000	199.000	2977.000
9.900	-314.000	-56.000	264.000	3800.000
9.910	-375.000	-67.000	320.000	4629.000
9.920	-418.000	-75.000	359.000	5281.000
9.930	-440.000	-79.000	375.000	5621.000
9.940	-441.000	-80.000	377.000	5772.000
9.950	-418.000	-78.000	362.000	5368.000
9.960	-374.000	-71.000	326.000	4692.000
9.970	-310.000	-61.000	272.000	3635.000
9.980	-232.000	-48.000	205.000	2594.000
9.990	-141.000	-33.000	128.000	1239.000
10.000	-43.000	-17.000	45.000	-168.000
10.010	55.000	0.000	-42.000	-1326.000
10.020	151.000	17.000	-122.000	-2567.000
10.030	237.000	33.000	-193.000	-3439.000
10.040	311.000	48.000	-260.000	-4216.000
10.050	367.000	60.000	-313.000	-4583.000
10.060	403.000	68.000	-346.000	-4655.000
10.070	418.000	73.000	-361.000	-4532.000
10.080	415.000	74.000	-362.000	-4647.000
10.090	389.000	72.000	-344.000	-4307.000
10.100	344.000	65.000	-309.000	-3882.000
10.110	282.000	54.000	-253.000	-3334.000
10.120	204.000	40.000	-185.000	-2428.000
10.130	115.000	23.000	-110.000	-1365.000
10.140	18.000	6.000	-25.000	-27.000
10.150	-76.000	-12.000	58.000	779.000
10.160	-171.000	-29.000	141.000	2131.000
10.170	-256.000	-44.000	213.000	3137.000
10.180	-329.000	-58.000	276.000	4062.000
10.190	-387.000	-68.000	329.000	4929.000
10.200	-426.000	-75.000	363.000	5547.000
10.210	-443.000	-79.000	376.000	5769.000
10.220	-440.000	-79.000	375.000	5940.000
10.230	-411.000	-76.000	356.000	5294.000
10.240	-361.000	-69.000	316.000	4369.000
10.250	-294.000	-59.000	259.000	3383.000
10.260	-211.000	-46.000	190.000	2074.000
10.270	-118.000	-31.000	112.000	741.000
10.280	-20.000	-14.000	28.000	-532.000
10.290	78.000	3.000	-59.000	-1699.000
10.300	170.000	21.000	-137.000	-2596.000
10.310	254.000	37.000	-207.000	-3522.000
10.320	323.000	51.000	-272.000	-4081.000
10.330	375.000	62.000	-321.000	-4454.000
10.340	407.000	71.000	-350.000	-4573.000
10.350	419.000	75.000	-362.000	-4626.000
10.360	412.000	75.000	-359.000	-4762.000
10.370	383.000	72.000	-338.000	-4527.000
10.380	334.000	64.000	-298.000	-4019.000
10.390	267.000	52.000	-238.000	-3214.000
10.400	185.000	38.000	-168.000	-2123.000
10.410	93.000	21.000	-91.000	-917.000
10.420	-2.000	3.000	-8.000	72.000
10.430	-100.000	-15.000	78.000	1407.000
10.440	-191.000	-32.000	157.000	2374.000
10.450	-274.000	-48.000	229.000	3402.000
10.460	-344.000	-61.000	290.000	4315.000
10.470	-397.000	-71.000	340.000	5008.000
10.480	-431.000	-78.000	369.000	5528.000
10.490	-443.000	-80.000	378.000	5688.000
10.500	-435.000	-81.000	373.000	5800.000
10.510	-402.000	-77.000	349.000	5188.000
10.520	-348.000	-68.000	305.000	4233.000
10.530	-277.000	-57.000	245.000	3144.000
10.540	-192.000	-43.000	172.000	1887.000
10.550	-97.000	-27.000	92.000	489.000
10.560	2.000	-10.000	6.000	-836.000
10.570	99.000	8.000	-79.000	-1928.000
10.580	190.000	25.000	-155.000	-2875.000
10.590	271.000	41.000	-225.000	-3710.000
10.600	337.000	54.000	-287.000	-4280.000
10.610	384.000	65.000	-330.000	-4493.000
10.620	412.000	72.000	-355.000	-4640.000
10.630	419.000	75.000	-363.000	-4614.000
10.640	407.000	75.000	-357.000	-4676.000
10.650	373.000	70.000	-331.000	-4344.000
10.660	319.000	60.000	-285.000	-3696.000
10.670	250.000	48.000	-224.000	-3045.000
10.680	166.000	33.000	-153.000	-1980.000
10.690	73.000	16.000	-73.000	-804.000
10.700	-24.000	-2.000	12.000	392.000
10.710	-121.000	-20.000	96.000	1661.000
10.720	-211.000	-36.000	174.000	2685.000
10.730	-292.000	-51.000	244.000	3742.000
10.740	-357.000	-63.000	302.000	4414.000
10.750	-406.000	-72.000	348.000	5088.000
10.760	-435.000	-77.000	372.000	5515.000
10.770	-443.000	-79.000	377.000	5729.000
10.780	-429.000	-79.000	369.000	5638.000
10.790	-391.000	-73.000	341.000	4938.000
10.800	-334.000	-64.000	293.000	4080.000
10.810	-260.000	-53.000	230.000	2986.000
10.820	-172.000	-38.000	156.000	1627.000
10.830	-76.000	-23.000	75.000	269.000
10.840	23.000	-6.000	-11.000	-1023.000
10.850	121.000	11.000	-95.000	-2320.000
10.860	210.000	28.000	-169.000	-3194.000
10.870	288.000	43.000	-237.000	-3952.000
10.880	350.000	56.000	-296.000	-4423.000
10.890	393.000	67.000	-336.000	-4616.000
10.900	415.000	73.000	-357.000	-4550.000
10.910	418.000	75.000	-362.000	-4592.000
10.920	400.000	75.000	-352.000	-4460.000
10.930	361.000	69.000	-323.000	-4043.000
10.940	305.000	59.000	-273.000	-3609.000
10.950	232.000	46.000	-208.000	-2813.000
10.960	146.000	30.000	-136.000	-1764.000
10.970	53.000	13.000	-55.000	-722.000
10.980	-45.000	-5.000	31.000	596.000
10.990	-140.000	-23.000	114.000	1730.000
11.000	-229.000	-40.000	190.000	2866.000
11.010	-307.000	-54.000	257.000	3877.000
11.020	-370.000	-66.000	314.000	4705.000
11.030	-416.000	-74.000	355.000	5449.000
11.040	-440.000	-79.000	374.000	5735.000
11.050	-444.000	-80.000	377.000	5958.000
11.060	-423.000	-80.000	364.000	5510.000
11.070	-379.000	-73.000	331.000	4592.000
11.080	-317.000	-64.000	279.000	3604.000
11.090	-240.000	-51.000	213.000	2547.000
11.100	-150.000	-36.000	137.000	1229.000
11.110	-54.000	-20.000	55.000	23.000
11.120	45.000	-2.000	-32.000	-1261.000
11.130	140.000	15.000	-114.000	-2317.000
11.140	229.000	32.000	-187.000	-3449.000
11.150	302.000	47.000	-254.000	-3928.000
11.160	360.000	59.000	-309.000	-4364.000
11.170	398.000	68.000	-343.000	-4464.000
11.180	417.000	73.000	-361.000	-4583.000
11.190	417.000	75.000	-363.000	-4778.000
11.200	394.000	73.000	-347.000	-4518.000
11.210	352.000	66.000	-314.000	-4185.000
11.220	291.000	55.000	-259.000	-3518.000
11.230	214.000	41.000	-192.000	-2563.000
11.240	125.000	25.000	-118.000	-1396.000
11.250	30.000	8.000	-36.000	-262.000
11.260	-67.000	-10.000	50.000	901.000
11.270	-162.000	-27.000	132.000	2139.000
11.280	-249.000	-43.000	206.000	3235.000
11.290	-324.000	-57.000	271.000	4190.000
11.300	-382.000	-67.000	325.000	4816.000
11.310	-422.000	-75.000	361.000	5330.000
11.320	-441.000	-79.000	376.000	5572.000
11.330	-439.000	-79.000	376.000	5642.000
11.340	-414.000	-77.000	359.000	5274.000
11.350	-367.000	-70.000	322.000	4485.000
11.360	-301.000	-60.000	266.000	3414.000
11.370	-221.000	-46.000	197.000	2315.000
11.380	-131.000	-31.000	120.000	1208.000
11.390	-33.000	-15.000	37.000	-171.000
11.400	65.000	2.000	-50.000	-1363.000
11.410	160.000	19.000	-129.000	-2571.000
11.420	246.000	35.000	-201.000	-3583.000
11.430	318.000	49.000	-266.000	-4286.000
11.440	372.000	61.000	-317.000	-4628.000
11.450	406.000	69.000	-348.000	-4702.000
11.460	419.000	74.000	-361.000	-4594.000
11.470	414.000	74.000	-360.000	-4719.000
11.480	386.000	72.000	-341.000	-4374.000
11.490	338.000	64.000	-303.000	-3802.000
11.500	273.000	53.000	-245.000	-3098.000
11.510	194.000	39.000	-177.000	-2250.000
11.520	105.000	23.000	-101.000	-1296.000
11.530	9.000	5.000	-17.000	-105.000
11.540	-87.000	-13.000	68.000	986.000
11.550	-181.000	-30.000	148.000	2277.000
11.560	-265.000	-46.000	221.000	3285.000
11.570	-337.000	-59.000	283.000	4256.000
11.580	-392.000	-70.000	334.000	4963.000
11.590	-429.000	-76.000	366.000	5589.000
11.600	-444.000	-80.000	377.000	5828.000
11.610	-437.000	-80.000	374.000	5778.000
11.620	-406.000	-77.000	352.000	5168.000
11.630	-355.000	-69.000	311.000	4360.000
11.640	-285.000	-58.000	251.000	3197.000
11.650	-201.000	-45.000	181.000	1929.000
11.660	-108.000	-29.000	102.000	692.000
11.670	-10.000	-12.000	17.000	-561.000
11.680	88.000	5.000	-69.000	-1768.000
11.690	181.000	23.000	-147.000	-2869.000
11.700	262.000	39.000	-217.000	-3547.000
11.710	329.000	52.000	-279.000	-4064.000
11.720	380.000	64.000	-326.000	-4550.000
11.730	410.000	71.000	-354.000	-4668.000
11.740	420.000	75.000	-363.000	-4727.000
11.750	411.000	75.000	-359.000	-4865.000
11.760	379.000	71.000	-335.000	-4499.000
11.770	327.000	62.000	-293.000	-3856.000
11.780	258.000	50.000	-231.000	-3017.000
11.790	174.000	35.000	-161.000	-1848.000
11.800	82.000	18.000	-83.000	-757.000
11.810	-14.000	0.000	2.000	314.000
11.820	-110.000	-18.000	87.000	1426.000
11.830	-201.000	-35.000	166.000	2499.000
11.840	-282.000	-50.000	237.000	3429.000
11.850	-350.000	-63.000	297.000	4304.000
11.860	-402.000	-72.000	345.000	5113.000
11.870	-433.000	-78.000	370.000	5515.000
11.880	-443.000	-80.000	378.000	5702.000
11.890	-432.000	-80.000	371.000	5715.000
11.900	-397.000	-75.000	345.000	5118.000
11.910	-341.000	-66.000	298.000	4145.000
11.920	-268.000	-54.000	237.000	3000.000
11.930	-182.000	-40.000	163.000	1765.000
11.940	-87.000	-24.000	83.000	446.000
11.950	11.000	-7.000	-2.000	-756.000
11.960	110.000	10.000	-88.000	-2153.000
11.970	201.000	27.000	-162.000	-3170.000
11.980	280.000	42.000	-231.000	-3879.000
11.990	344.000	55.000	-292.000	-4389.000
12.000	389.000	65.000	-333.000	-4585.000
12.010	414.000	72.000	-356.000	0.000
12.020	424.000	74.000	-362.000	0.000
12.030	425.000	74.000	-354.000	0.000
12.040	418.000	70.000	-327.000	0.000
12.050	401.000	64.000	-279.000	0.000
12.060	375.000	58.000	-214.000	0.000
12.070	342.000	54.000	-143.000	0.000
12.080	302.000	53.000	-62.000	0.000
12.090	257.000	58.000	26.000	0.000
12.100	206.000	72.000	115.000	0.000
12.110	152.000	93.000	202.000	0.000
12.120	99.000	120.000	282.000	0.000
12.130	47.000	154.000	360.000	0.000
12.140	-4.000	192.000	428.000	0.000
12.150	-49.000	231.000	482.000	0.000
12.160	-87.000	268.000	528.000	0.000
12.170	-116.000	302.000	563.000	0.000
12.180	-135.000	329.000	586.000	0.000
12.190	-143.000	347.000	599.000	0.000
12.200	-141.000	356.000	602.000	0.000
12.210	-125.000	356.000	597.000	0.000
12.220	-98.000	344.000	581.000	0.000
12.230	-61.000	324.000	554.000	0.000
12.240	-16.000	298.000	518.000	0.000
12.250	36.000	267.000	476.000	0.000
12.260	92.000	236.000	425.000	0.000
12.270	151.000	206.000	364.000	0.000
12.280	210.000	181.000	298.000	0.000
12.290	267.000	161.000	229.000	0.000
12.300	321.000	148.000	154.000	0.000
12.310	370.000	142.000	82.000	0.000
12.320	412.000	141.000	12.000	0.000
12.330	447.000	146.000	-52.000	0.000
12.340	474.000	156.000	-104.000	0.000
12.350	493.000	167.000	-144.000	0.000
12.360	502.000	179.000	-173.000	0.000
12.370	504.000	189.000	-187.000	0.000
12.380	499.000	196.000	-186.000	0.000
12.390	484.000	199.000	-169.000	0.000
12.400	462.000	200.000	-135.000	0.000
12.410	434.000	198.000	-83.000	0.000
12.420	400.000	194.000	-20.000	0.000
12.430	361.000	190.000	51.000	0.000
12.440	319.000	187.000	128.000	0.000
12.450	273.000	187.000	208.000	0.000
12.460	225.000	191.000	287.000	0.000
12.470	177.000	202.000	365.000	0.000
12.480	130.000	219.000	435.000	0.000
12.490	85.000	240.000	492.000	0.000
12.500	44.000	266.000	542.000	0.000
12.510	9.000	293.000	579.000	0.000
12.520	-19.000	320.000	603.000	0.000
12.530	-39.000	345.000	616.000	0.000
12.540	-49.000	364.000	618.000	0.000
12.550	-50.000	377.000	612.000	0.000
12.560	-42.000	381.000	596.000	0.000
12.570	-22.000	379.000	570.000	0.000
12.580	7.000	365.000	535.000	0.000
12.590	44.000	344.000	496.000	0.000
12.600	87.000	316.000	452.000	0.000
12.610	134.000	284.000	401.000	0.000
12.620	184.000	251.000	346.000	0.000
12.630	236.000	218.000	288.000	0.000
12.640	285.000	188.000	227.000	0.000
12.650	331.000	164.000	164.000	0.000
12.660	373.000	146.000	103.000	0.000
12.670	407.000	136.000	45.000	0.000
12.680	435.000	132.000	-10.000	0.000
12.690	454.000	133.000	-57.000	0.000
12.700	465.000	140.000	-93.000	0.000
12.710	468.000	151.000	-121.000	0.000
12.720	464.000	163.000	-137.000	0.000
12.730	450.000	175.000	-140.000	0.000
12.740	430.000	184.000	-132.000	0.000
12.750	403.000	191.000	-110.000	0.000
12.760	372.000	194.000	-71.000	0.000
12.770	336.000	194.000	-19.000	0.000
12.780	297.000	191.000	38.000	0.000
12.790	255.000	185.000	104.000	0.000
12.800	212.000	180.000	174.000	0.000
12.810	168.000	175.000	243.000	0.000
12.820	126.000	174.000	310.000	0.000
12.830	84.000	174.000	376.000	0.000
12.840	45.000	181.000	427.000	0.000
12.850	10.000	193.000	469.000	0.000
12.860	-21.000	207.000	501.000	0.000
12.870	-46.000	225.000	519.000	0.000
12.880	-64.000	242.000	525.000	0.000
12.890	-74.000	259.000	523.000	0.000
12.900	-76.000	272.000	508.000	0.000
12.910	-71.000	280.000	483.000	0.000
12.920	-56.000	282.000	452.000	0.000
12.930	-34.000	277.000	413.000	0.000
12.940	-4.000	263.000	367.000	0.000
12.950	32.000	242.000	319.000	0.000
12.960	72.000	214.000	269.000	0.000
12.970	114.000	183.000	216.000	0.000
12.980	158.000	150.000	161.000	0.000
12.990	200.000	117.000	110.000	0.000
13.000	240.000	88.000	58.000	0.000
13.010	275.000	63.000	7.000	0.000
13.020	304.000	44.000	-39.000	0.000
13.030	326.000	32.000	-80.000	0.000
13.040	341.000	27.000	-115.000	0.000
13.050	347.000	27.000	-146.000	0.000
13.060	347.000	35.000	-167.000	0.000
13.070	337.000	46.000	-179.000	0.000
13.080	320.000	60.000	-183.000	0.000
13.090	296.000	74.000	-178.000	0.000
13.100	267.000	86.000	-161.000	0.000
13.110	234.000	95.000	-132.000	0.000
13.120	198.000	100.000	-91.000	0.000
13.130	159.000	102.000	-42.000	0.000
13.140	121.000	102.000	13.000	0.000
13.150	81.000	97.000	72.000	0.000
13.160	43.000	91.000	132.000	0.000
13.170	5.000	85.000	191.000	0.000
13.180	-30.000	80.000	244.000	0.000
13.190	-62.000	77.000	292.000	0.000
13.200	-90.000	77.000	334.000	0.000
13.210	-113.000	81.000	361.000	0.000
13.220	-131.000	88.000	376.000	0.000
13.230	-144.000	99.000	381.000	0.000
13.240	-150.000	110.000	377.000	0.000
13.250	-151.000	122.000	361.000	0.000
13.260	-144.000	131.000	333.000	0.000
13.270	-131.000	137.000	297.000	0.000
13.280	-110.000	138.000	255.000	0.000
13.290	-85.000	134.000	209.000	0.000
13.300	-54.000	122.000	159.000	0.000
13.310	-19.000	104.000	111.000	0.000
13.320	18.000	81.000	61.000	0.000
13.330	55.000	54.000	12.000	0.000
13.340	92.000	25.000	-33.000	0.000
13.350	127.000	-4.000	-74.000	0.000
13.360	158.000	-31.000	-110.000	0.000
13.370	183.000	-53.000	-144.000	0.000
13.380	203.000	-69.000	-172.000	0.000
13.390	215.000	-79.000	-195.000	0.000
13.400	220.000	-82.000	-215.000	0.000
13.410	219.000	-80.000	-227.000	0.000
13.420	208.000	-70.000	-231.000	0.000
13.430	191.000	-57.000	-232.000	0.000
13.440	168.000	-40.000	-224.000	0.000
13.450	140.000	-23.000	-208.000	0.000
13.460	109.000	-7.000	-182.000	0.000
13.470	75.000	6.000	-148.000	0.000
13.480	40.000	16.000	-107.000	0.000
13.490	4.000	21.000	-61.000	0.000
13.500	-31.000	22.000	-10.000	0.000
13.510	-63.000	22.000	42.000	0.000
13.520	-94.000	17.000	93.000	0.000
13.530	-121.000	11.000	141.000	0.000
13.540	-144.000	5.000	185.000	0.000
13.550	-164.000	0.000	219.000	0.000
13.560	-179.000	-2.000	245.000	0.000
13.570	-189.000	-2.000	262.000	0.000
13.580	-194.000	1.000	267.000	0.000
13.590	-195.000	7.000	264.000	0.000
13.600	-191.000	16.000	251.000	0.000
13.610	-181.000	25.000	226.000	0.000
13.620	-166.000	33.000	189.000	0.000
13.630	-146.000	38.000	149.000	0.000
13.640	-121.000	40.000	105.000	0.000
13.650	-94.000	40.000	58.000	0.000
13.660	-64.000	31.000	11.000	0.000
13.670	-31.000	18.000	-34.000	0.000
13.680	2.000	0.000	-76.000	0.000
13.690	34.000	-21.000	-112.000	0.000
13.700	65.000	-44.000	-146.000	0.000
13.710	92.000	-67.000	-173.000	0.000
13.720	115.000	-88.000	-196.000	0.000
13.730	132.000	-106.000	-215.000	0.000
13.740	143.000	-118.000	-226.000	0.000
13.750	147.000	-124.000	-233.000	0.000
13.760	146.000	-125.000	-236.000	0.000
13.770	137.000	-119.000	-235.000	0.000
13.780	121.000	-107.000	-228.000	0.000
13.790	100.000	-91.000	-216.000	0.000
13.800	74.000	-73.000	-197.000	0.000
13.810	45.000	-53.000	-171.000	0.000
13.820	14.000	-35.000	-141.000	0.000
13.830	-18.000	-19.000	-106.000	0.000
13.840	-50.000	-6.000	-66.000	0.000
13.850	-79.000	1.000	-25.000	0.000
13.860	-107.000	4.000	20.000	0.000
13.870	-131.000	5.000	63.000	0.000
13.880	-151.000	2.000	103.000	0.000
13.890	-167.000	-4.000	140.000	0.000
13.900	-178.000	-10.000	172.000	0.000
13.910	-185.000	-16.000	194.000	0.000
13.920	-188.000	-20.000	208.000	0.000
13.930	-188.000	-21.000	213.000	0.000
13.940	-182.000	-21.000	212.000	0.000
13.950	-172.000	-18.000	200.000	0.000
13.960	-158.000	-11.000	179.000	0.000
13.970	-140.000	-3.000	147.000	0.000
13.980	-120.000	4.000	110.000	0.000
13.990	-96.000	11.000	69.000	0.000
14.000	-71.000	14.000	26.000	0.000
14.010	-44.000	15.000	-17.000	0.000
14.020	-16.000	12.000	-57.000	0.000
14.030	12.000	3.000	-92.000	0.000
14.040	40.000	-10.000	-123.000	0.000
14.050	66.000	-26.000	-151.000	0.000
14.060	88.000	-43.000	-170.000	0.000
14.070	108.000	-60.000	-184.000	0.000
14.080	122.000	-76.000	-194.000	0.000
14.090	131.000	-89.000	-196.000	0.000
14.100	134.000	-97.000	-196.000	0.000
14.110	133.000	-100.000	-191.000	0.000
14.120	124.000	-98.000	-181.000	0.000
14.130	110.000	-90.000	-167.000	0.000
14.140	90.000	-76.000	-148.000	0.000
14.150	67.000	-58.000	-127.000	0.000
14.160	41.000	-38.000	-101.000	0.000
14.170	14.000	-18.000	-74.000	0.000
14.180	-15.000	2.000	-43.000	0.000
14.190	-42.000	18.000	-10.000	0.000
14.200	-68.000	31.000	24.000	0.000
14.210	-90.000	40.000	58.000	0.000
14.220	-109.000	43.000	93.000	0.000
14.230	-124.000	43.000	124.000	0.000
14.240	-134.000	40.000	154.000	0.000
14.250	-140.000	34.000	178.000	0.000
14.260	-141.000	26.000	195.000	0.000
14.270	-140.000	19.000	206.000	0.000
14.280	-133.000	12.000	210.000	0.000
14.290	-123.000	8.000	209.000	0.000
14.300	-111.000	7.000	198.000	0.000
14.310	-97.000	7.000	179.000	0.000
14.320	-82.000	11.000	151.000	0.000
14.330	-66.000	17.000	118.000	0.000
14.340	-50.000	22.000	81.000	0.000
14.350	-34.000	27.000	41.000	0.000
14.360	-18.000	28.000	2.000	0.000
14.370	-2.000	28.000	-35.000	0.000
14.380	12.000	23.000	-68.000	0.000
14.390	26.000	12.000	-96.000	0.000
14.400	38.000	-3.000	-120.000	0.000
14.410	48.000	-21.000	-138.000	0.000
14.420	54.000	-41.000	-150.000	0.000
14.430	58.000	-63.000	-157.000	0.000
14.440	58.000	-83.000	-159.000	0.000
14.450	54.000	-100.000	-159.000	0.000
14.460	45.000	-114.000	-157.000	0.000
14.470	31.000	-123.000	-152.000	0.000
14.480	13.000	-127.000	-145.000	0.000
14.490	-8.000	-127.000	-136.000	0.000
14.500	-32.000	-122.000	-126.000	0.000
14.510	-58.000	-112.000	-116.000	0.000
14.520	-86.000	-100.000	-105.000	0.000
14.530	-113.000	-88.000	-94.000	0.000
14.540	-140.000	-78.000	-82.000	0.000
14.550	-165.000	-70.000	-70.000	0.000
14.560	-187.000	-66.000	-58.000	0.000
14.570	-206.000	-66.000	-46.000	0.000
14.580	-221.000	-71.000	-34.000	0.000
14.590	-232.000	-82.000	-24.000	0.000
14.600	-240.000	-96.000	-16.000	0.000
14.610	-243.000	-113.000	-12.000	0.000
14.620	-244.000	-130.000	-11.000	0.000
14.630	-242.000	-148.000	-11.000	0.000
14.640	-237.000	-163.000	-19.000	0.000
14.650	-229.000	-176.000	-33.000	0.000
14.660	-220.000	-185.000	-54.000	0.000
14.670	-211.000	-190.000	-80.000	0.000
14.680	-201.000	-192.000	-109.000	0.000
14.690	-191.000	-192.000	-142.000	0.000
14.700	-181.000	-189.000	-177.000	0.000
14.710	-172.000	-186.000	-210.000	0.000
14.720	-163.000	-184.000	-243.000	0.000
14.730	-155.000	-183.000	-274.000	0.000
14.740	-148.000	-184.000	-298.000	0.000
14.750	-142.000	-191.000	-317.000	0.000
14.760	-138.000	-200.000	-332.000	0.000
14.770	-136.000	-213.000	-339.000	0.000
14.780	-135.000	-228.000	-340.000	0.000
14.790	-136.000	-244.000	-339.000	0.000
14.800	-141.000	-260.000	-332.000	0.000
14.810	-148.000	-273.000	-322.000	0.000
14.820	-159.000	-283.000	-308.000	0.000
14.830	-173.000	-289.000	-292.000	0.000
14.840	-189.000	-290.000	-276.000	0.000
14.850	-207.000	-287.000	-261.000	0.000
14.860	-226.000	-279.000	-246.000	0.000
14.870	-246.000	-267.000	-232.000	0.000
14.880	-266.000	-252.000	-220.000	0.000
14.890	-285.000	-237.000	-210.000	0.000
14.900	-302.000	-223.000	-200.000	0.000
14.910	-317.000	-212.000	-191.000	0.000
14.920	-328.000	-203.000	-182.000	0.000
14.930	-336.000	-200.000	-174.000	0.000
14.940	-340.000	-199.000	-167.000	0.000
14.950	-341.000	-204.000	-161.000	0.000
14.960	-338.000	-213.000	-157.000	0.000
14.970	-331.000	-225.000	-155.000	0.000
14.980	-321.000	-239.000	-155.000	0.000
14.990	-308.000	-252.000	-156.000	0.000
15.000	-294.000	-263.000	-162.000	0.000
