0.000	0.000	0.000	0.000	0.000
0.010	0.000	14.000	24.000	42.000
0.020	-1.000	15.000	25.000	272.000
0.030	-2.000	15.000	27.000	533.000
0.040	-2.000	16.000	27.000	690.000
0.050	0.000	16.000	28.000	631.000
0.060	4.000	16.000	28.000	373.000
0.070	10.000	16.000	28.000	-73.000
0.080	15.000	16.000	28.000	-352.000
0.090	20.000	16.000	28.000	-640.000
0.100	23.000	17.000	28.000	-729.000
0.110	23.000	19.000	26.000	-561.000
0.120	23.000	21.000	25.000	-547.000
0.130	20.000	23.000	24.000	-318.000
0.140	15.000	25.000	23.000	-32.000
0.150	9.000	25.000	22.000	190.000
0.160	4.000	25.000	22.000	140.000
0.170	0.000	25.000	22.000	-112.000
0.180	-3.000	22.000	22.000	-507.000
0.190	-6.000	18.000	22.000	-877.000
0.200	-11.000	12.000	22.000	-963.000
0.210	-17.000	7.000	22.000	-900.000
0.220	-25.000	0.000	22.000	-560.000
0.230	-34.000	-6.000	22.000	-71.000
0.240	-43.000	-13.000	22.000	464.000
0.250	-50.000	-19.000	20.000	841.000
0.260	-54.000	-25.000	17.000	1005.000
0.270	-55.000	-31.000	12.000	1017.000
0.280	-55.000	-36.000	6.000	1150.000
0.290	-49.000	-40.000	-2.000	802.000
0.300	-41.000	-44.000	-11.000	519.000
0.310	-30.000	-46.000	-20.000	152.000
0.320	-20.000	-46.000	-31.000	150.000
0.330	-10.000	-46.000	-42.000	291.000
0.340	-1.000	-45.000	-52.000	622.000
0.350	9.000	-41.000	-61.000	827.000
0.360	18.000	-37.000	-69.000	1109.000
0.370	28.000	-32.000	-74.000	1166.000
0.380	40.000	-27.000	-78.000	868.000
0.390	52.000	-21.000	-78.000	454.000
0.400	63.000	-16.000	-78.000	8.000
0.410	73.000	-9.000	-74.000	-514.000
0.420	80.000	-2.000	-66.000	-906.000
0.430	82.000	5.000	-55.000	-990.000
0.440	82.000	14.000	-38.000	-1186.000
0.450	75.000	23.000	-21.000	-893.000
0.460	63.000	32.000	-1.000	-420.000
0.470	50.000	41.000	20.000	-234.000
0.480	35.000	49.000	41.000	-122.000
0.490	20.000	57.000	62.000	-248.000
0.500	6.000	63.000	82.000	-622.000
0.510	-8.000	68.000	107.000	-1014.000
0.520	-21.000	71.000	129.000	-1462.000
0.530	-35.000	73.000	144.000	-1648.000
0.540	-50.000	74.000	159.000	-1544.000
0.550	-65.000	74.000	170.000	-1242.000
0.560	-80.000	71.000	176.000	-706.000
0.570	-93.000	67.000	179.000	-143.000
0.580	-102.000	60.000	178.000	264.000
0.590	-107.000	52.000	172.000	586.000
0.600	-107.000	42.000	161.000	746.000
0.610	-102.000	31.000	144.000	781.000
0.620	-90.000	18.000	122.000	467.000
0.630	-75.000	6.000	96.000	300.000
0.640	-56.000	-7.000	63.000	85.000
0.650	-36.000	-18.000	33.000	113.000
0.660	-15.000	-28.000	4.000	259.000
0.670	5.000	-37.000	-32.000	644.000
0.680	25.000	-44.000	-68.000	1012.000
0.690	46.000	-49.000	-99.000	1153.000
0.700	66.000	-53.000	-128.000	1238.000
0.710	86.000	-55.000	-154.000	1062.000
0.720	105.000	-56.000	-175.000	695.000
0.730	123.000	-56.000	-191.000	86.000
0.740	136.000	-55.000	-199.000	-331.000
0.750	145.000	-52.000	-202.000	-766.000
0.760	147.000	-46.000	-201.000	-903.000
0.770	144.000	-40.000	-192.000	-1048.000
0.780	131.000	-32.000	-175.000	-607.000
0.790	112.000	-24.000	-150.000	-123.000
0.800	90.000	-15.000	-119.000	106.000
0.810	65.000	-6.000	-85.000	204.000
0.820	39.000	2.000	-48.000	56.000
0.830	13.000	10.000	-5.000	-304.000
0.840	-13.000	17.000	37.000	-722.000
0.850	-39.000	24.000	74.000	-1067.000
0.860	-65.000	31.000	112.000	-1229.000
0.870	-90.000	37.000	153.000	-1234.000
0.880	-115.000	43.000	181.000	-877.000
0.890	-138.000	48.000	205.000	-347.000
0.900	-157.000	52.000	224.000	190.000
0.910	-170.000	54.000	233.000	579.000
0.920	-176.000	55.000	236.000	789.000
0.930	-176.000	55.000	234.000	999.000
0.940	-166.000	52.000	224.000	748.000
0.950	-148.000	47.000	206.000	328.000
0.960	-124.000	40.000	179.000	-51.000
0.970	-96.000	32.000	147.000	-246.000
0.980	-65.000	24.000	112.000	-276.000
0.990	-33.000	15.000	72.000	-58.000
1.000	-1.000	6.000	29.000	345.000
1.010	31.000	-2.000	-7.000	759.000
1.020	64.000	-9.000	-48.000	919.000
1.030	96.000	-15.000	-90.000	956.000
1.040	127.000	-20.000	-124.000	748.000
1.050	158.000	-23.000	-151.000	88.000
1.060	184.000	-25.000	-177.000	-485.000
1.070	204.000	-25.000	-194.000	-977.000
1.080	217.000	-24.000	-202.000	-1368.000
1.090	220.000	-19.000	-203.000	-1379.000
1.100	215.000	-12.000	-200.000	-1334.000
1.110	200.000	-4.000	-187.000	-997.000
1.120	176.000	4.000	-164.000	-494.000
1.130	147.000	13.000	-132.000	-241.000
1.140	114.000	21.000	-95.000	-203.000
1.150	78.000	28.000	-54.000	-328.000
1.160	41.000	34.000	-6.000	-674.000
1.170	4.000	38.000	43.000	-1156.000
1.180	-35.000	41.000	86.000	-1347.000
1.190	-75.000	44.000	134.000	-1246.000
1.200	-114.000	45.000	181.000	-967.000
1.210	-151.000	45.000	214.000	-490.000
1.220	-184.000	45.000	243.000	68.000
1.230	-211.000	44.000	266.000	594.000
1.240	-230.000	41.000	277.000	971.000
1.250	-240.000	37.000	278.000	1187.000
1.260	-241.000	32.000	274.000	1317.000
1.270	-231.000	25.000	258.000	1150.000
1.280	-211.000	18.000	228.000	828.000
1.290	-183.000	9.000	190.000	543.000
1.300	-148.000	0.000	148.000	302.000
1.310	-109.000	-9.000	98.000	316.000
1.320	-67.000	-18.000	42.000	496.000
1.330	-24.000	-27.000	-10.000	869.000
1.340	21.000	-35.000	-63.000	1096.000
1.350	67.000	-42.000	-122.000	1123.000
1.360	112.000	-49.000	-171.000	1021.000
1.370	156.000	-54.000	-213.000	620.000
1.380	197.000	-58.000	-251.000	22.000
1.390	231.000	-59.000	-279.000	-436.000
1.400	258.000	-59.000	-295.000	-921.000
1.410	275.000	-56.000	-303.000	-1187.000
1.420	282.000	-50.000	-303.000	-1348.000
1.430	279.000	-40.000	-291.000	-1454.000
1.440	263.000	-28.000	-269.000	-1157.000
1.450	237.000	-15.000	-234.000	-830.000
1.460	202.000	0.000	-188.000	-501.000
1.470	162.000	15.000	-137.000	-507.000
1.480	117.000	30.000	-77.000	-626.000
1.490	69.000	44.000	-13.000	-885.000
1.500	19.000	57.000	55.000	-1171.000
1.510	-32.000	68.000	118.000	-1379.000
1.520	-83.000	77.000	186.000	-1417.000
1.530	-132.000	85.000	247.000	-1327.000
1.540	-179.000	90.000	297.000	-919.000
1.550	-221.000	93.000	342.000	-403.000
1.560	-257.000	94.000	377.000	259.000
1.570	-283.000	93.000	398.000	719.000
1.580	-299.000	89.000	406.000	1120.000
1.590	-302.000	82.000	406.000	1190.000
1.600	-294.000	73.000	393.000	1239.000
1.610	-272.000	61.000	364.000	893.000
1.620	-239.000	49.000	315.000	500.000
1.630	-198.000	35.000	260.000	298.000
1.640	-150.000	21.000	198.000	208.000
1.650	-98.000	7.000	126.000	371.000
1.660	-44.000	-6.000	51.000	756.000
1.670	12.000	-19.000	-23.000	1089.000
1.680	70.000	-31.000	-97.000	1137.000
1.690	127.000	-42.000	-173.000	1054.000
1.700	183.000	-52.000	-238.000	620.000
1.710	235.000	-60.000	-293.000	15.000
1.720	280.000	-67.000	-341.000	-589.000
1.730	315.000	-71.000	-378.000	-1027.000
1.740	339.000	-72.000	-398.000	-1355.000
1.750	351.000	-72.000	-405.000	-1575.000
1.760	350.000	-67.000	-402.000	-1641.000
1.770	335.000	-59.000	-383.000	-1464.000
1.780	306.000	-49.000	-348.000	-1039.000
1.790	268.000	-37.000	-299.000	-889.000
1.800	219.000	-24.000	-240.000	-583.000
1.810	164.000	-9.000	-174.000	-545.000
1.820	104.000	6.000	-99.000	-619.000
1.830	41.000	20.000	-19.000	-772.000
1.840	-24.000	34.000	63.000	-841.000
1.850	-89.000	47.000	141.000	-803.000
1.860	-152.000	58.000	220.000	-636.000
1.870	-210.000	67.000	288.000	-449.000
1.880	-262.000	75.000	346.000	-118.000
1.890	-306.000	80.000	398.000	314.000
1.900	-339.000	82.000	436.000	662.000
1.910	-361.000	83.000	455.000	1077.000
1.920	-369.000	81.000	460.000	1287.000
1.930	-364.000	76.000	454.000	1481.000
1.940	-343.000	67.000	430.000	1293.000
1.950	-309.000	57.000	387.000	1067.000
1.960	-263.000	46.000	330.000	796.000
1.970	-208.000	33.000	263.000	659.000
1.980	-145.000	20.000	188.000	528.000
1.990	-78.000	6.000	105.000	615.000
2.000	-8.000	-6.000	20.000	718.000
2.010	63.000	-18.000	-61.000	689.000
2.020	133.000	-29.000	-146.000	491.000
2.030	200.000	-38.000	-226.000	103.000
2.040	262.000	-46.000	-291.000	-475.000
2.050	316.000	-52.000	-349.000	-1098.000
2.060	359.000	-55.000	-397.000	-1609.000
2.070	388.000	-56.000	-426.000	-1837.000
2.080	402.000	-56.000	-439.000	-1821.000
2.090	402.000	-52.000	-440.000	-1768.000
2.100	386.000	-46.000	-423.000	-1442.000
2.110	355.000	-38.000	-389.000	-943.000
2.120	312.000	-28.000	-337.000	-529.000
2.130	261.000	-18.000	-275.000	-478.000
2.140	202.000	-7.000	-202.000	-509.000
2.150	138.000	5.000	-122.000	-711.000
2.160	69.000	17.000	-34.000	-782.000
2.170	-2.000	29.000	57.000	-808.000
2.180	-72.000	41.000	142.000	-849.000
2.190	-143.000	53.000	228.000	-378.000
2.200	-208.000	64.000	304.000	-24.000
2.210	-267.000	74.000	370.000	494.000
2.220	-316.000	83.000	427.000	908.000
2.230	-352.000	90.000	468.000	1073.000
2.240	-375.000	94.000	492.000	1173.000
2.250	-383.000	95.000	498.000	1069.000
2.260	-378.000	95.000	492.000	1060.000
2.270	-357.000	91.000	471.000	749.000
2.280	-323.000	83.000	429.000	456.000
2.290	-278.000	73.000	369.000	273.000
2.300	-223.000	60.000	301.000	111.000
2.310	-162.000	46.000	225.000	207.000
2.320	-97.000	30.000	140.000	490.000
2.330	-29.000	14.000	53.000	765.000
2.340	42.000	-3.000	-33.000	743.000
2.350	113.000	-19.000	-118.000	535.000
2.360	182.000	-35.000	-204.000	116.000
2.370	245.000	-49.000	-275.000	-285.000
2.380	302.000	-61.000	-335.000	-920.000
2.390	347.000	-70.000	-390.000	-1261.000
2.400	380.000	-75.000	-428.000	-1536.000
2.410	397.000	-77.000	-447.000	-1410.000
2.420	402.000	-77.000	-455.000	-1488.000
2.430	393.000	-72.000	-450.000	-1507.000
2.440	368.000	-64.000	-427.000	-1199.000
2.450	330.000	-54.000	-386.000	-871.000
2.460	281.000	-42.000	-332.000	-604.000
2.470	223.000	-29.000	-265.000	-421.000
2.480	159.000	-15.000	-190.000	-418.000
2.490	90.000	-2.000	-108.000	-413.000
2.500	19.000	11.000	-19.000	-471.000
2.510	-52.000	23.000	72.000	-518.000
2.520	-123.000	35.000	157.000	-261.000
2.530	-189.000	45.000	241.000	-55.000
2.540	-249.000	53.000	314.000	262.000
2.550	-301.000	61.000	378.000	672.000
2.560	-343.000	67.000	431.000	1124.000
2.570	-371.000	71.000	466.000	1300.000
2.580	-384.000	73.000	484.000	1238.000
2.590	-385.000	74.000	487.000	1376.000
2.600	-369.000	74.000	475.000	1087.000
2.610	-340.000	71.000	446.000	848.000
2.620	-297.000	66.000	395.000	414.000
2.630	-245.000	60.000	331.000	230.000
2.640	-186.000	52.000	260.000	270.000
2.650	-121.000	43.000	180.000	363.000
2.660	-50.000	32.000	93.000	228.000
2.670	20.000	21.000	8.000	433.000
2.680	91.000	8.000	-73.000	385.000
2.690	161.000	-5.000	-157.000	72.000
2.700	227.000	-17.000	-233.000	-387.000
2.710	286.000	-29.000	-293.000	-876.000
2.720	336.000	-39.000	-345.000	-1382.000
2.730	374.000	-47.000	-387.000	-1741.000
2.740	397.000	-52.000	-410.000	-1768.000
2.750	405.000	-54.000	-417.000	-1609.000
2.760	400.000	-54.000	-414.000	-1557.000
2.770	379.000	-50.000	-395.000	-1213.000
2.780	344.000	-43.000	-359.000	-778.000
2.790	298.000	-32.000	-308.000	-480.000
2.800	243.000	-20.000	-245.000	-339.000
2.810	182.000	-7.000	-176.000	-450.000
2.820	116.000	8.000	-99.000	-629.000
2.830	46.000	22.000	-14.000	-701.000
2.840	-24.000	36.000	72.000	-860.000
2.850	-95.000	49.000	152.000	-679.000
2.860	-162.000	61.000	233.000	-513.000
2.870	-225.000	71.000	304.000	-87.000
2.880	-281.000	78.000	365.000	452.000
2.890	-327.000	83.000	418.000	947.000
2.900	-360.000	85.000	454.000	1229.000
2.910	-380.000	85.000	475.000	1457.000
2.920	-384.000	82.000	480.000	1360.000
2.930	-375.000	76.000	472.000	1356.000
2.940	-349.000	67.000	446.000	914.000
2.950	-310.000	57.000	400.000	478.000
2.960	-261.000	46.000	339.000	239.000
2.970	-204.000	34.000	269.000	193.000
2.980	-143.000	22.000	191.000	533.000
2.990	-76.000	10.000	105.000	694.000
3.000	-7.000	-2.000	16.000	891.000
3.010	64.000	-14.000	-70.000	825.000
3.020	134.000	-24.000	-156.000	598.000
3.030	202.000	-35.000	-238.000	72.000
3.040	265.000	-44.000	-304.000	-619.000
3.050	319.000	-52.000	-362.000	-1217.000
3.060	362.000	-58.000	-408.000	-1710.000
3.070	391.000	-62.000	-437.000	-1923.000
3.080	404.000	-63.000	-450.000	-1780.000
3.090	404.000	-63.000	-449.000	-1740.000
3.100	386.000	-59.000	-432.000	-1192.000
3.110	355.000	-53.000	-399.000	-743.000
3.120	311.000	-44.000	-347.000	-251.000
3.130	259.000	-33.000	-284.000	-133.000
3.140	200.000	-21.000	-211.000	-224.000
3.150	136.000	-8.000	-131.000	-472.000
3.160	68.000	7.000	-42.000	-694.000
3.170	-1.000	22.000	48.000	-958.000
3.180	-71.000	37.000	133.000	-962.000
3.190	-140.000	52.000	218.000	-696.000
3.200	-206.000	66.000	295.000	-162.000
3.210	-265.000	78.000	361.000	384.000
3.220	-315.000	89.000	420.000	935.000
3.230	-352.000	97.000	462.000	1211.000
3.240	-376.000	101.000	489.000	1401.000
3.250	-384.000	102.000	498.000	1257.000
3.260	-378.000	101.000	494.000	1101.000
3.270	-356.000	96.000	477.000	671.000
3.280	-320.000	86.000	439.000	165.000
3.290	-275.000	75.000	383.000	38.000
3.300	-221.000	62.000	317.000	35.000
3.310	-160.000	48.000	242.000	143.000
3.320	-96.000	33.000	158.000	551.000
3.330	-28.000	18.000	72.000	812.000
3.340	42.000	3.000	-15.000	895.000
3.350	113.000	-11.000	-99.000	657.000
3.360	182.000	-25.000	-186.000	216.000
3.370	247.000	-36.000	-260.000	-435.000
3.380	304.000	-46.000	-321.000	-1040.000
3.390	351.000	-54.000	-374.000	-1593.000
3.400	384.000	-58.000	-414.000	-1808.000
3.410	403.000	-60.000	-436.000	-1870.000
3.420	407.000	-60.000	-443.000	-1755.000
3.430	395.000	-57.000	-437.000	-1388.000
3.440	368.000	-50.000	-414.000	-882.000
3.450	329.000	-42.000	-373.000	-506.000
3.460	279.000	-33.000	-317.000	-196.000
3.470	222.000	-22.000	-250.000	-206.000
3.480	160.000	-12.000	-174.000	-473.000
3.490	93.000	0.000	-92.000	-688.000
3.500	23.000	11.000	-2.000	-810.000
3.510	-48.000	23.000	87.000	-796.000
3.520	-118.000	34.000	170.000	-609.000
3.530	-186.000	45.000	252.000	-113.000
3.540	-247.000	55.000	322.000	321.000
3.550	-301.000	64.000	382.000	943.000
3.560	-344.000	72.000	432.000	1454.000
3.570	-372.000	77.000	464.000	1565.000
3.580	-385.000	80.000	480.000	1453.000
3.590	-385.000	81.000	482.000	1438.000
3.600	-367.000	80.000	468.000	908.000
3.610	-334.000	75.000	435.000	240.000
3.620	-292.000	68.000	385.000	33.000
3.630	-241.000	60.000	323.000	30.000
3.640	-183.000	49.000	252.000	214.000
3.650	-120.000	37.000	173.000	540.000
3.660	-52.000	25.000	89.000	713.000
3.670	18.000	11.000	3.000	822.000
3.680	88.000	-2.000	-77.000	818.000
3.690	159.000	-16.000	-161.000	312.000
3.700	226.000	-29.000	-237.000	-301.000
3.710	286.000	-40.000	-297.000	-914.000
3.720	337.000	-49.000	-349.000	-1522.000
3.730	376.000	-55.000	-391.000	-1965.000
3.740	399.000	-58.000	-415.000	-1946.000
3.750	407.000	-58.000	-424.000	-1752.000
3.760	401.000	-55.000	-421.000	-1557.000
3.770	378.000	-48.000	-402.000	-982.000
3.780	342.000	-38.000	-367.000	-474.000
3.790	296.000	-27.000	-316.000	-229.000
3.800	242.000	-15.000	-252.000	-246.000
3.810	182.000	-2.000	-181.000	-484.000
3.820	118.000	12.000	-101.000	-882.000
3.830	50.000	25.000	-14.000	-1135.000
3.840	-21.000	37.000	74.000	-1097.000
3.850	-92.000	49.000	156.000	-874.000
3.860	-161.000	60.000	240.000	-445.000
3.870	-225.000	69.000	313.000	80.000
3.880	-282.000	77.000	375.000	700.000
3.890	-329.000	82.000	429.000	1264.000
3.900	-363.000	85.000	466.000	1604.000
3.910	-381.000	86.000	487.000	1535.000
3.920	-384.000	85.000	491.000	1314.000
3.930	-372.000	81.000	482.000	976.000
3.940	-345.000	74.000	457.000	493.000
3.950	-306.000	66.000	409.000	134.000
3.960	-258.000	56.000	347.000	71.000
3.970	-203.000	46.000	277.000	282.000
3.980	-142.000	34.000	197.000	599.000
3.990	-76.000	22.000	110.000	858.000
4.000	-7.000	9.000	21.000	1021.000
4.010	64.000	-4.000	-62.000	928.000
4.020	136.000	-17.000	-149.000	449.000
4.030	204.000	-29.000	-231.000	-51.000
4.040	268.000	-41.000	-296.000	-837.000
4.050	323.000	-51.000	-353.000	-1515.000
4.060	365.000	-59.000	-400.000	-1843.000
4.070	393.000	-64.000	-429.000	-1923.000
4.080	406.000	-66.000	-442.000	-1789.000
4.090	404.000	-66.000	-443.000	-1523.000
4.100	385.000	-62.000	-428.000	-905.000
4.110	353.000	-54.000	-396.000	-396.000
4.120	310.000	-45.000	-347.000	-85.000
4.130	258.000	-33.000	-286.000	5.000
4.140	201.000	-20.000	-214.000	-340.000
4.150	138.000	-6.000	-136.000	-679.000
4.160	71.000	8.000	-51.000	-977.000
4.170	2.000	23.000	40.000	-1189.000
4.180	-69.000	38.000	124.000	-1038.000
4.190	-139.000	52.000	209.000	-646.000
4.200	-206.000	65.000	287.000	-10.000
4.210	-266.000	76.000	353.000	621.000
4.220	-316.000	85.000	411.000	1126.000
4.230	-353.000	91.000	456.000	1368.000
4.240	-376.000	94.000	483.000	1416.000
4.250	-384.000	95.000	494.000	1272.000
4.260	-378.000	93.000	491.000	1116.000
4.270	-355.000	87.000	474.000	570.000
4.280	-320.000	78.000	438.000	201.000
4.290	-274.000	68.000	381.000	-47.000
4.300	-221.000	57.000	315.000	84.000
4.310	-161.000	45.000	241.000	300.000
4.320	-97.000	32.000	157.000	681.000
4.330	-29.000	19.000	70.000	921.000
4.340	41.000	6.000	-17.000	988.000
4.350	112.000	-7.000	-101.000	738.000
4.360	182.000	-19.000	-187.000	170.000
4.370	248.000	-30.000	-261.000	-583.000
4.380	306.000	-40.000	-320.000	-1273.000
4.390	353.000	-47.000	-372.000	-1781.000
4.400	387.000	-53.000	-411.000	-2078.000
4.410	406.000	-55.000	-431.000	-2092.000
4.420	409.000	-55.000	-436.000	-1825.000
4.430	396.000	-53.000	-430.000	-1335.000
4.440	367.000	-48.000	-405.000	-612.000
4.450	327.000	-40.000	-363.000	-174.000
4.460	278.000	-31.000	-307.000	-43.000
4.470	222.000	-21.000	-239.000	-196.000
4.480	160.000	-10.000	-164.000	-463.000
4.490	94.000	2.000	-82.000	-793.000
4.500	26.000	14.000	7.000	-1126.000
4.510	-45.000	27.000	94.000	-1054.000
4.520	-116.000	39.000	176.000	-707.000
4.530	-184.000	51.000	257.000	-198.000
4.540	-246.000	62.000	326.000	363.000
4.550	-301.000	72.000	386.000	1088.000
4.560	-343.000	79.000	434.000	1451.000
4.570	-372.000	84.000	465.000	1676.000
4.580	-385.000	86.000	481.000	1541.000
4.590	-383.000	86.000	482.000	1275.000
4.600	-365.000	83.000	468.000	774.000
4.610	-333.000	76.000	437.000	244.000
4.620	-290.000	67.000	386.000	-83.000
4.630	-239.000	57.000	324.000	-69.000
4.640	-182.000	45.000	252.000	246.000
4.650	-119.000	33.000	173.000	561.000
4.660	-53.000	19.000	88.000	958.000
4.670	16.000	6.000	2.000	1135.000
4.680	87.000	-8.000	-80.000	957.000
4.690	158.000	-21.000	-165.000	428.000
4.700	226.000	-32.000	-241.000	-319.000
4.710	287.000	-43.000	-302.000	-1041.000
4.720	338.000	-51.000	-355.000	-1623.000
4.730	377.000	-56.000	-398.000	-2045.000
4.740	401.000	-58.000	-422.000	-2127.000
4.750	408.000	-58.000	-432.000	-1785.000
4.760	401.000	-55.000	-429.000	-1469.000
4.770	377.000	-48.000	-410.000	-795.000
4.780	341.000	-39.000	-373.000	-322.000
4.790	296.000	-28.000	-321.000	-221.000
4.800	242.000	-16.000	-256.000	-237.000
4.810	182.000	-4.000	-183.000	-475.000
4.820	118.000	8.000	-103.000	-873.000
4.830	50.000	21.000	-15.000	-1125.000
4.840	-20.000	33.000	75.000	-1203.000
4.850	-91.000	45.000	158.000	-960.000
4.860	-161.000	56.000	242.000	-398.000
4.870	-226.000	67.000	315.000	235.000
4.880	-283.000	76.000	379.000	827.000
4.890	-330.000	83.000	432.000	1369.000
4.900	-363.000	87.000	469.000	1577.000
4.910	-381.000	89.000	490.000	1517.000
4.920	-384.000	89.000	493.000	1302.000
4.930	-371.000	87.000	484.000	853.000
4.940	-343.000	81.000	458.000	278.000
4.950	-305.000	73.000	412.000	75.000
4.960	-257.000	63.000	350.000	21.000
4.970	-201.000	52.000	281.000	123.000
4.980	-141.000	40.000	202.000	583.000
4.990	-75.000	27.000	116.000	842.000
5.000	-7.000	13.000	28.000	1120.000
5.010	65.000	-1.000	-56.000	890.000
5.020	136.000	-15.000	-142.000	531.000
5.030	205.000	-28.000	-223.000	-102.000
5.040	268.000	-41.000	-290.000	-764.000
5.050	323.000	-51.000	-345.000	-1457.000
5.060	366.000	-59.000	-393.000	-1913.000
5.070	395.000	-64.000	-423.000	-2098.000
5.080	407.000	-65.000	-438.000	-1816.000
5.090	405.000	-65.000	-439.000	-1548.000
5.100	385.000	-59.000	-426.000	-812.000
5.110	353.000	-51.000	-395.000	-324.000
5.120	310.000	-41.000	-347.000	-27.000
5.130	259.000	-30.000	-287.000	-65.000
5.140	202.000	-17.000	-216.000	-398.000
5.150	139.000	-4.000	-139.000	-727.000
5.160	73.000	10.000	-54.000	-1135.000
5.170	3.000	24.000	36.000	-1204.000
5.180	-68.000	37.000	121.000	-1053.000
5.190	-139.000	50.000	206.000	-545.000
5.200	-206.000	62.000	284.000	69.000
5.210	-266.000	72.000	351.000	683.000
5.220	-317.000	80.000	409.000	1293.000
5.230	-354.000	86.000	453.000	1503.000
5.240	-377.000	88.000	481.000	1528.000
5.250	-384.000	89.000	492.000	1250.000
5.260	-377.000	88.000	489.000	985.000
5.270	-354.000	82.000	471.000	466.000
5.280	-319.000	75.000	433.000	117.000
5.290	-274.000	66.000	377.000	1.000
5.300	-221.000	56.000	310.000	122.000
5.310	-162.000	45.000	236.000	447.000
5.320	-99.000	33.000	152.000	918.000
5.330	-31.000	20.000	66.000	1116.000
5.340	40.000	7.000	-21.000	1036.000
5.350	113.000	-6.000	-105.000	550.000
5.360	183.000	-18.000	-190.000	22.000
5.370	250.000	-30.000	-262.000	-817.000
5.380	308.000	-40.000	-321.000	-1464.000
5.390	355.000	-49.000	-372.000	-1937.000
5.400	387.000	-54.000	-409.000	-1977.000
5.410	405.000	-56.000	-428.000	-1897.000
5.420	407.000	-57.000	-433.000	-1552.000
5.430	394.000	-55.000	-426.000	-1112.000
5.440	366.000	-49.000	-401.000	-544.000
5.450	327.000	-40.000	-359.000	-231.000
5.460	278.000	-30.000	-303.000	-85.000
5.470	223.000	-19.000	-235.000	-343.000
5.480	162.000	-7.000	-161.000	-697.000
5.490	96.000	6.000	-78.000	-983.000
5.500	27.000	19.000	10.000	-1167.000
5.510	-44.000	32.000	97.000	-1090.000
5.520	-116.000	45.000	180.000	-623.000
5.530	-184.000	57.000	260.000	-133.000
5.540	-247.000	68.000	329.000	530.000
5.550	-301.000	77.000	389.000	1107.000
5.560	-343.000	84.000	437.000	1467.000
5.570	-371.000	87.000	469.000	1573.000
5.580	-383.000	88.000	485.000	1341.000
5.590	-382.000	88.000	486.000	1227.000
5.600	-363.000	83.000	472.000	616.000
5.610	-332.000	76.000	441.000	228.000
5.620	-289.000	66.000	389.000	-100.000
5.630	-239.000	56.000	327.000	29.000
5.640	-182.000	44.000	255.000	322.000
5.650	-120.000	32.000	174.000	737.000
5.660	-54.000	19.000	89.000	1100.000
5.670	15.000	6.000	2.000	1252.000
5.680	87.000	-7.000	-81.000	937.000
5.690	158.000	-20.000	-167.000	415.000
5.700	227.000	-32.000	-244.000	-444.000
5.710	289.000	-42.000	-306.000	-1258.000
5.720	340.000	-51.000	-359.000	-1800.000
5.730	378.000	-56.000	-402.000	-2075.000
5.740	402.000	-59.000	-427.000	-2156.000
5.750	408.000	-59.000	-436.000	-1695.000
5.760	401.000	-56.000	-433.000	-1399.000
5.770	376.000	-50.000	-414.000	-624.000
5.780	340.000	-42.000	-376.000	-184.000
5.790	294.000	-32.000	-323.000	9.000
5.800	241.000	-20.000	-259.000	-163.000
5.810	182.000	-9.000	-185.000	-527.000
5.820	119.000	4.000	-105.000	-1027.000
5.830	51.000	17.000	-17.000	-1249.000
5.840	-19.000	30.000	73.000	-1302.000
5.850	-91.000	43.000	157.000	-925.000
5.860	-161.000	55.000	240.000	-370.000
5.870	-227.000	66.000	314.000	374.000
5.880	-285.000	76.000	377.000	1057.000
5.890	-331.000	84.000	430.000	1442.000
5.900	-364.000	89.000	468.000	1640.000
5.910	-381.000	91.000	489.000	1456.000
5.920	-383.000	91.000	493.000	1140.000
5.930	-370.000	89.000	484.000	724.000
5.940	-342.000	82.000	460.000	173.000
5.950	-303.000	74.000	414.000	-126.000
5.960	-256.000	65.000	352.000	-29.000
5.970	-201.000	53.000	283.000	196.000
5.980	-141.000	41.000	205.000	640.000
5.990	-77.000	28.000	119.000	1118.000
6.000	-8.000	14.000	32.000	1229.000
6.010	63.000	0.000	-52.000	1096.000
6.020	135.000	-14.000	-136.000	586.000
6.030	205.000	-27.000	-218.000	-169.000
6.040	270.000	-40.000	-286.000	-1048.000
6.050	326.000	-50.000	-342.000	-1802.000
6.060	369.000	-57.000	-390.000	-2195.000
6.070	396.000	-61.000	-421.000	-2099.000
6.080	407.000	-62.000	-435.000	-1706.000
6.090	405.000	-61.000	-438.000	-1463.000
6.100	385.000	-56.000	-424.000	-747.000
6.110	352.000	-48.000	-394.000	-156.000
6.120	309.000	-38.000	-346.000	108.000
6.130	259.000	-27.000	-286.000	-71.000
6.140	202.000	-15.000	-216.000	-401.000
6.150	141.000	-2.000	-138.000	-962.000
6.160	75.000	10.000	-53.000	-1326.000
6.170	5.000	23.000	38.000	-1362.000
6.180	-67.000	36.000	122.000	-1069.000
6.190	-139.000	49.000	207.000	-447.000
6.200	-206.000	60.000	285.000	146.000
6.210	-267.000	70.000	351.000	859.000
6.220	-318.000	78.000	409.000	1434.000
6.230	-355.000	84.000	453.000	1619.000
6.240	-378.000	87.000	480.000	1624.000
6.250	-384.000	88.000	490.000	1215.000
6.260	-377.000	87.000	486.000	959.000
6.270	-353.000	82.000	468.000	330.000
6.280	-318.000	74.000	430.000	8.000
6.290	-273.000	66.000	373.000	-88.000
6.300	-221.000	56.000	307.000	165.000
6.310	-162.000	44.000	232.000	481.000
6.320	-99.000	32.000	148.000	944.000
6.330	-31.000	20.000	62.000	1137.000
6.340	40.000	6.000	-24.000	1053.000
6.350	112.000	-7.000	-107.000	680.000
6.360	183.000	-20.000	-192.000	12.000
6.370	249.000	-33.000	-263.000	-708.000
6.380	307.000	-43.000	-322.000	-1373.000
6.390	355.000	-52.000	-373.000	-1977.000
6.400	388.000	-57.000	-410.000	-2122.000
6.410	405.000	-59.000	-428.000	-1898.000
6.420	408.000	-59.000	-433.000	-1668.000
6.430	394.000	-56.000	-426.000	-1090.000
6.440	365.000	-49.000	-401.000	-410.000
6.450	326.000	-40.000	-359.000	-122.000
6.460	277.000	-29.000	-303.000	5.000
6.470	222.000	-18.000	-235.000	-268.000
6.480	162.000	-5.000	-161.000	-748.000
6.490	97.000	8.000	-78.000	-1139.000
6.500	28.000	21.000	11.000	-1291.000
6.510	-44.000	34.000	98.000	-1075.000
6.520	-115.000	47.000	181.000	-728.000
6.530	-184.000	59.000	262.000	-102.000
6.540	-247.000	70.000	331.000	553.000
6.550	-301.000	78.000	391.000	1125.000
6.560	-343.000	84.000	440.000	1482.000
6.570	-371.000	88.000	472.000	1585.000
6.580	-383.000	88.000	488.000	1350.000
6.590	-381.000	88.000	489.000	1118.000
6.600	-363.000	83.000	475.000	643.000
6.610	-331.000	76.000	444.000	133.000
6.620	-289.000	67.000	392.000	-63.000
6.630	-240.000	57.000	328.000	175.000
6.640	-183.000	45.000	256.000	440.000
6.650	-121.000	33.000	175.000	834.000
6.660	-54.000	20.000	88.000	1065.000
6.670	16.000	7.000	1.000	1109.000
6.680	88.000	-6.000	-82.000	822.000
6.690	160.000	-19.000	-169.000	205.000
6.700	228.000	-31.000	-246.000	-501.000
6.710	289.000	-42.000	-308.000	-1191.000
6.720	340.000	-51.000	-361.000	-1748.000
6.730	378.000	-57.000	-404.000	-2036.000
6.740	400.000	-60.000	-428.000	-1892.000
6.750	407.000	-60.000	-437.000	-1597.000
6.760	400.000	-58.000	-435.000	-1317.000
6.770	376.000	-53.000	-415.000	-671.000
6.780	340.000	-45.000	-377.000	-219.000
6.790	295.000	-35.000	-325.000	-134.000
6.800	242.000	-23.000	-260.000	-278.000
6.810	182.000	-11.000	-187.000	-505.000
6.820	119.000	2.000	-107.000	-1010.000
6.830	49.000	15.000	-18.000	-1003.000
6.840	-20.000	29.000	71.000	-1218.000
6.850	-92.000	42.000	154.000	-853.000
6.860	-162.000	55.000	238.000	-309.000
6.870	-226.000	67.000	311.000	194.000
6.880	-284.000	77.000	374.000	914.000
6.890	-330.000	84.000	428.000	1327.000
6.900	-363.000	89.000	466.000	1545.000
6.910	-381.000	91.000	487.000	1494.000
6.920	-383.000	91.000	492.000	1169.000
6.930	-371.000	89.000	483.000	862.000
6.940	-343.000	82.000	460.000	286.000
6.950	-305.000	74.000	414.000	82.000
6.960	-257.000	64.000	353.000	27.000
6.970	-201.000	52.000	285.000	129.000
6.980	-141.000	40.000	207.000	589.000
6.990	-75.000	26.000	121.000	847.000
7.000	-7.000	13.000	33.000	1124.000
7.010	64.000	-1.000	-50.000	1010.000
7.020	136.000	-14.000	-136.000	514.000
7.030	206.000	-27.000	-219.000	-231.000
7.040	269.000	-38.000	-285.000	-868.000
7.050	324.000	-48.000	-342.000	-1542.000
7.060	366.000	-55.000	-390.000	-1867.000
7.070	395.000	-59.000	-421.000	-2062.000
7.080	407.000	-60.000	-435.000	-1788.000
7.090	405.000	-59.000	-438.000	-1526.000
7.100	386.000	-55.000	-424.000	-911.000
7.110	354.000	-47.000	-393.000	-404.000
7.120	312.000	-38.000	-346.000	-211.000
7.130	260.000	-27.000	-285.000	-101.000
7.140	203.000	-15.000	-214.000	-431.000
7.150	140.000	-3.000	-137.000	-758.000
7.160	73.000	10.000	-52.000	-1047.000
7.170	3.000	23.000	39.000	-1136.000
7.180	-68.000	36.000	123.000	-1000.000
7.190	-139.000	48.000	208.000	-504.000
7.200	-206.000	60.000	286.000	102.000
7.210	-266.000	70.000	351.000	710.000
7.220	-317.000	79.000	409.000	1314.000
7.230	-354.000	84.000	452.000	1521.000
7.240	-377.000	88.000	479.000	1542.000
7.250	-383.000	88.000	490.000	1146.000
7.260	-377.000	88.000	486.000	1016.000
7.270	-354.000	82.000	467.000	491.000
7.280	-319.000	75.000	429.000	137.000
7.290	-274.000	66.000	372.000	17.000
7.300	-222.000	56.000	306.000	252.000
7.310	-162.000	44.000	231.000	437.000
7.320	-98.000	31.000	147.000	795.000
7.330	-30.000	18.000	61.000	1017.000
7.340	41.000	4.000	-24.000	955.000
7.350	113.000	-9.000	-108.000	599.000
7.360	183.000	-22.000	-193.000	60.000
7.370	249.000	-34.000	-264.000	-671.000
7.380	306.000	-45.000	-322.000	-1228.000
7.390	353.000	-53.000	-373.000	-1744.000
7.400	386.000	-58.000	-411.000	-1931.000
7.410	404.000	-60.000	-430.000	-1855.000
7.420	407.000	-60.000	-435.000	-1629.000
7.430	395.000	-56.000	-427.000	-1287.000
7.440	367.000	-49.000	-402.000	-683.000
7.450	327.000	-40.000	-360.000	-227.000
7.460	278.000	-29.000	-304.000	-82.000
7.470	223.000	-17.000	-236.000	-340.000
7.480	161.000	-4.000	-161.000	-578.000
7.490	96.000	8.000	-79.000	-1002.000
7.500	27.000	22.000	10.000	-1181.000
7.510	-45.000	35.000	98.000	-984.000
7.520	-116.000	47.000	182.000	-652.000
7.530	-184.000	59.000	264.000	-154.000
7.540	-246.000	69.000	332.000	397.000
7.550	-300.000	78.000	393.000	1000.000
7.560	-342.000	84.000	442.000	1379.000
7.570	-370.000	88.000	475.000	1500.000
7.580	-383.000	89.000	490.000	1395.000
7.590	-382.000	89.000	491.000	1269.000
7.600	-364.000	84.000	477.000	765.000
7.610	-332.000	77.000	446.000	233.000
7.620	-290.000	69.000	394.000	19.000
7.630	-239.000	58.000	329.000	11.000
7.640	-182.000	47.000	258.000	309.000
7.650	-120.000	35.000	176.000	728.000
7.660	-53.000	22.000	90.000	977.000
7.670	17.000	9.000	2.000	1035.000
7.680	90.000	-5.000	-82.000	643.000
7.690	160.000	-18.000	-167.000	288.000
7.700	228.000	-30.000	-245.000	-437.000
7.710	288.000	-41.000	-306.000	-1026.000
7.720	338.000	-50.000	-359.000	-1499.000
7.730	377.000	-57.000	-403.000	-1949.000
7.740	399.000	-60.000	-427.000	-1819.000
7.750	407.000	-61.000	-437.000	-1651.000
7.760	401.000	-60.000	-434.000	-1475.000
7.770	378.000	-54.000	-415.000	-914.000
7.780	342.000	-46.000	-377.000	-417.000
7.790	296.000	-36.000	-326.000	-181.000
7.800	242.000	-24.000	-261.000	-205.000
7.810	182.000	-11.000	-188.000	-448.000
7.820	117.000	2.000	-108.000	-734.000
7.830	49.000	16.000	-21.000	-1012.000
7.840	-21.000	29.000	69.000	-1108.000
7.850	-92.000	42.000	152.000	-879.000
7.860	-162.000	55.000	235.000	-328.000
7.870	-226.000	66.000	309.000	180.000
7.880	-283.000	76.000	372.000	786.000
7.890	-330.000	83.000	426.000	1339.000
7.900	-363.000	88.000	464.000	1555.000
7.910	-380.000	89.000	486.000	1385.000
7.920	-383.000	90.000	491.000	1196.000
7.930	-371.000	87.000	483.000	883.000
7.940	-344.000	80.000	459.000	418.000
7.950	-305.000	72.000	414.000	74.000
7.960	-257.000	62.000	352.000	21.000
7.970	-202.000	51.000	283.000	240.000
7.980	-142.000	39.000	205.000	680.000
7.990	-76.000	26.000	120.000	923.000
8.000	-7.000	13.000	32.000	1073.000
8.010	65.000	0.000	-52.000	855.000
8.020	136.000	-14.000	-137.000	506.000
8.030	206.000	-26.000	-219.000	-238.000
8.040	270.000	-38.000	-286.000	-990.000
8.050	324.000	-47.000	-342.000	-1525.000
8.060	366.000	-54.000	-390.000	-1854.000
8.070	394.000	-58.000	-421.000	-1936.000
8.080	407.000	-59.000	-435.000	-1801.000
8.090	405.000	-59.000	-437.000	-1536.000
8.100	386.000	-54.000	-423.000	-919.000
8.110	354.000	-47.000	-392.000	-410.000
8.120	311.000	-38.000	-344.000	-99.000
8.130	260.000	-27.000	-284.000	-126.000
8.140	203.000	-15.000	-213.000	-450.000
8.150	140.000	-2.000	-135.000	-772.000
8.160	73.000	11.000	-49.000	-1058.000
8.170	4.000	24.000	40.000	-1261.000
8.180	-68.000	37.000	125.000	-986.000
8.190	-139.000	50.000	209.000	-493.000
8.200	-207.000	62.000	288.000	227.000
8.210	-267.000	72.000	354.000	811.000
8.220	-316.000	81.000	411.000	1165.000
8.230	-353.000	87.000	454.000	1401.000
8.240	-376.000	90.000	481.000	1444.000
8.250	-383.000	90.000	491.000	1181.000
8.260	-377.000	89.000	487.000	1043.000
8.270	-354.000	84.000	469.000	511.000
8.280	-319.000	76.000	430.000	153.000
8.290	-274.000	67.000	372.000	29.000
8.300	-222.000	56.000	307.000	261.000
8.310	-162.000	44.000	232.000	444.000
8.320	-98.000	31.000	148.000	800.000
8.330	-30.000	17.000	61.000	1021.000
8.340	41.000	3.000	-24.000	958.000
8.350	113.000	-10.000	-108.000	601.000
8.360	183.000	-23.000	-193.000	62.000
8.370	249.000	-35.000	-265.000	-669.000
8.380	306.000	-46.000	-323.000	-1227.000
8.390	353.000	-53.000	-375.000	-1743.000
8.400	386.000	-58.000	-413.000	-1931.000
8.410	404.000	-60.000	-432.000	-1855.000
8.420	407.000	-60.000	-437.000	-1628.000
8.430	394.000	-57.000	-430.000	-1170.000
8.440	367.000	-50.000	-405.000	-704.000
8.450	327.000	-41.000	-363.000	-242.000
8.460	279.000	-30.000	-307.000	-210.000
8.470	223.000	-18.000	-238.000	-328.000
8.480	161.000	-6.000	-163.000	-569.000
8.490	95.000	7.000	-80.000	-879.000
8.500	26.000	20.000	9.000	-1080.000
8.510	-45.000	33.000	97.000	-1017.000
8.520	-116.000	46.000	181.000	-677.000
8.530	-184.000	58.000	263.000	-173.000
8.540	-246.000	68.000	332.000	383.000
8.550	-300.000	77.000	393.000	988.000
8.560	-342.000	84.000	442.000	1370.000
8.570	-370.000	88.000	474.000	1493.000
8.580	-383.000	89.000	490.000	1390.000
8.590	-382.000	89.000	491.000	1265.000
8.600	-365.000	85.000	477.000	878.000
8.610	-333.000	79.000	446.000	325.000
8.620	-290.000	70.000	393.000	-20.000
8.630	-239.000	60.000	329.000	-19.000
8.640	-181.000	48.000	258.000	169.000
8.650	-119.000	36.000	177.000	614.000
8.660	-52.000	23.000	90.000	884.000
8.670	18.000	9.000	3.000	958.000
8.680	88.000	-4.000	-80.000	926.000
8.690	159.000	-18.000	-166.000	400.000
8.700	227.000	-30.000	-243.000	-345.000
8.710	288.000	-42.000	-305.000	-1065.000
8.720	339.000	-51.000	-358.000	-1646.000
8.730	377.000	-57.000	-402.000	-1951.000
8.740	401.000	-61.000	-427.000	-2054.000
8.750	408.000	-61.000	-436.000	-1726.000
8.760	401.000	-59.000	-434.000	-1423.000
8.770	377.000	-53.000	-414.000	-758.000
8.780	341.000	-45.000	-377.000	-292.000
8.790	295.000	-34.000	-326.000	-79.000
8.800	241.000	-23.000	-261.000	-120.000
8.810	182.000	-10.000	-188.000	-494.000
8.820	118.000	3.000	-108.000	-885.000
8.830	50.000	16.000	-21.000	-1133.000
8.840	-21.000	29.000	69.000	-1091.000
8.850	-92.000	42.000	152.000	-866.000
8.860	-161.000	55.000	236.000	-435.000
8.870	-226.000	66.000	309.000	208.000
8.880	-283.000	75.000	373.000	808.000
8.890	-330.000	83.000	427.000	1356.000
8.900	-363.000	87.000	465.000	1568.000
8.910	-381.000	89.000	486.000	1511.000
8.920	-384.000	89.000	491.000	1299.000
8.930	-372.000	86.000	483.000	968.000
8.940	-344.000	80.000	459.000	373.000
8.950	-305.000	72.000	413.000	39.000
8.960	-257.000	62.000	352.000	-5.000
8.970	-201.000	51.000	283.000	104.000
8.980	-140.000	39.000	205.000	453.000
8.990	-75.000	26.000	119.000	853.000
9.000	-7.000	13.000	31.000	1130.000
9.010	64.000	0.000	-52.000	1014.000
9.020	135.000	-13.000	-138.000	634.000
9.030	204.000	-26.000	-220.000	-17.000
9.040	269.000	-38.000	-287.000	-925.000
9.050	325.000	-47.000	-342.000	-1702.000
9.060	367.000	-55.000	-390.000	-1995.000
9.070	396.000	-59.000	-421.000	-2166.000
9.080	408.000	-60.000	-435.000	-1874.000
9.090	405.000	-60.000	-437.000	-1482.000
9.100	386.000	-55.000	-423.000	-877.000
9.110	353.000	-47.000	-392.000	-263.000
9.120	310.000	-38.000	-344.000	20.000
9.130	260.000	-27.000	-283.000	-144.000
9.140	202.000	-15.000	-212.000	-348.000
9.150	140.000	-2.000	-135.000	-804.000
9.160	73.000	11.000	-49.000	-1083.000
9.170	4.000	24.000	41.000	-1280.000
9.180	-67.000	38.000	125.000	-1116.000
9.190	-138.000	50.000	210.000	-599.000
9.200	-205.000	62.000	287.000	23.000
9.210	-266.000	73.000	353.000	759.000
9.220	-317.000	81.000	411.000	1351.000
9.230	-355.000	87.000	454.000	1666.000
9.240	-377.000	90.000	481.000	1543.000
9.250	-384.000	90.000	491.000	1263.000
9.260	-377.000	89.000	487.000	996.000
9.270	-353.000	83.000	469.000	359.000
9.280	-318.000	75.000	430.000	30.000
9.290	-273.000	66.000	373.000	-71.000
9.300	-221.000	55.000	307.000	178.000
9.310	-162.000	43.000	232.000	491.000
9.320	-98.000	30.000	148.000	836.000
9.330	-31.000	17.000	61.000	1165.000
9.340	40.000	4.000	-24.000	1074.000
9.350	112.000	-10.000	-108.000	696.000
9.360	183.000	-23.000	-194.000	25.000
9.370	249.000	-35.000	-266.000	-697.000
9.380	307.000	-45.000	-324.000	-1365.000
9.390	354.000	-53.000	-376.000	-1854.000
9.400	387.000	-58.000	-414.000	-2022.000
9.410	405.000	-60.000	-432.000	-1931.000
9.420	407.000	-60.000	-438.000	-1577.000
9.430	394.000	-57.000	-430.000	-1130.000
9.440	366.000	-50.000	-405.000	-557.000
9.450	326.000	-41.000	-363.000	-124.000
9.460	278.000	-31.000	-306.000	-113.000
9.470	222.000	-19.000	-238.000	-248.000
9.480	161.000	-7.000	-163.000	-617.000
9.490	96.000	6.000	-80.000	-1031.000
9.500	27.000	19.000	9.000	-1203.000
9.510	-44.000	32.000	97.000	-1118.000
9.520	-115.000	45.000	181.000	-760.000
9.530	-184.000	58.000	262.000	-127.000
9.540	-247.000	68.000	332.000	535.000
9.550	-301.000	78.000	393.000	1111.000
9.560	-343.000	84.000	442.000	1471.000
9.570	-371.000	88.000	474.000	1576.000
9.580	-383.000	90.000	490.000	1344.000
9.590	-382.000	90.000	490.000	1230.000
9.600	-363.000	86.000	477.000	618.000
9.610	-332.000	79.000	446.000	230.000
9.620	-289.000	70.000	394.000	-99.000
9.630	-239.000	60.000	330.000	31.000
9.640	-182.000	48.000	258.000	324.000
9.650	-120.000	36.000	177.000	739.000
9.660	-53.000	23.000	90.000	986.000
9.670	17.000	9.000	4.000	1042.000
9.680	88.000	-5.000	-79.000	881.000
9.690	159.000	-18.000	-166.000	365.000
9.700	227.000	-31.000	-243.000	-372.000
9.710	290.000	-42.000	-305.000	-1318.000
9.720	340.000	-50.000	-358.000	-1735.000
9.730	378.000	-57.000	-402.000	-2026.000
9.740	401.000	-60.000	-426.000	-2001.000
9.750	407.000	-60.000	-436.000	-1570.000
9.760	400.000	-58.000	-433.000	-1297.000
9.770	376.000	-52.000	-414.000	-655.000
9.780	341.000	-44.000	-377.000	-323.000
9.790	295.000	-34.000	-325.000	-103.000
9.800	242.000	-22.000	-261.000	-255.000
9.810	183.000	-10.000	-188.000	-603.000
9.820	118.000	3.000	-108.000	-859.000
9.830	50.000	16.000	-20.000	-1113.000
9.840	-20.000	29.000	69.000	-1192.000
9.850	-92.000	42.000	153.000	-833.000
9.860	-161.000	55.000	236.000	-409.000
9.870	-227.000	66.000	310.000	344.000
9.880	-284.000	75.000	373.000	918.000
9.890	-330.000	83.000	427.000	1330.000
9.900	-363.000	87.000	465.000	1549.000
9.910	-381.000	89.000	487.000	1496.000
9.920	-384.000	89.000	491.000	1288.000
9.930	-371.000	87.000	483.000	843.000
9.940	-343.000	80.000	459.000	271.000
9.950	-304.000	72.000	412.000	-45.000
9.960	-257.000	62.000	351.000	41.000
9.970	-202.000	51.000	283.000	255.000
9.980	-141.000	39.000	205.000	575.000
9.990	-76.000	26.000	118.000	953.000
10.000	-6.000	13.000	30.000	980.000
10.010	64.000	0.000	-52.000	1010.000
10.020	135.000	-14.000	-138.000	630.000
10.030	204.000	-27.000	-220.000	-19.000
10.040	269.000	-38.000	-287.000	-926.000
10.050	324.000	-48.000	-342.000	-1587.000
10.060	367.000	-55.000	-390.000	-2017.000
10.070	396.000	-60.000	-421.000	-2183.000
10.080	408.000	-61.000	-435.000	-1887.000
10.090	406.000	-60.000	-437.000	-1608.000
10.100	386.000	-55.000	-423.000	-864.000
10.110	353.000	-47.000	-392.000	-252.000
10.120	310.000	-38.000	-345.000	29.000
10.130	259.000	-27.000	-284.000	-22.000
10.140	202.000	-15.000	-213.000	-364.000
10.150	139.000	-2.000	-135.000	-700.000
10.160	73.000	11.000	-50.000	-1113.000
10.170	4.000	24.000	40.000	-1303.000
10.180	-68.000	38.000	126.000	-1018.000
10.190	-138.000	50.000	209.000	-634.000
10.200	-204.000	62.000	287.000	-120.000
10.210	-265.000	72.000	353.000	643.000
10.220	-316.000	81.000	411.000	1257.000
10.230	-354.000	87.000	455.000	1587.000
10.240	-378.000	90.000	482.000	1709.000
10.250	-385.000	90.000	491.000	1396.000
10.260	-378.000	89.000	487.000	1104.000
10.270	-355.000	84.000	469.000	564.000
10.280	-319.000	76.000	431.000	83.000
10.290	-273.000	66.000	373.000	-140.000
10.300	-219.000	56.000	307.000	-107.000
10.310	-160.000	44.000	233.000	260.000
10.320	-97.000	31.000	148.000	763.000
10.330	-30.000	18.000	62.000	1102.000
10.340	40.000	5.000	-24.000	1137.000
10.350	111.000	-9.000	-108.000	860.000
10.360	182.000	-22.000	-193.000	157.000
10.370	248.000	-34.000	-265.000	-591.000
10.380	306.000	-45.000	-323.000	-1277.000
10.390	354.000	-53.000	-375.000	-1897.000
10.400	388.000	-58.000	-413.000	-2171.000
10.410	406.000	-60.000	-431.000	-2051.000
10.420	409.000	-60.000	-436.000	-1791.000
10.430	395.000	-57.000	-429.000	-1191.000
10.440	366.000	-50.000	-404.000	-493.000
10.450	325.000	-41.000	-362.000	41.000
10.460	277.000	-30.000	-306.000	20.000
10.470	221.000	-19.000	-238.000	-140.000
10.480	160.000	-6.000	-163.000	-528.000
10.490	96.000	6.000	-80.000	-1073.000
10.500	27.000	20.000	9.000	-1235.000
10.510	-43.000	33.000	97.000	-1258.000
10.520	-114.000	45.000	180.000	-874.000
10.530	-182.000	58.000	262.000	-337.000
10.540	-246.000	68.000	331.000	478.000
10.550	-301.000	78.000	392.000	1178.000
10.560	-344.000	84.000	441.000	1638.000
10.570	-372.000	88.000	473.000	1711.000
10.580	-384.000	89.000	489.000	1453.000
10.590	-382.000	89.000	490.000	1203.000
10.600	-364.000	85.000	476.000	715.000
10.610	-331.000	78.000	445.000	78.000
10.620	-289.000	69.000	393.000	-105.000
10.630	-238.000	59.000	329.000	-90.000
10.640	-181.000	47.000	258.000	225.000
10.650	-119.000	35.000	176.000	657.000
10.660	-53.000	22.000	90.000	1033.000
10.670	16.000	9.000	3.000	1195.000
10.680	87.000	-5.000	-80.000	1004.000
10.690	158.000	-18.000	-166.000	466.000
10.700	227.000	-31.000	-243.000	-404.000
10.710	288.000	-41.000	-305.000	-1111.000
10.720	340.000	-50.000	-358.000	-1796.000
10.730	379.000	-57.000	-402.000	-2189.000
10.740	402.000	-60.000	-427.000	-2132.000
10.750	409.000	-60.000	-436.000	-1792.000
10.760	401.000	-58.000	-433.000	-1363.000
10.770	377.000	-52.000	-414.000	-712.000
10.780	340.000	-44.000	-377.000	-141.000
10.790	294.000	-33.000	-325.000	43.000
10.800	240.000	-22.000	-260.000	-20.000
10.810	182.000	-10.000	-188.000	-527.000
10.820	118.000	3.000	-107.000	-911.000
10.830	50.000	16.000	-20.000	-1153.000
10.840	-20.000	29.000	70.000	-1222.000
10.850	-91.000	42.000	154.000	-973.000
10.860	-160.000	54.000	237.000	-522.000
10.870	-226.000	66.000	311.000	251.000
10.880	-283.000	75.000	374.000	841.000
10.890	-330.000	83.000	428.000	1381.000
10.900	-364.000	88.000	465.000	1704.000
10.910	-382.000	90.000	487.000	1621.000
10.920	-385.000	90.000	491.000	1390.000
10.930	-371.000	87.000	483.000	811.000
10.940	-343.000	81.000	459.000	247.000
10.950	-304.000	73.000	413.000	-63.000
10.960	-256.000	63.000	351.000	-90.000
10.970	-201.000	52.000	282.000	149.000
10.980	-140.000	39.000	204.000	488.000
10.990	-76.000	26.000	118.000	996.000
11.000	-7.000	13.000	31.000	1129.000
11.010	64.000	-1.000	-52.000	1014.000
11.020	135.000	-14.000	-138.000	634.000
11.030	205.000	-27.000	-220.000	-133.000
11.040	269.000	-39.000	-286.000	-903.000
11.050	324.000	-49.000	-342.000	-1569.000
11.060	367.000	-56.000	-390.000	-2003.000
11.070	395.000	-60.000	-421.000	-2056.000
11.080	407.000	-61.000	-435.000	-1783.000
11.090	405.000	-61.000	-437.000	-1522.000
11.100	386.000	-56.000	-423.000	-908.000
11.110	354.000	-48.000	-392.000	-402.000
11.120	311.000	-38.000	-345.000	-92.000
11.130	260.000	-27.000	-285.000	-121.000
11.140	202.000	-15.000	-214.000	-329.000
11.150	140.000	-2.000	-136.000	-790.000
11.160	73.000	11.000	-51.000	-1072.000
11.170	3.000	25.000	40.000	-1155.000
11.180	-68.000	38.000	125.000	-1014.000
11.190	-139.000	50.000	209.000	-515.000
11.200	-206.000	62.000	288.000	94.000
11.210	-265.000	72.000	353.000	587.000
11.220	-316.000	80.000	411.000	1214.000
11.230	-353.000	86.000	455.000	1438.000
11.240	-376.000	89.000	482.000	1472.000
11.250	-384.000	90.000	492.000	1319.000
11.260	-378.000	89.000	488.000	1155.000
11.270	-355.000	83.000	469.000	603.000
11.280	-320.000	76.000	431.000	230.000
11.290	-274.000	66.000	374.000	-22.000
11.300	-221.000	56.000	308.000	106.000
11.310	-161.000	44.000	233.000	319.000
11.320	-97.000	31.000	148.000	699.000
11.330	-29.000	18.000	62.000	937.000
11.340	42.000	5.000	-24.000	887.000
11.350	113.000	-9.000	-108.000	657.000
11.360	182.000	-22.000	-194.000	221.000
11.370	248.000	-34.000	-265.000	-541.000
11.380	305.000	-44.000	-323.000	-1123.000
11.390	353.000	-52.000	-375.000	-1773.000
11.400	386.000	-58.000	-413.000	-1953.000
11.410	405.000	-60.000	-431.000	-1988.000
11.420	408.000	-60.000	-436.000	-1737.000
11.430	395.000	-57.000	-429.000	-1259.000
11.440	367.000	-51.000	-404.000	-662.000
11.450	328.000	-42.000	-362.000	-326.000
11.460	277.000	-31.000	-305.000	68.000
11.470	222.000	-19.000	-237.000	-219.000
11.480	161.000	-6.000	-163.000	-595.000
11.490	95.000	7.000	-80.000	-898.000
11.500	26.000	20.000	9.000	-1095.000
11.510	-45.000	33.000	97.000	-1028.000
11.520	-115.000	46.000	180.000	-802.000
11.530	-183.000	58.000	262.000	-275.000
11.540	-246.000	69.000	331.000	415.000
11.550	-300.000	78.000	392.000	1013.000
11.560	-343.000	84.000	441.000	1506.000
11.570	-371.000	88.000	473.000	1603.000
11.580	-383.000	89.000	489.000	1364.000
11.590	-382.000	89.000	490.000	1245.000
11.600	-363.000	85.000	476.000	630.000
11.610	-332.000	78.000	446.000	240.000
11.620	-290.000	69.000	393.000	25.000
11.630	-240.000	59.000	330.000	132.000
11.640	-182.000	47.000	258.000	291.000
11.650	-119.000	35.000	176.000	598.000
11.660	-53.000	22.000	90.000	988.000
11.670	17.000	9.000	3.000	1043.000
11.680	88.000	-5.000	-80.000	882.000
11.690	160.000	-18.000	-166.000	250.000
11.700	228.000	-31.000	-244.000	-466.000
11.710	289.000	-41.000	-306.000	-1164.000
11.720	339.000	-50.000	-359.000	-1611.000
11.730	377.000	-56.000	-403.000	-1924.000
11.740	400.000	-59.000	-427.000	-1917.000
11.750	407.000	-60.000	-436.000	-1615.000
11.760	400.000	-58.000	-434.000	-1332.000
11.770	377.000	-53.000	-414.000	-798.000
11.780	341.000	-44.000	-377.000	-323.000
11.790	296.000	-34.000	-326.000	-219.000
11.800	242.000	-23.000	-260.000	-233.000
11.810	183.000	-10.000	-188.000	-587.000
11.820	118.000	3.000	-108.000	-846.000
11.830	50.000	16.000	-21.000	-1103.000
11.840	-21.000	29.000	70.000	-1068.000
11.850	-95.000	43.000	156.000	-500.000
11.860	-162.000	55.000	237.000	-368.000
11.870	-226.000	66.000	311.000	149.000
11.880	-283.000	76.000	374.000	763.000
11.890	-329.000	83.000	428.000	1205.000
11.900	-363.000	88.000	466.000	1563.000
11.910	-380.000	90.000	487.000	1391.000
11.920	-383.000	90.000	492.000	1201.000
11.930	-372.000	88.000	483.000	1002.000
11.940	-345.000	81.000	459.000	516.000
11.950	-306.000	73.000	414.000	155.000
11.960	-257.000	63.000	353.000	-27.000
11.970	-202.000	52.000	284.000	203.000
11.980	-140.000	39.000	206.000	419.000
11.990	-75.000	26.000	120.000	827.000
12.000	-5.000	13.000	31.000	877.000
12.010	66.000	-1.000	-52.000	0.000
12.020	135.000	-14.000	-137.000	0.000
12.030	200.000	-26.000	-219.000	0.000
12.040	259.000	-38.000	-286.000	0.000
12.050	312.000	-48.000	-342.000	0.000
12.060	354.000	-56.000	-390.000	0.000
12.070	387.000	-62.000	-422.000	0.000
12.080	408.000	-64.000	-436.000	0.000
12.090	418.000	-64.000	-438.000	0.000
12.100	419.000	-60.000	-425.000	0.000
12.110	405.000	-51.000	-394.000	0.000
12.120	382.000	-37.000	-348.000	0.000
12.130	349.000	-20.000	-288.000	0.000
12.140	307.000	2.000	-217.000	0.000
12.150	259.000	27.000	-140.000	0.000
12.160	206.000	55.000	-52.000	0.000
12.170	150.000	85.000	42.000	0.000
12.180	94.000	115.000	133.000	0.000
12.190	39.000	146.000	226.000	0.000
12.200	-14.000	176.000	318.000	0.000
12.210	-60.000	204.000	398.000	0.000
12.220	-99.000	229.000	476.000	0.000
12.230	-131.000	252.000	541.000	0.000
12.240	-152.000	271.000	591.000	0.000
12.250	-163.000	286.000	632.000	0.000
12.260	-165.000	296.000	657.000	0.000
12.270	-153.000	303.000	665.000	0.000
12.280	-131.000	306.000	662.000	0.000
12.290	-98.000	306.000	645.000	0.000
12.300	-57.000	305.000	611.000	0.000
12.310	-7.000	299.000	561.000	0.000
12.320	50.000	291.000	501.000	0.000
12.330	111.000	282.000	438.000	0.000
12.340	175.000	272.000	364.000	0.000
12.350	241.000	262.000	286.000	0.000
12.360	307.000	252.000	210.000	0.000
12.370	371.000	242.000	138.000	0.000
12.380	430.000	233.000	70.000	0.000
12.390	484.000	225.000	9.000	0.000
12.400	532.000	219.000	-38.000	0.000
12.410	571.000	214.000	-81.000	0.000
12.420	601.000	212.000	-110.000	0.000
12.430	621.000	212.000	-120.000	0.000
12.440	631.000	214.000	-121.000	0.000
12.450	632.000	220.000	-110.000	0.000
12.460	623.000	229.000	-82.000	0.000
12.470	603.000	242.000	-38.000	0.000
12.480	575.000	258.000	18.000	0.000
12.490	539.000	277.000	80.000	0.000
12.500	497.000	300.000	153.000	0.000
12.510	453.000	323.000	234.000	0.000
12.520	405.000	349.000	314.000	0.000
12.530	357.000	376.000	396.000	0.000
12.540	309.000	404.000	484.000	0.000
12.550	265.000	431.000	564.000	0.000
12.560	225.000	456.000	634.000	0.000
12.570	191.000	480.000	705.000	0.000
12.580	164.000	501.000	767.000	0.000
12.590	145.000	520.000	812.000	0.000
12.600	136.000	534.000	843.000	0.000
12.610	136.000	545.000	862.000	0.000
12.620	146.000	552.000	868.000	0.000
12.630	166.000	556.000	865.000	0.000
12.640	195.000	556.000	851.000	0.000
12.650	232.000	555.000	822.000	0.000
12.660	277.000	549.000	781.000	0.000
12.670	327.000	541.000	730.000	0.000
12.680	381.000	532.000	671.000	0.000
12.690	438.000	522.000	606.000	0.000
12.700	496.000	511.000	539.000	0.000
12.710	554.000	501.000	472.000	0.000
12.720	609.000	492.000	409.000	0.000
12.730	662.000	483.000	346.000	0.000
12.740	707.000	476.000	291.000	0.000
12.750	749.000	471.000	245.000	0.000
12.760	782.000	468.000	210.000	0.000
12.770	807.000	467.000	186.000	0.000
12.780	823.000	467.000	174.000	0.000
12.790	830.000	469.000	173.000	0.000
12.800	831.000	476.000	184.000	0.000
12.810	820.000	484.000	207.000	0.000
12.820	801.000	495.000	245.000	0.000
12.830	775.000	509.000	293.000	0.000
12.840	743.000	524.000	349.000	0.000
12.850	706.000	542.000	415.000	0.000
12.860	666.000	561.000	486.000	0.000
12.870	624.000	582.000	557.000	0.000
12.880	581.000	603.000	629.000	0.000
12.890	539.000	625.000	707.000	0.000
12.900	500.000	647.000	781.000	0.000
12.910	465.000	667.000	844.000	0.000
12.920	434.000	687.000	895.000	0.000
12.930	411.000	705.000	940.000	0.000
12.940	395.000	721.000	983.000	0.000
12.950	387.000	734.000	1010.000	0.000
12.960	386.000	744.000	1024.000	0.000
12.970	394.000	750.000	1028.000	0.000
12.980	412.000	754.000	1023.000	0.000
12.990	437.000	754.000	1006.000	0.000
13.000	470.000	752.000	976.000	0.000
13.010	508.000	746.000	934.000	0.000
13.020	552.000	738.000	888.000	0.000
13.030	599.000	728.000	840.000	0.000
13.040	649.000	717.000	790.000	0.000
13.050	699.000	706.000	731.000	0.000
13.060	749.000	695.000	669.000	0.000
13.070	796.000	684.000	613.000	0.000
13.080	840.000	675.000	561.000	0.000
13.090	880.000	668.000	511.000	0.000
13.100	913.000	663.000	472.000	0.000
13.110	939.000	659.000	443.000	0.000
13.120	959.000	658.000	420.000	0.000
13.130	970.000	658.000	408.000	0.000
13.140	974.000	662.000	408.000	0.000
13.150	971.000	667.000	416.000	0.000
13.160	959.000	675.000	435.000	0.000
13.170	940.000	685.000	469.000	0.000
13.180	915.000	696.000	513.000	0.000
13.190	885.000	709.000	558.000	0.000
13.200	851.000	723.000	614.000	0.000
13.210	814.000	738.000	679.000	0.000
13.220	776.000	753.000	744.000	0.000
13.230	738.000	769.000	809.000	0.000
13.240	701.000	786.000	871.000	0.000
13.250	667.000	802.000	924.000	0.000
13.260	636.000	818.000	980.000	0.000
13.270	609.000	833.000	1032.000	0.000
13.280	589.000	847.000	1069.000	0.000
13.290	575.000	859.000	1097.000	0.000
13.300	569.000	869.000	1117.000	0.000
13.310	568.000	877.000	1127.000	0.000
13.320	576.000	882.000	1127.000	0.000
13.330	591.000	885.000	1118.000	0.000
13.340	614.000	885.000	1100.000	0.000
13.350	642.000	883.000	1070.000	0.000
13.360	676.000	877.000	1033.000	0.000
13.370	714.000	869.000	989.000	0.000
13.380	755.000	859.000	941.000	0.000
13.390	797.000	847.000	890.000	0.000
13.400	840.000	835.000	842.000	0.000
13.410	882.000	824.000	798.000	0.000
13.420	922.000	813.000	748.000	0.000
13.430	959.000	803.000	700.000	0.000
13.440	991.000	795.000	660.000	0.000
13.450	1017.000	789.000	627.000	0.000
13.460	1037.000	785.000	601.000	0.000
13.470	1051.000	784.000	582.000	0.000
13.480	1057.000	784.000	573.000	0.000
13.490	1058.000	787.000	573.000	0.000
13.500	1051.000	793.000	580.000	0.000
13.510	1036.000	800.000	597.000	0.000
13.520	1016.000	809.000	627.000	0.000
13.530	991.000	819.000	667.000	0.000
13.540	962.000	829.000	710.000	0.000
13.550	930.000	840.000	760.000	0.000
13.560	896.000	852.000	815.000	0.000
13.570	862.000	863.000	868.000	0.000
13.580	828.000	875.000	916.000	0.000
13.590	795.000	886.000	970.000	0.000
13.600	765.000	897.000	1025.000	0.000
13.610	738.000	907.000	1068.000	0.000
13.620	716.000	918.000	1104.000	0.000
13.630	699.000	927.000	1135.000	0.000
13.640	688.000	935.000	1156.000	0.000
13.650	684.000	942.000	1168.000	0.000
13.660	683.000	948.000	1171.000	0.000
13.670	691.000	951.000	1168.000	0.000
13.680	706.000	952.000	1155.000	0.000
13.690	726.000	952.000	1132.000	0.000
13.700	751.000	950.000	1101.000	0.000
13.710	781.000	944.000	1065.000	0.000
13.720	813.000	935.000	1026.000	0.000
13.730	848.000	925.000	981.000	0.000
13.740	885.000	914.000	933.000	0.000
13.750	921.000	902.000	887.000	0.000
13.760	955.000	889.000	847.000	0.000
13.770	988.000	878.000	811.000	0.000
13.780	1018.000	867.000	772.000	0.000
13.790	1042.000	858.000	737.000	0.000
13.800	1062.000	851.000	711.000	0.000
13.810	1075.000	847.000	691.000	0.000
13.820	1083.000	845.000	678.000	0.000
13.830	1084.000	845.000	673.000	0.000
13.840	1081.000	847.000	673.000	0.000
13.850	1069.000	853.000	682.000	0.000
13.860	1053.000	859.000	699.000	0.000
13.870	1031.000	867.000	726.000	0.000
13.880	1006.000	876.000	760.000	0.000
13.890	977.000	885.000	798.000	0.000
13.900	947.000	894.000	839.000	0.000
13.910	916.000	902.000	881.000	0.000
13.920	884.000	911.000	922.000	0.000
13.930	854.000	918.000	971.000	0.000
13.940	826.000	925.000	1018.000	0.000
13.950	800.000	932.000	1057.000	0.000
13.960	778.000	938.000	1091.000	0.000
13.970	760.000	944.000	1121.000	0.000
13.980	747.000	949.000	1142.000	0.000
13.990	739.000	954.000	1156.000	0.000
14.000	737.000	958.000	1161.000	0.000
14.010	738.000	960.000	1161.000	0.000
14.020	747.000	962.000	1152.000	0.000
14.030	760.000	962.000	1135.000	0.000
14.040	779.000	962.000	1109.000	0.000
14.050	801.000	958.000	1078.000	0.000
14.060	827.000	952.000	1043.000	0.000
14.070	855.000	944.000	1004.000	0.000
14.080	885.000	934.000	962.000	0.000
14.090	915.000	923.000	920.000	0.000
14.100	945.000	912.000	881.000	0.000
14.110	973.000	900.000	847.000	0.000
14.120	999.000	888.000	816.000	0.000
14.130	1021.000	878.000	785.000	0.000
14.140	1040.000	868.000	757.000	0.000
14.150	1053.000	861.000	738.000	0.000
14.160	1061.000	857.000	724.000	0.000
14.170	1064.000	855.000	715.000	0.000
14.180	1062.000	854.000	714.000	0.000
14.190	1054.000	855.000	716.000	0.000
14.200	1040.000	860.000	725.000	0.000
14.210	1022.000	866.000	743.000	0.000
14.220	1000.000	873.000	768.000	0.000
14.230	975.000	881.000	798.000	0.000
14.240	948.000	889.000	830.000	0.000
14.250	920.000	897.000	864.000	0.000
14.260	892.000	904.000	898.000	0.000
14.270	864.000	910.000	935.000	0.000
14.280	838.000	916.000	976.000	0.000
14.290	814.000	920.000	1012.000	0.000
14.300	793.000	924.000	1043.000	0.000
14.310	776.000	927.000	1070.000	0.000
14.320	762.000	929.000	1092.000	0.000
14.330	753.000	932.000	1107.000	0.000
14.340	749.000	933.000	1114.000	0.000
14.350	748.000	935.000	1115.000	0.000
14.360	752.000	935.000	1112.000	0.000
14.370	762.000	935.000	1101.000	0.000
14.380	776.000	935.000	1082.000	0.000
14.390	793.000	934.000	1057.000	0.000
14.400	814.000	931.000	1026.000	0.000
14.410	836.000	926.000	993.000	0.000
14.420	861.000	920.000	956.000	0.000
14.430	886.000	912.000	919.000	0.000
14.440	912.000	904.000	884.000	0.000
14.450	936.000	894.000	853.000	0.000
14.460	959.000	884.000	826.000	0.000
14.470	980.000	874.000	797.000	0.000
14.480	997.000	865.000	773.000	0.000
14.490	1010.000	857.000	754.000	0.000
14.500	1019.000	850.000	740.000	0.000
14.510	1024.000	846.000	731.000	0.000
14.520	1024.000	843.000	728.000	0.000
14.530	1020.000	843.000	728.000	0.000
14.540	1010.000	844.000	735.000	0.000
14.550	996.000	848.000	747.000	0.000
14.560	978.000	854.000	765.000	0.000
14.570	957.000	861.000	789.000	0.000
14.580	935.000	869.000	815.000	0.000
14.590	911.000	877.000	842.000	0.000
14.600	886.000	884.000	872.000	0.000
14.610	862.000	892.000	899.000	0.000
14.620	838.000	898.000	931.000	0.000
14.630	817.000	903.000	965.000	0.000
14.640	798.000	907.000	993.000	0.000
14.650	782.000	910.000	1018.000	0.000
14.660	769.000	911.000	1040.000	0.000
14.670	761.000	912.000	1055.000	0.000
14.680	756.000	913.000	1065.000	0.000
14.690	755.000	913.000	1070.000	0.000
14.700	757.000	913.000	1070.000	0.000
14.710	764.000	913.000	1065.000	0.000
14.720	775.000	913.000	1053.000	0.000
14.730	790.000	911.000	1034.000	0.000
14.740	806.000	910.000	1010.000	0.000
14.750	825.000	907.000	982.000	0.000
14.760	846.000	904.000	951.000	0.000
14.770	867.000	900.000	920.000	0.000
14.780	889.000	895.000	889.000	0.000
14.790	910.000	890.000	860.000	0.000
14.800	930.000	883.000	837.000	0.000
14.810	949.000	876.000	812.000	0.000
14.820	965.000	869.000	790.000	0.000
14.830	978.000	862.000	773.000	0.000
14.840	988.000	855.000	760.000	0.000
14.850	994.000	850.000	752.000	0.000
14.860	996.000	846.000	749.000	0.000
14.870	996.000	844.000	749.000	0.000
14.880	989.000	844.000	753.000	0.000
14.890	979.000	844.000	763.000	0.000
14.900	966.000	848.000	777.000	0.000
14.910	950.000	853.000	796.000	0.000
14.920	931.000	860.000	818.000	0.000
14.930	912.000	868.000	841.000	0.000
14.940	891.000	876.000	865.000	0.000
14.950	870.000	884.000	888.000	0.000
14.960	850.000	892.000	913.000	0.000
14.970	831.000	899.000	941.000	0.000
14.980	814.000	904.000	966.000	0.000
14.990	800.000	908.000	988.000	0.000
15.000	789.000	911.000	1008.000	0.000
