0.000	0.000	0.000	0.000
0.010	-1.000	-30.000	19.000
0.020	-2.000	-51.000	33.000
0.030	-3.000	-65.700	42.000
0.040	-3.000	-45.990	30.000
0.050	-4.000	-62.193	40.000
0.060	-4.000	-43.535	28.000
0.070	-5.000	-60.475	39.000
0.080	-5.000	-42.332	27.000
0.090	-5.000	-29.633	19.000
0.100	-5.000	-20.743	13.000
0.110	-5.000	-14.520	9.000
0.120	-5.000	-10.164	7.000
0.130	-5.000	-7.115	5.000
0.140	-5.000	-4.980	3.000
0.150	-4.000	26.514	-17.000
0.160	-4.000	18.560	-12.000
0.170	-4.000	12.992	-8.000
0.180	-3.000	39.094	-25.000
0.190	-3.000	27.366	-18.000
0.200	-2.000	49.156	-32.000
0.210	-2.000	34.409	-22.000
0.220	-2.000	24.087	-15.000
0.230	-2.000	16.861	-11.000
0.240	-2.000	11.802	-8.000
0.250	-2.000	8.262	-5.000
0.260	-2.000	5.783	-4.000
0.270	-2.000	4.048	-3.000
0.280	-2.000	2.834	-2.000
0.290	-2.000	1.984	-1.000
0.300	-2.000	1.389	-1.000
0.310	-3.000	-29.028	19.000
0.320	-3.000	-20.320	13.000
0.330	-3.000	-14.224	9.000
0.340	-4.000	-39.957	26.000
0.350	-4.000	-27.970	18.000
0.360	-4.000	-19.579	13.000
0.370	-4.000	-13.705	9.000
0.380	-4.000	-9.594	6.000
0.390	-4.000	-6.716	4.000
0.400	-4.000	-4.701	3.000
0.410	-4.000	-3.291	2.000
0.420	-4.000	-2.303	1.000
0.430	-4.000	-1.612	1.000
0.440	-4.000	-1.129	1.000
0.450	-3.000	29.210	-19.000
0.460	-3.000	20.447	-13.000
0.470	-3.000	14.313	-9.000
0.480	-3.000	10.019	-6.000
0.490	-3.000	7.013	-5.000
0.500	-3.000	4.909	-3.000
0.510	-3.000	3.437	145.000
0.520	-3.000	2.406	293.000
0.530	-2.000	31.684	422.000
0.540	-1.000	52.179	556.000
0.550	0.000	66.525	694.000
0.560	2.000	106.568	816.000
0.570	6.000	194.597	907.000
0.580	11.000	286.218	995.000
0.590	19.000	440.353	1044.000
0.600	27.000	548.247	1122.000
0.610	39.000	743.773	1143.000
0.620	51.000	880.641	1203.000
0.630	66.000	1066.449	1231.000
0.640	82.000	1226.514	1275.000
0.650	101.000	1428.560	1293.000
0.660	121.000	1599.992	1330.000
0.670	143.000	1779.994	1361.000
0.680	166.000	1935.996	1409.000
0.690	192.000	2135.197	1428.000
0.700	219.000	2304.638	1466.000
0.710	248.000	2483.247	1499.000
0.720	277.000	2608.273	1566.000
0.730	307.000	2725.791	1638.000
0.740	337.000	2808.054	1732.000
0.750	367.000	2865.638	1843.000
0.760	397.000	2905.946	1964.000
0.770	427.000	2934.162	2093.000
0.780	459.000	3013.914	2190.000
0.790	489.000	3009.740	2340.000
0.800	524.000	3156.818	2393.000
0.810	561.000	3319.772	2435.000
0.820	602.000	3553.841	2432.000
0.830	646.000	3807.688	2416.000
0.840	694.000	4105.382	2372.000
0.850	744.000	4373.767	2347.000
0.860	797.000	4651.637	2315.000
0.870	851.000	4876.146	2318.000
0.880	906.000	5063.302	2346.000
0.890	965.000	5314.312	2331.000
0.900	1027.000	5580.018	2308.000
0.910	1089.000	5766.013	2336.000
0.920	1154.000	5986.209	2342.000
0.930	1219.000	6140.346	2390.000
0.940	1287.000	6338.242	2410.000
0.950	1358.000	6566.770	2410.000
0.960	1429.000	6726.739	2455.000
0.970	1502.000	6898.717	2492.000
0.980	1577.000	7079.102	2523.000
0.990	1655.000	7295.371	2531.000
1.000	1730.000	7356.760	2639.000
1.010	1803.000	7339.732	2798.000
1.020	1881.000	7477.812	2856.000
1.030	1975.000	8054.469	2633.000
1.040	2072.000	8548.128	2463.000
1.050	2171.000	8953.690	2349.000
1.060	2266.000	9117.583	2391.000
1.070	2367.000	9412.308	2349.000
1.080	2473.000	9768.616	2267.000
1.090	2579.000	10018.031	2254.000
1.100	2685.000	10192.622	2289.000
1.110	2793.000	10374.835	2320.000
1.120	2900.000	10472.385	2404.000
1.130	3013.000	10720.669	2392.000
1.140	3128.000	10954.468	2389.000
1.150	3243.000	11118.128	2431.000
1.160	3364.000	11412.690	2389.000
1.170	3485.000	11618.883	2404.000
1.180	3610.000	11883.218	2381.000
1.190	3743.000	12308.253	2255.000
1.200	3871.000	12455.777	2308.000
1.210	4006.000	12769.044	2254.000
1.220	4146.000	13138.331	2164.000
1.230	4280.000	13216.831	2261.000
1.240	4424.000	13571.782	2180.000
1.250	4564.000	13700.247	2244.000
1.260	4707.000	13880.173	2276.000
1.270	4859.000	14276.121	2169.000
1.280	5000.000	14223.285	2350.000
1.290	5153.000	14546.299	2290.000
1.300	5309.000	14862.410	2234.000
1.310	5459.000	14903.687	2355.000
1.320	5624.000	15382.581	2194.000
1.330	5780.000	15447.806	2300.000
1.340	5941.000	15643.465	2321.000
1.350	6107.000	15930.425	2284.000
1.360	6276.000	16221.298	2244.000
1.370	6455.000	16724.908	2068.000
1.380	6631.000	16987.436	2046.000
1.390	6808.000	17201.205	2056.000
1.400	6993.000	17590.844	1953.000
1.410	7179.000	17893.590	1906.000
1.420	7368.000	18195.513	1859.000
1.430	7560.000	18496.859	1812.000
1.440	7752.000	18707.802	1824.000
1.450	7946.000	18915.461	1838.000
1.460	8145.000	19210.823	1795.000
1.470	8344.000	19417.576	1810.000
1.480	8548.000	19712.303	1768.000
1.490	8753.000	19948.612	1763.000
1.500	8961.000	20204.029	1746.000
1.510	9173.000	20502.820	1554.000
1.520	9384.000	20681.974	1439.000
1.530	9599.000	20927.382	1281.000
1.540	9813.000	21069.167	1190.000
1.550	10030.000	21258.417	1068.000
1.560	10247.000	21390.892	983.000
1.570	10466.000	21543.624	884.000
1.580	10683.000	21590.537	854.000
1.590	10901.000	21653.376	814.000
1.600	11118.000	21667.363	805.000
1.610	11334.000	21647.154	818.000
1.620	11551.000	21663.008	808.000
1.630	11767.000	21644.106	820.000
1.640	11985.000	21690.874	790.000
1.650	12204.000	21753.612	749.000
1.660	12422.000	21767.528	740.000
1.670	12639.000	21747.270	753.000
1.680	12855.000	21703.089	782.000
1.690	13069.000	21612.162	840.000
1.700	13283.000	21548.514	881.000
1.710	13498.000	21533.959	891.000
1.720	13711.000	21463.772	936.000
1.730	13924.000	21414.640	967.000
1.740	14142.000	21530.248	893.000
1.750	14352.000	21371.174	995.000
1.760	14567.000	21409.822	970.000
1.770	14779.000	21346.875	1011.000
1.780	14992.000	21332.813	1020.000
1.790	15208.000	21412.969	968.000
1.800	15422.000	21409.078	971.000
1.810	15636.000	21406.355	973.000
1.820	15852.000	21464.448	935.000
1.830	16064.000	21385.114	986.000
1.840	16278.000	21389.580	984.000
1.850	16489.000	21302.706	1039.000
1.860	16700.000	21241.894	1079.000
1.870	16913.000	21259.326	1067.000
1.880	17126.000	21271.528	1059.000
1.890	17331.000	21040.070	1208.000
1.900	17541.000	21028.049	1216.000
1.910	17750.000	20989.634	1241.000
1.920	17955.000	20842.744	1335.000
1.930	18167.000	20949.921	1266.000
1.940	18367.000	20664.945	1450.000
1.950	18573.000	20645.461	1462.000
1.960	18779.000	20631.823	1471.000
1.970	18987.000	20682.276	1439.000
1.980	19188.000	20507.593	1551.000
1.990	19395.000	20565.315	1514.000
2.000	19598.000	20485.721	1565.000
2.010	19806.000	20580.004	1504.000
2.020	20008.000	20466.003	1578.000
2.030	20219.000	20656.202	1455.000
2.040	20431.000	20819.342	1350.000
2.050	20637.000	20753.539	1393.000
2.060	20843.000	20707.477	1422.000
2.070	21053.000	20795.234	1366.000
2.080	21259.000	20736.664	1404.000
2.090	21469.000	20815.665	1353.000
2.100	21677.000	20810.965	1356.000
2.110	21893.000	21047.676	1203.000
2.120	22097.000	20853.373	1329.000
2.130	22307.000	20897.361	1300.000
2.140	22525.000	21168.153	1126.000
2.150	22737.000	21177.707	1120.000
2.160	22951.000	21244.395	1077.000
2.170	23170.000	21441.076	950.000
2.180	23385.000	21458.753	939.000
2.190	23600.000	21471.127	931.000
2.200	23818.000	21569.789	868.000
2.210	24035.000	21608.852	842.000
2.220	24255.000	21726.197	767.000
2.230	24465.000	21508.338	907.000
2.240	24682.000	21565.836	870.000
2.250	24898.000	21576.085	864.000
2.260	25115.000	21613.260	840.000
2.270	25333.000	21669.282	804.000
2.280	25546.000	21558.497	875.000
2.290	25762.000	21570.948	867.000
2.300	25979.000	21609.664	842.000
2.310	26193.000	21546.765	882.000
2.320	26411.000	21622.735	834.000
2.330	26625.000	21555.915	877.000
2.340	26840.000	21539.140	887.000
2.350	27056.000	21557.398	876.000
2.360	27272.000	21570.179	867.000
2.370	27488.000	21579.125	862.000
2.380	27704.000	21585.388	858.000
2.390	27919.000	21559.771	874.000
2.400	28132.000	21481.840	924.000
2.410	28347.000	21487.288	921.000
2.420	28566.000	21611.102	841.000
2.430	28779.000	21517.771	901.000
2.440	28992.000	21452.440	943.000
2.450	29206.000	21436.708	953.000
2.460	29420.000	21425.695	960.000
2.470	29632.000	21357.987	1004.000
2.480	29841.000	21220.591	1092.000
2.490	30055.000	21274.414	1058.000
2.500	30269.000	21312.089	1033.000
2.510	30481.000	21278.463	1055.000
2.520	30696.000	21344.924	1012.000
2.530	30907.000	21271.447	1060.000
2.540	31121.000	21310.013	1035.000
2.550	31336.000	21367.009	998.000
2.560	31551.000	21406.906	972.000
2.570	31763.000	21344.834	1012.000
2.580	31982.000	21511.384	905.000
2.590	32194.000	21417.969	965.000
2.600	32409.000	21442.578	949.000
2.610	32622.000	21399.805	977.000
2.620	32834.000	21339.863	1016.000
2.630	33049.000	21387.904	985.000
2.640	33263.000	21391.533	982.000
2.650	33471.000	21214.073	1096.000
2.660	33687.000	21329.851	1022.000
2.670	33896.000	21200.896	1105.000
2.680	34105.000	21110.627	1163.000
2.690	34311.000	20957.439	1262.000
2.700	34524.000	21060.207	1195.000
2.710	34732.000	20982.145	1246.000
2.720	34939.000	20897.502	1300.000
2.730	35147.000	20868.251	1319.000
2.740	35353.000	20787.776	1371.000
2.750	35563.000	20851.443	1330.000
2.760	35772.000	20866.010	1320.000
2.770	35977.000	20756.207	1391.000
2.780	36188.000	20859.345	1325.000
2.790	36401.000	20991.541	1240.000
2.800	36609.000	20934.079	1277.000
2.810	36817.000	20893.855	1302.000
2.820	37027.000	20925.699	1282.000
2.830	37239.000	21007.989	1229.000
2.840	37450.000	21035.592	1211.000
2.850	37662.000	21084.915	1180.000
2.860	37872.000	21059.440	1196.000
2.870	38081.000	21011.608	1227.000
2.880	38293.000	21068.126	1190.000
2.890	38504.000	21077.688	1184.000
2.900	38717.000	21144.382	1141.000
2.910	38928.000	21131.067	1150.000
2.920	39142.000	21211.747	1098.000
2.930	39360.000	21388.223	984.000
2.940	39571.000	21301.756	1040.000
2.950	39788.000	21421.229	963.000
2.960	40003.000	21444.860	948.000
2.970	40216.000	21401.402	976.000
2.980	40437.000	21610.982	841.000
2.990	40651.000	21547.687	882.000
3.000	40864.000	21473.381	930.000
3.010	41080.000	21511.367	905.000
3.020	41295.000	21507.957	907.000
3.030	41509.000	21475.570	928.000
3.040	41727.000	21572.899	866.000
3.050	41944.000	21611.029	841.000
3.060	42159.000	21577.720	862.000
3.070	42374.000	21554.404	877.000
3.080	42588.000	21508.083	907.000
3.090	42803.000	21505.658	909.000
3.100	43019.000	21533.961	891.000
3.110	43235.000	21553.772	878.000
3.120	43452.000	21597.641	850.000
3.130	43668.000	21598.349	849.000
3.140	43887.000	21688.844	791.000
3.150	44103.000	21662.191	808.000
3.160	44320.000	21673.534	801.000
3.170	44532.000	21531.473	892.000
3.180	44748.000	21552.031	879.000
3.190	44963.000	21536.422	889.000
3.200	45180.000	21585.495	857.000
3.210	45397.000	21619.847	835.000
3.220	45611.000	21553.893	878.000
3.230	45824.000	21477.725	927.000
3.240	46038.000	21454.407	942.000
3.250	46251.000	21408.085	972.000
3.260	46467.000	21465.660	935.000
3.270	46683.000	21505.962	909.000
3.280	46895.000	21414.173	968.000
3.290	47110.000	21439.921	951.000
3.300	47328.000	21547.945	882.000
3.310	47539.000	21413.561	968.000
3.320	47754.000	21439.493	951.000
3.330	47970.000	21487.645	920.000
3.340	48185.000	21491.352	918.000
3.350	48401.000	21523.946	897.000
3.360	48616.000	21516.762	902.000
3.370	48829.000	21451.734	944.000
3.380	49043.000	21436.214	954.000
3.390	49255.000	21365.349	999.000
3.400	49467.000	21315.745	1031.000
3.410	49676.000	21191.021	1111.000
3.420	49894.000	21373.715	994.000
3.430	50106.000	21321.600	1027.000
3.440	50317.000	21255.120	1070.000
3.450	50531.000	21298.584	1042.000
3.460	50740.000	21179.009	1119.000
3.470	50949.000	21095.306	1173.000
3.480	51154.000	20916.714	1288.000
3.490	51364.000	20941.700	1272.000
3.500	51572.000	20899.190	1299.000
3.510	51785.000	21019.433	1222.000
3.520	51994.000	20983.603	1245.000
3.530	52203.000	20958.522	1261.000
3.540	52413.000	20970.966	1253.000
3.550	52622.000	20949.676	1267.000
3.560	52828.000	20844.773	1334.000
3.570	53042.000	21011.341	1227.000
3.580	53245.000	20797.939	1364.000
3.590	53459.000	20978.557	1248.000
3.600	53665.000	20864.990	1321.000
3.610	53877.000	20965.493	1256.000
3.620	54083.000	20855.845	1327.000
3.630	54297.000	21019.092	1222.000
3.640	54506.000	20983.364	1245.000
3.650	54722.000	21168.355	1126.000
3.660	54938.000	21297.848	1043.000
3.670	55147.000	21178.494	1119.000
3.680	55363.000	21304.946	1038.000
3.690	55578.000	21363.462	1000.000
3.700	55785.000	21164.423	1128.000
3.710	55999.000	21235.096	1083.000
3.720	56213.000	21284.567	1051.000
3.730	56427.000	21319.197	1029.000
3.740	56639.000	21283.438	1052.000
3.750	56853.000	21318.407	1029.000
3.760	57072.000	21492.885	917.000
3.770	57287.000	21495.019	916.000
3.780	57498.000	21376.513	992.000
3.790	57712.000	21383.559	987.000
3.800	57932.000	21568.492	868.000
3.810	58147.000	21547.944	882.000
3.820	58366.000	21653.561	814.000
3.830	58581.000	21607.493	843.000
3.840	58797.000	21605.245	845.000
3.850	59010.000	21513.671	904.000
3.860	59227.000	21569.570	868.000
3.870	59443.000	21578.699	862.000
3.880	59662.000	21675.089	800.000
3.890	59881.000	21742.562	756.000
3.900	60098.000	21729.794	765.000
3.910	60320.000	21870.856	674.000
3.920	60536.000	21789.599	726.000
3.930	60755.000	21822.719	705.000
3.940	60970.000	21725.903	767.000
3.950	61186.000	21688.132	791.000
3.960	61399.000	21571.693	866.000
3.970	61615.000	21580.185	861.000
3.980	61829.000	21526.129	896.000
3.990	62043.000	21488.291	920.000
4.000	62256.000	21431.803	956.000
4.010	62472.000	21482.262	924.000
4.020	62686.000	21457.584	940.000
4.030	62903.000	21530.309	893.000
4.040	63120.000	21581.216	860.000
4.050	63335.000	21556.851	876.000
4.060	63548.000	21479.796	925.000
4.070	63762.000	21455.857	941.000
4.080	63979.000	21529.100	894.000
4.090	64194.000	21520.370	899.000
4.100	64410.000	21544.259	884.000
4.110	64623.000	21470.981	931.000
4.120	64838.000	21479.687	926.000
4.130	65055.000	21545.781	883.000
4.140	65265.000	21382.047	988.000
4.150	65479.000	21387.433	985.000
4.160	65694.000	21421.203	963.000
4.170	65903.000	21264.842	1064.000
4.180	66112.000	21155.389	1134.000
4.190	66319.000	21018.773	1222.000
4.200	66530.000	21043.141	1206.000
4.210	66738.000	20970.199	1253.000
4.220	66943.000	20829.139	1344.000
4.230	67150.000	20790.397	1369.000
4.240	67356.000	20733.278	1406.000
4.250	67561.000	20663.295	1451.000
4.260	67770.000	20734.306	1405.000
4.270	67975.000	20664.014	1450.000
4.280	68189.000	20884.810	1308.000
4.290	68399.000	20919.367	1286.000
4.300	68609.000	20943.557	1270.000
4.310	68815.000	20840.490	1337.000
4.320	69024.000	20858.343	1325.000
4.330	69232.000	20840.840	1337.000
4.340	69441.000	20858.588	1325.000
4.350	69650.000	20871.012	1317.000
4.360	69860.000	20909.708	1292.000
4.370	70069.000	20906.796	1294.000
4.380	70282.000	21024.757	1218.000
4.390	70493.000	21047.330	1204.000
4.400	70706.000	21123.131	1155.000
4.410	70920.000	21206.192	1102.000
4.420	71138.000	21384.334	987.000
4.430	71352.000	21389.034	984.000
4.440	71566.000	21392.324	982.000
4.450	71783.000	21484.627	922.000
4.460	71995.000	21399.239	977.000
4.470	72211.000	21459.467	939.000
4.480	72425.000	21441.627	950.000
4.490	72639.000	21429.139	958.000
4.500	72856.000	21510.397	906.000
4.510	73068.000	21417.278	966.000
4.520	73285.000	21502.095	911.000
4.530	73499.000	21471.466	931.000
4.540	73719.000	21630.026	829.000
4.550	73936.000	21651.018	815.000
4.560	74154.000	21695.713	787.000
4.570	74369.000	21636.999	824.000
4.580	74585.000	21625.899	831.000
4.590	74801.000	21618.130	836.000
4.600	75017.000	21612.691	840.000
4.610	75235.000	21668.883	804.000
4.620	75454.000	21738.218	759.000
4.630	75672.000	21756.753	747.000
4.640	75888.000	21709.727	778.000
4.650	76107.000	21766.809	741.000
4.660	76327.000	21836.766	696.000
4.670	76540.000	21675.736	799.000
4.680	76758.000	21713.015	775.000
4.690	76973.000	21649.111	817.000
4.700	77188.000	21604.378	845.000
4.710	77403.000	21573.064	865.000
4.720	77616.000	21491.145	918.000
4.730	77831.000	21493.802	916.000
4.740	78042.000	21375.661	992.000
4.750	78256.000	21382.963	988.000
4.760	78467.000	21298.074	1042.000
4.770	78687.000	21508.652	907.000
4.780	78903.000	21536.056	889.000
4.790	79117.000	21495.239	916.000
4.800	79328.000	21376.668	992.000
4.810	79540.000	21323.667	1026.000
4.820	79753.000	21316.567	1030.000
4.830	79968.000	21371.597	995.000
4.840	80184.000	21440.118	951.000
4.850	80396.000	21368.083	997.000
4.860	80610.000	21377.658	991.000
4.870	80822.000	21324.360	1025.000
4.880	81036.000	21347.052	1011.000
4.890	81248.000	21302.937	1039.000
4.900	81457.000	21182.056	1117.000
4.910	81668.000	21157.439	1133.000
4.920	81880.000	21170.207	1125.000
4.930	82089.000	21089.145	1177.000
4.940	82296.000	20972.402	1252.000
4.950	82506.000	20980.681	1247.000
4.960	82712.000	20866.477	1320.000
4.970	82913.000	20636.534	1468.000
4.980	83117.000	20565.574	1514.000
4.990	83323.000	20575.902	1507.000
5.000	83531.000	20643.131	1464.000
5.010	83737.000	20630.192	1472.000
5.020	83940.000	20531.134	1536.000
5.030	84153.000	20761.794	1387.000
5.040	84366.000	20923.256	1284.000
5.050	84572.000	20826.279	1346.000
5.060	84778.000	20758.395	1390.000
5.070	84986.000	20770.877	1382.000
5.080	85196.000	20839.614	1337.000
5.090	85411.000	21037.730	1210.000
5.100	85624.000	21116.411	1159.000
5.110	85835.000	21111.488	1162.000
5.120	86047.000	21138.041	1145.000
5.130	86258.000	21126.629	1153.000
5.140	86471.000	21178.640	1119.000
5.150	86684.000	21215.048	1096.000
5.160	86903.000	21420.534	964.000
5.170	87120.000	21504.374	910.000
5.180	87336.000	21533.062	891.000
5.190	87554.000	21613.143	840.000
5.200	87768.000	21549.200	881.000
5.210	87988.000	21684.440	794.000
5.220	88206.000	21719.108	772.000
5.230	88421.000	21653.376	814.000
5.240	88635.000	21577.363	863.000
5.250	88852.000	21614.154	839.000
5.260	89067.000	21579.908	861.000
5.270	89281.000	21525.935	896.000
5.280	89499.000	21608.155	843.000
5.290	89715.000	21605.708	844.000
5.300	89934.000	21693.996	788.000
5.310	90151.000	21695.797	787.000
5.320	90367.000	21667.058	805.000
5.330	90583.000	21646.941	818.000
5.340	90800.000	21662.858	808.000
5.350	91015.000	21614.001	839.000
5.360	91231.000	21609.801	842.000
5.370	91448.000	21636.860	824.000
5.380	91664.000	21625.802	832.000
5.390	91881.000	21648.062	817.000
5.400	92098.000	21663.643	807.000
5.410	92316.000	21704.550	781.000
5.420	92531.000	21643.185	820.000
5.430	92748.000	21660.230	809.000
5.440	92964.000	21642.161	821.000
5.450	93178.000	21569.513	868.000
5.460	93392.000	21518.659	900.000
5.470	93607.000	21513.061	904.000
5.480	93818.000	21389.143	984.000
5.490	94035.000	21482.400	924.000
5.500	94248.000	21427.680	959.000
5.510	94462.000	21419.376	964.000
5.520	94678.000	21473.563	929.000
5.530	94891.000	21421.494	963.000
5.540	95108.000	21505.046	909.000
5.550	95319.000	21383.532	987.000
5.560	95534.000	21418.473	965.000
5.570	95747.000	21382.931	988.000
5.580	95963.000	21448.052	946.000
5.590	96177.000	21433.636	955.000
5.600	96390.000	21393.545	981.000
5.610	96603.000	21365.482	999.000
5.620	96818.000	21405.837	973.000
5.630	97032.000	21404.086	974.000
5.640	97245.000	21372.860	994.000
5.650	97458.000	21351.002	1008.000
5.660	97673.000	21395.702	980.000
5.670	97883.000	21276.991	1056.000
5.680	98094.000	21223.894	1090.000
5.690	98303.000	21126.726	1153.000
5.700	98512.000	21058.708	1196.000
5.710	98727.000	21191.096	1111.000
5.720	98931.000	20953.767	1264.000
5.730	99139.000	20907.637	1294.000
5.740	99351.000	20995.346	1237.000
5.750	99557.000	20876.742	1313.000
5.760	99761.000	20733.719	1405.000
5.770	99970.000	20783.604	1373.000
5.780	100176.000	20728.523	1409.000
5.790	100386.000	20809.966	1356.000
5.800	100597.000	20896.976	1300.000
5.810	100802.000	20777.883	1377.000
5.820	101009.000	20754.518	1392.000
5.830	101221.000	20888.163	1306.000
5.840	101431.000	20921.714	1285.000
5.850	101638.000	20855.200	1327.000
5.860	101857.000	21168.640	1126.000
5.870	102067.000	21118.048	1158.000
5.880	102279.000	21142.634	1142.000
5.890	102495.000	21279.843	1054.000
5.900	102707.000	21255.890	1070.000
5.910	102924.000	21389.123	984.000
5.920	103137.000	21362.386	1001.000
5.930	103357.000	21553.670	878.000
5.940	103571.000	21507.569	908.000
5.950	103791.000	21655.299	813.000
5.960	104003.000	21518.709	900.000
5.970	104221.000	21603.096	846.000
5.980	104437.000	21602.167	847.000
5.990	104651.000	21541.517	886.000
6.000	104866.000	21529.062	894.000
6.010	105082.000	21550.343	880.000
6.020	105297.000	21535.240	890.000
6.030	105515.000	21614.668	839.000
6.040	105727.000	21490.268	919.000
6.050	105946.000	21613.187	840.000
6.060	106159.000	21519.231	900.000
6.070	106378.000	21633.462	827.000
6.080	106591.000	21533.423	891.000
6.090	106806.000	21523.396	897.000
6.100	107023.000	21576.377	863.000
6.110	107239.000	21583.464	859.000
6.120	107452.000	21498.425	913.000
6.130	107665.000	21438.897	952.000
6.140	107883.000	21547.228	882.000
6.150	108095.000	21443.060	949.000
6.160	108308.000	21400.142	977.000
6.170	108523.000	21430.099	957.000
6.180	108738.000	21451.069	944.000
6.190	108951.000	21405.749	973.000
6.200	109163.000	21344.024	1013.000
6.210	109376.000	21330.817	1021.000
6.220	109589.000	21321.572	1027.000
6.230	109799.000	21225.100	1089.000
6.240	110010.000	21187.570	1113.000
6.250	110223.000	21221.299	1092.000
6.260	110436.000	21244.909	1077.000
6.270	110650.000	21291.437	1047.000
6.280	110865.000	21354.006	1006.000
6.290	111079.000	21367.804	998.000
6.300	111293.000	21377.463	991.000
6.310	111507.000	21384.224	987.000
6.320	111721.000	21388.957	984.000
6.330	111939.000	21512.270	905.000
6.340	112155.000	21538.589	888.000
6.350	112371.000	21557.012	876.000
6.360	112585.000	21509.909	906.000
6.370	112801.000	21536.936	889.000
6.380	113020.000	21645.855	819.000
6.390	113236.000	21632.099	827.000
6.400	113451.000	21592.469	853.000
6.410	113670.000	21684.728	794.000
6.420	113885.000	21629.310	829.000
6.430	114098.000	21530.517	893.000
6.440	114307.000	21341.362	1015.000
6.450	114521.000	21358.953	1003.000
6.460	114731.000	21251.267	1073.000
6.470	114938.000	21085.887	1179.000
6.480	115147.000	21030.121	1215.000
6.490	115359.000	21081.085	1182.000
6.500	115566.000	20966.759	1256.000
6.510	115776.000	20976.731	1249.000
6.520	115985.000	20953.712	1264.000
6.530	116198.000	21057.598	1197.000
6.540	116405.000	20950.319	1266.000
6.550	116615.000	20965.223	1257.000
6.560	116823.000	20915.656	1288.000
6.570	117037.000	21060.959	1195.000
6.580	117249.000	21102.672	1168.000
6.590	117463.000	21191.870	1111.000
6.600	117672.000	21104.309	1167.000
6.610	117883.000	21103.016	1168.000
6.620	118092.000	21042.111	1207.000
6.630	118306.000	21149.478	1138.000
6.640	118517.000	21134.635	1148.000
6.650	118737.000	21394.244	981.000
6.660	118949.000	21335.971	1018.000
6.670	119163.000	21355.180	1006.000
6.680	119380.000	21458.626	939.000
6.690	119592.000	21381.038	989.000
6.700	119810.000	21506.727	908.000
6.710	120023.000	21444.709	948.000
6.720	120238.000	21461.296	937.000
6.730	120456.000	21562.907	872.000
6.740	120667.000	21424.035	961.000
6.750	120885.000	21536.825	889.000
6.760	121099.000	21495.777	915.000
6.770	121314.000	21497.044	914.000
6.780	121531.000	21557.931	875.000
6.790	121746.000	21540.552	886.000
6.800	121963.000	21588.386	856.000
6.810	122176.000	21501.870	911.000
6.820	122390.000	21471.309	931.000
6.830	122605.000	21479.916	925.000
6.840	122818.000	21425.942	960.000
6.850	123032.000	21418.159	965.000
6.860	123245.000	21382.711	988.000
6.870	123458.000	21357.898	1004.000
6.880	123671.000	21340.529	1015.000
6.890	123884.000	21328.370	1023.000
6.900	124097.000	21319.859	1028.000
6.910	124312.000	21373.901	994.000
6.920	124527.000	21411.731	969.000
6.930	124743.000	21468.212	933.000
6.940	124959.000	21507.748	907.000
6.950	125175.000	21535.424	890.000
6.960	125389.000	21494.797	916.000
6.970	125603.000	21466.358	934.000
6.980	125818.000	21476.450	928.000
6.990	126031.000	21423.515	962.000
7.000	126244.000	21386.461	986.000
7.010	126459.000	21420.522	0.000
7.020	126673.000	21414.366	0.000
7.030	126883.000	21290.056	0.000
7.040	127094.000	21233.039	0.000
7.050	127300.000	21043.127	0.000
7.060	127506.000	20910.189	0.000
7.070	127711.000	20787.132	0.000
7.080	127913.000	20610.993	0.000
7.090	128114.000	20457.695	0.000
7.100	128313.000	20290.386	0.000
7.110	128511.000	20143.271	0.000
7.120	128704.000	19890.289	0.000
7.130	128894.000	19623.203	0.000
7.140	129081.000	19346.242	0.000
7.150	129269.000	19182.369	0.000
7.160	129450.000	18857.658	0.000
7.170	129627.000	18510.361	0.000
7.180	129803.000	18237.253	0.000
7.190	129979.000	18046.077	0.000
7.200	130150.000	17762.254	0.000
7.210	130314.000	17353.578	0.000
7.220	130477.000	17037.504	0.000
7.230	130638.000	16756.253	0.000
7.240	130791.000	16319.377	0.000
7.250	130942.000	15953.564	0.000
7.260	131091.000	15637.495	0.000
7.270	131235.000	15266.246	0.000
7.280	131380.000	15036.372	0.000
7.290	131520.000	14725.461	0.000
7.300	131654.000	14327.823	0.000
7.310	131786.000	13989.476	0.000
7.320	131914.000	13632.633	0.000
7.330	132044.000	13442.843	0.000
7.340	132167.000	13099.990	0.000
7.350	132286.000	12739.993	0.000
7.360	132402.000	12397.995	0.000
7.370	132512.000	11978.597	0.000
7.380	132619.000	11595.018	0.000
7.390	132721.000	11176.512	0.000
7.400	132822.000	10853.559	0.000
7.410	132921.000	10567.491	0.000
7.420	133016.000	10247.244	0.000
7.430	133112.000	10053.071	0.000
7.440	133204.000	9797.149	0.000
7.450	133295.000	9588.005	0.000
7.460	133380.000	9261.603	0.000
7.470	133464.000	9003.122	0.000
7.480	133542.000	8642.186	0.000
7.490	133617.000	8299.530	0.000
7.500	133693.000	8089.671	0.000
7.510	133762.000	7732.770	0.000
7.520	133832.000	7512.939	0.000
7.530	133898.000	7239.057	0.000
7.540	133961.000	6957.340	0.000
7.550	134023.000	6730.138	0.000
7.560	134080.000	6421.097	0.000
7.570	134136.000	6174.768	0.000
7.580	134189.000	5912.337	0.000
7.590	134240.000	5668.636	0.000
7.600	134291.000	5498.045	0.000
7.610	134339.000	5288.632	0.000
7.620	134387.000	5142.042	0.000
7.630	134435.000	5039.430	0.000
7.640	134482.000	4937.601	0.000
7.650	134528.000	4836.320	0.000
7.660	134572.000	4705.424	0.000
7.670	134612.000	4493.797	0.000
7.680	134652.000	4345.658	0.000
7.690	134688.000	4121.961	0.000
7.700	134722.000	3905.372	0.000
7.710	134754.000	3693.761	0.000
7.720	134782.000	3425.632	0.000
7.730	134807.000	3147.943	0.000
7.740	134830.000	2893.560	0.000
7.750	134850.000	2625.492	0.000
7.760	134872.000	2497.844	0.000
7.770	134891.000	2318.491	0.000
7.780	134909.000	2162.944	0.000
7.790	134926.000	2024.061	0.000
7.800	134941.000	1866.842	0.000
7.810	134954.000	1696.790	0.000
7.820	134967.000	1577.753	0.000
7.830	134979.000	1464.427	0.000
7.840	134988.000	1295.099	0.000
7.850	134996.000	1146.569	0.000
7.860	135003.000	1012.598	0.000
7.870	135008.000	858.819	0.000
7.880	135012.000	721.173	0.000
7.890	135014.000	564.821	0.000
7.900	135015.000	425.375	0.000
7.910	135014.000	267.762	0.000
7.920	135012.000	127.434	0.000
7.930	135009.000	-0.796	0.000
7.940	135004.000	-150.557	0.000
7.950	134999.000	-255.390	0.000
7.960	134992.000	-388.773	0.000
7.970	134984.000	-512.141	0.000
7.980	134976.000	-598.499	0.000
7.990	134967.000	-688.949	0.000
8.000	134958.000	-752.264	0.000
8.010	134948.000	-826.585	0.000
8.020	134938.000	-878.610	0.000
8.030	134928.000	-915.027	0.000
8.040	134918.000	-940.519	0.000
8.050	134907.000	-988.363	0.000
8.060	134896.000	-1021.854	0.000
8.070	134886.000	-1015.298	0.000
8.080	134876.000	-1010.709	0.000
8.090	134866.000	-1007.496	0.000
8.100	134856.000	-1005.247	0.000
8.110	134847.000	-973.673	0.000
8.120	134837.000	-981.571	0.000
8.130	134829.000	-927.100	0.000
8.140	134821.000	-888.970	0.000
8.150	134814.000	-832.279	0.000
8.160	134807.000	-792.595	0.000
8.170	134801.000	-734.817	0.000
8.180	134795.000	-694.372	0.000
8.190	134791.000	-606.060	0.000
8.200	134787.000	-544.242	0.000
8.210	134784.000	-470.969	0.000
8.220	134782.000	-389.679	0.000
8.230	134779.000	-362.775	0.000
8.240	134778.000	-283.943	0.000
8.250	134778.000	-198.760	0.000
8.260	134778.000	-139.132	0.000
8.270	134779.000	-67.392	0.000
8.280	134780.000	-17.175	0.000
8.290	134783.000	77.978	0.000
8.300	134785.000	114.584	0.000
8.310	134788.000	170.209	0.000
8.320	134791.000	209.146	0.000
8.330	134795.000	266.402	0.000
8.340	134799.000	306.482	0.000
8.350	134803.000	334.537	0.000
8.360	134807.000	354.176	0.000
8.370	134811.000	367.923	0.000
8.380	134816.000	407.546	0.000
8.390	134820.000	405.282	0.000
8.400	134824.000	403.698	0.000
8.410	134828.000	402.588	0.000
8.420	134832.000	401.812	0.000
8.430	134836.000	401.268	0.000
8.440	134840.000	400.888	0.000
8.450	134843.000	370.621	0.000
8.460	134846.000	349.435	0.000
8.470	134849.000	334.605	0.000
8.480	134851.000	294.223	0.000
8.490	134853.000	265.956	0.000
8.500	134855.000	246.169	0.000
8.510	134856.000	202.319	0.000
8.520	134857.000	171.623	0.000
8.530	134858.000	150.136	0.000
8.540	134858.000	105.095	0.000
8.550	134858.000	73.567	0.000
8.560	134858.000	51.497	0.000
8.570	134857.000	6.048	0.000
8.580	134856.000	-25.767	0.000
8.590	134855.000	-48.037	0.000
8.600	134853.000	-93.626	0.000
8.610	134851.000	-125.538	0.000
8.620	134849.000	-147.877	0.000
8.630	134847.000	-163.514	0.000
8.640	134845.000	-174.460	0.000
8.650	134843.000	-182.122	0.000
8.660	134841.000	-187.485	0.000
8.670	134839.000	-191.240	0.000
8.680	134837.000	-193.868	0.000
8.690	134835.000	-195.707	0.000
8.700	134834.000	-166.995	0.000
8.710	134833.000	-146.897	0.000
8.720	134831.000	-162.828	0.000
8.730	134831.000	-113.979	0.000
8.740	134830.000	-109.786	0.000
8.750	134829.000	-106.850	0.000
8.760	134829.000	-74.795	0.000
8.770	134829.000	-52.356	0.000
8.780	134829.000	-36.650	0.000
8.790	134829.000	-25.655	0.000
8.800	134830.000	12.042	0.000
8.810	134831.000	38.429	0.000
8.820	134831.000	26.900	0.000
8.830	134832.000	48.830	0.000
8.840	134834.000	94.181	0.000
8.850	134835.000	95.927	0.000
8.860	134836.000	97.149	0.000
8.870	134838.000	128.004	0.000
8.880	134839.000	119.603	0.000
8.890	134840.000	113.722	0.000
8.900	134841.000	109.605	0.000
8.910	134842.000	106.724	0.000
8.920	134843.000	104.707	0.000
8.930	134844.000	103.295	0.000
8.940	134845.000	102.306	0.000
8.950	134846.000	101.614	0.000
8.960	134846.000	71.130	0.000
8.970	134847.000	79.791	0.000
8.980	134847.000	55.854	0.000
8.990	134847.000	39.098	0.000
9.000	134847.000	27.368	0.000
9.010	134846.000	-10.842	0.000
9.020	134846.000	-7.590	0.000
9.030	134845.000	-35.313	0.000
9.040	134844.000	-54.719	0.000
9.050	134843.000	-68.303	0.000
9.060	134843.000	-47.812	0.000
9.070	134842.000	-63.469	0.000
9.080	134841.000	-74.428	0.000
9.090	134840.000	-82.100	0.000
9.100	134839.000	-87.470	0.000
9.110	134839.000	-61.229	0.000
9.120	134838.000	-72.860	0.000
9.130	134837.000	-81.002	0.000
9.140	134836.000	-86.701	0.000
9.150	134836.000	-60.691	0.000
9.160	134835.000	-72.484	0.000
9.170	134835.000	-50.739	0.000
9.180	134835.000	-35.517	0.000
9.190	134835.000	-24.862	0.000
9.200	134835.000	-17.403	0.000
9.210	134835.000	-12.182	0.000
9.220	134836.000	21.472	0.000
9.230	134836.000	15.031	0.000
9.240	134837.000	40.521	0.000
9.250	134838.000	58.365	0.000
9.260	134838.000	40.856	0.000
9.270	134839.000	58.599	0.000
9.280	134839.000	41.019	0.000
9.290	134840.000	58.713	0.000
9.300	134841.000	71.099	0.000
9.310	134841.000	49.770	0.000
9.320	134842.000	64.839	0.000
9.330	134842.000	45.387	0.000
9.340	134843.000	61.771	0.000
9.350	134843.000	43.240	0.000
9.360	134843.000	30.268	0.000
9.370	134843.000	21.187	0.000
9.380	134843.000	14.831	0.000
9.390	134843.000	10.382	0.000
9.400	134843.000	7.267	0.000
9.410	134843.000	5.087	0.000
9.420	134843.000	3.561	0.000
9.430	134842.000	-27.507	0.000
9.440	134842.000	-19.255	0.000
9.450	134841.000	-43.479	0.000
9.460	134841.000	-30.435	0.000
9.470	134840.000	-51.305	0.000
9.480	134840.000	-35.913	0.000
9.490	134840.000	-25.139	0.000
9.500	134839.000	-47.597	0.000
9.510	134839.000	-33.318	0.000
9.520	134839.000	-23.323	0.000
9.530	134838.000	-46.326	0.000
9.540	134838.000	-32.428	0.000
9.550	134838.000	-22.700	0.000
9.560	134838.000	-15.890	0.000
9.570	134838.000	-11.123	0.000
9.580	134838.000	-7.786	0.000
9.590	134838.000	-5.450	0.000
9.600	134838.000	-3.815	0.000
9.610	134839.000	27.329	0.000
9.620	134839.000	19.131	0.000
9.630	134839.000	13.391	0.000
9.640	134839.000	9.374	0.000
9.650	134840.000	36.562	0.000
9.660	134840.000	25.593	0.000
9.670	134840.000	17.915	0.000
9.680	134841.000	42.541	0.000
9.690	134841.000	29.778	0.000
9.700	134841.000	20.845	0.000
9.710	134842.000	44.591	0.000
9.720	134842.000	31.214	0.000
9.730	134842.000	21.850	0.000
9.740	134842.000	15.295	0.000
9.750	134842.000	10.706	0.000
9.760	134842.000	7.494	0.000
9.770	134842.000	5.246	0.000
9.780	134842.000	3.672	0.000
9.790	134842.000	2.571	0.000
9.800	134841.000	-28.201	0.000
9.810	134841.000	-19.740	0.000
9.820	134841.000	-13.818	0.000
9.830	134840.000	-39.673	0.000
9.840	134840.000	-27.771	0.000
9.850	134840.000	-19.440	0.000
9.860	134840.000	-13.608	0.000
9.870	134840.000	-9.525	0.000
9.880	134839.000	-36.668	0.000
9.890	134839.000	-25.667	0.000
9.900	134839.000	-17.967	0.000
9.910	134839.000	-12.577	0.000
9.920	134839.000	-8.804	0.000
9.930	134839.000	-6.163	0.000
9.940	134839.000	-4.314	0.000
9.950	134839.000	-3.020	0.000
9.960	134839.000	-2.114	0.000
9.970	134839.000	-1.480	0.000
9.980	134840.000	28.964	0.000
9.990	134840.000	20.275	0.000
10.000	134840.000	14.192	0.000
