0.000	0.000	0.000	0.000
0.010	5.000	150.000	-97.000
0.020	6.000	135.000	-87.000
0.030	6.000	94.500	-61.000
0.040	6.000	66.150	-43.000
0.050	6.000	46.305	-30.000
0.060	6.000	32.413	-21.000
0.070	6.000	22.689	-15.000
0.080	5.000	-14.117	9.000
0.090	4.000	-39.882	26.000
0.100	2.000	-87.918	57.000
0.110	1.000	-91.542	59.000
0.120	-1.000	-124.080	80.000
0.130	-2.000	-116.856	75.000
0.140	-4.000	-141.799	91.000
0.150	-5.000	-129.259	83.000
0.160	-6.000	-120.482	78.000
0.170	-8.000	-144.337	93.000
0.180	-9.000	-131.036	84.000
0.190	-10.000	-121.725	78.000
0.200	-11.000	-115.208	74.000
0.210	-12.000	-110.645	71.000
0.220	-12.000	-77.452	50.000
0.230	-13.000	-84.216	54.000
0.240	-14.000	-88.951	57.000
0.250	-14.000	-62.266	40.000
0.260	-14.000	-43.586	28.000
0.270	-15.000	-60.510	39.000
0.280	-15.000	-42.357	27.000
0.290	-15.000	-29.650	19.000
0.300	-15.000	-20.755	13.000
0.310	-15.000	-14.529	9.000
0.320	-15.000	-10.170	7.000
0.330	-15.000	-7.119	5.000
0.340	-15.000	-4.983	3.000
0.350	-15.000	-3.488	2.000
0.360	-15.000	-2.442	2.000
0.370	-15.000	-1.709	1.000
0.380	-15.000	-1.196	1.000
0.390	-15.000	-0.838	1.000
0.400	-15.000	-0.586	0.000
0.410	-15.000	-0.410	0.000
0.420	-15.000	-0.287	0.000
0.430	-15.000	-0.201	0.000
0.440	-15.000	-0.141	0.000
0.450	-15.000	-0.099	0.000
0.460	-15.000	-0.069	0.000
0.470	-14.000	29.952	-19.000
0.480	-14.000	20.966	-13.000
0.490	-14.000	14.676	-9.000
0.500	-14.000	10.273	-7.000
0.510	-14.000	7.191	98.000
0.520	-14.000	5.034	203.000
0.530	-14.000	3.524	306.000
0.540	-14.000	2.467	410.000
0.550	-13.000	31.727	494.000
0.560	-11.000	82.209	564.000
0.570	-9.000	117.546	645.000
0.580	-6.000	172.282	712.000
0.590	-3.000	210.598	791.000
0.600	1.000	267.418	857.000
0.610	7.000	367.193	896.000
0.620	13.000	437.035	953.000
0.630	20.000	515.924	1006.000
0.640	28.000	601.147	1054.000
0.650	37.000	690.803	1099.000
0.660	47.000	783.562	1142.000
0.670	58.000	878.493	1184.000
0.680	70.000	974.945	1225.000
0.690	83.000	1072.462	1265.000
0.700	98.000	1200.723	1285.000
0.710	114.000	1320.506	1311.000
0.720	132.000	1464.354	1321.000
0.730	151.000	1595.048	1340.000
0.740	172.000	1746.534	1346.000
0.750	195.000	1912.574	1342.000
0.760	219.000	2058.801	1351.000
0.770	245.000	2221.161	1349.000
0.780	272.000	2364.813	1359.000
0.790	301.000	2525.369	1359.000
0.800	332.000	2697.758	1351.000
0.810	364.000	2848.431	1357.000
0.820	397.000	2983.902	1373.000
0.830	431.000	3108.731	1395.000
0.840	467.000	3256.112	1403.000
0.850	505.000	3419.278	1401.000
0.860	543.000	3533.495	1431.000
0.870	582.000	3643.446	1463.000
0.880	624.000	3810.412	1458.000
0.890	667.000	3957.289	1467.000
0.900	711.000	4090.102	1484.000
0.910	758.000	4273.071	1469.000
0.920	805.000	4401.150	1490.000
0.930	853.000	4520.805	1516.000
0.940	903.000	4664.564	1526.000
0.950	955.000	4825.194	1526.000
0.960	1007.000	4937.636	1556.000
0.970	1061.000	5076.345	1570.000
0.980	1117.000	5233.442	1572.000
0.990	1174.000	5373.409	1584.000
1.000	1232.000	5501.386	1605.000
1.010	1291.000	5620.971	1631.000
1.020	1352.000	5764.679	1641.000
1.030	1415.000	5925.276	1641.000
1.040	1478.000	6037.693	1671.000
1.050	1544.000	6206.385	1666.000
1.060	1610.000	6324.470	1693.000
1.070	1678.000	6467.129	1704.000
1.080	1748.000	6626.990	1704.000
1.090	1819.000	6768.893	1715.000
1.100	1892.000	6928.225	1716.000
1.110	1965.000	7039.758	1747.000
1.120	2041.000	7207.830	1742.000
1.130	2119.000	7385.481	1730.000
1.140	2198.000	7539.837	1734.000
1.150	2279.000	7707.886	1729.000
1.160	2361.000	7855.520	1737.000
1.170	2445.000	8018.864	1734.000
1.180	2531.000	8193.205	1725.000
1.190	2618.000	8345.243	1730.000
1.200	2708.000	8541.670	1707.000
1.210	2799.000	8709.169	1702.000
1.220	2892.000	8886.418	1691.000
1.230	2987.000	9070.493	1675.000
1.240	3083.000	9229.345	1676.000
1.250	3182.000	9430.542	1649.000
1.260	3282.000	9601.379	1642.000
1.270	3385.000	9810.965	1610.000
1.280	3488.000	9957.676	1619.000
1.290	3594.000	10150.373	1598.000
1.300	3701.000	10315.261	1594.000
1.310	3810.000	10490.683	1584.000
1.320	3920.000	10643.478	1589.000
1.330	4032.000	10810.435	1585.000
1.340	4146.000	10987.304	1574.000
1.350	4261.000	11141.113	1578.000
1.360	4379.000	11338.779	1553.000
1.370	4498.000	11507.145	1548.000
1.380	4618.000	11655.002	1556.000
1.390	4741.000	11848.501	1534.000
1.400	4865.000	12013.951	1530.000
1.410	4992.000	12219.766	1501.000
1.420	5119.000	12363.836	1511.000
1.430	5249.000	12554.685	1491.000
1.440	5378.000	12658.280	1527.000
1.450	5511.000	12850.796	1506.000
1.460	5644.000	12985.557	1523.000
1.470	5781.000	13199.890	1488.000
1.480	5916.000	13289.923	1533.000
1.490	6054.000	13442.946	1537.000
1.500	6193.000	13580.062	1552.000
1.510	6334.000	13736.044	1451.000
1.520	6478.000	13935.230	1323.000
1.530	6620.000	14014.661	1272.000
1.540	6764.000	14130.263	1198.000
1.550	6910.000	14271.184	1107.000
1.560	7056.000	14369.829	1044.000
1.570	7189.000	14048.880	1250.000
1.580	7337.000	14274.216	1105.000
1.590	7484.000	14401.951	1023.000
1.600	7634.000	14581.366	907.000
1.610	7785.000	14736.956	807.000
1.620	7936.000	14845.869	737.000
1.630	8086.000	14892.109	708.000
1.640	8238.000	14984.476	648.000
1.650	8390.000	15049.133	607.000
1.660	8544.000	15154.393	539.000
1.670	8696.000	15168.075	530.000
1.680	8848.000	15177.653	524.000
1.690	9001.000	15214.357	500.000
1.700	9155.000	15270.050	464.000
1.710	9310.000	15339.035	420.000
1.720	9462.000	15297.324	447.000
1.730	9615.000	15298.127	446.000
1.740	9770.000	15358.689	407.000
1.750	9923.000	15341.082	419.000
1.760	10078.000	15388.758	388.000
1.770	10232.000	15392.130	386.000
1.780	10385.000	15364.491	404.000
1.790	10540.000	15405.144	377.000
1.800	10694.000	15403.601	378.000
1.810	10849.000	15432.520	360.000
1.820	11005.000	15482.764	328.000
1.830	11158.000	15427.935	363.000
1.840	11312.000	15419.555	368.000
1.850	11467.000	15443.688	353.000
1.860	11621.000	15430.582	361.000
1.870	11774.000	15391.407	386.000
1.880	11929.000	15423.985	365.000
1.890	12082.000	15386.790	389.000
1.900	12235.000	15360.753	406.000
1.910	12388.000	15342.527	418.000
1.920	12540.000	15299.769	445.000
1.930	12693.000	15299.838	445.000
1.940	12846.000	15299.887	445.000
1.950	12997.000	15239.921	484.000
1.960	13149.000	15227.944	491.000
1.970	13301.000	15219.561	497.000
1.980	13452.000	15183.693	520.000
1.990	13605.000	15218.585	498.000
2.000	13757.000	15213.009	501.000
2.010	13910.000	15239.107	484.000
2.020	14062.000	15227.375	492.000
2.030	14218.000	15339.162	420.000
2.040	14369.000	15267.414	466.000
2.050	14524.000	15337.190	421.000
2.060	14677.000	15326.033	428.000
2.070	14832.000	15378.223	395.000
2.080	14987.000	15414.756	371.000
2.090	15140.000	15380.329	393.000
2.100	15294.000	15386.230	390.000
2.110	15448.000	15390.361	387.000
2.120	15604.000	15453.253	347.000
2.130	15758.000	15437.277	357.000
2.140	15912.000	15426.094	364.000
2.150	16067.000	15448.266	350.000
2.160	16223.000	15493.786	320.000
2.170	16378.000	15495.650	319.000
2.180	16531.000	15436.955	357.000
2.190	16687.000	15485.869	326.000
2.200	16839.000	15400.108	381.000
2.210	16993.000	15400.076	381.000
2.220	17146.000	15370.053	400.000
2.230	17298.000	15319.037	433.000
2.240	17451.000	15313.326	437.000
2.250	17603.000	15279.328	458.000
2.260	17755.000	15255.530	474.000
2.270	17908.000	15268.871	465.000
2.280	18057.000	15158.210	536.000
2.290	18208.000	15140.747	548.000
2.300	18360.000	15158.523	536.000
2.310	18510.000	15110.966	567.000
2.320	18662.000	15137.676	550.000
2.330	18812.000	15096.373	576.000
2.340	18962.000	15067.461	595.000
2.350	19114.000	15107.223	569.000
2.360	19268.000	15195.056	513.000
2.370	19417.000	15106.539	570.000
2.380	19571.000	15194.577	513.000
2.390	19721.000	15136.204	551.000
2.400	19874.000	15185.343	519.000
2.410	20027.000	15219.740	497.000
2.420	20177.000	15153.818	539.000
2.430	20330.000	15197.673	511.000
2.440	20483.000	15228.371	491.000
2.450	20638.000	15309.860	439.000
2.460	20789.000	15246.902	479.000
2.470	20943.000	15292.831	450.000
2.480	21095.000	15264.982	468.000
2.490	21249.000	15305.487	442.000
2.500	21402.000	15303.841	443.000
2.510	21555.000	15302.689	443.000
2.520	21710.000	15361.882	405.000
2.530	21862.000	15313.317	437.000
2.540	22015.000	15309.322	439.000
2.550	22169.000	15336.526	422.000
2.560	22320.000	15265.568	467.000
2.570	22472.000	15245.898	480.000
2.580	22624.000	15232.128	489.000
2.590	22776.000	15222.490	495.000
2.600	22928.000	15215.743	499.000
2.610	23079.000	15181.020	522.000
2.620	23230.000	15156.714	537.000
2.630	23383.000	15199.700	510.000
2.640	23533.000	15139.790	548.000
2.650	23683.000	15097.853	575.000
2.660	23835.000	15128.497	555.000
2.670	23986.000	15119.948	561.000
2.680	24137.000	15113.964	565.000
2.690	24288.000	15109.774	568.000
2.700	24440.000	15136.842	550.000
2.710	24593.000	15185.789	519.000
2.720	24746.000	15220.053	497.000
2.730	24899.000	15244.037	481.000
2.740	25052.000	15260.826	470.000
2.750	25206.000	15302.578	443.000
2.760	25359.000	15301.805	444.000
2.770	25513.000	15331.263	425.000
2.780	25666.000	15321.884	431.000
2.790	25821.000	15375.319	397.000
2.800	25975.000	15382.723	392.000
2.810	26131.000	15447.906	350.000
2.820	26286.000	15463.534	340.000
2.830	26440.000	15444.474	352.000
2.840	26596.000	15491.132	322.000
2.850	26750.000	15463.792	340.000
2.860	26906.000	15504.655	313.000
2.870	27060.000	15473.258	334.000
2.880	27214.000	15451.281	348.000
2.890	27369.000	15465.897	338.000
2.900	27524.000	15476.128	332.000
2.910	27678.000	15453.289	347.000
2.920	27832.000	15437.303	357.000
2.930	27985.000	15396.112	383.000
2.940	28139.000	15397.278	383.000
2.950	28291.000	15338.095	421.000
2.960	28443.000	15296.666	447.000
2.970	28596.000	15297.666	447.000
2.980	28747.000	15238.367	485.000
2.990	28897.000	15166.857	531.000
3.000	29050.000	15206.800	505.000
3.010	29201.000	15174.760	526.000
3.020	29354.000	15212.332	502.000
3.030	29505.000	15178.632	523.000
3.040	29659.000	15245.043	480.000
3.050	29811.000	15231.530	489.000
3.060	29964.000	15252.071	476.000
3.070	30116.000	15236.450	486.000
3.080	30269.000	15255.515	474.000
3.090	30422.000	15268.860	465.000
3.100	30576.000	15308.202	440.000
3.110	30732.000	15395.742	384.000
3.120	30884.000	15337.019	421.000
3.130	31038.000	15355.913	409.000
3.140	31192.000	15369.139	401.000
3.150	31347.000	15408.398	375.000
3.160	31499.000	15345.878	416.000
3.170	31654.000	15392.115	386.000
3.180	31808.000	15394.480	384.000
3.190	31962.000	15396.136	383.000
3.200	32117.000	15427.295	363.000
3.210	32271.000	15419.107	368.000
3.220	32425.000	15413.375	372.000
3.230	32579.000	15409.362	375.000
3.240	32733.000	15406.554	377.000
3.250	32886.000	15374.588	397.000
3.260	33039.000	15352.211	412.000
3.270	33192.000	15336.548	422.000
3.280	33344.000	15295.584	448.000
3.290	33497.000	15296.908	447.000
3.300	33649.000	15267.836	466.000
3.310	33800.000	15217.485	498.000
3.320	33951.000	15182.240	521.000
3.330	34102.000	15157.568	537.000
3.340	34253.000	15140.297	548.000
3.350	34404.000	15128.208	556.000
3.360	34556.000	15149.746	542.000
3.370	34707.000	15134.822	551.000
3.380	34858.000	15124.375	558.000
3.390	35011.000	15177.063	524.000
3.400	35161.000	15123.944	558.000
3.410	35313.000	15146.761	544.000
3.420	35465.000	15162.733	533.000
3.430	35618.000	15203.913	507.000
3.440	35769.000	15172.739	527.000
3.450	35920.000	15150.917	541.000
3.460	36071.000	15135.642	551.000
3.470	36224.000	15184.949	519.000
3.480	36376.000	15189.465	516.000
3.490	36528.000	15192.625	514.000
3.500	36681.000	15224.838	493.000
3.510	36834.000	15247.386	479.000
3.520	36986.000	15233.170	488.000
3.530	37139.000	15253.219	475.000
3.540	37293.000	15297.254	447.000
3.550	37445.000	15268.077	466.000
3.560	37598.000	15277.654	460.000
3.570	37752.000	15314.358	436.000
3.580	37904.000	15280.051	458.000
3.590	38056.000	15256.035	473.000
3.600	38209.000	15269.225	465.000
3.610	38361.000	15248.457	478.000
3.620	38513.000	15233.920	488.000
3.630	38665.000	15223.744	494.000
3.640	38817.000	15216.621	499.000
3.650	38968.000	15181.635	521.000
3.660	39118.000	15127.144	556.000
3.670	39269.000	15119.001	562.000
3.680	39420.000	15113.301	565.000
3.690	39572.000	15139.310	549.000
3.700	39721.000	15067.517	595.000
3.710	39872.000	15077.262	588.000
3.720	40024.000	15114.083	565.000
3.730	40175.000	15109.858	567.000
3.740	40326.000	15106.901	569.000
3.750	40478.000	15134.831	551.000
3.760	40631.000	15184.381	520.000
3.770	40782.000	15159.067	536.000
3.780	40935.000	15201.347	509.000
3.790	41087.000	15200.943	509.000
3.800	41240.000	15230.660	490.000
3.810	41393.000	15251.462	476.000
3.820	41546.000	15266.023	467.000
3.830	41699.000	15276.216	460.000
3.840	41853.000	15313.351	437.000
3.850	42006.000	15309.346	439.000
3.860	42160.000	15336.542	422.000
3.870	42315.000	15385.580	390.000
3.880	42469.000	15389.906	387.000
3.890	42626.000	15482.934	327.000
3.900	42778.000	15398.054	382.000
3.910	42933.000	15428.638	362.000
3.920	43087.000	15420.046	368.000
3.930	43241.000	15414.032	372.000
3.940	43397.000	15469.823	336.000
3.950	43550.000	15418.876	369.000
3.960	43703.000	15383.213	392.000
3.970	43858.000	15418.249	369.000
3.980	44010.000	15352.774	411.000
3.990	44163.000	15336.942	421.000
4.000	44317.000	15355.859	409.000
4.010	44469.000	15309.102	439.000
4.020	44623.000	15336.371	422.000
4.030	44774.000	15265.460	467.000
4.040	44927.000	15275.822	461.000
4.050	45080.000	15283.075	456.000
4.060	45232.000	15258.153	472.000
4.070	45384.000	15240.707	483.000
4.080	45537.000	15258.495	472.000
4.090	45690.000	15270.946	464.000
4.100	45844.000	15309.662	439.000
4.110	45996.000	15276.764	460.000
4.120	46152.000	15373.735	398.000
4.130	46304.000	15321.614	431.000
4.140	46458.000	15345.130	416.000
4.150	46613.000	15391.591	386.000
4.160	46767.000	15394.114	385.000
4.170	46922.000	15425.880	364.000
4.180	47077.000	15448.116	350.000
4.190	47231.000	15433.681	359.000
4.200	47385.000	15423.577	366.000
4.210	47540.000	15446.504	351.000
4.220	47695.000	15462.553	341.000
4.230	47851.000	15503.787	314.000
4.240	48005.000	15472.651	334.000
4.250	48160.000	15480.856	329.000
4.260	48314.000	15456.599	344.000
4.270	48468.000	15439.619	355.000
4.280	48623.000	15457.733	344.000
4.290	48776.000	15410.413	374.000
4.300	48929.000	15377.289	395.000
4.310	49081.000	15324.103	430.000
4.320	49234.000	15316.872	434.000
4.330	49386.000	15281.810	457.000
4.340	49538.000	15257.267	473.000
4.350	49689.000	15210.087	503.000
4.360	49841.000	15207.061	505.000
4.370	49992.000	15174.943	526.000
4.380	50143.000	15152.460	540.000
4.390	50293.000	15106.722	569.000
4.400	50444.000	15104.705	571.000
4.410	50595.000	15103.294	572.000
4.420	50747.000	15132.306	553.000
4.430	50897.000	15092.614	579.000
4.440	51048.000	15094.830	577.000
4.450	51201.000	15156.381	538.000
4.460	51352.000	15139.467	548.000
4.470	51504.000	15157.627	537.000
4.480	51657.000	15200.339	509.000
4.490	51808.000	15170.237	529.000
4.500	51961.000	15209.166	504.000
4.510	52113.000	15206.416	505.000
4.520	52267.000	15264.491	468.000
4.530	52419.000	15245.144	480.000
4.540	52571.000	15231.601	489.000
4.550	52724.000	15252.121	476.000
4.560	52878.000	15296.484	447.000
4.570	53030.000	15267.539	466.000
4.580	53184.000	15307.277	440.000
4.590	53337.000	15305.094	442.000
4.600	53490.000	15303.566	443.000
4.610	53644.000	15332.496	424.000
4.620	53797.000	15322.747	430.000
4.630	53950.000	15315.923	435.000
4.640	54104.000	15341.146	419.000
4.650	54256.000	15298.802	446.000
4.660	54408.000	15269.162	465.000
4.670	54560.000	15248.413	478.000
4.680	54711.000	15203.889	507.000
4.690	54862.000	15172.722	527.000
4.700	55014.000	15180.906	522.000
4.710	55165.000	15156.634	537.000
4.720	55318.000	15199.644	510.000
4.730	55467.000	15109.751	568.000
4.740	55617.000	15076.825	589.000
4.750	55769.000	15113.778	565.000
4.760	55919.000	15079.644	587.000
4.770	56070.000	15085.751	583.000
4.780	56221.000	15090.026	580.000
4.790	56372.000	15093.018	578.000
4.800	56523.000	15095.113	577.000
4.810	56675.000	15126.579	557.000
4.820	56828.000	15178.605	523.000
4.830	56980.000	15185.024	519.000
4.840	57133.000	15219.517	497.000
4.850	57285.000	15213.662	501.000
4.860	57440.000	15299.563	445.000
4.870	57592.000	15269.694	465.000
4.880	57746.000	15308.786	439.000
4.890	57900.000	15336.150	422.000
4.900	58053.000	15325.305	429.000
4.910	58208.000	15377.714	395.000
4.920	58364.000	15444.399	352.000
4.930	58517.000	15401.080	380.000
4.940	58671.000	15400.756	380.000
4.950	58825.000	15400.529	380.000
4.960	58979.000	15400.370	381.000
4.970	59135.000	15460.259	342.000
4.980	59289.000	15442.181	354.000
4.990	59443.000	15429.527	362.000
5.000	59598.000	15450.669	348.000
5.010	59751.000	15405.468	377.000
5.020	59905.000	15403.828	378.000
5.030	60059.000	15402.679	379.000
5.040	60211.000	15341.876	418.000
5.050	60363.000	15299.313	446.000
5.060	60518.000	15359.519	407.000
5.070	60669.000	15281.663	457.000
5.080	60821.000	15257.164	473.000
5.090	60974.000	15270.015	464.000
5.100	61127.000	15279.011	459.000
5.110	61279.000	15255.307	474.000
5.120	61433.000	15298.715	446.000
5.130	61585.000	15269.101	465.000
5.140	61738.000	15278.370	459.000
5.150	61892.000	15314.859	436.000
5.160	62044.000	15280.402	458.000
5.170	62199.000	15346.281	415.000
5.180	62352.000	15332.397	424.000
5.190	62504.000	15292.678	450.000
5.200	62659.000	15354.874	410.000
5.210	62813.000	15368.412	401.000
5.220	62967.000	15377.888	395.000
5.230	63121.000	15384.522	391.000
5.240	63274.000	15359.165	407.000
5.250	63428.000	15371.416	399.000
5.260	63583.000	15409.991	374.000
5.270	63737.000	15406.994	376.000
5.280	63892.000	15434.896	358.000
5.290	64045.000	15394.427	384.000
5.300	64200.000	15426.099	364.000
5.310	64355.000	15448.269	350.000
5.320	64507.000	15373.788	398.000
5.330	64661.000	15381.652	393.000
5.340	64815.000	15387.156	389.000
5.350	64968.000	15361.009	406.000
5.360	65121.000	15342.707	418.000
5.370	65273.000	15299.895	445.000
5.380	65425.000	15269.926	464.000
5.390	65578.000	15278.948	459.000
5.400	65729.000	15225.264	493.000
5.410	65879.000	15157.685	537.000
5.420	66030.000	15140.379	548.000
5.430	66183.000	15188.266	517.000
5.440	66331.000	15071.786	592.000
5.450	66482.000	15080.250	587.000
5.460	66631.000	15026.175	621.000
5.470	66784.000	15108.323	568.000
5.480	66933.000	15045.826	609.000
5.490	67085.000	15092.078	579.000
5.500	67233.000	15004.455	635.000
5.510	67385.000	15063.118	598.000
5.520	67536.000	15074.183	590.000
5.530	67689.000	15141.928	547.000
5.540	67841.000	15159.350	536.000
5.550	67991.000	15111.545	566.000
5.560	68144.000	15168.081	530.000
5.570	68295.000	15147.657	543.000
5.580	68447.000	15163.360	533.000
5.590	68601.000	15234.352	487.000
5.600	68752.000	15194.046	513.000
5.610	68905.000	15225.832	493.000
5.620	69058.000	15248.083	479.000
5.630	69211.000	15263.658	469.000
5.640	69365.000	15304.561	442.000
5.650	69517.000	15273.192	462.000
5.660	69669.000	15251.235	476.000
5.670	69823.000	15295.864	448.000
5.680	69976.000	15297.105	447.000
5.690	70128.000	15267.973	466.000
5.700	70281.000	15277.581	460.000
5.710	70433.000	15254.307	475.000
5.720	70586.000	15268.015	466.000
5.730	70739.000	15277.610	460.000
5.740	70889.000	15194.327	513.000
5.750	71042.000	15226.029	493.000
5.760	71194.000	15218.220	498.000
5.770	71344.000	15152.754	540.000
5.780	71497.000	15196.928	511.000
5.790	71647.000	15137.850	549.000
5.800	71798.000	15126.495	557.000
5.810	71951.000	15178.546	523.000
5.820	72102.000	15154.982	538.000
5.830	72254.000	15168.488	530.000
5.840	72407.000	15207.941	504.000
5.850	72560.000	15235.559	487.000
5.860	72712.000	15224.891	493.000
5.870	72865.000	15247.424	479.000
5.880	73018.000	15263.197	469.000
5.890	73172.000	15304.238	442.000
5.900	73324.000	15272.966	463.000
5.910	73478.000	15311.076	438.000
5.920	73632.000	15337.754	421.000
5.930	73786.000	15356.427	409.000
5.940	73939.000	15339.499	420.000
5.950	74095.000	15417.649	369.000
5.960	74248.000	15382.355	392.000
5.970	74402.000	15387.648	389.000
5.980	74555.000	15361.354	406.000
5.990	74711.000	15432.948	360.000
6.000	74864.000	15393.063	385.000
6.010	75018.000	15395.144	384.000
6.020	75173.000	15426.601	364.000
6.030	75327.000	15418.621	369.000
6.040	75481.000	15413.035	372.000
6.050	75634.000	15379.124	394.000
6.060	75787.000	15355.387	409.000
6.070	75943.000	15428.771	362.000
6.080	76094.000	15330.140	426.000
6.090	76247.000	15321.098	432.000
6.100	76399.000	15284.768	455.000
6.110	76551.000	15259.338	471.000
6.120	76704.000	15271.537	463.000
6.130	76857.000	15280.076	458.000
6.140	77009.000	15256.053	473.000
6.150	77161.000	15239.237	484.000
6.160	77314.000	15257.466	472.000
6.170	77467.000	15270.226	464.000
6.180	77621.000	15309.158	439.000
6.190	77774.000	15306.411	441.000
6.200	77929.000	15364.488	404.000
6.210	78080.000	15285.141	455.000
6.220	78234.000	15319.599	433.000
6.230	78388.000	15343.719	417.000
6.240	78542.000	15360.603	406.000
6.250	78696.000	15372.422	399.000
6.260	78850.000	15380.696	393.000
6.270	79005.000	15416.487	370.000
6.280	79160.000	15441.541	354.000
6.290	79315.000	15459.079	343.000
6.300	79468.000	15411.355	373.000
6.310	79622.000	15407.949	376.000
6.320	79776.000	15405.564	377.000
6.330	79931.000	15433.895	359.000
6.340	80086.000	15453.726	346.000
6.350	80239.000	15407.608	376.000
6.360	80393.000	15405.326	377.000
6.370	80549.000	15463.728	340.000
6.380	80701.000	15384.610	391.000
6.390	80855.000	15389.227	388.000
6.400	81007.000	15332.459	424.000
6.410	81159.000	15292.721	450.000
6.420	81311.000	15264.905	468.000
6.430	81462.000	15215.433	500.000
6.440	81613.000	15180.803	522.000
6.450	81765.000	15186.562	518.000
6.460	81915.000	15130.594	554.000
6.470	82065.000	15091.416	579.000
6.480	82216.000	15093.991	578.000
6.490	82367.000	15095.794	577.000
6.500	82517.000	15067.056	595.000
6.510	82668.000	15076.939	589.000
6.520	82817.000	15023.857	623.000
6.530	82967.000	15016.700	627.000
6.540	83118.000	15041.690	611.000
6.550	83270.000	15089.183	581.000
6.560	83422.000	15122.428	559.000
6.570	83573.000	15115.700	564.000
6.580	83724.000	15110.990	567.000
6.590	83876.000	15137.693	550.000
6.600	84027.000	15126.385	557.000
6.610	84179.000	15148.469	543.000
6.620	84331.000	15163.929	533.000
6.630	84483.000	15174.750	526.000
6.640	84637.000	15242.325	482.000
6.650	84790.000	15259.628	471.000
6.660	84941.000	15211.739	502.000
6.670	85093.000	15208.217	504.000
6.680	85247.000	15265.752	467.000
6.690	85400.000	15276.027	461.000
6.700	85553.000	15283.219	456.000
6.710	85706.000	15288.253	453.000
6.720	85860.000	15321.777	431.000
6.730	86013.000	15315.244	435.000
6.740	86164.000	15250.671	477.000
6.750	86317.000	15265.470	467.000
6.760	86470.000	15275.829	461.000
6.770	86621.000	15223.080	495.000
6.780	86773.000	15216.156	499.000
6.790	86925.000	15211.309	502.000
6.800	87076.000	15177.916	524.000
6.810	87227.000	15154.542	539.000
6.820	87378.000	15138.179	549.000
6.830	87529.000	15126.725	557.000
6.840	87680.000	15118.708	562.000
6.850	87832.000	15143.095	546.000
6.860	87983.000	15130.167	554.000
6.870	88135.000	15151.117	541.000
6.880	88285.000	15105.782	570.000
6.890	88437.000	15134.047	552.000
6.900	88590.000	15183.833	520.000
6.910	88742.000	15188.683	517.000
6.920	88896.000	15252.078	476.000
6.930	89047.000	15206.455	505.000
6.940	89200.000	15234.518	487.000
6.950	89354.000	15284.163	455.000
6.960	89508.000	15318.914	433.000
6.970	89660.000	15283.240	456.000
6.980	89815.000	15348.268	414.000
6.990	89967.000	15303.787	443.000
7.000	90122.000	15362.651	405.000
