0.000	0.000	0.000	0.000
0.010	3.000	90.000	-58.000
0.020	4.000	93.000	-60.000
0.030	5.000	95.100	-61.000
0.040	6.000	96.570	-62.000
0.050	7.000	97.599	-63.000
0.060	7.000	68.319	-44.000
0.070	7.000	47.824	-31.000
0.080	7.000	33.476	-22.000
0.090	7.000	23.434	-15.000
0.100	7.000	16.403	-11.000
0.110	6.000	-18.518	12.000
0.120	5.000	-42.962	28.000
0.130	4.000	-60.074	39.000
0.140	3.000	-72.052	46.000
0.150	1.000	-110.436	71.000
0.160	0.000	-107.305	69.000
0.170	-1.000	-105.114	68.000
0.180	-2.000	-103.580	67.000
0.190	-3.000	-102.506	66.000
0.200	-5.000	-131.754	85.000
0.210	-6.000	-122.228	79.000
0.220	-6.000	-85.559	55.000
0.230	-7.000	-89.892	58.000
0.240	-8.000	-92.924	60.000
0.250	-9.000	-95.047	61.000
0.260	-9.000	-66.533	43.000
0.270	-10.000	-76.573	49.000
0.280	-11.000	-83.601	54.000
0.290	-11.000	-58.521	38.000
0.300	-11.000	-40.965	26.000
0.310	-12.000	-58.675	38.000
0.320	-12.000	-41.073	26.000
0.330	-12.000	-28.751	18.000
0.340	-12.000	-20.126	13.000
0.350	-12.000	-14.088	9.000
0.360	-12.000	-9.862	6.000
0.370	-12.000	-6.903	4.000
0.380	-12.000	-4.832	3.000
0.390	-12.000	-3.383	2.000
0.400	-12.000	-2.368	2.000
0.410	-12.000	-1.657	1.000
0.420	-12.000	-1.160	1.000
0.430	-12.000	-0.812	1.000
0.440	-12.000	-0.568	0.000
0.450	-12.000	-0.398	0.000
0.460	-12.000	-0.279	0.000
0.470	-12.000	-0.195	0.000
0.480	-12.000	-0.136	0.000
0.490	-12.000	-0.096	0.000
0.500	-12.000	-0.067	0.000
0.510	-12.000	-0.047	103.000
0.520	-12.000	-0.033	206.000
0.530	-12.000	-0.023	309.000
0.540	-12.000	-0.016	412.000
0.550	-11.000	29.989	495.000
0.560	-9.000	80.992	565.000
0.570	-7.000	116.694	645.000
0.580	-4.000	171.686	713.000
0.590	0.000	240.180	771.000
0.600	5.000	318.126	824.000
0.610	11.000	402.688	873.000
0.620	17.000	461.882	937.000
0.630	24.000	533.317	994.000
0.640	33.000	643.322	1027.000
0.650	42.000	720.325	1080.000
0.660	53.000	834.228	1109.000
0.670	64.000	913.959	1161.000
0.680	77.000	1029.772	1189.000
0.690	90.000	1110.840	1240.000
0.700	105.000	1227.588	1268.000
0.710	121.000	1339.312	1299.000
0.720	139.000	1477.518	1313.000
0.730	159.000	1634.263	1315.000
0.740	180.000	1773.984	1328.000
0.750	203.000	1931.789	1329.000
0.760	227.000	2072.252	1342.000
0.770	253.000	2230.576	1343.000
0.780	281.000	2401.404	1336.000
0.790	310.000	2550.982	1343.000
0.800	340.000	2685.688	1359.000
0.810	372.000	2839.981	1362.000
0.820	405.000	2977.987	1376.000
0.830	440.000	3134.591	1379.000
0.840	476.000	3274.214	1392.000
0.850	514.000	3431.950	1393.000
0.860	552.000	3542.365	1425.000
0.870	592.000	3679.655	1439.000
0.880	635.000	3865.759	1423.000
0.890	678.000	3996.031	1442.000
0.900	723.000	4147.222	1447.000
0.910	769.000	4283.055	1463.000
0.920	817.000	4438.139	1466.000
0.930	867.000	4606.697	1460.000
0.940	918.000	4754.688	1468.000
0.950	970.000	4888.282	1485.000
0.960	1024.000	5041.797	1489.000
0.970	1078.000	5149.258	1523.000
0.980	1134.000	5284.481	1539.000
0.990	1192.000	5439.136	1542.000
1.000	1251.000	5577.395	1556.000
1.010	1311.000	5704.177	1577.000
1.020	1373.000	5852.924	1585.000
1.030	1436.000	5987.047	1601.000
1.040	1501.000	6140.933	1605.000
1.050	1567.000	6278.653	1619.000
1.060	1634.000	6405.057	1641.000
1.070	1703.000	6553.540	1648.000
1.080	1773.000	6687.478	1665.000
1.090	1845.000	6841.235	1669.000
1.100	1918.000	6978.864	1683.000
1.110	1992.000	7105.205	1705.000
1.120	2068.000	7253.643	1712.000
1.130	2146.000	7417.550	1710.000
1.140	2226.000	7592.285	1700.000
1.150	2307.000	7744.600	1705.000
1.160	2390.000	7911.220	1701.000
1.170	2475.000	8087.854	1690.000
1.180	2560.000	8211.498	1713.000
1.190	2648.000	8388.048	1703.000
1.200	2738.000	8571.634	1687.000
1.210	2831.000	8790.144	1650.000
1.220	2924.000	8943.101	1654.000
1.230	3019.000	9110.170	1650.000
1.240	3116.000	9287.119	1639.000
1.250	3215.000	9470.984	1623.000
1.260	3315.000	9629.688	1624.000
1.270	3418.000	9830.782	1597.000
1.280	3522.000	10001.547	1590.000
1.290	3629.000	10211.083	1559.000
1.300	3736.000	10357.758	1567.000
1.310	3845.000	10520.431	1565.000
1.320	3956.000	10694.302	1556.000
1.330	4068.000	10846.011	1562.000
1.340	4182.000	11012.208	1558.000
1.350	4299.000	11218.545	1528.000
1.360	4416.000	11362.982	1538.000
1.370	4535.000	11524.087	1537.000
1.380	4656.000	11696.861	1529.000
1.390	4779.000	11877.803	1515.000
1.400	4904.000	12064.462	1498.000
1.410	5029.000	12195.123	1517.000
1.420	5156.000	12346.586	1522.000
1.430	5286.000	12542.610	1499.000
1.440	5416.000	12679.827	1514.000
1.450	5547.000	12805.879	1535.000
1.460	5680.000	12954.115	1543.000
1.470	5816.000	13147.881	1521.000
1.480	5952.000	13283.517	1537.000
1.490	6090.000	13438.462	1540.000
1.500	6230.000	13606.923	1534.000
1.510	6371.000	13754.846	1439.000
1.520	6512.000	13858.392	1373.000
1.530	6656.000	14020.875	1268.000
1.540	6800.000	14134.612	1195.000
1.550	6945.000	14244.229	1124.000
1.560	7092.000	14380.960	1036.000
1.570	7238.000	14446.672	994.000
1.580	7386.000	14552.670	926.000
1.590	7534.000	14626.869	878.000
1.600	7682.000	14678.808	845.000
1.610	7831.000	14745.166	802.000
1.620	7984.000	14911.616	695.000
1.630	8131.000	14848.131	736.000
1.640	8282.000	14923.692	687.000
1.650	8433.000	14976.584	653.000
1.660	8587.000	15103.609	571.000
1.670	8737.000	15072.526	591.000
1.680	8889.000	15110.768	567.000
1.690	9041.000	15137.538	550.000
1.700	9194.000	15186.277	518.000
1.710	9347.000	15220.394	496.000
1.720	9500.000	15244.276	481.000
1.730	9653.000	15260.993	470.000
1.740	9807.000	15302.695	443.000
1.750	9961.000	15331.886	425.000
1.760	10115.000	15352.321	411.000
1.770	10271.000	15426.624	364.000
1.780	10423.000	15358.637	407.000
1.790	10578.000	15401.046	380.000
1.800	10732.000	15400.732	380.000
1.810	10887.000	15430.513	361.000
1.820	11041.000	15421.359	367.000
1.830	11195.000	15414.951	371.000
1.840	11349.000	15410.466	374.000
1.850	11504.000	15437.326	357.000
1.860	11658.000	15426.128	364.000
1.870	11813.000	15448.290	350.000
1.880	11966.000	15403.803	378.000
1.890	12119.000	15372.662	398.000
1.900	12273.000	15380.863	393.000
1.910	12426.000	15356.604	409.000
1.920	12579.000	15339.623	420.000
1.930	12732.000	15327.736	427.000
1.940	12885.000	15319.415	433.000
1.950	13039.000	15343.591	417.000
1.960	13190.000	15270.513	464.000
1.970	13343.000	15279.359	458.000
1.980	13497.000	15315.552	435.000
1.990	13649.000	15280.886	457.000
2.000	13803.000	15316.620	434.000
2.010	13955.000	15281.634	457.000
2.020	14109.000	15317.144	434.000
2.030	14262.000	15312.001	437.000
2.040	14415.000	15308.401	440.000
2.050	14569.000	15335.880	422.000
2.060	14724.000	15385.116	390.000
2.070	14877.000	15359.581	407.000
2.080	15032.000	15401.707	380.000
2.090	15186.000	15401.195	380.000
2.100	15340.000	15400.836	380.000
2.110	15494.000	15400.585	380.000
2.120	15648.000	15400.410	381.000
2.130	15803.000	15430.287	361.000
2.140	15957.000	15421.201	367.000
2.150	16111.000	15414.841	371.000
2.160	16266.000	15440.388	355.000
2.170	16420.000	15428.272	363.000
2.180	16574.000	15419.790	368.000
2.190	16728.000	15413.853	372.000
2.200	16881.000	15379.697	394.000
2.210	17035.000	15385.788	390.000
2.220	17188.000	15360.052	406.000
2.230	17340.000	15312.036	437.000
2.240	17491.000	15248.425	478.000
2.250	17643.000	15233.898	488.000
2.260	17795.000	15223.728	494.000
2.270	17944.000	15126.610	557.000
2.280	18095.000	15118.627	562.000
2.290	18245.000	15083.039	585.000
2.300	18395.000	15058.127	601.000
2.310	18545.000	15040.689	612.000
2.320	18695.000	15028.482	620.000
2.330	18844.000	14989.938	645.000
2.340	18995.000	15022.956	623.000
2.350	19144.000	14986.069	647.000
2.360	19296.000	15050.249	606.000
2.370	19447.000	15065.174	596.000
2.380	19599.000	15105.622	570.000
2.390	19750.000	15103.935	571.000
2.400	19901.000	15102.755	572.000
2.410	20053.000	15131.928	553.000
2.420	20204.000	15122.350	559.000
2.430	20356.000	15145.645	544.000
2.440	20508.000	15161.951	534.000
2.450	20660.000	15173.366	527.000
2.460	20813.000	15211.356	502.000
2.470	20966.000	15237.949	485.000
2.480	21119.000	15256.565	473.000
2.490	21273.000	15299.595	445.000
2.500	21426.000	15299.717	3722.000
2.510	21582.000	15389.802	3664.000
2.520	21743.000	15602.861	3527.000
2.530	21908.000	15872.003	3354.000
2.540	22079.000	16240.402	3117.000
2.550	22253.000	16588.281	2893.000
2.560	22432.000	16981.797	2640.000
2.570	22611.000	17257.258	2463.000
2.580	22795.000	17600.081	2242.000
2.590	22982.000	17930.056	2030.000
2.600	23171.000	18221.039	1842.000
2.610	23360.000	18424.728	1711.000
2.620	23553.000	18687.309	1542.000
2.630	23748.000	18931.117	1386.000
2.640	23943.000	19101.782	1276.000
2.650	24140.000	19281.247	1160.000
2.660	24337.000	19406.873	1080.000
2.670	24537.000	19584.811	965.000
2.680	24737.000	19709.368	885.000
2.690	24938.000	19826.557	810.000
2.700	25140.000	19938.590	737.000
2.710	25343.000	20047.013	668.000
2.720	25546.000	20122.909	619.000
2.730	25751.000	20236.036	546.000
2.740	25955.000	20285.226	514.000
2.750	26159.000	20319.658	492.000
2.760	26365.000	20403.760	438.000
2.770	26570.000	20432.632	420.000
2.780	26775.000	20452.843	407.000
2.790	26981.000	20496.990	378.000
2.800	27185.000	20467.893	397.000
2.810	27394.000	20597.525	314.000
2.820	27598.000	20538.268	352.000
2.830	27800.000	20436.787	417.000
2.840	28004.000	20425.751	424.000
2.850	28209.000	20448.026	410.000
2.860	28411.000	20373.618	458.000
2.870	28614.000	20351.533	472.000
2.880	28817.000	20336.073	482.000
2.890	29018.000	20265.251	527.000
2.900	29221.000	20275.676	521.000
2.910	29423.000	20252.973	535.000
2.920	29627.000	20297.081	507.000
2.930	29830.000	20297.957	506.000
2.940	30034.000	20328.570	487.000
2.950	30236.000	20289.999	511.000
2.960	30439.000	20292.999	509.000
2.970	30642.000	20295.099	508.000
2.980	30846.000	20326.570	488.000
2.990	31050.000	20348.599	474.000
3.000	31254.000	20364.019	464.000
3.010	31459.000	20404.813	437.000
3.020	31664.000	20433.369	419.000
3.030	31868.000	20423.359	426.000
3.040	32072.000	20416.351	430.000
3.050	32276.000	20411.446	433.000
3.060	32480.000	20408.012	435.000
3.070	32684.000	20405.608	437.000
3.080	32888.000	20403.926	438.000
3.090	33092.000	20402.748	439.000
3.100	33296.000	20401.924	439.000
3.110	33500.000	20401.347	440.000
3.120	33702.000	20340.943	479.000
3.130	33903.000	20268.660	525.000
3.140	34105.000	20248.062	538.000
3.150	34308.000	20263.643	528.000
3.160	34510.000	20244.550	541.000
3.170	34711.000	20201.185	568.000
3.180	34915.000	20260.830	530.000
3.190	35117.000	20242.581	542.000
3.200	35318.000	20199.807	569.000
3.210	35520.000	20199.865	569.000
3.220	35723.000	20229.905	550.000
3.230	35925.000	20220.934	556.000
3.240	36127.000	20214.654	560.000
3.250	36333.000	20330.257	485.000
3.260	36535.000	20291.180	511.000
3.270	36737.000	20263.826	528.000
3.280	36941.000	20304.678	502.000
3.290	37145.000	20333.275	484.000
3.300	37347.000	20293.292	509.000
3.310	37552.000	20355.305	469.000
3.320	37755.000	20338.713	480.000
3.330	37957.000	20297.099	507.000
3.340	38160.000	20297.969	506.000
3.350	38364.000	20328.579	487.000
3.360	38567.000	20320.005	492.000
3.370	38770.000	20314.004	496.000
3.380	38972.000	20279.802	518.000
3.390	39174.000	20255.862	533.000
3.400	39378.000	20299.103	506.000
3.410	39579.000	20239.372	544.000
3.420	39782.000	20257.561	532.000
3.430	39984.000	20240.292	543.000
3.440	40187.000	20258.205	532.000
3.450	40391.000	20300.743	504.000
3.460	40594.000	20300.520	505.000
3.470	40798.000	20330.364	485.000
3.480	41001.000	20321.255	491.000
3.490	41205.000	20344.878	476.000
3.500	41408.000	20331.415	485.000
3.510	41613.000	20381.990	452.000
3.520	41816.000	20357.393	468.000
3.530	42020.000	20370.175	460.000
3.540	42224.000	20379.123	454.000
3.550	42428.000	20385.386	450.000
3.560	42632.000	20389.770	447.000
3.570	42837.000	20422.839	426.000
3.580	43041.000	20415.987	430.000
3.590	43246.000	20441.191	414.000
3.600	43451.000	20458.834	403.000
3.610	43654.000	20411.184	433.000
3.620	43858.000	20407.829	436.000
3.630	44063.000	20435.480	418.000
3.640	44267.000	20424.836	425.000
3.650	44470.000	20387.385	449.000
3.660	44675.000	20421.170	427.000
3.670	44875.000	20294.819	508.000
3.680	45079.000	20326.373	488.000
3.690	45281.000	20288.461	512.000
3.700	45484.000	20291.923	510.000
3.710	45688.000	20324.346	489.000
3.720	45892.000	20347.042	475.000
3.730	46093.000	20272.930	522.000
3.740	46298.000	20341.051	479.000
3.750	46502.000	20358.735	467.000
3.760	46707.000	20401.115	440.000
3.770	46911.000	20400.780	440.000
3.780	47116.000	20430.546	421.000
3.790	47320.000	20421.382	427.000
3.800	47525.000	20444.968	412.000
3.810	47730.000	20461.477	401.000
3.820	47935.000	20473.034	394.000
3.830	48141.000	20511.124	369.000
3.840	48345.000	20477.787	391.000
3.850	48550.000	20484.451	386.000
3.860	48757.000	20549.116	345.000
3.870	48960.000	20474.381	393.000
3.880	49165.000	20482.067	388.000
3.890	49367.000	20397.447	442.000
3.900	49572.000	20428.213	422.000
3.910	49775.000	20389.749	447.000
3.920	49977.000	20332.824	484.000
3.930	50180.000	20322.977	490.000
3.940	50382.000	20286.084	514.000
3.950	50584.000	20260.259	530.000
3.960	50786.000	20242.181	542.000
3.970	50988.000	20229.527	550.000
3.980	51190.000	20220.669	556.000
3.990	51393.000	20244.468	541.000
4.000	51596.000	20261.128	530.000
4.010	51799.000	20272.789	522.000
4.020	52002.000	20280.953	517.000
4.030	52205.000	20286.667	514.000
4.040	52409.000	20320.667	492.000
4.050	52612.000	20314.467	496.000
4.060	52816.000	20340.127	479.000
4.070	53020.000	20358.089	468.000
4.080	53224.000	20370.662	459.000
4.090	53429.000	20409.463	434.000
4.100	53632.000	20376.624	456.000
4.110	53836.000	20383.637	451.000
4.120	54040.000	20388.546	448.000
4.130	54243.000	20361.982	465.000
4.140	54447.000	20373.388	458.000
4.150	54650.000	20351.371	472.000
4.160	54853.000	20335.960	482.000
4.170	55056.000	20325.172	489.000
4.180	55258.000	20287.620	513.000
4.190	55459.000	20231.334	549.000
4.200	55661.000	20221.934	555.000
4.210	55864.000	20245.354	540.000
4.220	56065.000	20201.748	568.000
4.230	56267.000	20201.223	568.000
4.240	56468.000	20170.856	588.000
4.250	56672.000	20239.599	544.000
4.260	56875.000	20257.720	532.000
4.270	57079.000	20300.404	505.000
4.280	57282.000	20300.283	505.000
4.290	57486.000	20330.198	485.000
4.300	57690.000	20351.138	472.000
4.310	57894.000	20365.797	463.000
4.320	58098.000	20376.058	456.000
4.330	58303.000	20413.240	432.000
4.340	58508.000	20439.268	415.000
4.350	58713.000	20457.488	404.000
4.360	58916.000	20410.241	434.000
4.370	59121.000	20437.169	417.000
4.380	59325.000	20426.018	424.000
4.390	59532.000	20508.213	371.000
4.400	59735.000	20445.749	411.000
4.410	59941.000	20492.024	381.000
4.420	60144.000	20434.417	418.000
4.430	60348.000	20424.092	425.000
4.440	60551.000	20386.864	449.000
4.450	60755.000	20390.805	447.000
4.460	60958.000	20363.564	464.000
4.470	61162.000	20374.494	457.000
4.480	61365.000	20352.146	471.000
4.490	61569.000	20366.502	462.000
4.500	61772.000	20346.552	475.000
4.510	61976.000	20362.586	465.000
4.520	62179.000	20343.810	477.000
4.530	62382.000	20330.667	485.000
4.540	62590.000	20471.467	395.000
4.550	62792.000	20390.027	447.000
4.560	62996.000	20393.019	445.000
4.570	63201.000	20425.113	424.000
4.580	63404.000	20387.579	449.000
4.590	63608.000	20391.305	446.000
4.600	63813.000	20423.914	425.000
4.610	64018.000	20446.740	411.000
4.620	64223.000	20462.718	400.000
4.630	64428.000	20473.902	393.000
4.640	64632.000	20451.732	407.000
4.650	64837.000	20466.212	398.000
4.660	65041.000	20446.349	411.000
4.670	65245.000	20432.444	420.000
4.680	65449.000	20422.711	426.000
4.690	65653.000	20415.898	430.000
4.700	65855.000	20351.128	472.000
4.710	66058.000	20335.790	482.000
4.720	66261.000	20325.053	489.000
4.730	66463.000	20287.537	513.000
4.740	66666.000	20291.276	511.000
4.750	66867.000	20233.893	547.000
4.760	67071.000	20283.725	515.000
4.770	67275.000	20318.608	493.000
4.780	67475.000	20223.025	554.000
4.790	67678.000	20246.118	540.000
4.800	67880.000	20232.282	548.000
4.810	68083.000	20252.598	535.000
4.820	68286.000	20266.818	526.000
4.830	68489.000	20276.773	520.000
4.840	68692.000	20283.741	515.000
4.850	68895.000	20288.619	512.000
4.860	69100.000	20352.033	471.000
4.870	69301.000	20276.423	520.000
4.880	69505.000	20313.496	496.000
4.890	69707.000	20279.447	518.000
4.900	69911.000	20315.613	495.000
4.910	70114.000	20310.929	498.000
4.920	70317.000	20307.650	500.000
4.930	70520.000	20305.355	501.000
4.940	70722.000	20273.749	522.000
4.950	70925.000	20281.624	517.000
4.960	71128.000	20287.137	513.000
4.970	71328.000	20200.996	569.000
4.980	71530.000	20200.697	569.000
4.990	71732.000	20200.488	569.000
5.000	71934.000	20200.342	569.000
5.010	72136.000	20200.239	569.000
5.020	72338.000	20200.167	569.000
5.030	72541.000	20230.117	550.000
5.040	72744.000	20251.082	536.000
5.050	72947.000	20265.757	527.000
5.060	73153.000	20366.030	462.000
5.070	73354.000	20286.221	514.000
5.080	73558.000	20320.355	492.000
5.090	73760.000	20284.248	515.000
5.100	73964.000	20318.974	493.000
5.110	74170.000	20403.282	438.000
5.120	74372.000	20342.297	478.000
5.130	74577.000	20389.608	447.000
5.140	74780.000	20362.726	465.000
5.150	74985.000	20403.908	438.000
5.160	75191.000	20462.736	400.000
5.170	75394.000	20413.915	432.000
5.180	75598.000	20409.740	434.000
5.190	75802.000	20406.818	436.000
5.200	76007.000	20434.773	418.000
5.210	76212.000	20454.341	406.000
5.220	76416.000	20438.039	416.000
5.230	76619.000	20396.627	443.000
5.240	76823.000	20397.639	442.000
5.250	77029.000	20458.347	403.000
5.260	77232.000	20410.843	434.000
5.270	77437.000	20437.590	416.000
5.280	77639.000	20366.313	462.000
5.290	77844.000	20406.419	436.000
5.300	78047.000	20374.493	457.000
5.310	78253.000	20442.145	413.000
5.320	78456.000	20399.502	441.000
5.330	78661.000	20429.651	422.000
5.340	78867.000	20480.756	389.000
5.350	79072.000	20486.529	385.000
5.360	79278.000	20520.570	363.000
5.370	79483.000	20514.399	367.000
5.380	79688.000	20510.079	370.000
5.390	79893.000	20507.056	372.000
5.400	80099.000	20534.939	354.000
5.410	80304.000	20524.457	361.000
5.420	80509.000	20517.120	365.000
5.430	80715.000	20541.984	349.000
5.440	80918.000	20469.389	396.000
5.450	81123.000	20478.572	390.000
5.460	81328.000	20485.001	386.000
5.470	81529.000	20369.500	460.000
5.480	81732.000	20348.650	474.000
5.490	81934.000	20304.055	502.000
5.500	82136.000	20272.839	-2754.000
5.510	82336.000	20190.987	-2702.000
5.520	82531.000	19983.691	-2568.000
5.530	82720.000	19658.584	-2359.000
5.540	82906.000	19341.009	-2155.000
5.550	83087.000	18968.706	-1915.000
5.560	83266.000	18648.094	-1709.000
5.570	83440.000	18273.666	-1468.000
5.580	83612.000	17951.566	-1261.000
5.590	83780.000	17606.096	-1039.000
5.600	83948.000	17364.267	-883.000
5.610	84112.000	17074.987	-697.000
5.620	84274.000	16812.491	-528.000
5.630	84436.000	16628.744	-410.000
5.640	84595.000	16410.121	-269.000
5.650	84754.000	16257.084	-171.000
5.660	84913.000	16149.959	-102.000
5.670	85068.000	15954.971	24.000
5.680	85224.000	15848.480	92.000
5.690	85380.000	15773.936	140.000
5.700	85535.000	15691.755	193.000
5.710	85690.000	15634.229	230.000
5.720	85844.000	15563.960	275.000
5.730	85998.000	15514.772	307.000
5.740	86152.000	15480.340	329.000
5.750	86306.000	15456.238	345.000
5.760	86459.000	15409.367	375.000
5.770	86613.000	15406.557	377.000
5.780	86766.000	15374.590	397.000
5.790	86917.000	15292.213	450.000
5.800	87069.000	15264.549	468.000
5.810	87222.000	15275.184	461.000
5.820	87372.000	15192.629	514.000
5.830	87523.000	15164.840	532.000
5.840	87675.000	15175.388	525.000
5.850	87826.000	15152.772	540.000
5.860	87977.000	15136.940	550.000
5.870	88128.000	15125.858	557.000
5.880	88279.000	15118.101	562.000
5.890	88432.000	15172.670	527.000
5.900	88583.000	15150.869	541.000
5.910	88735.000	15165.609	532.000
5.920	88888.000	15205.926	506.000
5.930	89041.000	15234.148	487.000
5.940	89195.000	15283.904	455.000
5.950	89347.000	15258.733	472.000
5.960	89501.000	15301.113	444.000
5.970	89654.000	15300.779	445.000
5.980	89808.000	15330.545	425.000
5.990	89962.000	15351.382	412.000
6.000	90116.000	15365.967	403.000
6.010	90271.000	15406.177	377.000
6.020	90425.000	15404.324	378.000
6.030	90580.000	15433.027	360.000
6.040	90735.000	15453.119	347.000
6.050	90891.000	15497.183	318.000
6.060	91044.000	15438.028	356.000
6.070	91198.000	15426.620	364.000
6.080	91352.000	15418.634	369.000
6.090	91509.000	15503.044	314.000
6.100	91662.000	15442.131	354.000
6.110	91816.000	15429.491	362.000
6.120	91970.000	15420.644	368.000
6.130	92123.000	15384.451	391.000
6.140	92279.000	15449.116	349.000
6.150	92429.000	15314.381	436.000
6.160	92582.000	15310.067	439.000
6.170	92735.000	15307.047	441.000
6.180	92886.000	15244.933	481.000
6.190	93040.000	15291.453	451.000
6.200	93192.000	15264.017	468.000
6.210	93344.000	15244.812	481.000
6.220	93497.000	15261.368	470.000
6.230	93649.000	15242.958	482.000
6.240	93803.000	15290.070	452.000
6.250	93956.000	15293.049	450.000
6.260	94107.000	15235.135	487.000
6.270	94261.000	15284.594	455.000
6.280	94414.000	15289.216	452.000
6.290	94567.000	15292.451	450.000
6.300	94721.000	15324.716	429.000
6.310	94875.000	15347.301	415.000
6.320	95030.000	15393.111	385.000
6.330	95184.000	15395.178	384.000
6.340	95338.000	15396.624	383.000
6.350	95492.000	15397.637	382.000
6.360	95647.000	15428.346	363.000
6.370	95800.000	15389.842	387.000
6.380	95955.000	15422.889	366.000
6.390	96110.000	15446.023	351.000
6.400	96263.000	15402.216	379.000
6.410	96418.000	15431.551	360.000
6.420	96571.000	15392.086	386.000
6.430	96725.000	15394.460	384.000
6.440	96878.000	15366.122	403.000
6.450	97031.000	15346.285	415.000
6.460	97184.000	15332.400	424.000
6.470	97336.000	15292.680	450.000
6.480	97488.000	15264.876	468.000
6.490	97640.000	15245.413	480.000
6.500	97791.000	15201.789	508.000
6.510	97942.000	15171.252	528.000
6.520	98092.000	15119.877	561.000
6.530	98242.000	15083.914	584.000
6.540	98392.000	15058.740	600.000
6.550	98542.000	15041.118	612.000
6.560	98692.000	15028.782	620.000
6.570	98842.000	15020.148	625.000
6.580	98992.000	15014.103	629.000
6.590	99143.000	15039.872	612.000
6.600	99294.000	15057.911	601.000
6.610	99445.000	15070.537	593.000
6.620	99596.000	15079.376	587.000
6.630	99748.000	15115.563	564.000
6.640	99900.000	15140.894	547.000
6.650	100052.000	15158.626	536.000
6.660	100205.000	15201.038	509.000
6.670	100356.000	15170.727	528.000
6.680	100508.000	15179.509	523.000
6.690	100661.000	15215.656	499.000
6.700	100813.000	15210.959	502.000
6.710	100967.000	15267.671	466.000
6.720	101119.000	15247.370	479.000
6.730	101272.000	15263.159	469.000
6.740	101425.000	15274.211	462.000
6.750	101578.000	15281.948	457.000
6.760	101732.000	15317.364	434.000
6.770	101886.000	15342.154	418.000
6.780	102038.000	15299.508	445.000
6.790	102189.000	15239.656	484.000
6.800	102343.000	15287.759	453.000
6.810	102496.000	15291.431	451.000
6.820	102647.000	15234.002	488.000
6.830	102799.000	15223.801	494.000
6.840	102951.000	15216.661	499.000
6.850	103103.000	15211.663	502.000
6.860	103254.000	15178.164	524.000
6.870	103406.000	15184.715	519.000
6.880	103557.000	15159.300	536.000
6.890	103710.000	15201.510	508.000
6.900	103860.000	15141.057	547.000
6.910	104012.000	15158.740	536.000
6.920	104165.000	15201.118	509.000
6.930	104317.000	15200.783	509.000
6.940	104469.000	15200.548	509.000
6.950	104622.000	15230.383	490.000
6.960	104775.000	15251.268	476.000
6.970	104928.000	15265.888	467.000
6.980	105081.000	15276.122	460.000
6.990	105234.000	15283.285	456.000
7.000	105388.000	15318.300	433.000
