0.000	0.000	0.000	0.000
0.010	2.000	60.000	-193.000
0.020	3.000	72.000	-232.000
0.030	3.000	50.400	-162.000
0.040	3.000	35.280	-113.000
0.050	1.000	-35.304	114.000
0.060	0.000	-54.713	176.000
0.070	-2.000	-98.299	316.000
0.080	-4.000	-128.809	414.000
0.090	-5.000	-120.166	387.000
0.100	-5.000	-84.117	271.000
0.110	-6.000	-88.882	286.000
0.120	-6.000	-62.217	200.000
0.130	-6.000	-43.552	140.000
0.140	-6.000	-30.486	98.000
0.150	-6.000	-21.340	69.000
0.160	-6.000	-14.938	48.000
0.170	-5.000	19.543	-63.000
0.180	-5.000	13.680	-44.000
0.190	-5.000	9.576	-31.000
0.200	-5.000	6.703	-22.000
0.210	-5.000	4.692	-15.000
0.220	-5.000	3.285	-11.000
0.230	-5.000	2.299	-7.000
0.240	-6.000	-28.391	91.000
0.250	-7.000	-49.873	160.000
0.260	-8.000	-64.911	209.000
0.270	-8.000	-45.438	146.000
0.280	-9.000	-61.807	199.000
0.290	-9.000	-43.265	139.000
0.300	-9.000	-30.285	97.000
0.310	-9.000	-21.200	68.000
0.320	-9.000	-14.840	48.000
0.330	-9.000	-10.388	33.000
0.340	-9.000	-7.271	23.000
0.350	-9.000	-5.090	16.000
0.360	-9.000	-3.563	11.000
0.370	-9.000	-2.494	8.000
0.380	-9.000	-1.746	6.000
0.390	-9.000	-1.222	4.000
0.400	-9.000	-0.855	3.000
0.410	-9.000	-0.599	2.000
0.420	-9.000	-0.419	1.000
0.430	-10.000	-30.293	97.000
0.440	-10.000	-21.205	68.000
0.450	-10.000	-14.844	48.000
0.460	-11.000	-40.391	130.000
0.470	-11.000	-28.273	91.000
0.480	-11.000	-19.791	64.000
0.490	-11.000	-13.854	45.000
0.500	-11.000	-9.698	31.000
0.510	-11.000	-6.788	1051.000
0.520	-11.000	-4.752	2073.000
0.530	-8.000	86.674	2808.000
0.540	-2.000	240.672	3341.000
0.550	10.000	528.470	3444.000
0.560	26.000	849.929	3439.000
0.570	47.000	1224.950	3262.000
0.580	73.000	1637.465	2964.000
0.590	104.000	2076.226	2581.000
0.600	138.000	2473.358	2332.000
0.610	176.000	2871.351	2081.000
0.620	217.000	3239.945	1924.000
0.630	260.000	3557.962	1930.000
0.640	305.000	3840.573	2050.000
0.650	352.000	4098.401	2249.000
0.660	401.000	4338.881	2504.000
0.670	454.000	4627.217	2606.000
0.680	510.000	4919.052	2696.000
0.690	570.000	5243.336	2682.000
0.700	633.000	5560.335	2691.000
0.710	700.000	5902.235	2620.000
0.720	770.000	6231.564	2589.000
0.730	843.000	6552.095	2587.000
0.740	920.000	6896.467	2508.000
0.750	1000.000	7227.527	2472.000
0.760	1083.000	7549.269	2466.000
0.770	1169.000	7864.488	2481.000
0.780	1260.000	8235.142	2317.000
0.790	1351.000	8494.599	2511.000
0.800	1447.000	8826.219	2473.000
0.810	1545.000	9118.354	2563.000
0.820	1647.000	9442.848	2548.000
0.830	1751.000	9729.993	2653.000
0.840	1859.000	10050.995	2649.000
0.850	1970.000	10365.697	2666.000
0.860	2083.000	10645.988	2793.000
0.870	2200.000	10962.191	2804.000
0.880	2321.000	11303.534	2735.000
0.890	2445.000	11632.474	2706.000
0.900	2571.000	11922.732	2801.000
0.910	2701.000	12245.912	2790.000
0.920	2834.000	12562.139	2802.000
0.930	2970.000	12873.497	2829.000
0.940	3109.000	13181.448	2867.000
0.950	3251.000	13487.014	2913.000
0.960	3398.000	13850.909	2772.000
0.970	3545.000	14105.637	2981.000
0.980	3697.000	14433.946	2954.000
0.990	3852.000	14753.762	2954.000
1.000	4010.000	15067.633	2973.000
1.010	4172.000	15407.343	2909.000
1.020	4338.000	15765.140	2787.000
1.030	4506.000	16075.598	2817.000
1.040	4679.000	16442.919	2664.000
1.050	4855.000	16790.043	2577.000
1.060	5033.000	17093.030	2631.000
1.070	5216.000	17455.121	2495.000
1.080	5401.000	17768.585	2515.000
1.090	5591.000	18138.009	2356.000
1.100	5781.000	18396.607	2553.000
1.110	5974.000	18667.625	2710.000
1.120	6172.000	19007.337	2646.000
1.130	6373.000	19335.136	2620.000
1.140	6577.000	19654.595	2622.000
1.150	6785.000	19998.217	2545.000
1.160	6995.000	20298.752	2607.000
1.170	7210.000	20659.126	2477.000
1.180	7424.000	20881.388	2791.000
1.190	7644.000	21216.972	2740.000
1.200	7866.000	21511.880	2820.000
1.210	8092.000	21838.316	2799.000
1.220	8320.000	22126.821	2900.000
1.230	8552.000	22448.775	2893.000
1.240	8787.000	22764.142	2907.000
1.250	9025.000	23074.900	2937.000
1.260	9266.000	23382.430	2976.000
1.270	9512.000	23747.701	2830.000
1.280	9764.000	24183.391	2457.000
1.290	10016.000	24488.373	2505.000
1.300	10272.000	24821.861	2461.000
1.310	10530.000	25115.303	2546.000
1.320	10792.000	25440.712	2528.000
1.330	11058.000	25788.498	2438.000
1.340	11326.000	26091.949	2491.000
1.350	11597.000	26394.364	2547.000
1.360	11872.000	26726.055	2509.000
1.370	12150.000	27048.238	2501.000
1.380	12431.000	27363.767	2515.000
1.390	12715.000	27674.637	2544.000
1.400	13002.000	27982.246	2583.000
1.410	13292.000	28287.572	2630.000
1.420	13587.000	28651.300	2489.000
1.430	13882.000	28905.910	2699.000
1.440	14181.000	29204.137	2768.000
1.450	14484.000	29532.896	2740.000
1.460	14793.000	29943.027	2449.000
1.470	15100.000	30170.119	2747.000
1.480	15414.000	30539.083	2589.000
1.490	15728.000	30797.358	2787.000
1.500	16049.000	31188.151	2559.000
1.510	16373.000	31551.706	1390.000
1.520	16699.000	31866.194	378.000
1.530	17026.000	32116.336	-427.000
1.540	17355.000	32351.435	-1183.000
1.550	17673.000	32186.005	-651.000
1.560	17995.000	32190.203	-664.000
1.570	18316.000	32163.142	-577.000
1.580	18634.000	32054.200	-227.000
1.590	18949.000	31887.940	308.000
1.600	19265.000	31801.558	586.000
1.610	19580.000	31711.090	877.000
1.620	19895.000	31647.763	1081.000
1.630	20211.000	31633.434	1127.000
1.640	20527.000	31623.404	1159.000
1.650	20845.000	31676.383	989.000
1.660	21163.000	31713.468	869.000
1.670	21483.000	31799.428	593.000
1.680	21803.000	31859.599	399.000
1.690	22120.000	31811.720	553.000
1.700	22443.000	31958.204	82.000
1.710	22757.000	31790.743	621.000
1.720	23077.000	31853.520	419.000
1.730	23396.000	31867.464	374.000
1.740	23714.000	31847.225	439.000
1.750	24033.000	31863.057	388.000
1.760	24354.000	31934.140	159.000
1.770	24669.000	31803.898	578.000
1.780	24986.000	31772.729	679.000
1.790	25304.000	31780.910	652.000
1.800	25621.000	31756.637	730.000
1.810	25940.000	31799.646	592.000
1.820	26257.000	31769.752	688.000
1.830	26574.000	31748.827	756.000
1.840	26894.000	31824.179	513.000
1.850	27216.000	31936.925	150.000
1.860	27533.000	31865.847	379.000
1.870	27853.000	31906.093	250.000
1.880	28173.000	31934.265	159.000
1.890	28490.000	31863.986	385.000
1.900	28810.000	31904.790	254.000
1.910	29130.000	31933.353	162.000
1.920	29450.000	31953.347	98.000
1.930	29766.000	31847.343	439.000
1.940	30082.000	31773.140	677.000
1.950	30399.000	31751.198	748.000
1.960	30718.000	31795.839	604.000
1.970	31033.000	31707.087	890.000
1.980	31352.000	31764.961	704.000
1.990	31669.000	31745.473	766.000
2.000	31988.000	31791.831	617.000
2.010	32307.000	31824.282	513.000
2.020	32628.000	31906.997	247.000
2.030	32946.000	31874.898	350.000
2.040	33269.000	32002.429	-60.000
2.050	33583.000	31821.700	521.000
2.060	33902.000	31845.190	446.000
2.070	34220.000	31831.633	489.000
2.080	34538.000	31822.143	520.000
2.090	34856.000	31815.500	541.000
2.100	35175.000	31840.850	460.000
2.110	35493.000	31828.595	499.000
2.120	35811.000	31820.017	527.000
2.130	36128.000	31784.012	642.000
2.140	36446.000	31788.808	627.000
2.150	36765.000	31822.166	520.000
2.160	37083.000	31815.516	541.000
2.170	37401.000	31810.861	556.000
2.180	37719.000	31807.603	566.000
2.190	38037.000	31805.322	574.000
2.200	38356.000	31833.725	482.000
2.210	38676.000	31883.608	322.000
2.220	38994.000	31858.525	403.000
2.230	39311.000	31810.968	556.000
2.240	39629.000	31807.677	566.000
2.250	39947.000	31805.374	574.000
2.260	40265.000	31803.762	579.000
2.270	40583.000	31802.633	582.000
2.280	40901.000	31801.843	585.000
2.290	41219.000	31801.290	587.000
2.300	41537.000	31800.903	588.000
2.310	41858.000	31890.632	299.000
2.320	42175.000	31833.443	483.000
2.330	42494.000	31853.410	419.000
2.340	42815.000	31927.387	181.000
2.350	43130.000	31799.171	594.000
2.360	43449.000	31829.420	496.000
2.370	43766.000	31790.594	621.000
2.380	44084.000	31793.416	612.000
2.390	44404.000	31855.391	413.000
2.400	44722.000	31838.774	466.000
2.410	45039.000	31797.142	600.000
2.420	45356.000	31767.999	694.000
2.430	45675.000	31807.599	567.000
2.440	45995.000	31865.320	381.000
2.450	46315.000	31905.724	251.000
2.460	46632.000	31844.007	449.000
2.470	46951.000	31860.805	395.000
2.480	47270.000	31872.563	358.000
2.490	47586.000	31790.794	621.000
2.500	47905.000	31823.556	515.000
2.510	48224.000	31846.489	441.000
2.520	48543.000	31862.542	390.000
2.530	48863.000	31903.780	257.000
2.540	49180.000	31842.646	454.000
2.550	49499.000	31859.852	398.000
2.560	49819.000	31901.896	263.000
2.570	50138.000	31901.328	265.000
2.580	50456.000	31870.929	363.000
2.590	50775.000	31879.650	335.000
2.600	51090.000	31765.755	701.000
2.610	51408.000	31776.029	668.000
2.620	51725.000	31753.220	741.000
2.630	52043.000	31767.254	696.000
2.640	52360.000	31747.078	761.000
2.650	52678.000	31762.954	710.000
2.660	52997.000	31804.068	578.000
2.670	53315.000	31802.848	582.000
2.680	53634.000	31831.993	488.000
2.690	53953.000	31852.395	422.000
2.700	54273.000	31896.677	280.000
2.710	54589.000	31807.674	566.000
2.720	54908.000	31835.372	477.000
2.730	55228.000	31884.760	318.000
2.740	55544.000	31799.332	593.000
2.750	55863.000	31829.532	496.000
2.760	56181.000	31820.673	524.000
2.770	56500.000	31844.471	448.000
2.780	56818.000	31831.130	491.000
2.790	57134.000	31761.791	714.000
2.800	57450.000	31713.254	870.000
2.810	57766.000	31679.277	979.000
2.820	58083.000	31685.494	959.000
2.830	58402.000	31749.846	752.000
2.840	58721.000	31794.892	607.000
2.850	59041.000	31856.425	409.000
2.860	59361.000	31899.497	271.000
2.870	59682.000	31959.648	77.000
2.880	60000.000	31911.754	231.000
2.890	60321.000	31968.228	50.000
2.900	60638.000	31887.759	309.000
2.910	60958.000	31921.431	200.000
2.920	61276.000	31885.002	318.000
2.930	61595.000	31889.501	303.000
2.940	61912.000	31832.651	486.000
2.950	62232.000	31882.856	324.000
2.960	62548.000	31797.999	597.000
2.970	62866.000	31798.599	595.000
2.980	63186.000	31859.020	401.000
2.990	63503.000	31811.314	555.000
3.000	63820.000	31777.920	662.000
3.010	64138.000	31784.544	641.000
3.020	64457.000	31819.181	529.000
3.030	64776.000	31843.426	451.000
3.040	65095.000	31860.398	397.000
3.050	65414.000	31872.279	358.000
3.060	65734.000	31910.595	235.000
3.070	66053.000	31907.417	245.000
3.080	66372.000	31905.192	253.000
3.090	66690.000	31873.634	354.000
3.100	67007.000	31821.544	522.000
3.110	67324.000	31785.081	639.000
3.120	67642.000	31789.557	625.000
3.130	67959.000	31762.690	711.000
3.140	68275.000	31713.883	868.000
3.150	68593.000	31739.718	785.000
3.160	68911.000	31757.803	727.000
3.170	69230.000	31800.462	589.000
3.180	69551.000	31890.323	300.000
3.190	69866.000	31773.226	677.000
3.200	70187.000	31871.258	362.000
3.210	70505.000	31849.881	430.000
3.220	70823.000	31834.917	479.000
3.230	71143.000	31884.442	319.000
3.240	71458.000	31769.109	690.000
3.250	71777.000	31808.376	564.000
3.260	72095.000	31805.863	572.000
3.270	72413.000	31804.104	578.000
3.280	72729.000	31742.873	775.000
3.290	73048.000	31790.011	623.000
3.300	73366.000	31793.008	613.000
3.310	73685.000	31825.105	510.000
3.320	74005.000	31877.574	341.000
3.330	74323.000	31854.302	416.000
3.340	74641.000	31838.011	469.000
3.350	74962.000	31916.608	216.000
3.360	75277.000	31791.625	618.000
3.370	75596.000	31824.138	513.000
3.380	75914.000	31816.896	537.000
3.390	76232.000	31811.828	553.000
3.400	76551.000	31838.279	468.000
3.410	76869.000	31826.795	505.000
3.420	77187.000	31818.757	531.000
3.430	77507.000	31873.130	356.000
3.440	77826.000	31881.191	330.000
3.450	78144.000	31856.834	408.000
3.460	78463.000	31869.784	366.000
3.470	78781.000	31848.848	434.000
3.480	79100.000	31864.194	384.000
3.490	79419.000	31874.936	350.000
3.500	79739.000	31912.455	229.000
3.510	80054.000	31788.719	627.000
3.520	80374.000	31852.103	423.000
3.530	80692.000	31836.472	474.000
3.540	81011.000	31855.530	412.000
3.550	81329.000	31838.871	466.000
3.560	81648.000	31857.210	407.000
3.570	81968.000	31900.047	269.000
3.580	82286.000	31870.033	366.000
3.590	82604.000	31849.023	433.000
3.600	82922.000	31834.316	481.000
3.610	83239.000	31794.021	610.000
3.620	83557.000	31795.815	604.000
3.630	83874.000	31767.070	697.000
3.640	84190.000	31716.949	858.000
3.650	84507.000	31711.865	874.000
3.660	84823.000	31678.305	982.000
3.670	85141.000	31714.814	865.000
3.680	85460.000	31770.370	686.000
3.690	85779.000	31809.259	561.000
3.700	86098.000	31836.481	474.000
3.710	86417.000	31855.537	412.000
3.720	86737.000	31898.876	273.000
3.730	87058.000	31959.213	79.000
3.740	87377.000	31941.449	136.000
3.750	87694.000	31869.014	369.000
3.760	88014.000	31908.310	243.000
3.770	88329.000	31785.817	637.000
3.780	88646.000	31760.072	719.000
3.790	88964.000	31772.050	681.000
3.800	89280.000	31720.435	847.000
3.810	89597.000	31714.305	867.000
3.820	89914.000	31710.013	880.000
3.830	90233.000	31767.009	697.000
3.840	90554.000	31866.907	376.000
3.850	90872.000	31846.835	440.000
3.860	91192.000	31892.784	292.000
3.870	91513.000	31954.949	92.000
3.880	91832.000	31938.464	146.000
3.890	92154.000	32016.925	-107.000
3.900	92472.000	31951.847	102.000
3.910	92789.000	31876.293	346.000
3.920	93108.000	31883.405	323.000
3.930	93426.000	31858.384	403.000
3.940	93745.000	31870.869	363.000
3.950	94061.000	31789.608	624.000
3.960	94378.000	31762.726	711.000
3.970	94694.000	31713.908	868.000
3.980	95012.000	31739.736	785.000
3.990	95332.000	31817.815	534.000
4.000	95649.000	31782.470	647.000
4.010	95970.000	31877.729	341.000
4.020	96286.000	31794.411	609.000
4.030	96605.000	31826.087	507.000
4.040	96931.000	32058.261	-240.000
4.050	97245.000	31860.783	395.000
4.060	97563.000	31842.548	454.000
4.070	97881.000	31829.784	495.000
4.080	98198.000	31790.849	620.000
4.090	98521.000	31943.594	129.000
4.100	98835.000	31780.516	654.000
4.110	99153.000	31786.361	635.000
4.120	99470.000	31760.453	718.000
4.130	99786.000	31712.317	873.000
4.140	100105.000	31768.622	692.000
4.150	100425.000	31838.035	469.000
4.160	100741.000	31766.625	698.000
4.170	101060.000	31806.637	570.000
4.180	101378.000	31804.646	576.000
4.190	101697.000	31833.252	484.000
4.200	102016.000	31853.277	420.000
4.210	102334.000	31837.294	471.000
4.220	102652.000	31826.106	507.000
4.230	102971.000	31848.274	436.000
4.240	103288.000	31803.792	579.000
4.250	103607.000	31832.654	486.000
4.260	103928.000	31912.858	228.000
4.270	104243.000	31789.001	626.000
4.280	104560.000	31762.300	712.000
4.290	104881.000	31863.610	386.000
4.300	105197.000	31784.527	641.000
4.310	105513.000	31729.169	819.000
4.320	105834.000	31840.418	461.000
4.330	106152.000	31828.293	500.000
4.340	106470.000	31819.805	527.000
4.350	106789.000	31843.863	450.000
4.360	107107.000	31830.704	492.000
4.370	107427.000	31881.493	329.000
4.380	107744.000	31827.045	504.000
4.390	108063.000	31848.932	434.000
4.400	108382.000	31864.252	384.000
4.410	108699.000	31814.976	543.000
4.420	109018.000	31840.484	461.000
4.430	109337.000	31858.338	403.000
4.440	109654.000	31810.837	556.000
4.450	109972.000	31807.586	567.000
4.460	110293.000	31895.310	284.000
4.470	110611.000	31866.717	376.000
4.480	110928.000	31816.702	537.000
4.490	111245.000	31781.691	650.000
4.500	111565.000	31847.184	439.000
4.510	111881.000	31773.029	678.000
4.520	112200.000	31811.120	555.000
4.530	112518.000	31807.784	566.000
4.540	112839.000	31895.449	284.000
4.550	113157.000	31866.814	376.000
4.560	113475.000	31846.770	440.000
4.570	113795.000	31892.739	293.000
4.580	114114.000	31894.917	286.000
4.590	114433.000	31896.442	281.000
4.600	114750.000	31837.509	470.000
4.610	115069.000	31856.257	410.000
4.620	115385.000	31779.380	657.000
4.630	115703.000	31785.566	637.000
4.640	116020.000	31759.896	720.000
4.650	116339.000	31801.927	585.000
4.660	116655.000	31741.349	780.000
4.670	116973.000	31758.944	723.000
4.680	117293.000	31831.261	490.000
4.690	117610.000	31791.883	617.000
4.700	117929.000	31824.318	513.000
4.710	118248.000	31847.023	440.000
4.720	118566.000	31832.916	485.000
4.730	118885.000	31853.041	420.000
4.740	119205.000	31897.129	278.000
4.750	119523.000	31867.990	372.000
4.760	119843.000	31907.593	245.000
4.770	120160.000	31845.315	445.000
4.780	120477.000	31801.721	585.000
4.790	120798.000	31891.204	298.000
4.800	121111.000	31713.843	868.000
4.810	121428.000	31709.690	881.000
4.820	121745.000	31706.783	891.000
4.830	122062.000	31704.748	897.000
4.840	122380.000	31733.324	805.000
4.850	122699.000	31783.327	645.000
4.860	123019.000	31848.329	435.000
4.870	123340.000	31923.830	193.000
4.880	123659.000	31916.681	216.000
4.890	123979.000	31941.677	135.000
4.900	124299.000	31959.174	79.000
4.910	124617.000	31911.422	233.000
4.920	124935.000	31877.995	340.000
4.930	125257.000	31974.597	29.000
4.940	125575.000	31922.218	198.000
4.950	125890.000	31795.552	605.000
4.960	126208.000	31796.887	601.000
4.970	126523.000	31707.821	887.000
4.980	126841.000	31735.474	799.000
4.990	127159.000	31754.832	736.000
5.000	127477.000	31768.382	693.000
5.010	127795.000	31777.868	662.000
5.020	128117.000	31904.507	255.000
5.030	128433.000	31813.155	549.000
5.040	128754.000	31899.209	272.000
5.050	129071.000	31839.446	464.000
5.060	129390.000	31857.612	406.000
5.070	129709.000	31870.329	365.000
5.080	130028.000	31879.230	336.000
5.090	130347.000	31885.461	316.000
5.100	130667.000	31919.823	205.000
5.110	130984.000	31853.876	418.000
5.120	131301.000	31807.713	566.000
5.130	131619.000	31805.399	574.000
5.140	131936.000	31773.779	675.000
5.150	132253.000	31751.646	747.000
5.160	132571.000	31766.152	700.000
5.170	132889.000	31776.306	667.000
5.180	133209.000	31843.414	451.000
5.190	133526.000	31800.390	590.000
5.200	133844.000	31800.273	590.000
5.210	134166.000	31920.191	204.000
5.220	134482.000	31824.134	513.000
5.230	134799.000	31786.894	633.000
5.240	135117.000	31790.826	620.000
5.250	135435.000	31793.578	612.000
5.260	135753.000	31795.505	605.000
5.270	136071.000	31796.853	601.000
5.280	136389.000	31797.797	598.000
5.290	136707.000	31798.458	596.000
5.300	137025.000	31798.921	594.000
5.310	137343.000	31799.244	593.000
5.320	137662.000	31829.471	496.000
5.330	137981.000	31850.630	428.000
5.340	138298.000	31805.441	573.000
5.350	138616.000	31803.809	579.000
5.360	138934.000	31802.666	582.000
5.370	139252.000	31801.866	585.000
5.380	139571.000	31831.306	490.000
5.390	139889.000	31821.914	520.000
5.400	140208.000	31845.340	445.000
5.410	140527.000	31861.738	392.000
5.420	140845.000	31843.217	452.000
5.430	141165.000	31890.252	301.000
5.440	141483.000	31863.176	388.000
5.450	141802.000	31874.223	352.000
5.460	142122.000	31911.956	231.000
5.470	142438.000	31818.369	532.000
5.480	142756.000	31812.859	550.000
5.490	143074.000	31809.001	562.000
5.500	143393.000	31836.301	474.000
5.510	143712.000	31855.410	413.000
5.520	144030.000	31838.787	466.000
5.530	144349.000	31857.151	407.000
5.540	144668.000	31870.006	366.000
5.550	144987.000	31879.004	337.000
5.560	145306.000	31885.303	317.000
5.570	145625.000	31889.712	302.000
5.580	145944.000	31892.798	292.000
5.590	146264.000	31924.959	189.000
5.600	146581.000	31857.471	406.000
5.610	146898.000	31810.230	558.000
5.620	147215.000	31777.161	664.000
5.630	147532.000	31754.013	739.000
5.640	147849.000	31737.809	791.000
5.650	148167.000	31756.466	731.000
5.660	148483.000	31709.526	882.000
5.670	148802.000	31766.668	698.000
5.680	149120.000	31776.668	666.000
5.690	149439.000	31813.668	547.000
5.700	149757.000	31809.567	560.000
5.710	150077.000	31866.697	376.000
5.720	150395.000	31846.688	441.000
5.730	150713.000	31832.682	486.000
5.740	151033.000	31882.877	324.000
5.750	151351.000	31858.014	404.000
5.760	151670.000	31870.610	364.000
5.770	151988.000	31849.427	432.000
5.780	152305.000	31804.599	576.000
5.790	152623.000	31803.219	581.000
5.800	152940.000	31772.253	680.000
5.810	153259.000	31810.577	557.000
5.820	153575.000	31747.404	760.000
5.830	153892.000	31733.183	806.000
5.840	154208.000	31693.228	934.000
5.850	154529.000	31815.260	542.000
5.860	154848.000	31840.682	460.000
5.870	155164.000	31768.477	692.000
5.880	155484.000	31837.934	469.000
5.890	155804.000	31886.554	313.000
5.900	156125.000	31950.588	107.000
5.910	156444.000	31935.411	155.000
5.920	156764.000	31954.788	93.000
5.930	157084.000	31968.352	49.000
5.940	157402.000	31917.846	212.000
5.950	157720.000	31882.492	326.000
5.960	158039.000	31887.745	309.000
5.970	158355.000	31801.421	586.000
5.980	158672.000	31770.995	684.000
5.990	158990.000	31779.696	656.000
6.000	159310.000	31845.787	444.000
6.010	159624.000	31712.051	874.000
6.020	159943.000	31768.436	692.000
6.030	160263.000	31837.905	469.000
6.040	160580.000	31796.534	602.000
6.050	160900.000	31857.574	406.000
6.060	161221.000	31930.301	172.000
6.070	161538.000	31861.211	394.000
6.080	161857.000	31872.848	357.000
6.090	162175.000	31850.993	427.000
6.100	162496.000	31925.695	187.000
6.110	162814.000	31887.987	308.000
6.120	163129.000	31771.591	682.000
6.130	163446.000	31750.114	751.000
6.140	163763.000	31735.079	800.000
6.150	164080.000	31724.556	834.000
6.160	164396.000	31687.189	954.000
6.170	164716.000	31781.032	652.000
6.180	165033.000	31756.723	730.000
6.190	165352.000	31799.706	592.000
6.200	165671.000	31829.794	495.000
6.210	165991.000	31880.856	331.000
6.220	166309.000	31856.599	409.000
6.230	166628.000	31869.619	367.000
6.240	166948.000	31908.734	241.000
6.250	167264.000	31816.113	539.000
6.260	167580.000	31751.279	748.000
6.270	167899.000	31795.896	604.000
6.280	168217.000	31797.127	600.000
6.290	168535.000	31797.989	597.000
6.300	168853.000	31798.592	595.000
6.310	169172.000	31829.015	498.000
6.320	169489.000	31790.310	622.000
6.330	169808.000	31823.217	516.000
6.340	170129.000	31906.252	249.000
6.350	170448.000	31904.376	255.000
6.360	170764.000	31813.063	549.000
6.370	171086.000	31929.144	176.000
6.380	171403.000	31860.401	397.000
6.390	171719.000	31782.281	648.000
6.400	172037.000	31787.597	631.000
6.410	172355.000	31791.318	619.000
6.420	172674.000	31823.922	514.000
6.430	172992.000	31816.746	537.000
6.440	173311.000	31841.722	457.000
6.450	173630.000	31859.205	400.000
6.460	173950.000	31901.444	265.000
6.470	174266.000	31811.011	556.000
6.480	174585.000	31837.707	470.000
6.490	174904.000	31856.395	410.000
6.500	175222.000	31839.477	464.000
6.510	175541.000	31857.634	406.000
6.520	175858.000	31810.344	558.000
6.530	176176.000	31807.240	568.000
6.540	176497.000	31895.068	285.000
6.550	176817.000	31926.548	184.000
6.560	177135.000	31888.583	306.000
6.570	177453.000	31862.008	391.000
6.580	177771.000	31843.406	451.000
6.590	178090.000	31860.384	397.000
6.600	178408.000	31842.269	455.000
6.610	178729.000	31919.588	206.000
6.620	179042.000	31733.712	804.000
6.630	179361.000	31783.598	644.000
6.640	179677.000	31728.519	821.000
6.650	179994.000	31719.963	848.000
6.660	180311.000	31713.974	868.000
6.670	180629.000	31739.782	785.000
6.680	180951.000	31877.847	341.000
6.690	181266.000	31764.493	705.000
6.700	181585.000	31805.145	574.000
6.710	181904.000	31833.602	483.000
6.720	182222.000	31823.521	515.000
6.730	182541.000	31846.465	441.000
6.740	182861.000	31892.525	293.000
6.750	183179.000	31864.768	383.000
6.760	183498.000	31875.337	349.000
6.770	183816.000	31852.736	421.000
6.780	184135.000	31866.915	376.000
6.790	184452.000	31816.841	537.000
6.800	184770.000	31811.789	553.000
6.810	185087.000	31778.252	661.000
6.820	185404.000	31754.776	736.000
6.830	185722.000	31768.343	693.000
6.840	186039.000	31747.840	759.000
6.850	186357.000	31763.488	708.000
6.860	186677.000	31834.442	480.000
6.870	186995.000	31824.109	513.000
6.880	187315.000	31876.876	344.000
6.890	187634.000	31883.814	321.000
6.900	187953.000	31888.669	306.000
6.910	188273.000	31922.069	198.000
6.920	188591.000	31885.448	316.000
6.930	188910.000	31889.814	302.000
6.940	189230.000	31922.870	196.000
6.950	189549.000	31916.009	218.000
6.960	189866.000	31851.206	426.000
6.970	190184.000	31835.844	476.000
6.980	190500.000	31765.091	703.000
6.990	190819.000	31805.564	573.000
7.000	191137.000	31803.895	578.000
7.010	191451.000	31682.726	0.000
7.020	191769.000	31717.908	0.000
7.030	192085.000	31682.536	0.000
7.040	192403.000	31717.775	0.000
7.050	192720.000	31712.443	0.000
7.060	193030.000	31498.710	0.000
7.070	193346.000	31529.097	0.000
7.080	193659.000	31460.368	0.000
7.090	193972.000	31412.257	0.000
7.100	194284.000	31348.580	0.000
7.110	194597.000	31334.006	0.000
7.120	194905.000	31173.804	0.000
7.130	195217.000	31181.663	0.000
7.140	195524.000	31037.164	0.000
7.150	195832.000	30966.015	0.000
7.160	196139.000	30886.210	0.000
7.170	196445.000	30800.347	0.000
7.180	196750.000	30710.243	0.000
7.190	197054.000	30617.170	0.000
7.200	197358.000	30552.019	0.000
7.210	197660.000	30446.413	0.000
7.220	197964.000	30432.489	0.000
7.230	198266.000	30362.743	0.000
7.240	198567.000	30283.920	0.000
7.250	198867.000	30198.744	0.000
7.260	199168.000	30169.121	0.000
7.270	199466.000	30058.384	0.000
7.280	199763.000	29950.869	0.000
7.290	200060.000	29875.608	0.000
7.300	200356.000	29792.926	0.000
7.310	200650.000	29675.048	0.000
7.320	200945.000	29622.534	0.000
7.330	201238.000	29525.774	0.000
7.340	201530.000	29428.042	0.000
7.350	201824.000	29419.629	0.000
7.360	202115.000	29323.740	0.000
7.370	202406.000	29256.618	0.000
7.380	202696.000	29179.633	0.000
7.390	202986.000	29125.743	0.000
7.400	203274.000	29028.020	0.000
7.410	203565.000	29049.614	0.000
7.420	203849.000	28854.730	0.000
7.430	204135.000	28778.311	0.000
7.440	204423.000	28784.818	0.000
7.450	204706.000	28639.372	0.000
7.460	204990.000	28567.561	0.000
7.470	205274.000	28517.292	0.000
7.480	205557.000	28452.105	0.000
7.490	205840.000	28406.473	0.000
7.500	206121.000	28314.531	0.000
7.510	206402.000	28250.172	0.000
7.520	206684.000	28235.120	0.000
7.530	206963.000	28134.584	0.000
7.540	207241.000	28034.209	0.000
7.550	207521.000	28023.946	0.000
7.560	207798.000	27926.762	0.000
7.570	208075.000	27858.734	0.000
7.580	208351.000	27781.114	0.000
7.590	208627.000	27726.780	0.000
7.600	208903.000	27688.746	0.000
7.610	209180.000	27692.122	0.000
7.620	209450.000	27484.485	0.000
7.630	209724.000	27459.140	0.000
7.640	209999.000	27471.398	0.000
7.650	210270.000	27359.978	0.000
7.660	210543.000	27341.985	0.000
7.670	210814.000	27269.389	0.000
7.680	211081.000	27098.573	0.000
7.690	211351.000	27069.001	0.000
7.700	211619.000	26988.301	0.000
7.710	211887.000	26931.810	0.000
7.720	212154.000	26862.267	0.000
7.730	212418.000	26723.587	0.000
7.740	212680.000	26566.511	0.000
7.750	212945.000	26546.558	0.000
7.760	213208.000	26472.590	0.000
7.770	213471.000	26420.813	0.000
7.780	213731.000	26294.569	0.000
7.790	213993.000	26266.198	0.000
7.800	214252.000	26156.339	0.000
7.810	214512.000	26109.437	0.000
7.820	214770.000	26016.606	0.000
7.830	215030.000	26011.624	0.000
7.840	215287.000	25918.137	0.000
7.850	215543.000	25822.696	0.000
7.860	215798.000	25725.887	0.000
7.870	216054.000	25688.121	0.000
7.880	216308.000	25601.685	0.000
7.890	216561.000	25511.179	0.000
7.900	216813.000	25417.825	0.000
7.910	217065.000	25352.478	0.000
7.920	217312.000	25156.734	0.000
7.930	217561.000	25079.714	0.000
7.940	217810.000	25025.800	0.000
7.950	218057.000	24928.060	0.000
7.960	218303.000	24829.642	0.000
7.970	218549.000	24760.749	0.000
7.980	218794.000	24682.525	0.000
7.990	219039.000	24627.767	0.000
8.000	219284.000	24589.437	0.000
8.010	219529.000	24562.606	0.000
8.020	219772.000	24483.824	0.000
8.030	220015.000	24428.677	0.000
8.040	220258.000	24390.074	0.000
8.050	220501.000	24363.052	0.000
8.060	220743.000	24314.136	0.000
8.070	220982.000	24189.895	0.000
8.080	221223.000	24162.927	0.000
8.090	221464.000	24144.049	0.000
8.100	221702.000	24040.834	0.000
8.110	221941.000	23998.584	0.000
8.120	222177.000	23879.009	0.000
8.130	222415.000	23855.306	0.000
8.140	222650.000	23748.714	0.000
8.150	222884.000	23644.100	0.000
8.160	223121.000	23660.870	0.000
8.170	223355.000	23582.609	0.000
8.180	223588.000	23497.826	0.000
8.190	223819.000	23378.478	0.000
8.200	224050.000	23294.935	0.000
8.210	224282.000	23266.454	0.000
8.220	224513.000	23216.518	0.000
8.230	224746.000	23241.563	0.000
8.240	224976.000	23169.094	0.000
8.250	225205.000	23088.366	0.000
8.260	225434.000	23031.856	0.000
8.270	225662.000	22962.299	0.000
8.280	225890.000	22913.609	0.000
8.290	226117.000	22849.527	0.000
8.300	226345.000	22834.669	0.000
8.310	226569.000	22704.268	0.000
8.320	226793.000	22612.988	0.000
8.330	227018.000	22579.091	0.000
8.340	227240.000	22465.364	0.000
8.350	227461.000	22355.755	0.000
8.360	227682.000	22279.028	0.000
8.370	227901.000	22165.320	0.000
8.380	228120.000	22085.724	0.000
8.390	228338.000	22000.007	0.000
8.400	228556.000	21940.005	0.000
8.410	228772.000	21838.003	0.000
8.420	228988.000	21766.602	0.000
8.430	229204.000	21716.622	0.000
8.440	229419.000	21651.635	0.000
8.450	229632.000	21546.145	0.000
8.460	229845.000	21472.301	0.000
8.470	230058.000	21420.611	0.000
8.480	230270.000	21354.428	0.000
8.490	230481.000	21278.099	0.000
8.500	230691.000	21194.670	0.000
8.510	230901.000	21136.269	0.000
8.520	231109.000	21035.388	0.000
8.530	231317.000	20964.772	0.000
8.540	231524.000	20885.340	0.000
8.550	231730.000	20799.738	0.000
8.560	231937.000	20769.817	0.000
8.570	232141.000	20658.872	0.000
8.580	232345.000	20581.210	0.000
8.590	232547.000	20466.847	0.000
8.600	232749.000	20386.793	0.000
8.610	232951.000	20330.755	0.000
8.620	233150.000	20201.529	0.000
8.630	233349.000	20111.070	0.000
8.640	233548.000	20047.749	0.000
8.650	233746.000	19973.424	0.000
8.660	233944.000	19921.397	0.000
8.670	234141.000	19854.978	0.000
8.680	234337.000	19778.485	0.000
8.690	234534.000	19754.939	0.000
8.700	234728.000	19648.457	0.000
8.710	234922.000	19573.920	0.000
8.720	235116.000	19521.744	0.000
8.730	235309.000	19455.221	0.000
8.740	235502.000	19408.655	0.000
8.750	235694.000	19346.058	0.000
8.760	235887.000	19332.241	0.000
8.770	236077.000	19232.569	0.000
8.780	236268.000	19192.798	0.000
8.790	236458.000	19134.959	0.000
8.800	236647.000	19064.471	0.000
8.810	236838.000	19075.130	0.000
8.820	237025.000	18962.591	0.000
8.830	237213.000	18913.814	0.000
8.840	237399.000	18819.669	0.000
8.850	237586.000	18783.769	0.000
8.860	237772.000	18728.638	0.000
8.870	237956.000	18630.047	0.000
8.880	238140.000	18561.033	0.000
8.890	238323.000	18482.723	0.000
8.900	238506.000	18427.906	0.000
8.910	238688.000	18359.534	0.000
8.920	238868.000	18251.674	0.000
8.930	239049.000	18206.172	0.000
8.940	239230.000	18174.320	0.000
8.950	239409.000	18092.024	0.000
8.960	239588.000	18034.417	0.000
8.970	239766.000	17964.092	0.000
8.980	239945.000	17944.864	0.000
8.990	240122.000	17871.405	0.000
9.000	240299.000	17819.984	0.000
9.010	240475.000	17753.988	0.000
9.020	240652.000	17737.792	0.000
9.030	240827.000	17666.454	0.000
9.040	241001.000	17586.518	0.000
9.050	241176.000	17560.563	0.000
9.060	241350.000	17512.394	0.000
9.070	241523.000	17448.676	0.000
9.080	241695.000	17374.073	0.000
9.090	241867.000	17321.851	0.000
9.100	242038.000	17255.296	0.000
9.110	242208.000	17178.707	0.000
9.120	242379.000	17155.095	0.000
9.130	242547.000	17048.566	0.000
9.140	242716.000	17003.997	0.000
9.150	242882.000	16882.798	0.000
9.160	243048.000	16797.958	0.000
9.170	243213.000	16708.571	0.000
9.180	243376.000	16586.000	0.000
9.190	243538.000	16470.200	0.000
9.200	243700.000	16389.140	0.000
9.210	243860.000	16272.398	0.000
9.220	244020.000	16190.678	0.000
9.230	244179.000	16103.475	0.000
9.240	244336.000	15982.432	0.000
9.250	244493.000	15897.703	0.000
9.260	244649.000	15808.392	0.000
9.270	244805.000	15745.874	0.000
9.280	244960.000	15672.112	0.000
9.290	245115.000	15620.478	0.000
9.300	245267.000	15494.335	0.000
9.310	245421.000	15466.034	0.000
9.320	245573.000	15386.224	0.000
9.330	245725.000	15330.357	0.000
9.340	245876.000	15261.250	0.000
9.350	246027.000	15212.875	0.000
9.360	246179.000	15209.012	0.000
9.370	246327.000	15086.309	0.000
9.380	246477.000	15060.416	0.000
9.390	246626.000	15012.291	0.000
9.400	246775.000	14978.604	0.000
9.410	246923.000	14925.023	0.000
9.420	247070.000	14857.516	0.000
9.430	247217.000	14810.261	0.000
9.440	247363.000	14747.183	0.000
9.450	247508.000	14673.028	0.000
9.460	247654.000	14651.120	0.000
9.470	247797.000	14545.784	0.000
9.480	247940.000	14472.049	0.000
9.490	248082.000	14390.434	0.000
9.500	248224.000	14333.304	0.000
9.510	248364.000	14233.313	0.000
9.520	248504.000	14163.319	0.000
9.530	248642.000	14054.323	0.000
9.540	248780.000	13978.026	0.000
9.550	248917.000	13894.618	0.000
9.560	249052.000	13776.233	0.000
9.570	249187.000	13693.363	0.000
9.580	249322.000	13635.354	0.000
9.590	249456.000	13564.748	0.000
9.600	249589.000	13485.324	0.000
9.610	249721.000	13399.726	0.000
9.620	249852.000	13309.809	0.000
9.630	249983.000	13246.866	0.000
9.640	250114.000	13202.806	0.000
9.650	250244.000	13141.964	0.000
9.660	250374.000	13099.375	0.000
9.670	250503.000	13039.563	0.000
9.680	250632.000	12997.694	0.000
9.690	250761.000	12968.386	0.000
9.700	250888.000	12887.870	0.000
9.710	251016.000	12861.509	0.000
9.720	251143.000	12813.056	0.000
9.730	251270.000	12779.139	0.000
9.740	251396.000	12725.398	0.000
9.750	251523.000	12717.778	0.000
9.760	251648.000	12652.445	0.000
9.770	251773.000	12606.711	0.000
9.780	251898.000	12574.698	0.000
9.790	252022.000	12522.289	0.000
9.800	252145.000	12455.602	0.000
9.810	252267.000	12378.921	0.000
9.820	252389.000	12325.245	0.000
9.830	252510.000	12257.671	0.000
9.840	252632.000	12240.370	0.000
9.850	252752.000	12168.259	0.000
9.860	252872.000	12117.781	0.000
9.870	252991.000	12052.447	0.000
9.880	253110.000	12006.713	0.000
9.890	253228.000	11944.699	0.000
9.900	253345.000	11871.289	0.000
9.910	253461.000	11789.903	0.000
9.920	253576.000	11702.932	0.000
9.930	253690.000	11612.052	0.000
9.940	253803.000	11518.437	0.000
9.950	253916.000	11452.906	0.000
9.960	254028.000	11377.034	0.000
9.970	254139.000	11293.924	0.000
9.980	254250.000	11235.747	0.000
9.990	254360.000	11165.023	0.000
10.000	254468.000	11055.516	0.000
