0.000	0.000	0.000	0.000
0.010	7.000	210.000	-1351.000
0.020	7.000	147.000	-946.000
0.030	7.000	102.900	-662.000
0.040	4.000	-17.970	116.000
0.050	1.000	-102.579	660.000
0.060	-2.000	-161.805	1041.000
0.070	-4.000	-173.264	1115.000
0.080	-4.000	-121.285	780.000
0.090	-4.000	-84.899	546.000
0.100	-4.000	-59.429	382.000
0.110	-1.000	48.399	-311.000
0.120	1.000	93.880	-604.000
0.130	3.000	125.716	-809.000
0.140	3.000	88.001	-566.000
0.150	3.000	61.601	-396.000
0.160	3.000	43.120	-277.000
0.170	1.000	-29.816	192.000
0.180	-2.000	-110.871	713.000
0.190	-3.000	-107.610	692.000
0.200	-4.000	-105.327	678.000
0.210	-4.000	-73.729	474.000
0.220	-4.000	-51.610	332.000
0.230	-4.000	-36.127	232.000
0.240	-2.000	34.711	-223.000
0.250	-1.000	54.298	-349.000
0.260	0.000	68.008	-438.000
0.270	1.000	77.606	-499.000
0.280	1.000	54.324	-350.000
0.290	1.000	38.027	-245.000
0.300	0.000	-3.381	22.000
0.310	-2.000	-62.367	401.000
0.320	-4.000	-103.657	667.000
0.330	-5.000	-102.560	660.000
0.340	-5.000	-71.792	462.000
0.350	-5.000	-50.254	323.000
0.360	-5.000	-35.178	226.000
0.370	-4.000	5.375	-35.000
0.380	-2.000	63.763	-410.000
0.390	-1.000	74.634	-480.000
0.400	-1.000	52.244	-336.000
0.410	-1.000	36.571	-235.000
0.420	-1.000	25.599	-165.000
0.430	-1.000	17.920	-115.000
0.440	-2.000	-17.456	112.000
0.450	-4.000	-72.219	465.000
0.460	-5.000	-80.554	518.000
0.470	-6.000	-86.388	556.000
0.480	-6.000	-60.471	389.000
0.490	-6.000	-42.330	272.000
0.500	-5.000	0.369	-2.000
0.510	-4.000	30.258	834.000
0.520	-2.000	81.181	1535.000
0.530	1.000	146.827	2142.000
0.540	7.000	282.779	2296.000
0.550	16.000	467.945	2134.000
0.560	27.000	657.562	1943.000
0.570	42.000	910.293	1346.000
0.580	57.000	1087.205	1236.000
0.590	75.000	1301.044	889.000
0.600	93.000	1450.731	955.000
0.610	112.000	1585.511	1117.000
0.620	132.000	1709.858	1346.000
0.630	153.000	1826.901	1622.000
0.640	176.000	1968.830	1737.000
0.650	201.000	2128.181	1741.000
0.660	228.000	2299.727	1666.000
0.670	258.000	2509.809	1343.000
0.680	289.000	2686.866	1233.000
0.690	322.000	2870.806	1079.000
0.700	357.000	3059.564	893.000
0.710	392.000	3191.695	1072.000
0.720	428.000	3314.187	1313.000
0.730	466.000	3459.931	1404.000
0.740	504.000	3561.951	1776.000
0.750	544.000	3693.366	1960.000
0.760	587.000	3875.356	1818.000
0.770	630.000	4002.749	2027.000
0.780	677.000	4211.925	1710.000
0.790	725.000	4388.347	1604.000
0.800	775.000	4571.843	1452.000
0.810	827.000	4760.290	1269.000
0.820	880.000	4922.203	1256.000
0.830	935.000	5095.542	1169.000
0.840	988.000	5156.880	1804.000
0.850	1045.000	5319.816	1784.000
0.860	1102.000	5433.871	2079.000
0.870	1162.000	5603.710	2016.000
0.880	1223.000	5752.597	2087.000
0.890	1287.000	5946.818	1866.000
0.900	1353.000	6142.772	1634.000
0.910	1421.000	6339.941	1394.000
0.920	1489.000	6477.958	1535.000
0.930	1559.000	6634.571	1556.000
0.940	1630.000	6774.200	1687.000
0.950	1703.000	6931.940	1701.000
0.960	1777.000	7072.358	1827.000
0.970	1854.000	7260.650	1644.000
0.980	1930.000	7362.455	2018.000
0.990	2009.000	7523.719	2009.000
1.000	2090.000	7696.603	1926.000
1.010	2174.000	7907.622	1597.000
1.020	2259.000	8085.336	1483.000
1.030	2345.000	8239.735	1518.000
1.040	2433.000	8407.814	1466.000
1.050	2523.000	8585.470	1351.000
1.060	2613.000	8709.829	1580.000
1.070	2705.000	8856.880	1663.000
1.080	2799.000	9019.816	1644.000
1.090	2894.000	9163.871	1746.000
1.100	2991.000	9324.710	1740.000
1.110	3090.000	9497.297	1658.000
1.120	3191.000	9678.108	1524.000
1.130	3294.000	9864.676	1352.000
1.140	3398.000	10025.273	1348.000
1.150	3504.000	10197.691	1268.000
1.160	3612.000	10378.384	1134.000
1.170	3719.000	10474.869	1542.000
1.180	3828.000	10602.408	1750.000
1.190	3939.000	10751.686	1819.000
1.200	4052.000	10916.180	1789.000
1.210	4167.000	11091.326	1691.000
1.220	4283.000	11243.928	1738.000
1.230	4403.000	11470.750	1308.000
1.240	4525.000	11689.525	929.000
1.250	4647.000	11842.667	973.000
1.260	4767.000	11889.867	1698.000
1.270	4891.000	12042.907	1742.000
1.280	5016.000	12180.035	1889.000
1.290	5144.000	12366.024	1721.000
1.300	5274.000	12556.217	1527.000
1.310	5406.000	12749.352	1313.000
1.320	5539.000	12914.546	1279.000
1.330	5672.000	13030.182	1564.000
1.340	5808.000	13201.128	1493.000
1.350	5945.000	13350.789	1559.000
1.360	6083.000	13485.553	1721.000
1.370	6224.000	13669.887	1564.000
1.380	6366.000	13828.921	1569.000
1.390	6508.000	13940.245	1882.000
1.400	6653.000	14108.171	1830.000
1.410	6801.000	14315.720	1524.000
1.420	6947.000	14401.004	2004.000
1.430	7097.000	14580.703	1877.000
1.440	7249.000	14766.492	1710.000
1.450	7402.000	14926.544	1710.000
1.460	7557.000	15098.581	1632.000
1.470	7714.000	15279.007	1500.000
1.480	7872.000	15435.305	1523.000
1.490	8034.000	15664.713	1076.000
1.500	8193.000	15735.299	1651.000
1.510	8355.000	15874.710	754.000
1.520	8519.000	16032.297	-260.000
1.530	8682.000	16112.608	-777.000
1.540	8844.000	16138.825	-946.000
1.550	9005.000	16127.178	-871.000
1.560	9164.000	16059.024	-432.000
1.570	9323.000	16011.317	-125.000
1.580	9477.000	15827.922	1055.000
1.590	9634.000	15789.545	1302.000
1.600	9792.000	15792.682	1281.000
1.610	9951.000	15824.877	1074.000
1.620	10112.000	15907.414	543.000
1.630	10275.000	16025.190	-214.000
1.640	10435.000	16017.633	-166.000
1.650	10596.000	16042.343	-325.000
1.660	10755.000	15999.640	-50.000
1.670	10914.000	15969.748	142.000
1.680	11073.000	15948.824	277.000
1.690	11229.000	15844.177	950.000
1.700	11388.000	15860.924	842.000
1.710	11549.000	15932.647	381.000
1.720	11709.000	15952.853	251.000
1.730	11866.000	15876.997	739.000
1.740	12026.000	15913.898	502.000
1.750	12185.000	15909.728	528.000
1.760	12344.000	15906.810	547.000
1.770	12504.000	15934.767	367.000
1.780	12662.000	15894.337	627.000
1.790	12822.000	15926.036	423.000
1.800	12980.000	15888.225	667.000
1.810	13140.000	15921.758	451.000
1.820	13299.000	15915.230	493.000
1.830	13458.000	15910.661	522.000
1.840	13619.000	15967.463	157.000
1.850	13778.000	15947.224	287.000
1.860	13938.000	15963.057	185.000
1.870	14097.000	15944.140	307.000
1.880	14256.000	15930.898	392.000
1.890	14415.000	15921.628	452.000
1.900	14574.000	15915.140	494.000
1.910	14734.000	15940.598	330.000
1.920	14894.000	15958.419	215.000
1.930	15052.000	15910.893	521.000
1.940	15212.000	15937.625	349.000
1.950	15372.000	15956.338	228.000
1.960	15531.000	15939.436	337.000
1.970	15690.000	15927.605	413.000
1.980	15850.000	15949.324	274.000
1.990	16009.000	15934.527	369.000
2.000	16169.000	15954.169	242.000
2.010	16327.000	15907.918	540.000
2.020	16488.000	15965.543	169.000
2.030	16646.000	15915.880	489.000
2.040	16804.000	15881.116	712.000
2.050	16963.000	15886.781	676.000
2.060	17121.000	15860.747	844.000
2.070	17280.000	15872.523	768.000
2.080	17439.000	15880.766	715.000
2.090	17599.000	15916.536	485.000
2.100	17757.000	15881.575	709.000
2.110	17915.000	15857.103	867.000
2.120	18074.000	15869.972	784.000
2.130	18232.000	15848.980	919.000
2.140	18392.000	15894.286	628.000
2.150	18550.000	15866.000	810.000
2.160	18711.000	15936.200	358.000
2.170	18869.000	15895.340	621.000
2.180	19029.000	15926.738	419.000
2.190	19188.000	15918.717	471.000
2.200	19347.000	15913.102	507.000
2.210	19507.000	15939.171	339.000
2.220	19668.000	15987.420	29.000
2.230	19827.000	15961.194	197.000
2.240	19984.000	15882.836	701.000
2.250	20144.000	15917.985	475.000
2.260	20302.000	15882.589	703.000
2.270	20461.000	15887.813	669.000
2.280	20620.000	15891.469	646.000
2.290	20780.000	15924.028	436.000
2.300	20940.000	15946.820	290.000
2.310	21100.000	15962.774	187.000
2.320	21261.000	16003.942	-78.000
2.330	21419.000	15942.759	316.000
2.340	21579.000	15959.931	205.000
2.350	21736.000	15881.952	707.000
2.360	21894.000	15857.366	865.000
2.370	22053.000	15870.156	783.000
2.380	22211.000	15849.110	918.000
2.390	22371.000	15894.377	627.000
2.400	22531.000	15926.064	423.000
2.410	22691.000	15948.245	281.000
2.420	22849.000	15903.771	567.000
2.430	23009.000	15932.640	381.000
2.440	23169.000	15952.848	251.000
2.450	23326.000	15876.994	739.000
2.460	23484.000	15853.895	888.000
2.470	23643.000	15867.727	799.000
2.480	23802.000	15877.409	736.000
2.490	23963.000	15944.186	307.000
2.500	24124.000	15990.930	3283.000
2.510	24286.000	16053.651	2879.000
2.520	24454.000	16277.556	1439.000
2.530	24623.000	16464.289	237.000
2.540	24793.000	16625.002	-797.000
2.550	24962.000	16707.502	-1328.000
2.560	25129.000	16705.251	-1313.000
2.570	25295.000	16673.676	-1110.000
2.580	25458.000	16561.573	-389.000
2.590	25618.000	16393.101	695.000
2.600	25779.000	16305.171	1261.000
2.610	25941.000	16273.620	1464.000
2.620	26104.000	16281.534	1413.000
2.630	26269.000	16347.074	991.000
2.640	26436.000	16452.952	310.000
2.650	26603.000	16527.066	-167.000
2.660	26769.000	16548.946	-308.000
2.670	26937.000	16624.262	-792.000
2.680	27099.000	16496.984	27.000
2.690	27262.000	16437.889	407.000
2.700	27424.000	16366.522	866.000
2.710	27587.000	16346.565	995.000
2.720	27750.000	16332.596	1084.000
2.730	27915.000	16382.817	761.000
2.740	28079.000	16387.972	728.000
2.750	28247.000	16511.580	-67.000
2.760	28411.000	16478.106	148.000
2.770	28572.000	16364.674	878.000
2.780	28737.000	16405.272	617.000
2.790	28901.000	16403.690	627.000
2.800	29066.000	16432.583	441.000
2.810	29230.000	16422.808	504.000
2.820	29393.000	16385.966	741.000
2.830	29559.000	16450.176	328.000
2.840	29724.000	16465.123	232.000
2.850	29889.000	16475.586	164.000
2.860	30054.000	16482.910	117.000
2.870	30219.000	16488.037	84.000
2.880	30383.000	16461.626	254.000
2.890	30546.000	16413.138	566.000
2.900	30711.000	16439.197	399.000
2.910	30875.000	16427.438	474.000
2.920	31041.000	16479.206	141.000
2.930	31205.000	16455.444	294.000
2.940	31370.000	16468.811	208.000
2.950	31533.000	16418.168	534.000
2.960	31697.000	16412.717	569.000
2.970	31862.000	16438.902	400.000
2.980	32025.000	16397.232	669.000
2.990	32190.000	16428.062	470.000
3.000	32354.000	16419.643	524.000
3.010	32519.000	16443.750	369.000
3.020	32683.000	16430.625	454.000
3.030	32848.000	16451.438	320.000
3.040	33012.000	16436.006	419.000
3.050	33175.000	16395.204	682.000
3.060	33338.000	16366.643	865.000
3.070	33502.000	16376.650	801.000
3.080	33666.000	16383.655	756.000
3.090	33831.000	16418.559	531.000
3.100	33994.000	16382.991	760.000
3.110	34157.000	16358.094	920.000
3.120	34322.000	16400.666	646.000
3.130	34486.000	16400.466	648.000
3.140	34650.000	16400.326	649.000
3.150	34816.000	16460.228	263.000
3.160	34979.000	16412.160	573.000
3.170	35144.000	16438.512	403.000
3.180	35309.000	16456.958	284.000
3.190	35474.000	16469.871	201.000
3.200	35638.000	16448.910	336.000
3.210	35801.000	16404.237	623.000
3.220	35964.000	16372.966	825.000
3.230	36130.000	16441.076	386.000
3.240	36293.000	16398.753	659.000
3.250	36460.000	16489.127	77.000
3.260	36623.000	16432.389	442.000
3.270	36787.000	16422.672	505.000
3.280	36951.000	16415.871	549.000
3.290	37116.000	16441.109	386.000
3.300	37281.000	16458.777	273.000
3.310	37445.000	16441.144	386.000
3.320	37610.000	16458.801	272.000
3.330	37775.000	16471.160	193.000
3.340	37938.000	16419.812	523.000
3.350	38102.000	16413.869	562.000
3.360	38266.000	16409.708	588.000
3.370	38432.000	16466.796	221.000
3.380	38593.000	16356.757	929.000
3.390	38757.000	16369.730	846.000
3.400	38921.000	16378.811	787.000
3.410	39086.000	16415.168	553.000
3.420	39250.000	16410.617	582.000
3.430	39414.000	16407.432	603.000
3.440	39578.000	16405.202	617.000
3.450	39743.000	16433.642	434.000
3.460	39907.000	16423.549	499.000
3.470	40071.000	16416.484	545.000
3.480	40235.000	16411.539	577.000
3.490	40399.000	16408.077	599.000
3.500	40564.000	16435.654	421.000
3.510	40730.000	16484.958	104.000
3.520	40894.000	16459.471	268.000
3.530	41059.000	16471.629	190.000
3.540	41223.000	16450.141	328.000
3.550	41388.000	16465.098	232.000
3.560	41552.000	16445.569	358.000
3.570	41716.000	16431.898	446.000
3.580	41880.000	16422.329	507.000
3.590	42045.000	16445.630	357.000
3.600	42209.000	16431.941	445.000
3.610	42374.000	16452.359	314.000
3.620	42538.000	16436.651	415.000
3.630	42704.000	16485.656	100.000
3.640	42867.000	16429.959	458.000
3.650	43032.000	16450.971	323.000
3.660	43197.000	16465.680	228.000
3.670	43361.000	16445.976	355.000
3.680	43527.000	16492.183	58.000
3.690	43690.000	16434.528	429.000
3.700	43854.000	16424.170	495.000
3.710	44018.000	16416.919	542.000
3.720	44179.000	16321.843	1154.000
3.730	44343.000	16345.290	1003.000
3.740	44507.000	16361.703	897.000
3.750	44673.000	16433.192	437.000
3.760	44835.000	16363.235	887.000
3.770	45000.000	16404.264	623.000
3.780	45165.000	16432.985	439.000
3.790	45330.000	16453.089	309.000
3.800	45495.000	16467.163	219.000
3.810	45661.000	16507.014	-38.000
3.820	45826.000	16504.910	-24.000
3.830	45987.000	16383.437	757.000
3.840	46151.000	16388.406	725.000
3.850	46316.000	16421.884	510.000
3.860	46481.000	16445.319	359.000
3.870	46645.000	16431.723	447.000
3.880	46810.000	16452.206	315.000
3.890	46975.000	16466.544	223.000
3.900	47140.000	16476.581	158.000
3.910	47305.000	16483.607	113.000
3.920	47469.000	16458.525	274.000
3.930	47633.000	16440.967	387.000
3.940	47797.000	16428.677	466.000
3.950	47961.000	16420.074	522.000
3.960	48125.000	16414.052	560.000
3.970	48292.000	16499.836	8.000
3.980	48455.000	16439.885	394.000
3.990	48618.000	16397.920	664.000
4.000	48783.000	16428.544	467.000
4.010	48948.000	16449.981	329.000
4.020	49110.000	16374.986	812.000
4.030	49274.000	16382.491	763.000
4.040	49440.000	16447.743	344.000
4.050	49602.000	16373.420	822.000
4.060	49767.000	16411.394	577.000
4.070	49930.000	16377.976	792.000
4.080	50095.000	16414.583	557.000
4.090	50259.000	16410.208	585.000
4.100	50424.000	16437.146	412.000
4.110	50587.000	16396.002	676.000
4.120	50751.000	16397.201	669.000
4.130	50916.000	16428.041	470.000
4.140	51081.000	16449.629	331.000
4.150	51245.000	16434.740	427.000
4.160	51410.000	16454.318	301.000
4.170	51574.000	16438.023	406.000
4.180	51739.000	16456.616	286.000
4.190	51903.000	16439.631	396.000
4.200	52067.000	16427.742	472.000
4.210	52231.000	16419.419	526.000
4.220	52396.000	16443.593	370.000
4.230	52561.000	16460.515	261.000
4.240	52725.000	16442.361	378.000
4.250	52891.000	16489.653	74.000
4.260	53053.000	16402.757	633.000
4.270	53218.000	16431.930	445.000
4.280	53383.000	16452.351	314.000
4.290	53544.000	16346.646	994.000
4.300	53709.000	16392.652	698.000
4.310	53873.000	16394.856	684.000
4.320	54038.000	16426.399	481.000
4.330	54202.000	16418.480	532.000
4.340	54368.000	16472.936	181.000
4.350	54532.000	16451.055	322.000
4.360	54695.000	16405.739	614.000
4.370	54859.000	16404.017	625.000
4.380	55024.000	16432.812	440.000
4.390	55186.000	16362.968	889.000
4.400	55349.000	16344.078	1011.000
4.410	55513.000	16360.854	903.000
4.420	55678.000	16402.598	634.000
4.430	55843.000	16431.819	446.000
4.440	56008.000	16452.273	314.000
4.450	56175.000	16526.591	-164.000
4.460	56340.000	16518.614	-112.000
4.470	56504.000	16483.030	117.000
4.480	56668.000	16458.121	277.000
4.490	56833.000	16470.685	196.000
4.500	56996.000	16419.479	525.000
4.510	57157.000	16323.635	1142.000
4.520	57304.000	15836.545	4276.000
4.530	57471.000	16095.581	2609.000
4.540	57642.000	16396.907	671.000
4.550	57816.000	16697.835	-1265.000
4.560	57989.000	16878.484	-2428.000
4.570	58156.000	16824.939	-2083.000
4.580	58321.000	16727.457	-1456.000
4.590	58484.000	16599.220	-631.000
4.600	58643.000	16389.454	719.000
4.610	58803.000	16272.618	1470.000
4.620	58963.000	16190.833	1996.000
4.630	59125.000	16193.583	1979.000
4.640	59290.000	16285.508	1387.000
4.650	59456.000	16379.856	780.000
4.660	59622.000	16445.899	355.000
4.670	59789.000	16522.129	-135.000
4.680	59957.000	16605.490	-671.000
4.690	60122.000	16573.843	-468.000
4.700	60287.000	16551.690	-325.000
4.710	60449.000	16446.183	354.000
4.720	60611.000	16372.328	829.000
4.730	60773.000	16320.630	1161.000
4.740	60934.000	16254.441	1587.000
4.750	61099.000	16328.109	1113.000
4.760	61262.000	16319.676	1168.000
4.770	61428.000	16403.773	626.000
4.780	61595.000	16492.641	55.000
4.790	61762.000	16554.849	-346.000
4.800	61928.000	16568.394	-433.000
4.810	62093.000	16547.876	-301.000
4.820	62256.000	16473.513	178.000
4.830	62420.000	16451.459	320.000
4.840	62582.000	16376.021	805.000
4.850	62746.000	16383.215	759.000
4.860	62912.000	16448.251	340.000
4.870	63076.000	16433.775	433.000
4.880	63240.000	16423.643	499.000
4.890	63404.000	16416.550	544.000
4.900	63568.000	16411.585	576.000
4.910	63733.000	16438.109	406.000
4.920	63899.000	16486.677	93.000
4.930	64065.000	16520.674	-126.000
4.940	64229.000	16484.472	107.000
4.950	64393.000	16459.130	270.000
4.960	64557.000	16441.391	384.000
4.970	64721.000	16428.974	464.000
4.980	64886.000	16450.282	327.000
4.990	65047.000	16345.197	1003.000
5.000	65210.000	16331.638	1091.000
5.010	65373.000	16322.147	1152.000
5.020	65538.000	16375.503	808.000
5.030	65703.000	16412.852	568.000
5.040	65867.000	16408.996	593.000
5.050	66032.000	16436.297	417.000
5.060	66197.000	16455.408	294.000
5.070	66361.000	16438.786	401.000
5.080	66525.000	16427.150	476.000
5.090	66689.000	16419.005	528.000
5.100	66853.000	16413.304	565.000
5.110	67016.000	16379.312	784.000
5.120	67180.000	16385.519	744.000
5.130	67345.000	16419.863	523.000
5.140	67511.000	16473.904	175.000
5.150	67675.000	16451.733	318.000
5.160	67839.000	16436.213	418.000
5.170	68003.000	16425.349	488.000
5.180	68167.000	16417.744	537.000
5.190	68332.000	16442.421	378.000
5.200	68496.000	16429.695	460.000
5.210	68660.000	16420.786	517.000
5.220	68824.000	16414.550	557.000
5.230	68989.000	16440.185	392.000
5.240	69153.000	16428.130	470.000
5.250	69319.000	16479.691	138.000
5.260	69483.000	16455.784	292.000
5.270	69647.000	16439.048	400.000
5.280	69813.000	16487.334	89.000
5.290	69976.000	16431.134	450.000
5.300	70138.000	16361.794	897.000
5.310	70302.000	16373.256	823.000
5.320	70465.000	16351.279	964.000
5.330	70630.000	16395.895	677.000
5.340	70795.000	16427.127	476.000
5.350	70958.000	16388.989	722.000
5.360	71122.000	16392.292	700.000
5.370	71286.000	16394.604	685.000
5.380	71450.000	16396.223	675.000
5.390	71615.000	16427.356	475.000
5.400	71779.000	16419.149	528.000
5.410	71942.000	16383.405	758.000
5.420	72105.000	16358.383	919.000
5.430	72270.000	16400.868	645.000
5.440	72434.000	16400.608	647.000
5.450	72600.000	16460.425	262.000
5.460	72765.000	16472.298	186.000
5.470	72931.000	16510.608	-61.000
5.480	73096.000	16507.426	-40.000
5.490	73260.000	16475.198	167.000
5.500	73424.000	16452.639	-2965.000
5.510	73586.000	16376.847	-2477.000
5.520	73742.000	16143.793	-978.000
5.530	73896.000	15920.655	458.000
5.540	74049.000	15734.459	1656.000
5.550	74204.000	15664.121	2109.000
5.560	74361.000	15674.885	2039.000
5.570	74520.000	15742.419	1605.000
5.580	74682.000	15879.693	722.000
5.590	74845.000	16005.785	-90.000
5.600	75007.000	16064.050	-465.000
5.610	75170.000	16134.835	-920.000
5.620	75328.000	16034.384	-274.000
5.630	75488.000	16024.069	-207.000
5.640	75648.000	16016.848	-161.000
5.650	75803.000	15861.794	837.000
5.660	75960.000	15813.256	1149.000
5.670	76118.000	15809.279	1175.000
5.680	76275.000	15776.495	1386.000
5.690	76435.000	15843.547	954.000
5.700	76594.000	15860.483	845.000
5.710	76756.000	15962.338	190.000
5.720	76915.000	15943.637	310.000
5.730	77076.000	15990.546	8.000
5.740	77236.000	15993.382	-10.000
5.750	77395.000	15965.367	170.000
5.760	77553.000	15915.757	490.000
5.770	77713.000	15941.030	327.000
5.780	77872.000	15928.721	406.000
5.790	78031.000	15920.105	462.000
5.800	78190.000	15914.073	500.000
5.810	78349.000	15909.851	528.000
5.820	78508.000	15906.896	547.000
5.830	78668.000	15934.827	367.000
5.840	78829.000	15984.379	48.000
5.850	78988.000	15959.065	211.000
5.860	79149.000	16001.346	-61.000
5.870	79309.000	16000.942	-58.000
5.880	79469.000	16000.659	-57.000
5.890	79628.000	15970.462	138.000
5.900	79785.000	15889.323	660.000
5.910	79943.000	15862.526	832.000
5.920	80102.000	15873.768	760.000
5.930	80262.000	15911.638	516.000
5.940	80420.000	15878.146	732.000
5.950	80579.000	15884.703	689.000
5.960	80739.000	15919.292	467.000
5.970	80899.000	15943.504	311.000
5.980	81058.000	15930.453	395.000
5.990	81217.000	15921.317	454.000
6.000	81376.000	15914.922	495.000
6.010	81534.000	15880.445	717.000
6.020	81692.000	15856.312	872.000
6.030	81850.000	15839.418	981.000
6.040	82010.000	15887.593	671.000
6.050	82169.000	15891.315	647.000
6.060	82328.000	15893.920	630.000
6.070	82488.000	15925.744	425.000
6.080	82646.000	15888.021	668.000
6.090	82806.000	15921.615	452.000
6.100	82966.000	15945.130	301.000
6.110	83125.000	15931.591	388.000
6.120	83284.000	15922.114	449.000
6.130	83443.000	15915.480	491.000
6.140	83603.000	15940.836	328.000
6.150	83762.000	15928.585	407.000
6.160	83921.000	15920.010	462.000
6.170	84080.000	15914.007	501.000
6.180	84238.000	15879.805	721.000
6.190	84397.000	15885.863	682.000
6.200	84557.000	15920.104	462.000
6.210	84716.000	15914.073	500.000
6.220	84876.000	15939.851	335.000
6.230	85037.000	15987.896	25.000
6.240	85196.000	15961.527	195.000
6.250	85354.000	15913.069	507.000
6.260	85513.000	15909.148	532.000
6.270	85671.000	15876.404	743.000
6.280	85830.000	15883.483	697.000
6.290	85989.000	15888.438	665.000
6.300	86148.000	15891.906	643.000
6.310	86307.000	15894.335	627.000
6.320	86467.000	15926.034	423.000
6.330	86626.000	15918.224	474.000
6.340	86785.000	15912.757	509.000
6.350	86944.000	15908.930	534.000
6.360	87104.000	15936.251	358.000
6.370	87262.000	15895.376	621.000
6.380	87421.000	15896.763	612.000
6.390	87579.000	15867.734	799.000
6.400	87739.000	15907.414	543.000
6.410	87896.000	15845.190	944.000
6.420	88056.000	15891.633	645.000
6.430	88216.000	15924.143	436.000
6.440	88378.000	16006.900	-97.000
6.450	88538.000	16004.830	-84.000
6.460	88696.000	15943.381	312.000
6.470	88855.000	15930.367	396.000
6.480	89014.000	15921.257	454.000
6.490	89172.000	15884.880	688.000
6.500	89332.000	15919.416	466.000
6.510	89491.000	15913.591	504.000
6.520	89651.000	15939.514	337.000
6.530	89809.000	15897.660	606.000
6.540	89970.000	15958.362	215.000
6.550	90130.000	15970.853	135.000
6.560	90290.000	15979.597	79.000
6.570	90449.000	15955.718	232.000
6.580	90607.000	15909.003	533.000
6.590	90768.000	15966.302	164.000
6.600	90927.000	15946.411	292.000
6.610	91084.000	15872.488	768.000
6.620	91245.000	15940.742	329.000
6.630	91404.000	15928.519	407.000
6.640	91563.000	15919.963	463.000
6.650	91721.000	15883.974	694.000
6.660	91881.000	15918.782	470.000
6.670	92040.000	15913.147	506.000
6.680	92200.000	15939.203	339.000
6.690	92358.000	15897.442	607.000
6.700	92518.000	15928.210	409.000
6.710	92677.000	15919.747	464.000
6.720	92836.000	15913.823	502.000
6.730	92996.000	15939.676	336.000
6.740	93154.000	15897.773	605.000
6.750	93313.000	15898.441	601.000
6.760	93472.000	15898.909	598.000
6.770	93632.000	15929.236	403.000
6.780	93793.000	15980.465	73.000
6.790	93952.000	15956.326	229.000
6.800	94111.000	15939.428	337.000
6.810	94269.000	15897.600	606.000
6.820	94429.000	15928.320	409.000
6.830	94589.000	15949.824	270.000
6.840	94749.000	15964.877	174.000
6.850	94908.000	15945.414	299.000
6.860	95068.000	15961.790	193.000
6.870	95227.000	15943.253	313.000
6.880	95386.000	15930.277	396.000
6.890	95544.000	15891.194	648.000
6.900	95703.000	15893.836	631.000
6.910	95863.000	15925.685	426.000
6.920	96022.000	15917.979	475.000
6.930	96182.000	15942.586	317.000
6.940	96342.000	15959.810	206.000
6.950	96502.000	15971.867	129.000
6.960	96661.000	15950.307	267.000
6.970	96820.000	15935.215	364.000
6.980	96978.000	15894.650	625.000
6.990	97136.000	15866.255	808.000
7.000	97294.000	15846.379	936.000
