0.000	0.000	0.000	0.000
0.010	2.000	60.000	-386.000
0.020	2.000	42.000	-270.000
0.030	2.000	29.400	-189.000
0.040	1.000	-9.420	61.000
0.050	-1.000	-66.594	428.000
0.060	-3.000	-106.616	686.000
0.070	-4.000	-104.631	673.000
0.080	-4.000	-73.242	471.000
0.090	-4.000	-51.269	330.000
0.100	-4.000	-35.888	231.000
0.110	-4.000	-25.122	162.000
0.120	-3.000	12.415	-80.000
0.130	-2.000	38.690	-249.000
0.140	-2.000	27.083	-174.000
0.150	-2.000	18.958	-122.000
0.160	-2.000	13.271	-85.000
0.170	-2.000	9.290	-60.000
0.180	-2.000	6.503	-42.000
0.190	-3.000	-25.448	164.000
0.200	-4.000	-47.814	308.000
0.210	-6.000	-93.470	601.000
0.220	-6.000	-65.429	421.000
0.230	-6.000	-45.800	295.000
0.240	-6.000	-32.060	206.000
0.250	-6.000	-22.442	144.000
0.260	-6.000	-15.709	101.000
0.270	-6.000	-10.997	71.000
0.280	-5.000	22.302	-143.000
0.290	-4.000	45.612	-293.000
0.300	-4.000	31.928	-205.000
0.310	-4.000	22.350	-144.000
0.320	-4.000	15.645	-101.000
0.330	-5.000	-19.049	123.000
0.340	-6.000	-43.334	279.000
0.350	-7.000	-60.334	388.000
0.360	-8.000	-72.234	465.000
0.370	-8.000	-50.564	325.000
0.380	-8.000	-35.395	228.000
0.390	-8.000	-24.776	159.000
0.400	-8.000	-17.343	112.000
0.410	-7.000	17.860	-115.000
0.420	-7.000	12.502	-80.000
0.430	-6.000	38.751	-249.000
0.440	-6.000	27.126	-175.000
0.450	-6.000	18.988	-122.000
0.460	-6.000	13.292	-86.000
0.470	-6.000	9.304	-60.000
0.480	-7.000	-23.487	151.000
0.490	-9.000	-76.441	492.000
0.500	-9.000	-53.509	344.000
0.510	-10.000	-67.456	2492.000
0.520	-10.000	-47.219	4419.000
0.530	-4.000	146.947	5228.000
0.540	9.000	492.863	5060.000
0.550	29.000	945.004	4209.000
0.560	53.000	1381.503	3458.000
0.570	82.000	1837.052	2585.000
0.580	114.000	2245.936	2012.000
0.590	149.000	2622.155	1649.000
0.600	187.000	2975.509	1434.000
0.610	226.000	3252.856	1707.000
0.620	266.000	3476.999	2323.000
0.630	309.000	3723.900	2792.000
0.640	356.000	4016.730	2966.000
0.650	405.000	4281.711	3319.000
0.660	459.000	4617.198	3218.000
0.670	516.000	4942.038	3186.000
0.680	577.000	5289.427	3009.000
0.690	641.000	5622.599	2923.000
0.700	709.000	5975.819	2708.000
0.710	781.000	6343.073	2403.000
0.720	856.000	6690.151	2228.000
0.730	934.000	7023.106	2143.000
0.740	1014.000	7316.174	2316.000
0.750	1096.000	7581.322	2667.000
0.760	1182.000	7886.925	2759.000
0.770	1271.000	8190.848	2861.000
0.780	1365.000	8553.593	2585.000
0.790	1459.000	8807.515	3009.000
0.800	1559.000	9165.261	2766.000
0.810	1662.000	9505.683	2633.000
0.820	1769.000	9863.978	2386.000
0.830	1880.000	10234.784	2058.000
0.840	1991.000	10494.349	2446.000
0.850	2107.000	10826.044	2369.000
0.860	2226.000	11148.231	2354.000
0.870	2346.000	11403.762	2768.000
0.880	2471.000	11732.633	2710.000
0.890	2600.000	12082.843	2514.000
0.900	2731.000	12387.990	2609.000
0.910	2866.000	12721.593	2520.000
0.920	3005.000	13075.115	2304.000
0.930	3147.000	13412.581	2190.000
0.940	3291.000	13708.806	2342.000
0.950	3439.000	14036.165	2294.000
0.960	3589.000	14325.315	2491.000
0.970	3742.000	14617.721	2668.000
0.980	3898.000	14912.404	2829.000
0.990	4059.000	15268.683	2595.000
1.000	4222.000	15578.078	2662.000
1.010	4390.000	15944.655	2361.000
1.020	4561.000	16291.258	2189.000
1.030	4732.000	16533.881	2686.000
1.040	4908.000	16853.717	2686.000
1.050	5088.000	17197.602	2531.000
1.060	5267.000	17408.321	3233.000
1.070	5452.000	17735.825	3184.000
1.080	5641.000	18085.077	2995.000
1.090	5833.000	18419.554	2901.000
1.100	6030.000	18803.688	2487.000
1.110	6231.000	19192.582	2043.000
1.120	6432.000	19464.807	2349.000
1.130	6637.000	19775.365	2409.000
1.140	6845.000	20082.755	2489.000
1.150	7057.000	20417.929	2390.000
1.160	7270.000	20682.550	2745.000
1.170	7488.000	21017.785	2646.000
1.180	7708.000	21312.450	2808.000
1.190	7934.000	21698.715	2381.000
1.200	8161.000	21999.100	2506.000
1.210	8391.000	22299.370	2632.000
1.220	8626.000	22659.559	2372.000
1.230	8859.000	22851.691	3194.000
1.240	9099.000	23196.184	3035.000
1.250	9344.000	23587.329	2576.000
1.260	9590.000	23891.130	2680.000
1.270	9840.000	24223.791	2597.000
1.280	10092.000	24516.654	2771.000
1.290	10348.000	24841.658	2737.000
1.300	10608.000	25189.160	2559.000
1.310	10870.000	25492.412	2666.000
1.320	11135.000	25794.689	2779.000
1.330	11403.000	26096.282	2896.000
1.340	11675.000	26427.397	2824.000
1.350	11952.000	26809.178	2425.000
1.360	12230.000	27106.425	2571.000
1.370	12512.000	27434.497	2518.000
1.380	12796.000	27724.148	2712.000
1.390	13084.000	28046.904	2693.000
1.400	13380.000	28512.833	1753.000
1.410	13673.000	28748.983	2292.000
1.420	13967.000	28944.288	3093.000
1.430	14265.000	29201.002	3499.000
1.440	14569.000	29560.701	3243.000
1.450	14877.000	29932.491	2908.000
1.460	15190.000	30342.744	2327.000
1.470	15502.000	30599.920	2730.000
1.480	15820.000	30959.944	2471.000
1.490	16140.000	31271.961	2521.000
1.500	16464.000	31610.373	2402.000
1.510	16790.000	31907.261	492.000
1.520	17120.000	32235.083	-1617.000
1.530	17445.000	32314.558	-2129.000
1.540	17766.000	32250.190	-1715.000
1.550	18089.000	32265.133	-1811.000
1.560	18405.000	32065.593	-527.000
1.570	18720.000	31895.915	565.000
1.580	19029.000	31597.141	2487.000
1.590	19344.000	31567.999	2675.000
1.600	19662.000	31637.599	2227.000
1.610	19982.000	31746.319	1527.000
1.620	20305.000	31912.423	459.000
1.630	20627.000	31998.696	-96.000
1.640	20950.000	32089.088	-678.000
1.650	21272.000	32122.361	-892.000
1.660	21594.000	32145.653	-1042.000
1.670	21909.000	31951.957	204.000
1.680	22225.000	31846.370	884.000
1.690	22545.000	31892.459	587.000
1.700	22861.000	31804.721	1152.000
1.710	23176.000	31713.305	1740.000
1.720	23495.000	31769.313	1379.000
1.730	23817.000	31898.519	548.000
1.740	24138.000	31958.964	159.000
1.750	24460.000	32031.275	-306.000
1.760	24780.000	32021.892	-246.000
1.770	25101.000	32045.325	-396.000
1.780	25420.000	32001.727	-116.000
1.790	25738.000	31941.209	273.000
1.800	26058.000	31958.846	160.000
1.810	26369.000	31701.192	1818.000
1.820	26687.000	31730.835	1627.000
1.830	27007.000	31811.584	1107.000
1.840	27326.000	31838.109	937.000
1.850	27648.000	31946.676	238.000
1.860	27967.000	31932.673	328.000
1.870	28285.000	31892.871	584.000
1.880	28604.000	31895.010	571.000
1.890	28925.000	31956.507	175.000
1.900	29246.000	31999.555	-102.000
1.910	29567.000	32029.688	-296.000
1.920	29882.000	31870.782	727.000
1.930	30198.000	31789.547	1249.000
1.940	30519.000	31882.683	650.000
1.950	30836.000	31827.878	1003.000
1.960	31155.000	31849.515	863.000
1.970	31476.000	31924.660	380.000
1.980	31796.000	31947.262	234.000
1.990	32116.000	31963.084	133.000
2.000	32437.000	32004.158	-132.000
2.010	32753.000	31882.911	648.000
2.020	33071.000	31858.038	809.000
2.030	33388.000	31810.626	1114.000
2.040	33706.000	31807.438	1134.000
2.050	34027.000	31895.207	569.000
2.060	34346.000	31896.645	560.000
2.070	34668.000	31987.651	-25.000
2.080	34991.000	32081.356	-628.000
2.090	35310.000	32026.949	-278.000
2.100	35631.000	32048.864	-419.000
2.110	35949.000	31974.205	61.000
2.120	36263.000	31801.944	1169.000
2.130	36580.000	31771.360	1366.000
2.140	36899.000	31809.952	1118.000
2.150	37218.000	31836.967	944.000
2.160	37539.000	31915.877	436.000
2.170	37857.000	31881.114	660.000
2.180	38178.000	31946.780	238.000
2.190	38500.000	32022.746	-251.000
2.200	38817.000	31925.922	372.000
2.210	39136.000	31918.145	422.000
2.220	39457.000	31972.702	71.000
2.230	39774.000	31890.891	597.000
2.240	40093.000	31893.624	580.000
2.250	40411.000	31865.537	760.000
2.260	40731.000	31905.876	501.000
2.270	41049.000	31874.113	705.000
2.280	41369.000	31911.879	462.000
2.290	41689.000	31938.315	292.000
2.300	42009.000	31956.821	173.000
2.310	42328.000	31939.775	283.000
2.320	42645.000	31867.842	745.000
2.330	42965.000	31907.490	490.000
2.340	43281.000	31815.243	1084.000
2.350	43599.000	31810.670	1113.000
2.360	43918.000	31837.469	941.000
2.370	44239.000	31916.228	434.000
2.380	44559.000	31941.360	272.000
2.390	44879.000	31958.952	159.000
2.400	45201.000	32031.266	-306.000
2.410	45519.000	31961.886	140.000
2.420	45836.000	31883.320	646.000
2.430	46156.000	31918.324	421.000
2.440	46477.000	31972.827	70.000
2.450	46794.000	31890.979	597.000
2.460	47111.000	31833.685	965.000
2.470	47424.000	31673.580	1995.000
2.480	47743.000	31741.506	1558.000
2.490	48063.000	31819.054	1059.000
2.500	48385.000	31933.338	3601.000
2.510	48710.000	32103.336	2507.000
2.520	49038.000	32312.336	1162.000
2.530	49369.000	32548.635	-358.000
2.540	49699.000	32684.044	-1229.000
2.550	50027.000	32718.831	-1453.000
2.560	50355.000	32743.182	-1610.000
2.570	50677.000	32580.227	-561.000
2.580	50996.000	32376.159	752.000
2.590	51314.000	32203.311	1864.000
2.600	51636.000	32202.318	1870.000
2.610	51958.000	32201.623	1875.000
2.620	52284.000	32321.136	1106.000
2.630	52609.000	32374.795	760.000
2.640	52942.000	32652.357	-1025.000
2.650	53263.000	32486.650	41.000
2.660	53590.000	32550.655	-371.000
2.670	53912.000	32445.458	306.000
2.680	54234.000	32371.821	780.000
2.690	54559.000	32410.275	532.000
2.700	54883.000	32407.192	552.000
2.710	55208.000	32435.035	373.000
2.720	55528.000	32304.524	1213.000
2.730	55853.000	32363.167	835.000
2.740	56178.000	32404.217	571.000
2.750	56505.000	32492.952	0.000
2.760	56830.000	32495.066	-13.000
2.770	57154.000	32466.546	170.000
2.780	57479.000	32476.582	106.000
2.790	57802.000	32423.608	446.000
2.800	58126.000	32416.525	492.000
2.810	58450.000	32411.568	524.000
2.820	58771.000	32318.097	1125.000
2.830	59096.000	32372.668	774.000
2.840	59418.000	32320.868	1107.000
2.850	59742.000	32344.607	955.000
2.860	60066.000	32361.225	848.000
2.870	60392.000	32432.858	387.000
2.880	60718.000	32483.000	64.000
2.890	61044.000	32518.100	-162.000
2.900	61369.000	32512.670	-127.000
2.910	61691.000	32418.869	477.000
2.920	62015.000	32413.208	513.000
2.930	62340.000	32439.246	346.000
2.940	62663.000	32397.472	615.000
2.950	62987.000	32398.230	610.000
2.960	63310.000	32368.761	799.000
2.970	63634.000	32378.133	739.000
2.980	63958.000	32384.693	697.000
2.990	64282.000	32389.285	667.000
3.000	64606.000	32392.500	647.000
3.010	64928.000	32334.750	1018.000
3.020	65253.000	32384.325	699.000
3.030	65578.000	32419.027	476.000
3.040	65904.000	32473.319	127.000
3.050	66228.000	32451.323	268.000
3.060	66552.000	32435.926	367.000
3.070	66878.000	32485.148	50.000
3.080	67205.000	32549.604	-364.000
3.090	67528.000	32474.723	118.000
3.100	67850.000	32392.306	648.000
3.110	68174.000	32394.614	633.000
3.120	68500.000	32456.230	237.000
3.130	68820.000	32319.361	1117.000
3.140	69147.000	32433.553	382.000
3.150	69470.000	32393.487	640.000
3.160	69790.000	32275.441	1400.000
3.170	70116.000	32372.809	773.000
3.180	70441.000	32410.966	528.000
3.190	70767.000	32467.676	163.000
3.200	71089.000	32387.373	680.000
3.210	71415.000	32451.161	269.000
3.220	71742.000	32525.813	-211.000
3.230	72067.000	32518.069	-161.000
3.240	72390.000	32452.648	260.000
3.250	72714.000	32436.854	361.000
3.260	73037.000	32395.798	625.000
3.270	73361.000	32397.058	617.000
3.280	73685.000	32397.941	612.000
3.290	74007.000	32338.559	994.000
3.300	74332.000	32386.991	682.000
3.310	74655.000	32360.894	850.000
3.320	74980.000	32402.626	581.000
3.330	75304.000	32401.838	587.000
3.340	75629.000	32431.287	397.000
3.350	75953.000	32421.901	457.000
3.360	76279.000	32475.330	114.000
3.370	76602.000	32422.731	452.000
3.380	76926.000	32415.912	496.000
3.390	77249.000	32381.138	720.000
3.400	77573.000	32386.797	683.000
3.410	77898.000	32420.758	465.000
3.420	78221.000	32384.530	698.000
3.430	78545.000	32389.171	668.000
3.440	78869.000	32392.420	647.000
3.450	79194.000	32424.694	439.000
3.460	79519.000	32447.286	294.000
3.470	79845.000	32493.100	-1.000
3.480	80167.000	32405.170	565.000
3.490	80490.000	32373.619	768.000
3.500	80813.000	32351.533	910.000
3.510	81137.000	32366.073	817.000
3.520	81463.000	32436.251	365.000
3.530	81788.000	32455.376	242.000
3.540	82111.000	32408.763	542.000
3.550	82436.000	32436.134	366.000
3.560	82761.000	32455.294	243.000
3.570	83082.000	32348.706	928.000
3.580	83406.000	32364.094	829.000
3.590	83730.000	32374.866	760.000
3.600	84055.000	32412.406	519.000
3.610	84383.000	32528.684	-230.000
3.620	84707.000	32490.079	19.000
3.630	85029.000	32403.055	579.000
3.640	85354.000	32432.139	392.000
3.650	85677.000	32392.497	647.000
3.660	86004.000	32484.748	53.000
3.670	86324.000	32339.324	989.000
3.680	86649.000	32387.527	679.000
3.690	86972.000	32361.269	848.000
3.700	87298.000	32432.888	387.000
3.710	87622.000	32423.022	450.000
3.720	87949.000	32506.115	-84.000
3.730	88274.000	32504.281	-73.000
3.740	88599.000	32502.996	-64.000
3.750	88923.000	32472.097	134.000
3.760	89247.000	32450.468	274.000
3.770	89570.000	32405.328	564.000
3.780	89892.000	32343.729	960.000
3.790	90215.000	32330.611	1045.000
3.800	90540.000	32381.427	718.000
3.810	90861.000	32296.999	1261.000
3.820	91187.000	32387.899	676.000
3.830	91511.000	32391.530	653.000
3.840	91835.000	32394.071	636.000
3.850	92160.000	32425.850	432.000
3.860	92487.000	32508.095	-97.000
3.870	92810.000	32445.666	305.000
3.880	93134.000	32431.966	393.000
3.890	93460.000	32482.376	68.000
3.900	93782.000	32397.664	613.000
3.910	94107.000	32428.364	416.000
3.920	94429.000	32359.855	857.000
3.930	94752.000	32341.899	972.000
3.940	95077.000	32389.329	667.000
3.950	95401.000	32392.530	646.000
3.960	95729.000	32514.771	-140.000
3.970	96050.000	32390.340	660.000
3.980	96374.000	32393.238	642.000
3.990	96697.000	32365.267	822.000
4.000	97021.000	32375.687	755.000
4.010	97346.000	32412.981	515.000
4.020	97670.000	32409.086	540.000
4.030	97996.000	32466.360	171.000
4.040	98320.000	32446.452	299.000
4.050	98642.000	32372.517	775.000
4.060	98969.000	32470.762	143.000
4.070	99292.000	32419.533	473.000
4.080	99617.000	32443.673	317.000
4.090	99942.000	32460.571	209.000
4.100	100271.000	32592.400	-640.000
4.110	100590.000	32384.680	697.000
4.120	100914.000	32389.276	667.000
4.130	101237.000	32362.493	840.000
4.140	101563.000	32433.745	381.000
4.150	101884.000	32333.622	1025.000
4.160	102209.000	32383.535	704.000
4.170	102533.000	32388.475	672.000
4.180	102858.000	32421.932	457.000
4.190	103183.000	32445.353	307.000
4.200	103509.000	32491.747	8.000
4.210	103832.000	32434.223	378.000
4.220	104157.000	32453.956	251.000
4.230	104480.000	32407.769	548.000
4.240	104804.000	32405.438	563.000
4.250	105129.000	32433.807	381.000
4.260	105453.000	32423.665	446.000
4.270	105777.000	32416.565	492.000
4.280	106105.000	32531.596	-248.000
4.290	106424.000	32342.117	971.000
4.300	106747.000	32329.482	1052.000
4.310	107072.000	32380.637	723.000
4.320	107394.000	32326.446	1072.000
4.330	107718.000	32348.512	930.000
4.340	108043.000	32393.959	637.000
4.350	108372.000	32545.771	-340.000
4.360	108692.000	32382.040	714.000
4.370	109016.000	32387.428	679.000
4.380	109341.000	32421.199	462.000
4.390	109665.000	32414.840	503.000
4.400	109991.000	32470.388	145.000
4.410	110315.000	32449.271	281.000
4.420	110639.000	32434.490	376.000
4.430	110961.000	32364.143	829.000
4.440	111286.000	32404.900	567.000
4.450	111609.000	32373.430	769.000
4.460	111933.000	32381.401	718.000
4.470	112257.000	32386.981	682.000
4.480	112581.000	32390.887	657.000
4.490	112906.000	32423.621	446.000
4.500	113232.000	32476.534	106.000
4.510	113557.000	32483.574	61.000
4.520	113881.000	32458.502	222.000
4.530	114204.000	32410.951	528.000
4.540	114530.000	32467.666	163.000
4.550	114852.000	32387.366	680.000
4.560	115177.000	32421.156	462.000
4.570	115497.000	32294.809	1275.000
4.580	115821.000	32326.367	1072.000
4.590	116147.000	32408.457	544.000
4.600	116472.000	32435.920	367.000
4.610	116797.000	32455.144	244.000
4.620	117123.000	32498.601	-36.000
4.630	117447.000	32469.020	154.000
4.640	117772.000	32478.314	94.000
4.650	118095.000	32424.820	439.000
4.660	118422.000	32507.374	-92.000
4.670	118744.000	32415.162	501.000
4.680	119064.000	32290.613	1302.000
4.690	119387.000	32293.429	1284.000
4.700	119712.000	32355.400	885.000
4.710	120038.000	32428.780	413.000
4.720	120364.000	32480.146	83.000
4.730	120690.000	32516.102	-149.000
4.740	121014.000	32481.272	75.000
4.750	121340.000	32516.890	-154.000
4.760	121663.000	32451.823	265.000
4.770	121986.000	32406.276	558.000
4.780	122312.000	32464.393	184.000
4.790	122630.000	32265.075	1466.000
4.800	122953.000	32275.553	1399.000
4.810	123280.000	32402.887	580.000
4.820	123600.000	32282.021	1357.000
4.830	123924.000	32317.415	1130.000
4.840	124250.000	32402.190	584.000
4.850	124576.000	32461.533	202.000
4.860	124903.000	32533.073	-258.000
4.870	125228.000	32523.151	-194.000
4.880	125553.000	32516.206	-149.000
4.890	125875.000	32421.344	461.000
4.900	126201.000	32474.941	116.000
4.910	126523.000	32392.459	647.000
4.920	126847.000	32394.721	632.000
4.930	127170.000	32366.305	815.000
4.940	127495.000	32406.413	557.000
4.950	127816.000	32314.489	1148.000
4.960	128139.000	32310.143	1176.000
4.970	128461.000	32277.100	1389.000
4.980	128787.000	32373.970	766.000
4.990	129112.000	32411.779	523.000
5.000	129438.000	32468.245	159.000
5.010	129764.000	32507.772	-95.000
5.020	130089.000	32505.440	-80.000
5.030	130414.000	32503.808	-70.000
5.040	130738.000	32472.666	131.000
5.050	131066.000	32570.866	-501.000
5.060	131386.000	32399.606	601.000
5.070	131707.000	32309.724	1179.000
5.080	132030.000	32306.807	1198.000
5.090	132355.000	32364.765	825.000
5.100	132683.000	32495.335	-15.000
5.110	133006.000	32436.735	362.000
5.120	133333.000	32515.714	-146.000
5.130	133654.000	32391.000	656.000
5.140	133977.000	32363.700	832.000
5.150	134302.000	32404.590	569.000
5.160	134624.000	32343.213	964.000
5.170	134950.000	32420.249	468.000
5.180	135272.000	32354.174	893.000
5.190	135597.000	32397.922	612.000
5.200	135922.000	32428.545	415.000
5.210	136247.000	32449.982	277.000
5.220	136573.000	32494.987	-13.000
5.230	136898.000	32496.491	-22.000
5.240	137222.000	32467.544	164.000
5.250	137550.000	32567.281	-478.000
5.260	137869.000	32367.096	810.000
5.270	138191.000	32316.968	1133.000
5.280	138514.000	32311.877	1165.000
5.290	138837.000	32308.314	1188.000
5.300	139162.000	32365.820	818.000
5.310	139488.000	32436.074	366.000
5.320	139811.000	32395.252	629.000
5.330	140137.000	32456.676	234.000
5.340	140463.000	32499.673	-43.000
5.350	140788.000	32499.771	-44.000
5.360	141109.000	32379.840	728.000
5.370	141433.000	32385.888	689.000
5.380	141758.000	32420.122	469.000
5.390	142082.000	32414.085	508.000
5.400	142405.000	32379.860	728.000
5.410	142731.000	32445.902	303.000
5.420	143053.000	32372.131	778.000
5.430	143377.000	32380.492	724.000
5.440	143701.000	32386.344	686.000
5.450	144026.000	32420.441	467.000
5.460	144349.000	32384.309	699.000
5.470	144674.000	32419.016	476.000
5.480	144998.000	32413.311	513.000
5.490	145324.000	32469.318	152.000
5.500	145649.000	32478.523	-3184.000
5.510	145969.000	32334.966	-2260.000
5.520	146286.000	32144.476	-1034.000
5.530	146601.000	31951.133	210.000
5.540	146913.000	31725.793	1659.000
5.550	147226.000	31598.055	2481.000
5.560	147543.000	31628.639	2284.000
5.570	147860.000	31650.047	2147.000
5.580	148181.000	31785.033	1278.000
5.590	148505.000	31969.523	91.000
5.600	148826.000	32008.666	-161.000
5.610	149148.000	32066.066	-530.000
5.620	149469.000	32076.246	-595.000
5.630	149788.000	32023.372	-255.000
5.640	150105.000	31926.361	369.000
5.650	150426.000	31978.453	34.000
5.660	150741.000	31834.917	957.000
5.670	151057.000	31764.442	1411.000
5.680	151376.000	31805.109	1149.000
5.690	151695.000	31833.576	966.000
5.700	152017.000	31943.504	259.000
5.710	152337.000	31960.452	150.000
5.720	152658.000	32002.317	-120.000
5.730	152981.000	32091.622	-694.000
5.740	153297.000	31944.135	255.000
5.750	153616.000	31930.895	340.000
5.760	153932.000	31831.626	978.000
5.770	154252.000	31882.138	653.000
5.780	154567.000	31767.497	1391.000
5.790	154887.000	31837.248	942.000
5.800	155206.000	31856.073	821.000
5.810	155524.000	31839.251	929.000
5.820	155844.000	31887.476	619.000
5.830	156164.000	31921.233	402.000
5.840	156488.000	32064.863	-522.000
5.850	156804.000	31925.404	375.000
5.860	157122.000	31887.783	617.000
5.870	157441.000	31891.448	594.000
5.880	157760.000	31894.014	577.000
5.890	158078.000	31865.810	759.000
5.900	158401.000	31996.067	-80.000
5.910	158716.000	31847.247	878.000
5.920	159036.000	31893.073	583.000
5.930	159355.000	31895.151	570.000
5.940	159674.000	31896.606	560.000
5.950	159997.000	32017.624	-218.000
5.960	160313.000	31892.337	588.000
5.970	160628.000	31774.636	1345.000
5.980	160948.000	31842.245	910.000
5.990	161264.000	31769.572	1378.000
6.000	161585.000	31868.700	740.000
6.010	161905.000	31908.090	486.000
6.020	162225.000	31935.663	309.000
6.030	162547.000	32014.964	-201.000
6.040	162867.000	32010.475	-172.000
6.050	163188.000	32037.332	-345.000
6.060	163507.000	31996.133	-80.000
6.070	163824.000	31907.293	492.000
6.080	164142.000	31875.105	699.000
6.090	164464.000	31972.574	72.000
6.100	164779.000	31830.801	984.000
6.110	165096.000	31791.561	1236.000
6.120	165417.000	31884.093	641.000
6.130	165736.000	31888.865	610.000
6.140	166056.000	31922.205	396.000
6.150	166375.000	31915.544	439.000
6.160	166696.000	31970.881	82.000
6.170	167015.000	31949.616	219.000
6.180	167332.000	31874.732	701.000
6.190	167652.000	31912.312	459.000
6.200	167972.000	31938.618	290.000
6.210	168296.000	32077.033	-600.000
6.220	168610.000	31873.923	706.000
6.230	168927.000	31821.746	1042.000
6.240	169247.000	31875.222	698.000
6.250	169566.000	31882.656	650.000
6.260	169885.000	31887.859	617.000
6.270	170204.000	31891.501	593.000
6.280	170524.000	31924.051	384.000
6.290	170843.000	31916.836	430.000
6.300	171165.000	32001.785	-116.000
6.310	171479.000	31821.249	1045.000
6.320	171798.000	31844.875	893.000
6.330	172116.000	31831.412	980.000
6.340	172439.000	31971.989	75.000
6.350	172756.000	31890.392	600.000
6.360	173075.000	31893.274	582.000
6.370	173396.000	31955.292	183.000
6.380	173715.000	31938.704	290.000
6.390	174033.000	31897.093	557.000
6.400	174353.000	31927.965	359.000
6.410	174670.000	31859.576	799.000
6.420	174988.000	31841.703	914.000
6.430	175307.000	31859.192	801.000
6.440	175625.000	31841.434	915.000
6.450	175945.000	31889.004	609.000
6.460	176265.000	31922.303	395.000
6.470	176585.000	31945.612	245.000
6.480	176874.000	31031.928	6124.000
6.490	177198.000	31442.350	3483.000
6.500	177529.000	31939.645	283.000
6.510	177861.000	32317.751	-2149.000
6.520	178190.000	32492.426	-3273.000
6.530	178514.000	32464.698	-3095.000
6.540	178835.000	32355.289	-2391.000
6.550	179151.000	32128.702	-933.000
6.560	179464.000	31880.091	667.000
6.570	179775.000	31646.064	2172.000
6.580	180088.000	31542.245	2840.000
6.590	180403.000	31529.571	2922.000
6.600	180722.000	31640.700	2207.000
6.610	181045.000	31838.490	934.000
6.620	181369.000	32006.943	-150.000
6.630	181693.000	32124.860	-908.000
6.640	182015.000	32147.402	-1053.000
6.650	182335.000	32103.181	-769.000
6.660	182655.000	32072.227	-570.000
6.670	182971.000	31930.559	342.000
6.680	183290.000	31921.391	401.000
6.690	183606.000	31824.974	1021.000
6.700	183920.000	31697.482	1841.000
6.710	184238.000	31728.237	1644.000
6.720	184557.000	31779.766	1312.000
6.730	184881.000	31965.836	115.000
6.740	185201.000	31976.085	49.000
6.750	185524.000	32073.260	-576.000
6.760	185843.000	32021.282	-242.000
6.770	186162.000	31984.897	-8.000
6.780	186481.000	31959.428	156.000
6.790	186800.000	31941.600	271.000
6.800	187114.000	31779.120	1316.000
6.810	187429.000	31695.384	1855.000
6.820	187745.000	31666.769	2039.000
6.830	188067.000	31826.738	1010.000
6.840	188388.000	31908.717	482.000
6.850	188708.000	31936.102	306.000
6.860	189028.000	31955.271	183.000
6.870	189351.000	32058.690	-482.000
6.880	189672.000	32071.083	-562.000
6.890	189988.000	31929.758	347.000
6.900	190306.000	31890.831	598.000
6.910	190625.000	31893.581	580.000
6.920	190942.000	31835.507	953.000
6.930	191263.000	31914.855	443.000
6.940	191579.000	31820.398	1051.000
6.950	191899.000	31874.279	704.000
6.960	192217.000	31851.995	847.000
6.970	192536.000	31866.397	755.000
6.980	192856.000	31906.478	497.000
6.990	193176.000	31934.534	316.000
7.000	193494.000	31894.174	576.000
7.010	193815.000	31955.922	0.000
7.020	194133.000	31909.145	0.000
7.030	194452.000	31906.402	0.000
7.040	194771.000	31904.481	0.000
7.050	195090.000	31903.137	0.000
7.060	195408.000	31872.196	0.000
7.070	195725.000	31820.537	0.000
7.080	196041.000	31754.376	0.000
7.090	196357.000	31708.063	0.000
7.100	196673.000	31675.644	0.000
7.110	196985.000	31532.951	0.000
7.120	197302.000	31583.066	0.000
7.130	197615.000	31498.146	0.000
7.140	197924.000	31318.702	0.000
7.150	198235.000	31253.092	0.000
7.160	198546.000	31207.164	0.000
7.170	198856.000	31145.015	0.000
7.180	199165.000	31071.510	0.000
7.190	199472.000	30960.057	0.000
7.200	199780.000	30912.040	0.000
7.210	200088.000	30878.428	0.000
7.220	200394.000	30794.900	0.000
7.230	200704.000	30856.430	0.000
7.240	201006.000	30659.501	0.000
7.250	201310.000	30581.651	0.000
7.260	201616.000	30587.155	0.000
7.270	201917.000	30441.009	0.000
7.280	202220.000	30398.706	0.000
7.290	202520.000	30279.094	0.000
7.300	202823.000	30285.366	0.000
7.310	203120.000	30109.756	0.000
7.320	203418.000	30016.829	0.000
7.330	203715.000	29921.781	0.000
7.340	204012.000	29855.246	0.000
7.350	204308.000	29778.672	0.000
7.360	204604.000	29725.071	0.000
7.370	204899.000	29657.550	0.000
7.380	205192.000	29550.285	0.000
7.390	205486.000	29505.199	0.000
7.400	205778.000	29413.639	0.000
7.410	206070.000	29349.548	0.000
7.420	206362.000	29304.683	0.000
7.430	206653.000	29243.278	0.000
7.440	206941.000	29110.295	0.000
7.450	207231.000	29077.206	0.000
7.460	207517.000	28934.044	0.000
7.470	207804.000	28863.831	0.000
7.480	208091.000	28814.682	0.000
7.490	208374.000	28660.277	0.000
7.500	208660.000	28642.194	0.000
7.510	208942.000	28509.536	0.000
7.520	209226.000	28476.675	0.000
7.530	209508.000	28393.673	0.000
7.540	209792.000	28395.571	0.000
7.550	210071.000	28246.900	0.000
7.560	210351.000	28172.830	0.000
7.570	210633.000	28180.981	0.000
7.580	210909.000	28006.687	0.000
7.590	211187.000	27944.681	0.000
7.600	211467.000	27961.276	0.000
7.610	211742.000	27822.893	0.000
7.620	212020.000	27816.025	0.000
7.630	212296.000	27751.218	0.000
7.640	212569.000	27615.852	0.000
7.650	212843.000	27551.097	0.000
7.660	213118.000	27535.768	0.000
7.670	213389.000	27405.037	0.000
7.680	213661.000	27343.526	0.000
7.690	213932.000	27270.468	0.000
7.700	214202.000	27189.328	0.000
7.710	214472.000	27132.529	0.000
7.720	214741.000	27062.771	0.000
7.730	215009.000	26983.939	0.000
7.740	215276.000	26898.758	0.000
7.750	215543.000	26839.130	0.000
7.760	215810.000	26797.391	0.000
7.770	216077.000	26768.174	0.000
7.780	216342.000	26687.722	0.000
7.790	216607.000	26631.405	0.000
7.800	216873.000	26621.984	0.000
7.810	217135.000	26495.389	0.000
7.820	217399.000	26466.772	0.000
7.830	217661.000	26386.740	0.000
7.840	217923.000	26330.718	0.000
7.850	218184.000	26261.503	0.000
7.860	218443.000	26153.052	0.000
7.870	218702.000	26077.136	0.000
7.880	218960.000	25993.995	0.000
7.890	219217.000	25905.797	0.000
7.900	219475.000	25874.058	0.000
7.910	219728.000	25701.840	0.000
7.920	219982.000	25611.288	0.000
7.930	220237.000	25577.902	0.000
7.940	220490.000	25494.531	0.000
7.950	220744.000	25466.172	0.000
7.960	220994.000	25326.320	0.000
7.970	221246.000	25288.424	0.000
7.980	221497.000	25231.897	0.000
7.990	221746.000	25132.328	0.000
8.000	221995.000	25062.630	0.000
8.010	222246.000	25073.841	0.000
8.020	222493.000	24961.688	0.000
8.030	222739.000	24853.182	0.000
8.040	222985.000	24777.227	0.000
8.050	223235.000	24844.059	0.000
8.060	223477.000	24650.841	0.000
8.070	223723.000	24635.589	0.000
8.080	223964.000	24474.912	0.000
8.090	224206.000	24392.439	0.000
8.100	224448.000	24334.707	0.000
8.110	224687.000	24204.295	0.000
8.120	224926.000	24113.006	0.000
8.130	225164.000	24019.105	0.000
8.140	225402.000	23953.373	0.000
8.150	225642.000	23967.361	0.000
8.160	225878.000	23857.153	0.000
8.170	226112.000	23720.007	0.000
8.180	226349.000	23714.005	0.000
8.190	226583.000	23619.803	0.000
8.200	226819.000	23613.862	0.000
8.210	227053.000	23549.704	0.000
8.220	227287.000	23504.793	0.000
8.230	227521.000	23473.355	0.000
8.240	227754.000	23421.348	0.000
8.250	227984.000	23294.944	0.000
8.260	228215.000	23236.461	0.000
8.270	228447.000	23225.522	0.000
8.280	228677.000	23157.866	0.000
8.290	228907.000	23110.506	0.000
8.300	229134.000	22987.354	0.000
8.310	229361.000	22901.148	0.000
8.320	229588.000	22840.804	0.000
8.330	229812.000	22708.562	0.000
8.340	230038.000	22675.994	0.000
8.350	230262.000	22593.196	0.000
8.360	230486.000	22535.237	0.000
8.370	230709.000	22464.666	0.000
8.380	230931.000	22385.266	0.000
8.390	231153.000	22329.686	0.000
8.400	231376.000	22320.780	0.000
8.410	231595.000	22194.546	0.000
8.420	231817.000	22196.182	0.000
8.430	232035.000	22077.328	0.000
8.440	232254.000	22024.129	0.000
8.450	232473.000	21986.891	0.000
8.460	232692.000	21960.823	0.000
8.470	232908.000	21852.576	0.000
8.480	233125.000	21806.803	0.000
8.490	233341.000	21744.762	0.000
8.500	233557.000	21701.334	0.000
8.510	233771.000	21610.934	0.000
8.520	233985.000	21547.654	0.000
8.530	234198.000	21473.357	0.000
8.540	234410.000	21391.350	0.000
8.550	234623.000	21363.945	0.000
8.560	234832.000	21224.762	0.000
8.570	235041.000	21127.333	0.000
8.580	235248.000	20999.133	0.000
8.590	235455.000	20909.393	0.000
8.600	235662.000	20846.575	0.000
8.610	235868.000	20772.603	0.000
8.620	236074.000	20720.822	0.000
8.630	236278.000	20624.575	0.000
8.640	236482.000	20557.203	0.000
8.650	236686.000	20510.042	0.000
8.660	236887.000	20387.029	0.000
8.670	237089.000	20330.921	0.000
8.680	237291.000	20291.644	0.000
8.690	237490.000	20174.151	0.000
8.700	237690.000	20121.906	0.000
8.710	237889.000	20055.334	0.000
8.720	238088.000	20008.734	0.000
8.730	238285.000	19916.114	0.000
8.740	238482.000	19851.280	0.000
8.750	238678.000	19775.896	0.000
8.760	238874.000	19723.127	0.000
8.770	239069.000	19656.189	0.000
8.780	239263.000	19579.332	0.000
8.790	239457.000	19525.533	0.000
8.800	239649.000	19427.873	0.000
8.810	239839.000	19299.511	0.000
8.820	240030.000	19239.658	0.000
8.830	240219.000	19137.760	0.000
8.840	240407.000	19036.432	0.000
8.850	240595.000	18965.503	0.000
8.860	240782.000	18885.852	0.000
8.870	240968.000	18800.096	0.000
8.880	241154.000	18740.067	0.000
8.890	241339.000	18668.047	0.000
8.900	241523.000	18587.633	0.000
8.910	241707.000	18531.343	0.000
8.920	241889.000	18431.940	0.000
8.930	242073.000	18422.358	0.000
8.940	242255.000	18355.651	0.000
8.950	242435.000	18248.955	0.000
8.960	242617.000	18234.269	0.000
8.970	242796.000	18133.988	0.000
8.980	242976.000	18093.792	0.000
8.990	243155.000	18035.654	0.000
9.000	243334.000	17994.958	0.000
9.010	243511.000	17906.471	0.000
9.020	243689.000	17874.529	0.000
9.030	243866.000	17822.171	0.000
9.040	244042.000	17755.519	0.000
9.050	244217.000	17678.864	0.000
9.060	244392.000	17625.205	0.000
9.070	244567.000	17587.643	0.000
9.080	244740.000	17501.350	0.000
9.090	244913.000	17440.945	0.000
9.100	245086.000	17398.662	0.000
9.110	245256.000	17279.063	0.000
9.120	245427.000	17225.344	0.000
9.130	245597.000	17157.741	0.000
9.140	245766.000	17080.419	0.000
9.150	245934.000	16996.293	0.000
9.160	246102.000	16937.405	0.000
9.170	246269.000	16866.184	0.000
9.180	246437.000	16846.329	0.000
9.190	246603.000	16772.430	0.000
9.200	246768.000	16690.701	0.000
9.210	246934.000	16663.491	0.000
9.220	247097.000	16554.443	0.000
9.230	247261.000	16508.110	0.000
9.240	247425.000	16475.677	0.000
9.250	247590.000	16482.974	0.000
9.260	247751.000	16368.082	0.000
9.270	247914.000	16347.657	0.000
9.280	248076.000	16303.360	0.000
9.290	248236.000	16212.352	0.000
9.300	248397.000	16178.646	0.000
9.310	248557.000	16125.053	0.000
9.320	248717.000	16087.537	0.000
9.330	248876.000	16031.276	0.000
9.340	249035.000	15991.893	0.000
9.350	249194.000	15964.325	0.000
9.360	249350.000	15855.028	0.000
9.370	249506.000	15778.519	0.000
9.380	249662.000	15724.964	0.000
9.390	249816.000	15627.474	0.000
9.400	249971.000	15589.232	0.000
9.410	250123.000	15472.462	0.000
9.420	250274.000	15360.724	0.000
9.430	250425.000	15282.507	0.000
9.440	250576.000	15227.755	0.000
9.450	250725.000	15129.428	0.000
9.460	250874.000	15060.600	0.000
9.470	251021.000	14952.420	0.000
9.480	251167.000	14846.694	0.000
9.490	251314.000	14802.686	0.000
9.500	251459.000	14711.880	0.000
9.510	251605.000	14678.316	0.000
9.520	251748.000	14564.821	0.000
9.530	251891.000	14485.375	0.000
9.540	252033.000	14399.762	0.000
9.550	252176.000	14369.834	0.000
9.560	252318.000	14318.884	0.000
9.570	252459.000	14253.218	0.000
9.580	252599.000	14177.253	0.000
9.590	252738.000	14094.077	0.000
9.600	252876.000	14005.854	0.000
9.610	253015.000	13974.098	0.000
9.620	253152.000	13891.868	0.000
9.630	253290.000	13864.308	0.000
9.640	253425.000	13755.016	0.000
9.650	253561.000	13708.511	0.000
9.660	253696.000	13645.958	0.000
9.670	253830.000	13572.170	0.000
9.680	253964.000	13520.519	0.000
9.690	254097.000	13454.363	0.000
9.700	254230.000	13408.054	0.000
9.710	254362.000	13345.638	0.000
9.720	254493.000	13271.947	0.000
9.730	254623.000	13190.363	0.000
9.740	254752.000	13103.254	0.000
9.750	254881.000	13042.278	0.000
9.760	255010.000	12999.594	0.000
9.770	255137.000	12909.716	0.000
9.780	255263.000	12816.801	0.000
9.790	255390.000	12781.761	0.000
9.800	255514.000	12667.233	0.000
9.810	255638.000	12587.063	0.000
9.820	255761.000	12500.944	0.000
9.830	255883.000	12410.661	0.000
9.840	256005.000	12347.463	0.000
9.850	256127.000	12303.224	0.000
9.860	256244.000	12122.257	0.000
9.870	256363.000	12055.580	0.000
9.880	256481.000	11978.906	0.000
9.890	256598.000	11895.234	0.000
9.900	256714.000	11806.664	0.000
9.910	256829.000	11714.665	0.000
9.920	256944.000	11650.265	0.000
9.930	257057.000	11545.186	0.000
9.940	257170.000	11471.630	0.000
9.950	257283.000	11420.141	0.000
9.960	257396.000	11384.099	0.000
9.970	257507.000	11298.869	0.000
9.980	257619.000	11269.208	0.000
9.990	257729.000	11188.446	0.000
10.000	257840.000	11161.912	0.000
10.010	257950.000	11113.338	0.000
10.020	258058.000	11019.337	0.000
10.030	258167.000	10983.536	0.000
10.040	258276.000	10958.475	0.000
10.050	258383.000	10880.933	0.000
10.060	258490.000	10826.653	0.000
10.070	258597.000	10788.657	0.000
10.080	258703.000	10732.060	0.000
10.090	258809.000	10692.442	0.000
10.100	258915.000	10664.709	0.000
10.110	259020.000	10615.297	0.000
10.120	259124.000	10550.708	0.000
10.130	259228.000	10505.495	0.000
10.140	259332.000	10473.847	0.000
10.150	259435.000	10421.693	0.000
10.160	259538.000	10385.185	0.000
10.170	259640.000	10329.629	0.000
10.180	259741.000	10260.741	0.000
10.190	259842.000	10212.518	0.000
10.200	259943.000	10178.763	0.000
10.210	260044.000	10155.134	0.000
10.220	260142.000	10048.594	0.000
10.230	260240.000	9974.016	0.000
10.240	260340.000	9981.811	0.000
10.250	260437.000	9897.268	0.000
10.260	260534.000	9838.087	0.000
10.270	260630.000	9766.661	0.000
10.280	260725.000	9686.663	0.000
10.290	260820.000	9630.664	0.000
10.300	260914.000	9561.465	0.000
10.310	261006.000	9453.025	0.000
10.320	261097.000	9347.118	0.000
10.330	261188.000	9272.982	0.000
10.340	261279.000	9221.088	0.000
10.350	261369.000	9154.761	0.000
10.360	261457.000	9048.333	0.000
10.370	261545.000	8973.833	0.000
10.380	261633.000	8921.683	0.000
10.390	261719.000	8825.178	0.000
10.400	261805.000	8757.625	0.000
10.410	261889.000	8650.337	0.000
10.420	261974.000	8605.236	0.000
10.430	262058.000	8543.665	0.000
10.440	262141.000	8470.566	0.000
10.450	262223.000	8389.396	0.000
10.460	262305.000	8332.577	0.000
10.470	262386.000	8262.804	0.000
10.480	262467.000	8213.963	0.000
10.490	262548.000	8179.774	0.000
10.500	262626.000	8065.842	0.000
10.510	262705.000	8016.089	0.000
10.520	262784.000	7981.262	0.000
10.530	262862.000	7926.884	0.000
10.540	262939.000	7858.819	0.000
10.550	263016.000	7811.173	0.000
10.560	263093.000	7777.821	0.000
10.570	263169.000	7724.475	0.000
10.580	263244.000	7657.132	0.000
10.590	263319.000	7609.993	0.000
10.600	263393.000	7546.995	0.000
10.610	263467.000	7502.896	0.000
10.620	263541.000	7472.027	0.000
10.630	263614.000	7420.419	0.000
10.640	263686.000	7354.293	0.000
10.650	263758.000	7308.005	0.000
10.660	263829.000	7245.604	0.000
10.670	263900.000	7201.923	0.000
10.680	263970.000	7141.346	0.000
10.690	264040.000	7098.942	0.000
10.700	264109.000	7039.259	0.000
10.710	264178.000	6997.482	0.000
10.720	264246.000	6938.237	0.000
10.730	264313.000	6866.766	0.000
10.740	264381.000	6846.736	0.000
10.750	264447.000	6772.715	0.000
10.760	264513.000	6720.901	0.000
10.770	264579.000	6684.631	0.000
10.780	264644.000	6629.241	0.000
10.790	264709.000	6590.469	0.000
10.800	264773.000	6533.328	0.000
10.810	264837.000	6493.330	0.000
10.820	264900.000	6435.331	0.000
10.830	264963.000	6394.732	0.000
10.840	265025.000	6336.312	0.000
10.850	265087.000	6295.418	0.000
10.860	265148.000	6236.793	0.000
10.870	265209.000	6195.755	0.000
10.880	265269.000	6137.029	0.000
10.890	265328.000	6065.920	0.000
10.900	265387.000	6016.144	0.000
10.910	265445.000	5951.301	0.000
10.920	265502.000	5875.911	0.000
10.930	265558.000	5793.137	0.000
10.940	265614.000	5735.196	0.000
10.950	265670.000	5694.637	0.000
10.960	265724.000	5606.246	0.000
10.970	265777.000	5514.372	0.000
10.980	265830.000	5450.061	0.000
10.990	265882.000	5375.042	0.000
11.000	265933.000	5292.530	0.000
11.010	265983.000	5204.771	0.000
11.020	266032.000	5113.340	0.000
11.030	266080.000	5019.338	0.000
11.040	266127.000	4923.536	0.000
11.050	266174.000	4856.475	0.000
11.060	266219.000	4749.533	0.000
11.070	266263.000	4644.673	0.000
11.080	266307.000	4571.271	0.000
11.090	266349.000	4459.890	0.000
11.100	266391.000	4381.923	0.000
11.110	266431.000	4267.346	0.000
11.120	266471.000	4187.142	0.000
11.130	266510.000	4101.000	0.000
11.140	266547.000	3980.700	0.000
11.150	266584.000	3896.490	0.000
11.160	266619.000	3777.543	0.000
11.170	266653.000	3664.280	0.000
11.180	266687.000	3584.996	0.000
11.190	266719.000	3469.497	0.000
11.200	266752.000	3418.648	0.000
11.210	266782.000	3293.054	0.000
11.220	266811.000	3175.138	0.000
11.230	266840.000	3092.596	0.000
11.240	266867.000	2974.817	0.000
11.250	266894.000	2892.372	0.000
11.260	266919.000	2774.661	0.000
11.270	266944.000	2692.262	0.000
11.280	266967.000	2574.584	0.000
11.290	266990.000	2492.209	0.000
11.300	267012.000	2404.546	0.000
11.310	267033.000	2313.182	0.000
11.320	267053.000	2219.228	0.000
11.330	267072.000	2123.459	0.000
11.340	267090.000	2026.421	0.000
11.350	267107.000	1928.495	0.000
11.360	267123.000	1829.947	0.000
11.370	267138.000	1730.963	0.000
11.380	267152.000	1631.674	0.000
11.390	267165.000	1532.172	0.000
11.400	267177.000	1432.520	0.000
11.410	267188.000	1332.764	0.000
11.420	267199.000	1262.935	0.000
11.430	267208.000	1154.054	0.000
11.440	267218.000	1107.838	0.000
11.450	267226.000	1015.487	0.000
11.460	267233.000	920.841	0.000
11.470	267240.000	854.588	0.000
11.480	267246.000	778.212	0.000
11.490	267251.000	694.748	0.000
11.500	267255.000	606.324	0.000
11.510	267259.000	544.427	0.000
11.520	267261.000	441.099	0.000
11.530	267263.000	368.769	0.000
11.540	267265.000	318.138	0.000
11.550	267265.000	222.697	0.000
11.560	267265.000	155.888	0.000
11.570	267265.000	109.121	0.000
11.580	267264.000	46.385	0.000
11.590	267262.000	-27.530	0.000
11.600	267259.000	-109.271	0.000
11.610	267255.000	-196.490	0.000
11.620	267251.000	-257.543	0.000
11.630	267246.000	-330.280	0.000
11.640	267241.000	-381.196	0.000
11.650	267236.000	-416.837	0.000
11.660	267230.000	-471.786	0.000
11.670	267224.000	-510.250	0.000
11.680	267218.000	-537.175	0.000
11.690	267212.000	-556.023	0.000
11.700	267205.000	-599.216	0.000
11.710	267198.000	-629.451	0.000
11.720	267192.000	-620.616	0.000
11.730	267185.000	-644.431	0.000
11.740	267177.000	-691.102	0.000
11.750	267170.000	-693.771	0.000
11.760	267163.000	-695.640	0.000
11.770	267156.000	-696.948	0.000
11.780	267148.000	-727.864	0.000
11.790	267140.000	-749.504	0.000
11.800	267133.000	-734.653	0.000
11.810	267125.000	-754.257	0.000
11.820	267117.000	-767.980	0.000
11.830	267108.000	-807.586	0.000
11.840	267100.000	-805.310	0.000
11.850	267092.000	-803.717	0.000
11.860	267083.000	-832.602	0.000
11.870	267074.000	-852.821	0.000
11.880	267065.000	-866.975	0.000
11.890	267056.000	-876.882	0.000
11.900	267046.000	-913.818	0.000
11.910	267037.000	-909.672	0.000
11.920	267027.000	-936.771	0.000
11.930	267018.000	-925.739	0.000
11.940	267008.000	-948.018	0.000
11.950	266998.000	-963.612	0.000
11.960	266989.000	-944.529	0.000
11.970	266979.000	-961.170	0.000
11.980	266969.000	-972.819	0.000
11.990	266960.000	-950.973	0.000
12.000	266950.000	-965.681	0.000
