0.000	0.000	0.000	0.000
0.010	5.000	150.000	-483.000
0.020	5.000	105.000	-338.000
0.030	5.000	73.500	-236.000
0.040	5.000	51.450	-166.000
0.050	4.000	6.015	-19.000
0.060	2.000	-55.790	179.000
0.070	0.000	-99.053	319.000
0.080	-1.000	-99.337	320.000
0.090	-2.000	-99.536	320.000
0.100	-3.000	-99.675	321.000
0.110	-4.000	-99.773	321.000
0.120	-4.000	-69.841	225.000
0.130	-4.000	-48.889	157.000
0.140	-4.000	-34.222	110.000
0.150	-4.000	-23.955	77.000
0.160	-4.000	-16.769	54.000
0.170	-4.000	-11.738	38.000
0.180	-4.000	-8.217	26.000
0.190	-4.000	-5.752	19.000
0.200	-3.000	25.974	-84.000
0.210	-3.000	18.182	-58.000
0.220	-3.000	12.727	-41.000
0.230	-3.000	8.909	-29.000
0.240	-3.000	6.236	-20.000
0.250	-3.000	4.365	-14.000
0.260	-3.000	3.056	-10.000
0.270	-4.000	-27.861	90.000
0.280	-5.000	-49.503	159.000
0.290	-5.000	-34.652	111.000
0.300	-6.000	-54.256	175.000
0.310	-6.000	-37.979	122.000
0.320	-6.000	-26.586	86.000
0.330	-6.000	-18.610	60.000
0.340	-6.000	-13.027	42.000
0.350	-6.000	-9.119	29.000
0.360	-6.000	-6.383	21.000
0.370	-6.000	-4.468	14.000
0.380	-6.000	-3.128	10.000
0.390	-6.000	-2.189	7.000
0.400	-6.000	-1.533	5.000
0.410	-7.000	-31.073	100.000
0.420	-7.000	-21.751	70.000
0.430	-7.000	-15.226	49.000
0.440	-7.000	-10.658	34.000
0.450	-7.000	-7.461	24.000
0.460	-7.000	-5.222	17.000
0.470	-7.000	-3.656	12.000
0.480	-7.000	-2.559	8.000
0.490	-7.000	-1.791	6.000
0.500	-7.000	-1.254	4.000
0.510	-7.000	-0.878	1032.000
0.520	-7.000	-0.614	2060.000
0.530	-5.000	59.570	2895.000
0.540	1.000	221.699	3402.000
0.550	11.000	455.189	3680.000
0.560	25.000	738.632	3797.000
0.570	45.000	1117.043	3609.000
0.580	68.000	1471.930	3496.000
0.590	95.000	1840.351	3340.000
0.600	126.000	2218.246	3153.000
0.610	162.000	2632.772	2848.000
0.620	201.000	3012.940	2654.000
0.630	244.000	3399.058	2441.000
0.640	291.000	3789.341	2214.000
0.650	340.000	4122.539	2171.000
0.660	393.000	4475.777	2064.000
0.670	446.000	4723.044	2297.000
0.680	503.000	5016.131	2384.000
0.690	563.000	5311.292	2463.000
0.700	625.000	5577.904	2634.000
0.710	691.000	5884.533	2677.000
0.720	761.000	6219.173	2629.000
0.730	833.000	6513.421	2711.000
0.740	907.000	6779.395	2885.000
0.750	986.000	7115.576	2832.000
0.760	1067.000	7410.903	2911.000
0.770	1152.000	7737.632	2889.000
0.780	1241.000	8086.343	2796.000
0.790	1331.000	8360.440	2943.000
0.800	1426.000	8702.308	2872.000
0.810	1524.000	9031.616	2842.000
0.820	1624.000	9322.131	2936.000
0.830	1730.000	9705.492	2732.000
0.840	1837.000	10003.844	2801.000
0.850	1947.000	10302.691	2868.000
0.860	2061.000	10631.884	2838.000
0.870	2179.000	10982.319	2740.000
0.880	2299.000	11287.623	2786.000
0.890	2422.000	11591.336	2838.000
0.900	2549.000	11923.935	2797.000
0.910	2679.000	12246.755	2788.000
0.920	2813.000	12592.728	2704.000
0.930	2950.000	12924.910	2664.000
0.940	3090.000	13247.437	2655.000
0.950	3234.000	13593.206	2572.000
0.960	3381.000	13925.244	2533.000
0.970	3531.000	14247.671	2524.000
0.980	3683.000	14533.370	2634.000
0.990	3839.000	14853.359	2634.000
1.000	3999.000	15197.351	2556.000
1.010	4161.000	15498.146	2617.000
1.020	4326.000	15798.702	2679.000
1.030	4495.000	16129.091	2645.000
1.040	4666.000	16420.364	2737.000
1.050	4842.000	16774.255	2628.000
1.060	5020.000	17081.978	2666.000
1.070	5202.000	17417.385	2616.000
1.080	5387.000	17742.169	2600.000
1.090	5575.000	18059.519	2608.000
1.100	5766.000	18371.663	2633.000
1.110	5961.000	18710.164	2573.000
1.120	6160.000	19067.115	2454.000
1.130	6359.000	19316.980	2679.000
1.140	6562.000	19611.886	2759.000
1.150	6768.000	19908.320	2834.000
1.160	6978.000	20235.824	2810.000
1.170	7189.000	20495.077	3005.000
1.180	7406.000	20856.554	2871.000
1.190	7624.000	21139.588	2989.000
1.200	7845.000	21427.711	3091.000
1.210	8071.000	21779.398	2989.000
1.220	8301.000	22145.579	2840.000
1.230	8532.000	22431.905	2947.000
1.240	8768.000	22782.334	2849.000
1.250	9007.000	23117.633	2799.000
1.260	9250.000	23472.343	2687.000
1.270	9499.000	23900.640	2338.000
1.280	9748.000	24200.448	2403.000
1.290	10000.000	24500.314	2467.000
1.300	10258.000	24890.220	2241.000
1.310	10518.000	25223.154	2199.000
1.320	10780.000	25516.208	2285.000
1.330	11046.000	25841.345	2268.000
1.340	11313.000	26098.942	2469.000
1.350	11585.000	26429.259	2435.000
1.360	11864.000	26870.481	2044.000
1.370	12136.000	26969.337	2755.000
1.380	12415.000	27248.536	2886.000
1.390	12697.000	27533.975	2997.000
1.400	12983.000	27853.783	2997.000
1.410	13277.000	28317.648	2533.000
1.420	13568.000	28552.353	2807.000
1.430	13864.000	28866.647	2825.000
1.440	14166.000	29266.653	2567.000
1.450	14469.000	29576.657	2599.000
1.460	14781.000	30063.660	2061.000
1.470	15088.000	30254.562	2476.000
1.480	15401.000	30568.193	2496.000
1.490	15718.000	30907.735	2432.000
1.500	16039.000	31265.415	2311.000
1.510	16360.000	31515.790	1505.000
1.520	16684.000	31781.053	652.000
1.530	17012.000	32086.737	-331.000
1.540	17334.000	32120.716	-441.000
1.550	17657.000	32174.501	-614.000
1.560	17980.000	32212.151	-735.000
1.570	18298.000	32088.506	-337.000
1.580	18614.000	31941.954	134.000
1.590	18930.000	31839.368	464.000
1.600	19248.000	31827.557	502.000
1.610	19564.000	31759.290	722.000
1.620	19882.000	31771.503	683.000
1.630	20196.000	31660.052	1041.000
1.640	20513.000	31672.037	1003.000
1.650	20832.000	31740.426	783.000
1.660	21152.000	31818.298	532.000
1.670	21468.000	31752.809	743.000
1.680	21788.000	31826.966	504.000
1.690	22106.000	31818.876	530.000
1.700	22425.000	31843.213	452.000
1.710	22743.000	31830.249	494.000
1.720	23064.000	31911.175	233.000
1.730	23379.000	31787.822	630.000
1.740	23697.000	31791.476	618.000
1.750	24015.000	31794.033	610.000
1.760	24338.000	31945.823	122.000
1.770	24653.000	31812.076	552.000
1.780	24975.000	31928.453	178.000
1.790	25289.000	31769.917	688.000
1.800	25607.000	31778.942	659.000
1.810	25926.000	31815.259	542.000
1.820	26245.000	31840.682	460.000
1.830	26563.000	31828.477	499.000
1.840	26882.000	31849.934	430.000
1.850	27201.000	31864.954	382.000
1.860	27520.000	31875.468	348.000
1.870	27838.000	31852.827	421.000
1.880	28158.000	31896.979	279.000
1.890	28478.000	31927.885	180.000
1.900	28796.000	31889.520	303.000
1.910	29112.000	31802.664	582.000
1.920	29430.000	31801.865	585.000
1.930	29750.000	31861.305	394.000
1.940	30066.000	31782.914	646.000
1.950	30384.000	31788.040	629.000
1.960	30703.000	31821.628	521.000
1.970	31022.000	31845.139	446.000
1.980	31341.000	31861.598	393.000
1.990	31660.000	31873.118	356.000
2.000	31979.000	31881.183	330.000
2.010	32297.000	31856.828	408.000
2.020	32617.000	31899.780	270.000
2.030	32935.000	31869.846	366.000
2.040	33254.000	31878.892	337.000
2.050	33571.000	31825.224	510.000
2.060	33887.000	31757.657	727.000
2.070	34205.000	31770.360	686.000
2.080	34522.000	31749.252	754.000
2.090	34839.000	31734.476	802.000
2.100	35155.000	31694.133	932.000
2.110	35472.000	31695.893	926.000
2.120	35792.000	31787.125	632.000
2.130	36113.000	31880.988	330.000
2.140	36431.000	31856.691	409.000
2.150	36747.000	31779.684	656.000
2.160	37066.000	31815.779	540.000
2.170	37386.000	31871.045	362.000
2.180	37705.000	31879.732	334.000
2.190	38024.000	31885.812	315.000
2.200	38343.000	31890.068	301.000
2.210	38661.000	31863.048	388.000
2.220	38979.000	31844.134	449.000
2.230	39298.000	31860.893	395.000
2.240	39613.000	31752.625	743.000
2.250	39930.000	31736.838	794.000
2.260	40247.000	31725.786	830.000
2.270	40565.000	31748.051	758.000
2.280	40884.000	31793.635	611.000
2.290	41202.000	31795.545	605.000
2.300	41522.000	31856.881	408.000
2.310	41842.000	31899.817	270.000
2.320	42162.000	31929.872	173.000
2.330	42482.000	31950.910	105.000
2.340	42803.000	31995.637	-38.000
2.350	43120.000	31906.946	247.000
2.360	43442.000	31994.862	-36.000
2.370	43758.000	31876.404	345.000
2.380	44075.000	31823.482	515.000
2.390	44395.000	31876.438	345.000
2.400	44709.000	31733.506	805.000
2.410	45025.000	31693.454	934.000
2.420	45347.000	31845.418	445.000
2.430	45663.000	31771.793	682.000
2.440	45980.000	31750.255	751.000
2.450	46298.000	31765.178	703.000
2.460	46615.000	31745.625	766.000
2.470	46935.000	31821.937	520.000
2.480	47256.000	31905.356	252.000
2.490	47579.000	32023.749	-129.000
2.500	47895.000	31896.625	3557.000
2.510	48217.000	31987.637	3264.000
2.520	48541.000	32111.346	2866.000
2.530	48875.000	32497.942	1622.000
2.540	49202.000	32558.560	1427.000
2.550	49535.000	32780.992	712.000
2.560	49869.000	32966.694	115.000
2.570	50204.000	33126.686	-400.000
2.580	50537.000	33178.680	-567.000
2.590	50866.000	33095.076	-298.000
2.600	51195.000	33036.553	-110.000
2.610	51526.000	33055.587	-171.000
2.620	51852.000	32918.911	268.000
2.630	52178.000	32823.238	576.000
2.640	52509.000	32906.266	309.000
2.650	52832.000	32724.387	894.000
2.660	53162.000	32807.071	628.000
2.670	53490.000	32804.949	635.000
2.680	53814.000	32683.465	1026.000
2.690	54142.000	32718.425	913.000
2.700	54470.000	32742.898	834.000
2.710	54800.000	32820.028	586.000
2.720	55128.000	32814.020	606.000
2.730	55457.000	32839.814	523.000
2.740	55785.000	32827.870	561.000
2.750	56117.000	32939.509	202.000
2.760	56446.000	32927.656	240.000
2.770	56774.000	32889.359	363.000
2.780	57100.000	32802.552	643.000
2.790	57430.000	32861.786	452.000
2.800	57757.000	32813.250	608.000
2.810	58091.000	32989.275	42.000
2.820	58414.000	32782.493	707.000
2.830	58742.000	32787.745	690.000
2.840	59072.000	32851.421	485.000
2.850	59398.000	32775.995	728.000
2.860	59727.000	32813.196	608.000
2.870	60057.000	32869.238	428.000
2.880	60386.000	32878.466	398.000
2.890	60715.000	32884.926	378.000
2.900	61043.000	32859.448	460.000
2.910	61371.000	32841.614	517.000
2.920	61703.000	32949.130	171.000
2.930	62028.000	32814.391	604.000
2.940	62357.000	32840.074	522.000
2.950	62686.000	32858.052	464.000
2.960	63015.000	32870.636	424.000
2.970	63345.000	32909.445	299.000
2.980	63674.000	32906.612	308.000
2.990	64003.000	32904.628	314.000
3.000	64332.000	32903.240	319.000
3.010	64662.000	32932.268	225.000
3.020	64990.000	32892.587	353.000
3.030	65317.000	32834.811	539.000
3.040	65648.000	32914.368	283.000
3.050	65973.000	32790.057	683.000
3.060	66300.000	32763.040	770.000
3.070	66627.000	32744.128	830.000
3.080	66955.000	32760.890	777.000
3.090	67283.000	32772.623	739.000
3.100	67611.000	32780.836	712.000
3.110	67940.000	32816.585	597.000
3.120	68269.000	32841.610	517.000
3.130	68598.000	32859.127	461.000
3.140	68932.000	33021.389	-61.000
3.150	69257.000	32864.972	442.000
3.160	69586.000	32875.480	408.000
3.170	69914.000	32852.836	481.000
3.180	70242.000	32836.985	532.000
3.190	70571.000	32855.890	471.000
3.200	70898.000	32809.123	621.000
3.210	71226.000	32806.386	630.000
3.220	71552.000	32744.470	829.000
3.230	71880.000	32761.129	776.000
3.240	72208.000	32772.790	738.000
3.250	72535.000	32750.953	809.000
3.260	72864.000	32795.667	665.000
3.270	73193.000	32826.967	564.000
3.280	73522.000	32848.877	494.000
3.290	73852.000	32894.214	348.000
3.300	74183.000	32955.950	149.000
3.310	74514.000	32999.165	10.000
3.320	74843.000	32969.415	106.000
3.330	75171.000	32918.591	269.000
3.340	75501.000	32943.014	191.000
3.350	75829.000	32900.109	329.000
3.360	76157.000	32870.077	425.000
3.370	76485.000	32849.054	493.000
3.380	76812.000	32804.338	637.000
3.390	77139.000	32773.036	737.000
3.400	77467.000	32781.125	711.000
3.410	77796.000	32816.788	597.000
3.420	78125.000	32841.751	516.000
3.430	78453.000	32829.226	557.000
3.440	78782.000	32850.458	488.000
3.450	79112.000	32895.321	344.000
3.460	79441.000	32896.725	340.000
3.470	79771.000	32927.707	240.000
3.480	80100.000	32919.395	267.000
3.490	80430.000	32943.577	189.000
3.500	80758.000	32900.504	327.000
3.510	81085.000	32840.352	521.000
3.520	81414.000	32858.247	463.000
3.530	81741.000	32810.773	616.000
3.540	82073.000	32927.541	240.000
3.550	82396.000	32739.279	846.000
3.560	82723.000	32727.495	884.000
3.570	83051.000	32749.247	814.000
3.580	83379.000	32764.473	765.000
3.590	83707.000	32775.131	731.000
3.600	84036.000	32812.592	610.000
3.610	84366.000	32868.814	429.000
3.620	84693.000	32818.170	592.000
3.630	85024.000	32902.719	320.000
3.640	85351.000	32841.903	516.000
3.650	85679.000	32829.332	556.000
3.660	86007.000	32820.533	585.000
3.670	86339.000	32934.373	218.000
3.680	86663.000	32774.061	734.000
3.690	86990.000	32751.843	806.000
3.700	87318.000	32766.290	759.000
3.710	87646.000	32776.403	727.000
3.720	87975.000	32813.482	607.000
3.730	88304.000	32839.437	524.000
3.740	88634.000	32887.606	369.000
3.750	88962.000	32861.324	453.000
3.760	89291.000	32872.927	416.000
3.770	89620.000	32881.049	390.000
3.780	89948.000	32856.734	468.000
3.790	90277.000	32869.714	426.000
3.800	90605.000	32848.800	494.000
3.810	90938.000	32984.160	58.000
3.820	91262.000	32808.912	622.000
3.830	91589.000	32776.238	727.000
3.840	91918.000	32813.367	608.000
3.850	92247.000	32839.357	524.000
3.860	92576.000	32857.550	466.000
3.870	92905.000	32870.285	425.000
3.880	93234.000	32879.199	396.000
3.890	93564.000	32915.440	279.000
3.900	93893.000	32910.808	294.000
3.910	94222.000	32907.565	305.000
3.920	94551.000	32905.296	312.000
3.930	94880.000	32903.707	317.000
3.940	95210.000	32932.595	224.000
3.950	95538.000	32892.816	352.000
3.960	95867.000	32894.972	345.000
3.970	96195.000	32866.480	437.000
3.980	96524.000	32876.536	405.000
3.990	96852.000	32853.575	478.000
4.000	97180.000	32837.503	530.000
4.010	97510.000	32886.252	373.000
4.020	97835.000	32770.376	746.000
4.030	98162.000	32749.263	814.000
4.040	98493.000	32854.484	475.000
4.050	98813.000	32598.139	1300.000
4.060	99143.000	32718.697	912.000
4.070	99472.000	32773.088	737.000
4.080	99801.000	32811.162	615.000
4.090	100133.000	32927.813	240.000
4.100	100460.000	32859.469	459.000
4.110	100790.000	32901.628	324.000
4.120	101118.000	32871.140	422.000
4.130	101447.000	32879.798	394.000
4.140	101775.000	32855.859	471.000
4.150	102104.000	32869.101	428.000
4.160	102433.000	32878.371	399.000
4.170	102761.000	32854.859	474.000
4.180	103090.000	32868.402	431.000
4.190	103415.000	32757.881	786.000
4.200	103743.000	32770.517	746.000
4.210	104070.000	32749.362	814.000
4.220	104398.000	32764.553	765.000
4.230	104725.000	32745.187	827.000
4.240	105055.000	32821.631	581.000
4.250	105384.000	32845.142	506.000
4.260	105715.000	32921.599	260.000
4.270	106045.000	32945.119	184.000
4.280	106375.000	32961.584	131.000
4.290	106705.000	32973.109	94.000
4.300	107034.000	32951.176	164.000
4.310	107363.000	32935.823	214.000
4.320	107692.000	32925.076	248.000
4.330	108021.000	32917.553	273.000
4.340	108349.000	32882.287	386.000
4.350	108677.000	32857.601	465.000
4.360	109003.000	32780.321	714.000
4.370	109331.000	32786.225	695.000
4.380	109659.000	32790.357	682.000
4.390	109987.000	32793.250	672.000
4.400	110315.000	32795.275	666.000
4.410	110643.000	32796.693	661.000
4.420	110972.000	32827.685	562.000
4.430	111305.000	32969.379	106.000
4.440	111630.000	32828.566	559.000
4.450	111959.000	32849.996	490.000
4.460	112288.000	32864.997	442.000
4.470	112617.000	32875.498	408.000
4.480	112948.000	32942.849	191.000
4.490	113280.000	33019.994	-57.000
4.500	113602.000	32773.996	734.000
4.510	113933.000	32871.797	420.000
4.520	114257.000	32730.258	875.000
4.530	114582.000	32661.181	1097.000
4.540	114909.000	32672.826	1060.000
4.550	115237.000	32710.978	937.000
4.560	115565.000	32737.685	851.000
4.570	115894.000	32786.379	695.000
4.580	116224.000	32850.466	488.000
4.590	116553.000	32865.326	441.000
4.600	116884.000	32935.728	214.000
4.610	117213.000	32925.010	249.000
4.620	117542.000	32917.507	273.000
4.630	117870.000	32882.255	386.000
4.640	118198.000	32857.578	466.000
4.650	118526.000	32840.305	521.000
4.660	118854.000	32828.213	560.000
4.670	119182.000	32819.749	587.000
4.680	119509.000	32783.825	703.000
4.690	119837.000	32788.677	687.000
4.700	120166.000	32822.074	580.000
4.710	120496.000	32875.452	408.000
4.720	120825.000	32882.816	384.000
4.730	121156.000	32947.971	175.000
4.740	121481.000	32813.580	607.000
4.750	121810.000	32839.506	524.000
4.760	122138.000	32827.654	562.000
4.770	122466.000	32819.358	588.000
4.780	122794.000	32813.551	607.000
4.790	123129.000	33019.485	-55.000
4.800	123455.000	32893.640	350.000
4.810	123782.000	32835.548	536.000
4.820	124113.000	32914.883	281.000
4.830	124437.000	32760.418	778.000
4.840	124771.000	32952.293	161.000
4.850	125094.000	32756.605	790.000
4.860	125421.000	32739.624	845.000
4.870	125751.000	32817.736	594.000
4.880	126080.000	32842.416	514.000
4.890	126413.000	32979.691	73.000
4.900	126739.000	32865.784	439.000
4.910	127068.000	32876.049	406.000
4.920	127397.000	32883.234	383.000
4.930	127730.000	33008.264	-19.000
4.940	128060.000	33005.785	-11.000
4.950	128384.000	32824.049	573.000
4.960	128714.000	32876.834	404.000
4.970	129040.000	32793.784	671.000
4.980	129368.000	32795.649	665.000
4.990	129695.000	32766.954	757.000
5.000	130022.000	32746.868	822.000
5.010	130354.000	32882.808	384.000
5.020	130680.000	32797.965	657.000
5.030	131009.000	32828.576	559.000
5.040	131334.000	32730.003	876.000
5.050	131662.000	32751.002	808.000
5.060	131990.000	32765.701	761.000
5.070	132319.000	32805.991	631.000
5.080	132649.000	32864.194	444.000
5.090	132982.000	32994.936	24.000
5.100	133312.000	32996.455	19.000
5.110	133638.000	32877.518	401.000
5.120	133966.000	32854.263	476.000
5.130	134296.000	32897.984	336.000
5.140	134622.000	32808.589	623.000
5.150	134950.000	32806.012	631.000
5.160	135277.000	32774.209	734.000
5.170	135604.000	32751.946	805.000
5.180	135932.000	32766.362	759.000
5.190	136259.000	32746.454	823.000
5.200	136588.000	32792.517	675.000
5.210	136916.000	32794.762	668.000
5.220	137245.000	32826.334	566.000
5.230	137575.000	32878.433	398.000
5.240	137905.000	32914.903	281.000
5.250	138235.000	32940.432	199.000
5.260	138567.000	33018.303	-52.000
5.270	138893.000	32892.812	352.000
5.280	139222.000	32894.968	345.000
5.290	139552.000	32926.478	244.000
5.300	139881.000	32918.534	269.000
5.310	140209.000	32882.974	384.000
5.320	140536.000	32828.082	560.000
5.330	140863.000	32789.657	684.000
5.340	141191.000	32792.760	674.000
5.350	141518.000	32764.932	764.000
5.360	141846.000	32775.452	730.000
5.370	142175.000	32812.817	610.000
5.380	142506.000	32898.972	332.000
5.390	142831.000	32779.280	717.000
5.400	143161.000	32845.496	504.000
5.410	143491.000	32891.847	355.000
5.420	143820.000	32894.293	347.000
5.430	144155.000	33076.005	-237.000
5.440	144479.000	32873.204	415.000
5.450	144808.000	32881.243	389.000
5.460	145135.000	32826.870	564.000
5.470	145464.000	32848.809	494.000
5.480	145794.000	32894.166	348.000
5.490	146118.000	32745.916	825.000
5.500	146445.000	32732.141	-2408.000
5.510	146775.000	32812.499	-2666.000
5.520	147092.000	32478.749	-1593.000
5.530	147407.000	32185.125	-648.000
5.540	147725.000	32069.587	-276.000
5.550	148041.000	31928.711	177.000
5.560	148353.000	31710.098	880.000
5.570	148664.000	31527.068	1469.000
5.580	148978.000	31488.948	1592.000
5.590	149292.000	31462.264	1677.000
5.600	149609.000	31533.584	1448.000
5.610	149926.000	31583.509	1287.000
5.620	150246.000	31708.456	885.000
5.630	150568.000	31855.919	411.000
5.640	150886.000	31839.144	465.000
5.650	151206.000	31887.401	310.000
5.660	151525.000	31891.180	298.000
5.670	151844.000	31893.826	289.000
5.680	152166.000	31985.678	-6.000
5.690	152483.000	31899.975	269.000
5.700	152801.000	31869.982	366.000
5.710	153119.000	31848.988	433.000
5.720	153436.000	31804.291	577.000
5.730	153755.000	31833.004	485.000
5.740	154070.000	31733.103	806.000
5.750	154389.000	31783.172	645.000
5.760	154707.000	31788.220	629.000
5.770	155025.000	31791.754	617.000
5.780	155344.000	31824.228	513.000
5.790	155663.000	31846.960	440.000
5.800	155982.000	31862.872	389.000
5.810	156301.000	31874.010	353.000
5.820	156621.000	31911.807	231.000
5.830	156936.000	31788.265	629.000
5.840	157256.000	31851.785	424.000
5.850	157575.000	31866.250	378.000
5.860	157893.000	31846.375	442.000
5.870	158211.000	31832.462	487.000
5.880	158530.000	31852.724	421.000
5.890	158851.000	31926.907	183.000
5.900	159171.000	31948.835	112.000
5.910	159486.000	31814.184	545.000
5.920	159806.000	31869.929	366.000
5.930	160124.000	31848.950	433.000
5.940	160443.000	31864.265	384.000
5.950	160761.000	31844.986	446.000
5.960	161080.000	31861.490	393.000
5.970	161398.000	31843.043	452.000
5.980	161715.000	31800.130	591.000
5.990	162033.000	31800.091	591.000
6.000	162351.000	31800.064	591.000
6.010	162668.000	31770.045	687.000
6.020	162986.000	31779.031	658.000
6.030	163302.000	31725.322	831.000
6.040	163623.000	31837.725	470.000
6.050	163937.000	31706.408	892.000
6.060	164258.000	31824.485	512.000
6.070	164573.000	31727.140	825.000
6.080	164891.000	31748.998	755.000
6.090	165210.000	31794.298	609.000
6.100	165530.000	31856.009	411.000
6.110	165849.000	31869.206	368.000
6.120	166169.000	31908.444	242.000
6.130	166487.000	31875.911	347.000
6.140	166805.000	31853.138	420.000
6.150	167123.000	31837.196	471.000
6.160	167440.000	31796.037	604.000
6.170	167757.000	31767.226	696.000
6.180	168075.000	31777.058	665.000
6.190	168390.000	31693.941	932.000
6.200	168707.000	31695.759	926.000
6.210	169026.000	31757.031	729.000
6.220	169345.000	31799.922	591.000
6.230	169664.000	31829.945	495.000
6.240	169985.000	31910.962	234.000
6.250	170305.000	31937.673	148.000
6.260	170624.000	31926.371	184.000
6.270	170943.000	31918.460	210.000
6.280	171261.000	31882.922	324.000
6.290	171583.000	31978.045	18.000
6.300	171901.000	31924.632	190.000
6.310	172219.000	31887.242	310.000
6.320	172539.000	31921.070	201.000
6.330	172854.000	31794.749	608.000
6.340	173172.000	31796.324	603.000
6.350	173489.000	31767.427	696.000
6.360	173807.000	31777.199	664.000
6.370	174125.000	31784.039	642.000
6.380	174442.000	31758.827	723.000
6.390	174762.000	31831.179	491.000
6.400	175081.000	31851.825	424.000
6.410	175399.000	31836.278	474.000
6.420	175720.000	31915.394	220.000
6.430	176039.000	31910.776	235.000
6.440	176358.000	31907.543	245.000
6.450	176678.000	31935.280	156.000
6.460	176990.000	31714.696	865.000
6.470	177310.000	31800.287	590.000
6.480	177627.000	31770.201	687.000
6.490	177947.000	31839.141	465.000
6.500	178265.000	31827.399	503.000
6.510	178583.000	31819.179	529.000
6.520	178901.000	31813.425	548.000
6.530	179218.000	31779.398	657.000
6.540	179535.000	31755.578	734.000
6.550	179857.000	31888.905	305.000
6.560	180171.000	31742.233	777.000
6.570	180490.000	31789.563	625.000
6.580	180808.000	31792.694	614.000
6.590	181127.000	31824.886	511.000
6.600	181450.000	31967.420	52.000
6.610	181763.000	31767.194	696.000
6.620	182080.000	31747.036	761.000
6.630	182398.000	31762.925	710.000
6.640	182716.000	31774.048	674.000
6.650	183033.000	31751.833	746.000
6.660	183352.000	31796.283	603.000
6.670	183671.000	31827.398	503.000
6.680	183989.000	31819.179	529.000
6.690	184312.000	31963.425	65.000
6.700	184628.000	31854.398	416.000
6.710	184946.000	31838.078	468.000
6.720	185264.000	31826.655	505.000
6.730	185581.000	31788.658	627.000
6.740	185901.000	31852.061	423.000
6.750	186220.000	31866.443	377.000
6.760	186537.000	31816.510	538.000
6.770	186856.000	31841.557	457.000
6.780	187171.000	31739.090	787.000
6.790	187494.000	31907.363	246.000
6.800	187812.000	31875.154	349.000
6.810	188132.000	31912.608	229.000
6.820	188451.000	31908.825	241.000
6.830	188772.000	31966.178	56.000
6.840	189086.000	31796.324	603.000
6.850	189403.000	31767.427	696.000
6.860	189722.000	31807.199	568.000
6.870	190039.000	31775.039	671.000
6.880	190360.000	31872.528	358.000
6.890	190676.000	31790.769	621.000
6.900	190996.000	31853.538	419.000
6.910	191314.000	31837.477	470.000
6.920	191632.000	31826.234	507.000
6.930	191954.000	31938.364	146.000
6.940	192272.000	31896.855	279.000
6.950	192590.000	31867.798	373.000
6.960	192912.000	31967.459	52.000
6.970	193226.000	31797.221	600.000
6.980	193544.000	31798.055	597.000
6.990	193860.000	31738.638	788.000
7.000	194177.000	31727.047	826.000
7.010	194493.000	31688.933	0.000
7.020	194809.000	31662.253	0.000
7.030	195124.000	31613.577	0.000
7.040	195444.000	31729.504	0.000
7.050	195753.000	31480.653	0.000
7.060	196068.000	31486.457	0.000
7.070	196380.000	31400.520	0.000
7.080	196692.000	31340.364	0.000
7.090	197004.000	31298.255	0.000
7.100	197316.000	31268.778	0.000
7.110	197625.000	31158.145	0.000
7.120	197935.000	31110.701	0.000
7.130	198243.000	31017.491	0.000
7.140	198551.000	30952.244	0.000
7.150	198858.000	30876.571	0.000
7.160	199165.000	30823.599	0.000
7.170	199468.000	30666.520	0.000
7.180	199772.000	30586.564	0.000
7.190	200075.000	30500.595	0.000
7.200	200377.000	30410.416	0.000
7.210	200678.000	30317.291	0.000
7.220	200983.000	30372.104	0.000
7.230	201280.000	30170.473	0.000
7.240	201583.000	30209.331	0.000
7.250	201880.000	30056.532	0.000
7.260	202180.000	30039.572	0.000
7.270	202479.000	29997.701	0.000
7.280	202780.000	30028.390	0.000
7.290	203074.000	29839.873	0.000
7.300	203372.000	29827.911	0.000
7.310	203669.000	29789.538	0.000
7.320	203965.000	29732.677	0.000
7.330	204260.000	29662.874	0.000
7.340	204553.000	29554.011	0.000
7.350	204846.000	29477.808	0.000
7.360	205138.000	29394.466	0.000
7.370	205430.000	29336.126	0.000
7.380	205720.000	29235.288	0.000
7.390	206011.000	29194.702	0.000
7.400	206300.000	29106.291	0.000
7.410	206589.000	29044.404	0.000
7.420	206877.000	28971.083	0.000
7.430	207169.000	29039.758	0.000
7.440	207455.000	28907.831	0.000
7.450	207740.000	28785.481	0.000
7.460	208026.000	28729.837	0.000
7.470	208312.000	28690.886	0.000
7.480	208596.000	28603.620	0.000
7.490	208881.000	28572.534	0.000
7.500	209162.000	28430.774	0.000
7.510	209445.000	28391.542	0.000
7.520	209726.000	28304.079	0.000
7.530	210006.000	28212.855	0.000
7.540	210285.000	28118.999	0.000
7.550	210563.000	28023.299	0.000
7.560	210841.000	27956.309	0.000
7.570	211121.000	27969.417	0.000
7.580	211393.000	27738.592	0.000
7.590	211669.000	27697.014	0.000
7.600	211943.000	27607.910	0.000
7.610	212217.000	27545.537	0.000
7.620	212490.000	27471.876	0.000
7.630	212763.000	27420.313	0.000
7.640	213035.000	27354.219	0.000
7.650	213306.000	27277.953	0.000
7.660	213577.000	27224.567	0.000
7.670	213846.000	27127.197	0.000
7.680	214115.000	27059.038	0.000
7.690	214382.000	26951.327	0.000
7.700	214649.000	26875.929	0.000
7.710	214916.000	26823.150	0.000
7.720	215181.000	26726.205	0.000
7.730	215446.000	26658.344	0.000
7.740	215708.000	26520.840	0.000
7.750	215974.000	26544.588	0.000
7.760	216235.000	26411.212	0.000
7.770	216496.000	26317.848	0.000
7.780	216757.000	26252.494	0.000
7.790	217016.000	26146.746	0.000
7.800	217275.000	26072.722	0.000
7.810	217535.000	26050.905	0.000
7.820	217796.000	26065.634	0.000
7.830	218050.000	25865.944	0.000
7.840	218308.000	25846.161	0.000
7.850	218563.000	25742.312	0.000
7.860	218818.000	25669.619	0.000
7.870	219072.000	25588.733	0.000
7.880	219330.000	25652.113	0.000
7.890	219581.000	25486.479	0.000
7.900	219832.000	25370.535	0.000
7.910	220088.000	25439.375	0.000
7.920	220336.000	25247.562	0.000
7.930	220585.000	25143.294	0.000
7.940	220836.000	25130.306	0.000
7.950	221084.000	25031.214	0.000
7.960	221331.000	24931.850	0.000
7.970	221579.000	24892.295	0.000
7.980	221826.000	24834.606	0.000
7.990	222071.000	24734.224	0.000
8.000	222317.000	24693.957	0.000
8.010	222562.000	24635.770	0.000
8.020	222807.000	24595.039	0.000
8.030	223055.000	24656.527	0.000
8.040	223296.000	24489.569	0.000
8.050	223538.000	24402.698	0.000
8.060	223782.000	24401.889	0.000
8.070	224024.000	24341.322	0.000
8.080	224265.000	24268.926	0.000
8.090	224506.000	24218.248	0.000
8.100	224746.000	24152.774	0.000
8.110	224984.000	24046.941	0.000
8.120	225224.000	24032.859	0.000
8.130	225463.000	23993.001	0.000
8.140	225698.000	23845.101	0.000
8.150	225936.000	23831.571	0.000
8.160	226170.000	23702.099	0.000
8.170	226401.000	23521.470	0.000
8.180	226633.000	23425.029	0.000
8.190	226867.000	23417.520	0.000
8.200	227095.000	23232.264	0.000
8.210	227328.000	23252.585	0.000
8.220	227559.000	23206.809	0.000
8.230	227788.000	23114.767	0.000
8.240	228017.000	23050.337	0.000
8.250	228245.000	22975.236	0.000
8.260	228473.000	22922.665	0.000
8.270	228699.000	22825.865	0.000
8.280	228928.000	22848.106	0.000
8.290	229151.000	22683.674	0.000
8.300	229380.000	22748.572	0.000
8.310	229600.000	22524.000	0.000
8.320	229823.000	22456.800	0.000
8.330	230046.000	22409.760	0.000
8.340	230268.000	22346.832	0.000
8.350	230490.000	22302.782	0.000
8.360	230709.000	22181.948	0.000
8.370	230929.000	22127.363	0.000
8.380	231147.000	22029.154	0.000
8.390	231362.000	21870.408	0.000
8.400	231578.000	21789.286	0.000
8.410	231794.000	21732.500	0.000
8.420	232006.000	21572.750	0.000
8.430	232220.000	21520.925	0.000
8.440	232432.000	21424.647	0.000
8.450	232645.000	21387.253	0.000
8.460	232857.000	21331.077	0.000
8.470	233071.000	21351.754	0.000
8.480	233278.000	21156.228	0.000
8.490	233488.000	21109.360	0.000
8.500	233698.000	21076.552	0.000
8.510	233908.000	21053.586	0.000
8.520	234118.000	21037.510	0.000
8.530	234328.000	21026.257	0.000
8.540	234533.000	20868.380	0.000
8.550	234741.000	20847.866	0.000
8.560	234945.000	20713.506	0.000
8.570	235152.000	20709.454	0.000
8.580	235356.000	20616.618	0.000
8.590	235563.000	20641.633	0.000
8.600	235767.000	20569.143	0.000
8.610	235970.000	20488.400	0.000
8.620	236171.000	20371.880	0.000
8.630	236372.000	20290.316	0.000
8.640	236572.000	20203.221	0.000
8.650	236774.000	20202.255	0.000
8.660	236972.000	20081.578	0.000
8.670	237168.000	19937.105	0.000
8.680	237366.000	19895.973	0.000
8.690	237563.000	19837.181	0.000
8.700	237760.000	19796.027	0.000
8.710	237955.000	19707.219	0.000
8.720	238151.000	19675.053	0.000
8.730	238346.000	19622.537	0.000
8.740	238541.000	19585.776	0.000
8.750	238734.000	19500.043	0.000
8.760	238928.000	19470.030	0.000
8.770	239121.000	19419.021	0.000
8.780	239314.000	19383.315	0.000
8.790	239506.000	19328.320	0.000
8.800	239697.000	19259.824	0.000
8.810	239890.000	19271.877	0.000
8.820	240079.000	19160.314	0.000
8.830	240269.000	19112.220	0.000
8.840	240458.000	19048.554	0.000
8.850	240647.000	19003.988	0.000
8.860	240834.000	18912.791	0.000
8.870	241021.000	18848.954	0.000
8.880	241207.000	18774.268	0.000
8.890	241392.000	18691.987	0.000
8.900	241576.000	18604.391	0.000
8.910	241759.000	18513.074	0.000
8.920	241941.000	18419.152	0.000
8.930	242123.000	18353.406	0.000
8.940	242303.000	18247.384	0.000
8.950	242483.000	18173.169	0.000
8.960	242661.000	18061.218	0.000
8.970	242839.000	17982.853	0.000
8.980	243016.000	17897.997	0.000
8.990	243192.000	17808.598	0.000
9.000	243367.000	17716.019	0.000
9.010	243542.000	17651.213	0.000
9.020	243716.000	17575.849	0.000
9.030	243889.000	17493.094	0.000
9.040	244061.000	17405.166	0.000
9.050	244233.000	17343.616	0.000
9.060	244405.000	17300.531	0.000
9.070	244574.000	17180.372	0.000
9.080	244745.000	17156.260	0.000
9.090	244914.000	17079.382	0.000
9.100	245082.000	16995.568	0.000
9.110	245250.000	16936.897	0.000
9.120	245416.000	16835.828	0.000
9.130	245583.000	16795.080	0.000
9.140	245751.000	16796.556	0.000
9.150	245913.000	16617.589	0.000
9.160	246077.000	16552.312	0.000
9.170	246241.000	16506.619	0.000
9.180	246403.000	16414.633	0.000
9.190	246565.000	16350.243	0.000
9.200	246725.000	16245.170	0.000
9.210	246887.000	16231.619	0.000
9.220	247045.000	16102.133	0.000
9.230	247201.000	15951.493	0.000
9.240	247358.000	15876.045	0.000
9.250	247513.000	15763.232	0.000
9.260	247668.000	15684.262	0.000
9.270	247821.000	15568.984	0.000
9.280	247976.000	15548.288	0.000
9.290	248127.000	15413.802	0.000
9.300	248280.000	15379.661	0.000
9.310	248431.000	15295.763	0.000
9.320	248583.000	15267.034	0.000
9.330	248735.000	15246.924	0.000
9.340	248884.000	15142.847	0.000
9.350	249034.000	15099.993	0.000
9.360	249184.000	15069.995	0.000
9.370	249333.000	15018.996	0.000
9.380	249481.000	14953.297	0.000
9.390	249630.000	14937.308	0.000
9.400	249777.000	14866.116	0.000
9.410	249925.000	14846.281	0.000
9.420	250071.000	14772.397	0.000
9.430	250219.000	14780.678	0.000
9.440	250364.000	14696.474	0.000
9.450	250508.000	14607.532	0.000
9.460	250653.000	14575.272	0.000
9.470	250797.000	14522.691	0.000
9.480	250942.000	14515.884	0.000
9.490	251084.000	14421.118	0.000
9.500	251226.000	14354.783	0.000
9.510	251368.000	14308.348	0.000
9.520	251509.000	14245.844	0.000
9.530	251650.000	14202.091	0.000
9.540	251792.000	14201.463	0.000
9.550	251931.000	14111.024	0.000
9.560	252070.000	14047.717	0.000
9.570	252206.000	13913.402	0.000
9.580	252343.000	13849.381	0.000
9.590	252481.000	13834.567	0.000
9.600	252615.000	13704.197	0.000
9.610	252750.000	13642.938	0.000
9.620	252884.000	13570.056	0.000
9.630	253019.000	13549.040	0.000
9.640	253151.000	13444.328	0.000
9.650	253281.000	13311.029	0.000
9.660	253413.000	13277.721	0.000
9.670	253544.000	13224.404	0.000
9.680	253676.000	13217.083	0.000
9.690	253806.000	13151.958	0.000
9.700	253934.000	13046.371	0.000
9.710	254063.000	13002.459	0.000
9.720	254192.000	12971.722	0.000
9.730	254321.000	12950.205	0.000
9.740	254448.000	12875.144	0.000
9.750	254576.000	12852.601	0.000
9.760	254704.000	12836.820	0.000
9.770	254829.000	12735.774	0.000
9.780	254956.000	12725.042	0.000
9.790	255082.000	12687.529	0.000
9.800	255208.000	12661.271	0.000
9.810	255331.000	12552.889	0.000
9.820	255455.000	12507.023	0.000
9.830	255579.000	12474.916	0.000
9.840	255702.000	12422.441	0.000
9.850	255824.000	12355.709	0.000
9.860	255947.000	12338.996	0.000
9.870	256068.000	12267.297	0.000
9.880	256189.000	12217.108	0.000
9.890	256309.000	12151.976	0.000
9.900	256428.000	12076.383	0.000
9.910	256547.000	12023.468	0.000
9.920	256665.000	11956.428	0.000
9.930	256782.000	11879.499	0.000
9.940	256898.000	11795.650	0.000
9.950	257013.000	11706.955	0.000
9.960	257128.000	11644.868	0.000
9.970	257241.000	11541.408	0.000
9.980	257353.000	11438.985	0.000
9.990	257464.000	11337.290	0.000
10.000	257574.000	11236.103	0.000
10.010	257684.000	11165.272	0.000
10.020	257792.000	11055.690	0.000
10.030	257899.000	10948.983	0.000
10.040	258006.000	10874.288	0.000
10.050	258111.000	10762.002	0.000
10.060	258216.000	10683.401	0.000
10.070	258319.000	10568.381	0.000
10.080	258422.000	10487.867	0.000
10.090	258524.000	10401.507	0.000
10.100	258626.000	10341.055	0.000
10.110	258726.000	10238.738	0.000
10.120	258825.000	10137.117	0.000
10.130	258923.000	10035.982	0.000
10.140	259022.000	9995.187	0.000
10.150	259119.000	9906.631	0.000
10.160	259216.000	9844.642	0.000
10.170	259312.000	9771.249	0.000
10.180	259408.000	9719.874	0.000
10.190	259503.000	9653.912	0.000
10.200	259597.000	9577.738	0.000
10.210	259690.000	9494.417	0.000
10.220	259783.000	9436.092	0.000
10.230	259875.000	9365.264	0.000
10.240	259967.000	9315.685	0.000
10.250	260057.000	9220.980	0.000
10.260	260148.000	9184.686	0.000
10.270	260237.000	9099.280	0.000
10.280	260326.000	9039.496	0.000
10.290	260414.000	8967.647	0.000
10.300	260501.000	8887.353	0.000
10.310	260588.000	8831.147	0.000
10.320	260674.000	8761.803	0.000
10.330	260760.000	8713.262	0.000
10.340	260845.000	8649.283	0.000
10.350	260928.000	8544.498	0.000
10.360	261013.000	8531.149	0.000
10.370	261095.000	8431.804	0.000
10.380	261178.000	8392.263	0.000
10.390	261259.000	8304.584	0.000
10.400	261341.000	8273.209	0.000
10.410	261422.000	8221.246	0.000
10.420	261502.000	8154.872	0.000
10.430	261581.000	8078.411	0.000
10.440	261660.000	8024.887	0.000
10.450	261739.000	7987.421	0.000
10.460	261814.000	7841.195	0.000
10.470	261891.000	7798.836	0.000
10.480	261966.000	7709.185	0.000
10.490	262041.000	7646.430	0.000
10.500	262115.000	7572.501	0.000
10.510	262188.000	7490.751	0.000
10.520	262260.000	7403.525	0.000
10.530	262332.000	7342.468	0.000
10.540	262402.000	7239.727	0.000
10.550	262473.000	7197.809	0.000
10.560	262541.000	7078.466	0.000
10.570	262610.000	7024.927	0.000
10.580	262678.000	6957.449	0.000
10.590	262744.000	6850.214	0.000
10.600	262810.000	6775.150	0.000
10.610	262874.000	6662.605	0.000
10.620	262938.000	6583.823	0.000
10.630	263001.000	6498.676	0.000
10.640	263063.000	6409.073	0.000
10.650	263125.000	6346.351	0.000
10.660	263185.000	6242.446	0.000
10.670	263244.000	6139.712	0.000
10.680	263303.000	6067.799	0.000
10.690	263361.000	5987.459	0.000
10.700	263417.000	5871.221	0.000
10.710	263473.000	5789.855	0.000
10.720	263529.000	5732.898	0.000
10.730	263583.000	5633.029	0.000
10.740	263637.000	5563.120	0.000
10.750	263690.000	5484.184	0.000
10.760	263742.000	5398.929	0.000
10.770	263794.000	5339.250	0.000
10.780	263844.000	5237.475	0.000
10.790	263894.000	5166.233	0.000
10.800	263944.000	5116.363	0.000
10.810	263993.000	5051.454	0.000
10.820	264041.000	4976.018	0.000
10.830	264089.000	4923.212	0.000
10.840	264136.000	4856.249	0.000
10.850	264182.000	4779.374	0.000
10.860	264228.000	4725.562	0.000
10.870	264273.000	4657.893	0.000
10.880	264318.000	4610.525	0.000
10.890	264362.000	4547.368	0.000
10.900	264406.000	4503.157	0.000
10.910	264449.000	4442.210	0.000
10.920	264492.000	4399.547	0.000
10.930	264535.000	4369.683	0.000
10.940	264576.000	4288.778	0.000
10.950	264618.000	4262.145	0.000
10.960	264658.000	4183.501	0.000
10.970	264699.000	4158.451	0.000
10.980	264739.000	4110.916	0.000
10.990	264779.000	4077.641	0.000
11.000	264819.000	4054.349	0.000
11.010	264857.000	3978.044	0.000
11.020	264896.000	3954.631	0.000
11.030	264934.000	3908.242	0.000
11.040	264972.000	3875.769	0.000
11.050	265010.000	3853.038	0.000
11.060	265047.000	3807.127	0.000
11.070	265083.000	3744.989	0.000
11.080	265120.000	3731.492	0.000
11.090	265155.000	3662.045	0.000
11.100	265190.000	3613.431	0.000
11.110	265225.000	3579.402	0.000
11.120	265260.000	3555.581	0.000
11.130	265293.000	3478.907	0.000
11.140	265327.000	3455.235	0.000
11.150	265360.000	3408.664	0.000
11.160	265392.000	3346.065	0.000
11.170	265424.000	3302.246	0.000
11.180	265455.000	3241.572	0.000
11.190	265486.000	3199.100	0.000
11.200	265517.000	3169.370	0.000
11.210	265546.000	3088.559	0.000
11.220	265576.000	3061.991	0.000
11.230	265605.000	3013.394	0.000
11.240	265634.000	2979.376	0.000
11.250	265662.000	2925.563	0.000
11.260	265690.000	2887.894	0.000
11.270	265718.000	2861.526	0.000
11.280	265745.000	2813.068	0.000
11.290	265772.000	2779.148	0.000
11.300	265798.000	2725.403	0.000
11.310	265824.000	2687.782	0.000
11.320	265850.000	2661.448	0.000
11.330	265875.000	2613.013	0.000
11.340	265900.000	2579.109	0.000
11.350	265924.000	2525.377	0.000
11.360	265949.000	2517.764	0.000
11.370	265972.000	2452.435	0.000
11.380	265996.000	2436.704	0.000
11.390	266018.000	2365.693	0.000
11.400	266041.000	2345.985	0.000
11.410	266063.000	2302.190	0.000
11.420	266086.000	2301.533	0.000
11.430	266107.000	2241.073	0.000
11.440	266128.000	2198.751	0.000
11.450	266149.000	2169.126	0.000
11.460	266170.000	2148.388	0.000
11.470	266190.000	2103.872	0.000
11.480	266210.000	2072.710	0.000
11.490	266229.000	2020.897	0.000
11.500	266248.000	1984.628	0.000
11.510	266267.000	1959.240	0.000
11.520	266285.000	1911.468	0.000
11.530	266303.000	1878.027	0.000
11.540	266321.000	1854.619	0.000
11.550	266338.000	1808.233	0.000
11.560	266355.000	1775.763	0.000
11.570	266371.000	1723.034	0.000
11.580	266387.000	1686.124	0.000
11.590	266403.000	1660.287	0.000
11.600	266418.000	1612.201	0.000
11.610	266434.000	1608.541	0.000
11.620	266448.000	1545.978	0.000
11.630	266462.000	1502.185	0.000
11.640	266476.000	1471.529	0.000
11.650	266490.000	1450.071	0.000
11.660	266503.000	1405.049	0.000
11.670	266515.000	1343.535	0.000
11.680	266527.000	1300.474	0.000
11.690	266539.000	1270.332	0.000
11.700	266550.000	1219.232	0.000
11.710	266561.000	1183.463	0.000
11.720	266572.000	1158.424	0.000
11.730	266582.000	1110.897	0.000
11.740	266592.000	1077.628	0.000
11.750	266601.000	1024.339	0.000
11.760	266610.000	987.038	0.000
11.770	266619.000	960.926	0.000
11.780	266628.000	942.648	0.000
11.790	266636.000	899.854	0.000
11.800	266643.000	839.898	0.000
11.810	266651.000	827.928	0.000
11.820	266658.000	789.550	0.000
11.830	266664.000	732.685	0.000
11.840	266670.000	692.879	0.000
11.850	266676.000	665.016	0.000
11.860	266682.000	645.511	0.000
11.870	266687.000	601.858	0.000
11.880	266691.000	541.300	0.000
11.890	266695.000	498.910	0.000
11.900	266699.000	469.237	0.000
11.910	266702.000	418.466	0.000
11.920	266705.000	382.926	0.000
11.930	266707.000	328.048	0.000
11.940	266709.000	289.634	0.000
11.950	266710.000	232.744	0.000
11.960	266711.000	192.921	0.000
11.970	266712.000	165.044	0.000
11.980	266712.000	115.531	0.000
11.990	266712.000	80.872	0.000
12.000	266712.000	56.610	0.000
