0.000	0.000	0.000	0.000
0.010	11.000	330.000	-2123.000
0.020	12.000	261.000	-1679.000
0.030	11.000	152.700	-982.000
0.040	7.000	-13.110	84.000
0.050	1.000	-189.177	1217.000
0.060	-3.000	-252.424	1624.000
0.070	-5.000	-236.697	1523.000
0.080	-5.000	-165.688	1066.000
0.090	-4.000	-85.981	553.000
0.100	0.000	59.813	-385.000
0.110	3.000	131.869	-848.000
0.120	6.000	182.308	-1173.000
0.130	7.000	157.616	-1014.000
0.140	7.000	110.331	-710.000
0.150	7.000	77.232	-497.000
0.160	4.000	-35.938	231.000
0.170	0.000	-145.156	934.000
0.180	-2.000	-161.610	1040.000
0.190	-3.000	-143.127	921.000
0.200	-3.000	-100.189	645.000
0.210	-3.000	-70.132	451.000
0.220	0.000	40.908	-263.000
0.230	3.000	118.635	-763.000
0.240	5.000	143.045	-920.000
0.250	5.000	100.131	-644.000
0.260	5.000	70.092	-451.000
0.270	5.000	49.064	-316.000
0.280	3.000	-25.655	165.000
0.290	0.000	-107.958	695.000
0.300	-1.000	-105.571	679.000
0.310	-2.000	-103.900	668.000
0.320	-2.000	-72.730	468.000
0.330	-2.000	-50.911	328.000
0.340	-1.000	-5.638	36.000
0.350	2.000	86.054	-554.000
0.360	3.000	90.238	-581.000
0.370	4.000	93.166	-599.000
0.380	4.000	65.216	-420.000
0.390	4.000	45.651	-294.000
0.400	3.000	1.956	-13.000
0.410	1.000	-58.631	377.000
0.420	-1.000	-101.042	650.000
0.430	-2.000	-100.729	648.000
0.440	-2.000	-70.510	454.000
0.450	-2.000	-49.357	318.000
0.460	-1.000	-4.550	29.000
0.470	1.000	56.815	-366.000
0.480	2.000	69.770	-449.000
0.490	3.000	78.839	-507.000
0.500	3.000	55.188	-355.000
0.510	3.000	38.631	780.000
0.520	3.000	27.042	1884.000
0.530	4.000	48.929	2772.000
0.540	9.000	184.251	2930.000
0.550	19.000	428.975	2384.000
0.560	32.000	690.283	1732.000
0.570	48.000	963.198	1005.000
0.580	66.000	1214.239	419.000
0.590	86.000	1449.967	-69.000
0.600	105.000	1584.977	91.000
0.610	124.000	1679.484	512.000
0.620	143.000	1745.639	1116.000
0.630	162.000	1791.947	1846.000
0.640	184.000	1914.363	2088.000
0.650	207.000	2030.054	2372.000
0.660	233.000	2201.038	2301.000
0.670	262.000	2410.726	1981.000
0.680	294.000	2647.509	1486.000
0.690	328.000	2873.256	1063.000
0.700	363.000	3061.279	882.000
0.710	400.000	3252.895	678.000
0.720	437.000	3387.027	844.000
0.730	475.000	3510.919	1076.000
0.740	514.000	3627.643	1354.000
0.750	554.000	3739.350	1664.000
0.760	596.000	3877.545	1804.000
0.770	639.000	4004.282	2017.000
0.780	685.000	4182.997	1896.000
0.790	732.000	4338.098	1927.000
0.800	781.000	4506.669	1872.000
0.810	833.000	4714.668	1562.000
0.820	887.000	4920.268	1268.000
0.830	942.000	5094.187	1178.000
0.840	998.000	5245.931	1231.000
0.850	1056.000	5412.152	1190.000
0.860	1114.000	5528.506	1471.000
0.870	1173.000	5639.954	1782.000
0.880	1234.000	5777.968	1923.000
0.890	1297.000	5934.578	1945.000
0.900	1362.000	6104.204	1882.000
0.910	1429.000	6282.943	1761.000
0.920	1498.000	6468.060	1599.000
0.930	1569.000	6657.642	1408.000
0.940	1641.000	6820.349	1390.000
0.950	1713.000	6934.245	1686.000
0.960	1787.000	7073.971	1816.000
0.970	1863.000	7231.780	1830.000
0.980	1940.000	7372.246	1955.000
0.990	2019.000	7530.572	1965.000
1.000	2100.000	7701.400	1895.000
1.010	2182.000	7850.980	1961.000
1.020	2267.000	8045.686	1738.000
1.030	2353.000	8211.980	1697.000
1.040	2441.000	8388.386	1591.000
1.050	2530.000	8541.870	1632.000
1.060	2621.000	8709.309	1584.000
1.070	2714.000	8886.516	1472.000
1.080	2807.000	9010.562	1703.000
1.090	2902.000	9157.393	1787.000
1.100	3000.000	9350.175	1576.000
1.110	3098.000	9485.123	1737.000
1.120	3198.000	9639.586	1772.000
1.130	3300.000	9807.710	1719.000
1.140	3404.000	9985.397	1605.000
1.150	3511.000	10199.778	1254.000
1.160	3617.000	10319.845	1511.000
1.170	3727.000	10523.891	1227.000
1.180	3836.000	10636.724	1530.000
1.190	3948.000	10805.707	1471.000
1.200	4061.000	10953.995	1546.000
1.210	4176.000	11117.796	1521.000
1.220	4292.000	11262.457	1619.000
1.230	4409.000	11393.720	1804.000
1.240	4529.000	11575.604	1662.000
1.250	4650.000	11732.923	1679.000
1.260	4773.000	11903.046	1613.000
1.270	4898.000	12082.132	1490.000
1.280	5025.000	12267.493	1326.000
1.290	5153.000	12427.245	1327.000
1.300	5282.000	12569.071	1444.000
1.310	5414.000	12758.350	1255.000
1.320	5546.000	12890.845	1431.000
1.330	5679.000	13013.591	1671.000
1.340	5815.000	13189.514	1568.000
1.350	5951.000	13312.660	1804.000
1.360	6090.000	13488.862	1699.000
1.370	6233.000	13732.203	1163.000
1.380	6373.000	13812.542	1675.000
1.390	6516.000	13958.780	1763.000
1.400	6661.000	14121.146	1747.000
1.410	6808.000	14294.802	1659.000
1.420	6957.000	14476.361	1519.000
1.430	7106.000	14603.453	1730.000
1.440	7258.000	14782.417	1608.000
1.450	7411.000	14937.692	1638.000
1.460	7566.000	15106.384	1581.000
1.470	7722.000	15254.469	1658.000
1.480	7879.000	15388.128	1826.000
1.490	8039.000	15571.690	1674.000
1.500	8200.000	15730.183	1684.000
1.510	8363.000	15901.128	533.000
1.520	8529.000	16110.790	-958.000
1.530	8691.000	16137.553	-1335.000
1.540	8852.000	16126.287	-1488.000
1.550	9010.000	16028.401	-1054.000
1.560	9167.000	15929.881	-536.000
1.570	9321.000	15770.916	494.000
1.580	9475.000	15659.641	1367.000
1.590	9628.000	15551.749	2376.000
1.600	9785.000	15596.224	2545.000
1.610	9945.000	15717.357	2323.000
1.620	10107.000	15862.150	1990.000
1.630	10272.000	16053.505	1326.000
1.640	10441.000	16307.453	151.000
1.650	10608.000	16425.217	-331.000
1.660	10776.000	16537.652	-1019.000
1.670	10943.000	16586.357	-1572.000
1.680	11107.000	16530.450	-1732.000
1.690	11267.000	16371.315	-1479.000
1.700	11425.000	16199.920	-1339.000
1.710	11580.000	15989.944	-1051.000
1.720	11733.000	15782.961	-775.000
1.730	11884.000	15578.073	-386.000
1.740	12032.000	15344.651	424.000
1.750	12181.000	15211.256	926.000
1.760	12329.000	15087.879	1765.000
1.770	12479.000	15061.515	2407.000
1.780	12632.000	15133.061	2829.000
1.790	12786.000	15213.142	3542.000
1.800	12945.000	15419.200	3684.000
1.810	13108.000	15683.440	3554.000
1.820	13278.000	16078.408	2525.000
1.830	13449.000	16384.886	1845.000
1.840	13623.000	16689.420	810.000
1.850	13798.000	16932.594	-318.000
1.860	13973.000	17102.816	-1538.000
1.870	14147.000	17191.971	-2817.000
1.880	14317.000	17134.380	-3691.000
1.890	14481.000	16914.066	-3959.000
1.900	14637.000	16519.846	-3397.000
1.910	14789.000	16123.892	-2925.000
1.920	14935.000	15666.725	-1953.000
1.930	15079.000	15286.707	-1163.000
1.940	15217.000	14840.695	550.000
1.950	15358.000	14618.487	1463.000
1.960	15495.000	14342.941	3441.000
1.970	15638.000	14330.058	4462.000
1.980	15786.000	14471.041	5162.000
1.990	15939.000	14719.729	5704.000
2.000	16102.000	15193.810	5134.000
2.010	16272.000	15735.667	4230.000
2.020	16449.000	16324.967	2864.000
2.030	16630.000	16857.477	1456.000
2.040	16814.000	17320.234	-132.000
2.050	16999.000	17674.164	-1813.000
2.060	17181.000	17831.915	-3113.000
2.070	17361.000	17882.340	-4608.000
2.080	17529.000	17557.638	-4489.000
2.090	17693.000	17210.347	-4853.000
2.100	17848.000	16697.243	-4538.000
2.110	17995.000	16098.070	-3772.000
2.120	18134.000	15438.649	-2411.000
2.130	18270.000	14887.054	-1242.000
2.140	18399.000	14290.938	971.000
2.150	18528.000	13873.657	2979.000
2.160	18659.000	13641.560	4837.000
2.170	18796.000	13659.092	6128.000
2.180	18939.000	13851.364	7223.000
2.190	19091.000	14255.955	7675.000
2.200	19253.000	14839.168	7416.000
2.210	19426.000	15577.418	6261.000
2.220	19609.000	16394.193	4345.000
2.230	19799.000	17175.935	2058.000
2.240	19993.000	17843.154	-381.000
2.250	20188.000	18340.208	-2821.000
2.260	20379.000	18568.146	-4733.000
2.270	20565.000	18577.702	-6431.000
2.280	20741.000	18284.391	-7238.000
2.290	20907.000	17779.074	-7499.000
2.300	21061.000	17065.352	-6907.000
2.310	21204.000	16235.746	-5670.000
2.320	21337.000	15355.022	-3799.000
2.330	21461.000	14468.516	-1200.000
2.340	21581.000	13727.961	1477.000
2.350	21701.000	13209.573	3975.000
2.360	21825.000	12966.701	6063.000
2.370	21956.000	13006.691	7674.000
2.380	22096.000	13304.683	8814.000
2.390	22247.000	13843.278	9318.000
2.400	22411.000	14610.295	8889.000
2.410	22587.000	15507.206	7725.000
2.420	22776.000	16525.044	5429.000
2.430	22975.000	17537.531	2382.000
2.440	23177.000	18336.272	-437.000
2.450	23381.000	18955.390	-3502.000
2.460	23581.000	19268.773	-6125.000
2.470	23773.000	19248.141	-8093.000
2.480	23953.000	18873.699	-9104.000
2.490	24119.000	18191.589	-9141.000
2.500	24272.000	17324.112	-8572.000
2.510	24411.000	16296.879	-7025.000
2.520	24539.000	15247.815	-4843.000
2.530	24655.000	14153.471	-1427.000
2.540	24767.000	13267.429	1947.000
2.550	24879.000	12647.201	5135.000
2.560	24996.000	12363.040	7765.000
2.570	25124.000	12494.128	9249.000
2.580	25261.000	12855.890	10546.000
2.590	25414.000	13589.123	10396.000
2.600	25581.000	14522.386	9454.000
2.610	25763.000	15625.670	7419.000
2.620	25958.000	16787.969	4508.000
2.630	26160.000	17811.578	1547.000
2.640	26367.000	18678.105	-1701.000
2.650	26573.000	19254.673	-4609.000
2.660	26774.000	19508.271	-7042.000
2.670	26966.000	19415.790	-8774.000
2.680	27147.000	19021.053	-9859.000
2.690	27311.000	18234.737	-9367.000
2.700	27463.000	17324.316	-8573.000
2.710	27602.000	16297.021	-7026.000
2.720	27725.000	15097.915	-3879.000
2.730	27841.000	14048.540	-752.000
2.740	27953.000	13193.978	2419.000
2.750	28067.000	12655.785	5080.000
2.760	28185.000	12399.049	7534.000
2.770	28310.000	12429.335	9666.000
2.780	28448.000	12840.534	10645.000
2.790	28602.000	13608.374	10272.000
2.800	28769.000	14535.862	9368.000
2.810	28950.000	15605.103	7551.000
2.820	29143.000	16713.572	4987.000
2.830	29344.000	17729.501	2075.000
2.840	29549.000	18560.650	-946.000
2.850	29757.000	19232.455	-4466.000
2.860	29958.000	19492.719	-6942.000
2.870	30151.000	19434.903	-8897.000
2.880	30332.000	19034.432	-9945.000
2.890	30498.000	18304.103	-9814.000
2.900	30649.000	17342.872	-8692.000
2.910	30785.000	16220.010	-6531.000
2.920	30909.000	15074.007	-3725.000
2.930	31026.000	14061.805	-837.000
2.940	31139.000	13233.264	2167.000
2.950	31252.000	12653.284	5096.000
2.960	31370.000	12397.299	7545.000
2.970	31497.000	12488.109	9288.000
2.980	31637.000	12941.677	9994.000
2.990	31790.000	13649.174	10010.000
3.000	31958.000	14594.422	8991.000
3.010	32139.000	15646.095	7287.000
3.020	32335.000	16832.267	4223.000
3.030	32534.000	17752.587	1926.000
3.040	32742.000	18666.811	-1629.000
3.050	32944.000	19126.767	-3786.000
3.060	33144.000	19388.737	-6273.000
3.070	33336.000	19332.116	-8236.000
3.080	33516.000	18932.481	-9289.000
3.090	33683.000	18262.737	-9548.000
3.100	33834.000	17313.916	-8506.000
3.110	33972.000	16259.741	-6786.000
3.120	34098.000	15161.819	-4290.000
3.130	34214.000	14093.273	-1039.000
3.140	34325.000	13195.291	2411.000
3.150	34436.000	12566.704	5653.000
3.160	34552.000	12276.693	8321.000
3.170	34678.000	12373.685	10024.000
3.180	34818.000	12861.579	10510.000
3.190	34971.000	13593.106	10370.000
3.200	35139.000	14555.174	9243.000
3.210	35321.000	15648.622	7271.000
3.220	35515.000	16774.035	4598.000
3.230	35717.000	17801.825	1610.000
3.240	35923.000	18641.277	-1464.000
3.250	36129.000	19228.894	-4443.000
3.260	36330.000	19490.226	-6926.000
3.270	36523.000	19433.158	-8886.000
3.280	36701.000	18943.211	-9358.000
3.290	36866.000	18210.247	-9210.000
3.300	37017.000	17277.173	-8270.000
3.310	37154.000	16204.021	-6428.000
3.320	37280.000	15122.815	-4039.000
3.330	37397.000	14095.970	-1057.000
3.340	37509.000	13227.179	2206.000
3.350	37621.000	12619.026	5317.000
3.360	37739.000	12373.318	7699.000
3.370	37867.000	12501.322	9203.000
3.380	38005.000	12890.926	10321.000
3.390	38157.000	13583.648	10431.000
3.400	38324.000	14518.554	9479.000
3.410	38505.000	15592.988	7629.000
3.420	38698.000	16705.091	5041.000
3.430	38900.000	17753.564	1920.000
3.440	39106.000	18607.495	-1247.000
3.450	39311.000	19175.246	-4098.000
3.460	39513.000	19482.672	-6878.000
3.470	39707.000	19457.871	-9045.000
3.480	39884.000	18930.509	-9277.000
3.490	40049.000	18201.357	-9153.000
3.500	40200.000	17270.950	-8229.000
3.510	40337.000	16199.665	-6400.000
3.520	40465.000	15179.765	-4405.000
3.530	40580.000	14075.836	-927.000
3.540	40693.000	13243.085	2103.000
3.550	40806.000	12660.160	5052.000
3.560	40925.000	12432.112	7321.000
3.570	41051.000	12482.478	9324.000
3.580	41189.000	12877.735	10406.000
3.590	41342.000	13604.414	10298.000
3.600	41509.000	14533.090	9385.000
3.610	41690.000	15603.163	7564.000
3.620	41884.000	16742.214	4802.000
3.630	42085.000	17749.550	1946.000
3.640	42291.000	18604.685	-1229.000
3.650	42497.000	19203.279	-4278.000
3.660	42698.000	19472.296	-6811.000
3.670	42892.000	19450.607	-8998.000
3.680	43073.000	19045.425	-10016.000
3.690	43238.000	18281.797	-9670.000
3.700	43389.000	17327.258	-8592.000
3.710	43527.000	16269.081	-6846.000
3.720	43654.000	15198.357	-4525.000
3.730	43769.000	14088.850	-1011.000
3.740	43880.000	13192.195	2431.000
3.750	43992.000	12594.536	5474.000
3.760	44109.000	12326.175	8003.000
3.770	44238.000	12498.323	9222.000
3.780	44374.000	12828.826	10720.000
3.790	44528.000	13600.178	10325.000
3.800	44696.000	14560.125	9211.000
3.810	44876.000	15592.087	7635.000
3.820	45068.000	16674.461	5238.000
3.830	45270.000	17732.123	2058.000
3.840	45476.000	18592.486	-1150.000
3.850	45683.000	19224.740	-4416.000
3.860	45883.000	19457.318	-6714.000
3.870	46077.000	19440.123	-8931.000
3.880	46258.000	19038.086	-9969.000
3.890	46424.000	18306.660	-9830.000
3.900	46575.000	17344.662	-8704.000
3.910	46712.000	16251.263	-6732.000
3.920	46836.000	15095.884	-3866.000
3.930	46953.000	14077.119	-936.000
3.940	47065.000	13213.983	2291.000
3.950	47179.000	12669.788	4990.000
3.960	47297.000	12408.852	7471.000
3.970	47425.000	12526.196	9043.000
3.980	47563.000	12908.337	10209.000
3.990	47716.000	13625.836	10160.000
4.000	47884.000	14578.085	9096.000
4.010	48066.000	15664.660	7168.000
4.020	48259.000	16755.262	4718.000
4.030	48461.000	17788.683	1694.000
4.040	48668.000	18662.078	-1598.000
4.050	48873.000	19213.455	-4344.000
4.060	49074.000	19479.418	-6857.000
4.070	49267.000	19425.593	-8837.000
4.080	49446.000	18967.915	-9517.000
4.090	49610.000	18197.540	-9128.000
4.100	49761.000	17268.278	-8212.000
4.110	49896.000	16137.795	-6002.000
4.120	50021.000	15046.456	-3547.000
4.130	50137.000	14012.519	-520.000
4.140	50250.000	13198.764	2389.000
4.150	50364.000	12659.135	5059.000
4.160	50482.000	12401.394	7519.000
4.170	50608.000	12460.976	9462.000
4.180	50747.000	12892.683	10309.000
4.190	50899.000	13584.878	10423.000
4.200	51066.000	14519.415	9473.000
4.210	51247.000	15593.590	7625.000
4.220	51442.000	16765.513	4652.000
4.230	51641.000	17705.859	2227.000
4.240	51848.000	18604.101	-1225.000
4.250	52053.000	19172.871	-4083.000
4.260	52256.000	19511.010	-7060.000
4.270	52451.000	19507.707	-9366.000
4.280	52629.000	18995.395	-9694.000
4.290	52795.000	18276.776	-9638.000
4.300	52945.000	17293.743	-8376.000
4.310	53081.000	16185.620	-6309.000
4.320	53206.000	15079.934	-3763.000
4.330	53322.000	14035.954	-671.000
4.340	53435.000	13215.168	2283.000
4.350	53548.000	12640.617	5178.000
4.360	53666.000	12388.432	7602.000
4.370	53793.000	12481.903	9328.000
4.380	53933.000	12937.332	10022.000
4.390	54086.000	13646.132	10029.000
4.400	54252.000	14532.293	9391.000
4.410	54433.000	15602.605	7567.000
4.420	54626.000	16711.823	4998.000
4.430	54827.000	17728.276	2083.000
4.440	55033.000	18589.793	-1133.000
4.450	55238.000	19162.855	-4018.000
4.460	55439.000	19443.999	-6629.000
4.470	55633.000	19430.799	-8871.000
4.480	55811.000	18941.559	-9348.000
4.490	55976.000	18209.092	-9203.000
4.500	56126.000	17246.364	-8071.000
4.510	56264.000	16212.455	-6482.000
4.520	56392.000	15188.718	-4463.000
4.530	56507.000	14082.103	-968.000
4.540	56620.000	13247.472	2075.000
4.550	56732.000	12633.230	5225.000
4.560	56849.000	12353.261	7828.000
4.570	56976.000	12457.283	9486.000
4.580	57115.000	12890.098	10326.000
4.590	57268.000	13613.069	10242.000
4.600	57439.000	14659.148	8574.000
4.610	57619.000	15661.404	7189.000
4.620	57811.000	16722.983	4926.000
4.630	58013.000	17766.088	1839.000
4.640	58219.000	18616.261	-1303.000
4.650	58428.000	19301.383	-4909.000
4.660	58626.000	19450.968	-6674.000
4.670	58819.000	19405.678	-8709.000
4.680	58999.000	18983.974	-9621.000
4.690	59165.000	18268.782	-9587.000
4.700	59316.000	17318.147	-8533.000
4.710	59454.000	16262.703	-6805.000
4.720	59579.000	15133.892	-4110.000
4.730	59696.000	14103.725	-1107.000
4.740	59808.000	13232.607	2171.000
4.750	59920.000	12622.825	5292.000
4.760	60039.000	12405.978	7489.000
4.770	60168.000	12554.184	8863.000
4.780	60303.000	12837.929	10662.000
4.790	60455.000	13546.550	10670.000
4.800	60623.000	14522.585	9453.000
4.810	60805.000	15625.810	7418.000
4.820	60999.000	16758.067	4700.000
4.830	61199.000	17730.647	2067.000
4.840	61404.000	18561.453	-951.000
4.850	61609.000	19143.017	-3890.000
4.860	61812.000	19490.112	-6925.000
4.870	62004.000	19403.078	-8693.000
4.880	62186.000	19042.155	-9995.000
4.890	62353.000	18339.508	-10042.000
4.900	62504.000	17367.656	-8852.000
4.910	62641.000	16267.359	-6835.000
4.920	62768.000	15197.151	-4517.000
4.930	62881.000	14028.006	-620.000
4.940	62992.000	13149.604	2705.000
4.950	63104.000	12564.723	5666.000
4.960	63223.000	12365.306	7751.000
4.970	63353.000	12555.714	8853.000
4.980	63490.000	12899.000	10269.000
4.990	63645.000	13679.300	9816.000
5.000	63813.000	14615.510	8855.000
5.010	63995.000	15690.857	6999.000
5.020	64189.000	16803.600	4407.000
5.030	64390.000	17792.520	1669.000
5.040	64596.000	18634.764	-1422.000
5.050	64801.000	19194.335	-4221.000
5.060	65002.000	19466.034	-6771.000
5.070	65194.000	19386.224	-8584.000
5.080	65373.000	18940.357	-9340.000
5.090	65538.000	18208.250	-9197.000
5.100	65689.000	17275.775	-8261.000
5.110	65826.000	16203.042	-6422.000
5.120	65950.000	15062.130	-3648.000
5.130	66066.000	14023.491	-590.000
5.140	66178.000	13176.444	2532.000
5.150	66290.000	12583.510	5545.000
5.160	66408.000	12348.457	7859.000
5.170	66535.000	12453.920	9508.000
5.180	66673.000	12857.744	10534.000
5.190	66827.000	13620.421	10195.000
5.200	66994.000	14544.295	9313.000
5.210	67175.000	15611.006	7513.000
5.220	67371.000	16807.704	4381.000
5.230	67570.000	17735.393	2037.000
5.240	67776.000	18594.775	-1165.000
5.250	67981.000	19166.343	-4041.000
5.260	68182.000	19446.440	-6644.000
5.270	68375.000	19402.508	-8689.000
5.280	68555.000	18981.756	-9606.000
5.290	68721.000	18267.229	-9577.000
5.300	68872.000	17317.060	-8526.000
5.310	69010.000	16261.942	-6800.000
5.320	69135.000	15133.359	-4107.000
5.330	69251.000	14073.352	-911.000
5.340	69363.000	13211.346	2308.000
5.350	69475.000	12607.942	5388.000
5.360	69592.000	12335.560	7942.000
5.370	69720.000	12474.892	9373.000
5.380	69857.000	12842.424	10633.000
5.390	70010.000	13579.697	10457.000
5.400	70177.000	14515.788	9497.000
5.410	70360.000	15651.052	7255.000
5.420	70552.000	16715.736	4973.000
5.430	70755.000	17791.015	1679.000
5.440	70961.000	18633.711	-1416.000
5.450	71166.000	19193.597	-4216.000
5.460	71367.000	19465.518	-6767.000
5.470	71561.000	19445.863	-8968.000
5.480	71737.000	18892.104	-9030.000
5.490	71902.000	18174.473	-8980.000
5.500	72054.000	17282.131	-8301.000
5.510	72189.000	16147.492	-6064.000
5.520	72316.000	15113.244	-3977.000
5.530	72435.000	14149.271	-1400.000
5.540	72546.000	13234.490	2159.000
5.550	72659.000	12654.143	5091.000
5.560	72777.000	12397.900	7541.000
5.570	72904.000	12488.530	9285.000
5.580	73042.000	12881.971	10378.000
5.590	73195.000	13607.380	10278.000
5.600	73366.000	14655.166	8600.000
5.610	73544.000	15598.616	7593.000
5.620	73737.000	16709.031	5016.000
5.630	73939.000	17756.322	1902.000
5.640	74145.000	18609.425	-1259.000
5.650	74351.000	19206.598	-4300.000
5.660	74553.000	19504.618	-7019.000
5.670	74748.000	19503.233	-9337.000
5.680	74926.000	18992.263	-9674.000
5.690	75092.000	18274.584	-9624.000
5.700	75243.000	17322.209	-8559.000
5.710	75380.000	16235.546	-6631.000
5.720	75507.000	15174.882	-4374.000
5.730	75622.000	14072.418	-905.000
5.740	75734.000	13210.692	2312.000
5.750	75846.000	12607.485	5391.000
5.760	75964.000	12365.239	7751.000
5.770	76091.000	12465.667	9432.000
5.780	76231.000	12925.967	10095.000
5.790	76383.000	13608.177	10273.000
5.800	76551.000	14565.724	9175.000
5.810	76731.000	15596.007	7610.000
5.820	76924.000	16707.205	5028.000
5.830	77125.000	17725.043	2104.000
5.840	77332.000	18617.530	-1311.000
5.850	77538.000	19212.271	-4336.000
5.860	77739.000	19478.590	-6851.000
5.870	77931.000	19395.013	-8641.000
5.880	78112.000	19006.509	-9766.000
5.890	78280.000	18344.556	-10074.000
5.900	78432.000	17401.189	-9067.000
5.910	78567.000	16230.833	-6600.000
5.920	78691.000	15081.583	-3773.000
5.930	78808.000	14067.108	-871.000
5.940	78920.000	13206.976	2336.000
5.950	79033.000	12634.883	5215.000
5.960	79151.000	12384.418	7628.000
5.970	79280.000	12539.093	8960.000
5.980	79417.000	12887.365	10344.000
5.990	79570.000	13611.155	10254.000
6.000	79740.000	14627.809	8776.000
6.010	79921.000	15669.466	7137.000
6.020	80114.000	16758.626	4697.000
6.030	80316.000	17791.038	1679.000
6.040	80522.000	18633.727	-1416.000
6.050	80728.000	19223.609	-4409.000
6.060	80929.000	19486.526	-6902.000
6.070	81121.000	19400.568	-8676.000
6.080	81302.000	19010.398	-9791.000
6.090	81466.000	18227.278	-9320.000
6.100	81616.000	17259.095	-8153.000
6.110	81752.000	16161.366	-6153.000
6.120	81877.000	15062.957	-3654.000
6.130	81991.000	13964.070	-208.000
6.140	82102.000	13104.849	2993.000
6.150	82216.000	12593.394	5481.000
6.160	82335.000	12385.376	7622.000
6.170	82463.000	12509.763	9149.000
6.180	82601.000	12896.834	10283.000
6.190	82754.000	13617.784	10211.000
6.200	82922.000	14572.449	9132.000
6.210	83102.000	15600.714	7579.000
6.220	83294.000	16680.500	5199.000
6.230	83495.000	17706.350	2224.000
6.240	83701.000	18574.445	-1034.000
6.250	83907.000	19182.111	-4142.000
6.260	84109.000	19487.478	-6909.000
6.270	84303.000	19461.235	-9067.000
6.280	84483.000	19022.864	-9871.000
6.290	84649.000	18296.005	-9762.000
6.300	84800.000	17337.203	-8656.000
6.310	84936.000	16216.042	-6505.000
6.320	85060.000	15071.230	-3707.000
6.330	85175.000	13999.861	-438.000
6.340	85287.000	13159.903	2639.000
6.350	85401.000	12631.932	5234.000
6.360	85519.000	12382.352	7641.000
6.370	85645.000	12447.647	9548.000
6.380	85785.000	12913.353	10176.000
6.390	85939.000	13659.347	9944.000
6.400	86107.000	14601.543	8945.000
6.410	86288.000	15651.080	7255.000
6.420	86480.000	16715.756	4973.000
6.430	86681.000	17731.029	2065.000
6.440	86886.000	18561.720	-952.000
6.450	87091.000	19143.204	-3892.000
6.460	87291.000	19400.243	-6347.000
6.470	87484.000	19370.170	-8481.000
6.480	87667.000	19049.119	-10040.000
6.490	87831.000	18254.383	-9494.000
6.500	87982.000	17308.068	-8468.000
6.510	88118.000	16195.648	-6374.000
6.520	88245.000	15146.953	-4194.000
6.530	88360.000	14052.867	-779.000
6.540	88472.000	13197.007	2400.000
6.550	88585.000	12627.905	5259.000
6.560	88702.000	12349.534	7852.000
6.570	88829.000	12454.673	9503.000
6.580	88968.000	12888.271	10338.000
6.590	89122.000	13641.790	10057.000
6.600	89291.000	14619.253	8831.000
6.610	89473.000	15693.477	6982.000
6.620	89669.000	16865.434	4010.000
6.630	89870.000	17835.804	1391.000
6.640	90073.000	18575.063	-1038.000
6.650	90277.000	19122.544	-3759.000
6.660	90478.000	19415.781	-6447.000
6.670	90671.000	19381.046	-8551.000
6.680	90853.000	19026.733	-9896.000
6.690	91019.000	18298.713	-9779.000
6.700	91171.000	17369.099	-8861.000
6.710	91308.000	16268.369	-6842.000
6.720	91432.000	15107.858	-3943.000
6.730	91550.000	14115.501	-1182.000
6.740	91662.000	13240.851	2118.000
6.750	91773.000	12598.595	5448.000
6.760	91890.000	12329.017	7984.000
6.770	92017.000	12440.312	9595.000
6.780	92157.000	12908.218	10209.000
6.790	92310.000	13625.753	10160.000
6.800	92478.000	14578.027	9096.000
6.810	92659.000	15634.619	7361.000
6.820	92852.000	16734.233	4854.000
6.830	93053.000	17743.963	1982.000
6.840	93259.000	18600.774	-1204.000
6.850	93463.000	19140.542	-3875.000
6.860	93664.000	19428.379	-6528.000
6.870	93859.000	19449.866	-8994.000
6.880	94037.000	18954.906	-9434.000
6.890	94204.000	18278.434	-9649.000
6.900	94356.000	17354.904	-8770.000
6.910	94493.000	16258.433	-6778.000
6.920	94619.000	15160.903	-4284.000
6.930	94735.000	14092.632	-1035.000
6.940	94846.000	13194.842	2414.000
6.950	94958.000	12596.390	5462.000
6.960	95075.000	12327.473	7994.000
6.970	95202.000	12439.231	9602.000
6.980	95341.000	12877.462	10407.000
6.990	95494.000	13604.223	10299.000
7.000	95663.000	14592.956	9000.000
7.010	95846.000	15705.069	0.000
7.020	96034.000	16633.549	0.000
7.030	96222.000	17283.484	0.000
7.040	96409.000	17708.439	0.000
7.050	96597.000	18035.907	0.000
7.060	96783.000	18205.135	0.000
7.070	96970.000	18353.595	0.000
7.080	97155.000	18397.516	0.000
7.090	97340.000	18428.261	0.000
7.100	97524.000	18419.783	0.000
7.110	97706.000	18353.848	0.000
7.120	97888.000	18307.694	0.000
7.130	98069.000	18245.386	0.000
7.140	98249.000	18171.770	0.000
7.150	98428.000	18090.239	0.000
7.160	98605.000	17973.167	0.000
7.170	98781.000	17861.217	0.000
7.180	98957.000	17782.852	0.000
7.190	99131.000	17667.996	0.000
7.200	99305.000	17587.597	0.000
7.210	99478.000	17501.318	0.000
7.220	99650.000	17410.923	0.000
7.230	99824.000	17407.646	0.000
7.240	99992.000	17225.352	0.000
7.250	100162.000	17157.747	0.000
7.260	100333.000	17140.423	0.000
7.270	100501.000	17038.296	0.000
7.280	100669.000	16966.807	0.000
7.290	100837.000	16916.765	0.000
7.300	101004.000	16851.735	0.000
7.310	101171.000	16806.215	0.000
7.320	101339.000	16804.350	0.000
7.330	101501.000	16623.045	0.000
7.340	101666.000	16586.132	0.000
7.350	101830.000	16530.292	0.000
7.360	101993.000	16461.205	0.000
7.370	102157.000	16442.843	0.000
7.380	102317.000	16309.990	0.000
7.390	102478.000	16246.993	0.000
7.400	102639.000	16202.895	0.000
7.410	102798.000	16112.027	0.000
7.420	102957.000	16048.419	0.000
7.430	103115.000	15973.893	0.000
7.440	103271.000	15861.725	0.000
7.450	103428.000	15813.208	0.000
7.460	103583.000	15719.245	0.000
7.470	103737.000	15623.472	0.000
7.480	103891.000	15556.430	0.000
7.490	104043.000	15449.501	0.000
7.500	104195.000	15374.651	0.000
7.510	104346.000	15292.256	0.000
7.520	104496.000	15204.579	0.000
7.530	104646.000	15143.205	0.000
7.540	104795.000	15070.244	0.000
7.550	104944.000	15019.171	0.000
7.560	105092.000	14953.419	0.000
7.570	105239.000	14877.394	0.000
7.580	105386.000	14824.176	0.000
7.590	105532.000	14756.923	0.000
7.600	105678.000	14709.846	0.000
7.610	105823.000	14646.892	0.000
7.620	105968.000	14602.825	0.000
7.630	106112.000	14541.977	0.000
7.640	106255.000	14469.384	0.000
7.650	106398.000	14418.569	0.000
7.660	106541.000	14382.998	0.000
7.670	106682.000	14298.099	0.000
7.680	106824.000	14268.669	0.000
7.690	106965.000	14218.068	0.000
7.700	107105.000	14152.648	0.000
7.710	107245.000	14106.854	0.000
7.720	107385.000	14074.797	0.000
7.730	107525.000	14052.358	0.000
7.740	107662.000	13946.651	0.000
7.750	107799.000	13872.656	0.000
7.760	107936.000	13820.859	0.000
7.770	108074.000	13814.601	0.000
7.780	108207.000	13660.221	0.000
7.790	108341.000	13582.155	0.000
7.800	108475.000	13527.508	0.000
7.810	108608.000	13459.256	0.000
7.820	108740.000	13381.479	0.000
7.830	108870.000	13267.035	0.000
7.840	109000.000	13186.925	0.000
7.850	109129.000	13100.847	0.000
7.860	109257.000	13010.593	0.000
7.870	109387.000	13007.415	0.000
7.880	109512.000	12855.191	0.000
7.890	109637.000	12748.633	0.000
7.900	109762.000	12674.043	0.000
7.910	109886.000	12591.830	0.000
7.920	110013.000	12624.281	0.000
7.930	110134.000	12466.997	0.000
7.940	110257.000	12416.898	0.000
7.950	110379.000	12351.828	0.000
7.960	110500.000	12276.280	0.000
7.970	110620.000	12193.396	0.000
7.980	110741.000	12165.377	0.000
7.990	110861.000	12115.764	0.000
8.000	110980.000	12051.035	0.000
8.010	111099.000	12005.724	0.000
8.020	111218.000	11974.007	0.000
8.030	111335.000	11891.805	0.000
8.040	111452.000	11834.263	0.000
8.050	111568.000	11763.984	0.000
8.060	111686.000	11774.789	0.000
8.070	111801.000	11692.352	0.000
8.080	111915.000	11604.647	0.000
8.090	112029.000	11543.253	0.000
8.100	112142.000	11470.277	0.000
8.110	112255.000	11419.194	0.000
8.120	112369.000	11413.436	0.000
8.130	112480.000	11319.405	0.000
8.140	112591.000	11253.583	0.000
8.150	112702.000	11207.508	0.000
8.160	112812.000	11145.256	0.000
8.170	112923.000	11131.679	0.000
8.180	113030.000	11002.175	0.000
8.190	113138.000	10941.523	0.000
8.200	113245.000	10869.066	0.000
8.210	113352.000	10818.346	0.000
8.220	113457.000	10722.842	0.000
8.230	113563.000	10685.990	0.000
8.240	113665.000	10540.193	0.000
8.250	113768.000	10468.135	0.000
8.260	113870.000	10387.694	0.000
8.270	113971.000	10301.386	0.000
8.280	114070.000	10180.970	0.000
8.290	114169.000	10096.679	0.000
8.300	114267.000	10007.675	0.000
8.310	114364.000	9915.373	0.000
8.320	114461.000	9850.761	0.000
8.330	114555.000	9715.533	0.000
8.340	114649.000	9620.873	0.000
8.350	114743.000	9554.611	0.000
8.360	114835.000	9448.228	0.000
8.370	114928.000	9403.759	0.000
8.380	115017.000	9252.632	0.000
8.390	115107.000	9176.842	0.000
8.400	115196.000	9093.789	0.000
8.410	115284.000	9005.653	0.000
8.420	115371.000	8913.957	0.000
8.430	115458.000	8849.770	0.000
8.440	115544.000	8774.839	0.000
8.450	115629.000	8692.387	0.000
8.460	115714.000	8634.671	0.000
8.470	115798.000	8564.270	0.000
8.480	115882.000	8514.989	0.000
8.490	115965.000	8450.492	0.000
8.500	116047.000	8375.345	0.000
8.510	116129.000	8322.741	0.000
8.520	116210.000	8255.919	0.000
8.530	116290.000	8179.143	0.000
8.540	116370.000	8125.400	0.000
8.550	116449.000	8057.780	0.000
8.560	116528.000	8010.446	0.000
8.570	116607.000	7977.312	0.000
8.580	116684.000	7894.119	0.000
8.590	116761.000	7835.883	0.000
8.600	116837.000	7765.118	0.000
8.610	116913.000	7715.583	0.000
8.620	116989.000	7680.908	0.000
8.630	117062.000	7566.636	0.000
8.640	117136.000	7516.645	0.000
8.650	117209.000	7451.651	0.000
8.660	117282.000	7406.156	0.000
8.670	117355.000	7374.309	0.000
8.680	117426.000	7292.016	0.000
8.690	117497.000	7234.412	0.000
8.700	117567.000	7164.088	0.000
8.710	117637.000	7114.862	0.000
8.720	117707.000	7080.403	0.000
8.730	117776.000	7026.282	0.000
8.740	117844.000	6958.398	0.000
8.750	117912.000	6910.878	0.000
8.760	117979.000	6847.615	0.000
8.770	118046.000	6803.330	0.000
8.780	118112.000	6742.331	0.000
8.790	118177.000	6669.632	0.000
8.800	118242.000	6618.742	0.000
8.810	118306.000	6553.120	0.000
8.820	118370.000	6507.184	0.000
8.830	118431.000	6385.029	0.000
8.840	118493.000	6329.520	0.000
8.850	118554.000	6260.664	0.000
8.860	118615.000	6212.465	0.000
8.870	118675.000	6148.725	0.000
8.880	118733.000	6044.108	0.000
8.890	118792.000	6000.875	0.000
8.900	118848.000	5880.613	0.000
8.910	118905.000	5826.429	0.000
8.920	118960.000	5728.500	0.000
8.930	119015.000	5659.950	0.000
8.940	119068.000	5551.965	0.000
8.950	119121.000	5476.376	0.000
8.960	119172.000	5363.463	0.000
8.970	119223.000	5284.424	0.000
8.980	119273.000	5199.097	0.000
8.990	119322.000	5109.368	0.000
9.000	119369.000	4986.557	0.000
9.010	119416.000	4900.590	0.000
9.020	119462.000	4810.413	0.000
9.030	119507.000	4717.289	0.000
9.040	119551.000	4622.102	0.000
9.050	119594.000	4525.472	0.000
9.060	119636.000	4427.830	0.000
9.070	119677.000	4329.481	0.000
9.080	119717.000	4230.637	0.000
9.090	119757.000	4161.446	0.000
9.100	119795.000	4053.012	0.000
9.110	119833.000	3977.108	0.000
9.120	119870.000	3893.976	0.000
9.130	119906.000	3805.783	0.000
9.140	119941.000	3714.048	0.000
9.150	119975.000	3619.834	0.000
9.160	120009.000	3553.884	0.000
9.170	120042.000	3477.719	0.000
9.180	120074.000	3394.403	0.000
9.190	120105.000	3306.082	0.000
9.200	120136.000	3244.257	0.000
9.210	120165.000	3140.980	0.000
9.220	120194.000	3068.686	0.000
9.230	120223.000	3018.080	0.000
9.240	120251.000	2952.656	0.000
9.250	120278.000	2876.859	0.000
9.260	120305.000	2823.802	0.000
9.270	120331.000	2756.661	0.000
9.280	120356.000	2679.663	0.000
9.290	120381.000	2625.764	0.000
9.300	120405.000	2558.035	0.000
9.310	120428.000	2480.624	0.000
9.320	120451.000	2426.437	0.000
9.330	120472.000	2328.506	0.000
9.340	120493.000	2259.954	0.000
9.350	120514.000	2211.968	0.000
9.360	120533.000	2118.378	0.000
9.370	120553.000	2082.864	0.000
9.380	120571.000	1998.005	0.000
9.390	120589.000	1938.603	0.000
9.400	120606.000	1867.022	0.000
9.410	120622.000	1786.916	0.000
9.420	120638.000	1730.841	0.000
9.430	120653.000	1661.589	0.000
9.440	120666.000	1553.112	0.000
9.450	120680.000	1507.178	0.000
9.460	120692.000	1415.025	0.000
9.470	120703.000	1320.517	0.000
9.480	120714.000	1254.362	0.000
9.490	120723.000	1148.054	0.000
9.500	120733.000	1103.637	0.000
9.510	120741.000	1012.546	0.000
9.520	120749.000	948.782	0.000
9.530	120757.000	904.148	0.000
9.540	120763.000	812.903	0.000
9.550	120770.000	779.032	0.000
9.560	120776.000	725.323	0.000
9.570	120781.000	657.726	0.000
9.580	120785.000	580.408	0.000
9.590	120790.000	556.286	0.000
9.600	120793.000	479.400	0.000
9.610	120797.000	455.580	0.000
9.620	120799.000	378.906	0.000
9.630	120802.000	355.234	0.000
9.640	120803.000	278.664	0.000
9.650	120804.000	225.065	0.000
9.660	120805.000	187.545	0.000
9.670	120805.000	131.282	0.000
9.680	120805.000	91.897	0.000
9.690	120805.000	64.328	0.000
9.700	120805.000	45.030	0.000
9.710	120804.000	1.521	0.000
9.720	120802.000	-58.935	0.000
9.730	120800.000	-101.255	0.000
9.740	120797.000	-160.878	0.000
9.750	120795.000	-172.615	0.000
9.760	120791.000	-240.830	0.000
9.770	120788.000	-258.581	0.000
9.780	120785.000	-271.007	0.000
9.790	120782.000	-279.705	0.000
9.800	120778.000	-315.793	0.000
9.810	120774.000	-341.055	0.000
9.820	120771.000	-328.739	0.000
9.830	120767.000	-350.117	0.000
9.840	120763.000	-365.082	0.000
9.850	120759.000	-375.557	0.000
9.860	120756.000	-352.890	0.000
9.870	120752.000	-367.023	0.000
9.880	120748.000	-376.916	0.000
9.890	120745.000	-353.841	0.000
9.900	120741.000	-367.689	0.000
9.910	120738.000	-347.382	0.000
9.920	120734.000	-363.168	0.000
9.930	120731.000	-344.217	0.000
9.940	120727.000	-360.952	0.000
9.950	120724.000	-342.666	0.000
9.960	120720.000	-359.867	0.000
9.970	120717.000	-341.907	0.000
9.980	120713.000	-359.335	0.000
9.990	120710.000	-341.534	0.000
10.000	120706.000	-359.074	0.000
10.010	120703.000	-341.352	0.000
10.020	120699.000	-358.946	0.000
10.030	120696.000	-341.262	0.000
10.040	120692.000	-358.884	0.000
10.050	120689.000	-341.219	0.000
10.060	120685.000	-358.853	0.000
10.070	120681.000	-371.197	0.000
10.080	120678.000	-349.838	0.000
10.090	120674.000	-364.887	0.000
10.100	120670.000	-375.421	0.000
10.110	120666.000	-382.794	0.000
10.120	120662.000	-387.956	0.000
10.130	120659.000	-361.569	0.000
10.140	120655.000	-373.098	0.000
10.150	120651.000	-381.169	0.000
10.160	120646.000	-416.818	0.000
10.170	120642.000	-411.773	0.000
10.180	120638.000	-408.241	0.000
10.190	120634.000	-405.769	0.000
10.200	120630.000	-404.038	0.000
10.210	120626.000	-402.827	0.000
10.220	120622.000	-401.979	0.000
10.230	120618.000	-401.385	0.000
10.240	120614.000	-400.970	0.000
10.250	120610.000	-400.679	0.000
10.260	120606.000	-400.475	0.000
10.270	120602.000	-400.333	0.000
10.280	120598.000	-400.233	0.000
10.290	120595.000	-370.163	0.000
10.300	120591.000	-379.114	0.000
10.310	120588.000	-355.380	0.000
10.320	120584.000	-368.766	0.000
10.330	120581.000	-348.136	0.000
10.340	120578.000	-333.695	0.000
10.350	120575.000	-323.587	0.000
10.360	120573.000	-286.511	0.000
10.370	120570.000	-290.557	0.000
10.380	120568.000	-263.390	0.000
10.390	120566.000	-244.373	0.000
10.400	120564.000	-231.061	0.000
10.410	120562.000	-221.743	0.000
10.420	120560.000	-215.220	0.000
10.430	120559.000	-180.654	0.000
10.440	120558.000	-156.458	0.000
10.450	120557.000	-139.520	0.000
10.460	120556.000	-127.664	0.000
10.470	120555.000	-119.365	0.000
10.480	120555.000	-83.556	0.000
10.490	120555.000	-58.489	0.000
10.500	120555.000	-40.942	0.000
10.510	120555.000	-28.660	0.000
10.520	120555.000	-20.062	0.000
10.530	120555.000	-14.043	0.000
10.540	120555.000	-9.830	0.000
10.550	120555.000	-6.881	0.000
10.560	120556.000	25.183	0.000
10.570	120557.000	47.628	0.000
10.580	120558.000	63.340	0.000
10.590	120559.000	74.338	0.000
10.600	120560.000	82.036	0.000
10.610	120561.000	87.426	0.000
10.620	120562.000	91.198	0.000
10.630	120564.000	123.839	0.000
10.640	120565.000	116.687	0.000
10.650	120566.000	111.681	0.000
10.660	120567.000	108.177	0.000
10.670	120568.000	105.724	0.000
10.680	120569.000	104.007	0.000
10.690	120570.000	102.805	0.000
10.700	120571.000	101.963	0.000
10.710	120572.000	101.374	0.000
10.720	120572.000	70.962	0.000
10.730	120573.000	79.673	0.000
10.740	120573.000	55.771	0.000
10.750	120573.000	39.040	0.000
10.760	120573.000	27.328	0.000
10.770	120573.000	19.130	0.000
10.780	120573.000	13.391	0.000
10.790	120573.000	9.373	0.000
10.800	120573.000	6.561	0.000
10.810	120573.000	4.593	0.000
10.820	120573.000	3.215	0.000
10.830	120572.000	-27.749	0.000
10.840	120572.000	-19.425	0.000
10.850	120571.000	-43.597	0.000
10.860	120570.000	-60.518	0.000
10.870	120570.000	-42.363	0.000
10.880	120569.000	-59.654	0.000
10.890	120568.000	-71.758	0.000
10.900	120567.000	-80.230	0.000
10.910	120566.000	-86.161	0.000
10.920	120566.000	-60.313	0.000
10.930	120565.000	-72.219	0.000
10.940	120565.000	-50.553	0.000
10.950	120564.000	-65.387	0.000
10.960	120564.000	-45.771	0.000
10.970	120563.000	-62.040	0.000
10.980	120563.000	-43.428	0.000
10.990	120563.000	-30.399	0.000
11.000	120563.000	-21.280	0.000
11.010	120563.000	-14.896	0.000
11.020	120563.000	-10.427	0.000
11.030	120563.000	-7.299	0.000
11.040	120563.000	-5.109	0.000
11.050	120563.000	-3.576	0.000
11.060	120563.000	-2.504	0.000
11.070	120563.000	-1.752	0.000
11.080	120564.000	28.773	0.000
11.090	120564.000	20.141	0.000
11.100	120564.000	14.099	0.000
11.110	120565.000	39.869	0.000
11.120	120565.000	27.908	0.000
11.130	120566.000	49.536	0.000
11.140	120566.000	34.675	0.000
11.150	120567.000	54.273	0.000
11.160	120567.000	37.991	0.000
11.170	120568.000	56.594	0.000
11.180	120568.000	39.616	0.000
11.190	120568.000	27.731	0.000
11.200	120568.000	19.412	0.000
11.210	120568.000	13.588	0.000
11.220	120568.000	9.512	0.000
11.230	120568.000	6.658	0.000
11.240	120568.000	4.661	0.000
11.250	120568.000	3.263	0.000
11.260	120568.000	2.284	0.000
11.270	120568.000	1.599	0.000
11.280	120568.000	1.119	0.000
11.290	120568.000	0.783	0.000
11.300	120568.000	0.548	0.000
11.310	120568.000	0.384	0.000
11.320	120568.000	0.269	0.000
11.330	120568.000	0.188	0.000
11.340	120567.000	-29.868	0.000
11.350	120567.000	-20.908	0.000
11.360	120566.000	-44.635	0.000
11.370	120566.000	-31.245	0.000
11.380	120564.000	-81.871	0.000
11.390	120563.000	-87.310	0.000
11.400	120561.000	-121.117	0.000
11.410	120558.000	-174.782	0.000
11.420	120555.000	-212.347	0.000
11.430	120551.000	-268.643	0.000
11.440	120547.000	-308.050	0.000
11.450	120543.000	-335.635	0.000
11.460	120538.000	-384.945	0.000
11.470	120533.000	-419.461	0.000
11.480	120527.000	-473.623	0.000
11.490	120522.000	-481.536	0.000
11.500	120516.000	-517.075	0.000
11.510	120510.000	-541.953	0.000
11.520	120503.000	-589.367	0.000
11.530	120497.000	-592.557	0.000
11.540	120491.000	-594.790	0.000
11.550	120485.000	-596.353	0.000
11.560	120479.000	-597.447	0.000
11.570	120474.000	-568.213	0.000
11.580	120468.000	-577.749	0.000
11.590	120462.000	-584.424	0.000
11.600	120457.000	-559.097	0.000
11.610	120452.000	-541.368	0.000
11.620	120447.000	-528.958	0.000
11.630	120442.000	-520.270	0.000
11.640	120437.000	-514.189	0.000
11.650	120432.000	-509.932	0.000
11.660	120428.000	-476.953	0.000
11.670	120423.000	-483.867	0.000
11.680	120419.000	-458.707	0.000
11.690	120415.000	-441.095	0.000
11.700	120411.000	-428.766	0.000
11.710	120407.000	-420.136	0.000
11.720	120404.000	-384.096	0.000
11.730	120400.000	-388.867	0.000
11.740	120397.000	-362.207	0.000
11.750	120394.000	-343.545	0.000
11.760	120391.000	-330.481	0.000
11.770	120389.000	-291.337	0.000
11.780	120386.000	-293.936	0.000
11.790	120384.000	-265.755	0.000
11.800	120382.000	-246.029	0.000
11.810	120380.000	-232.220	0.000
11.820	120378.000	-222.554	0.000
11.830	120376.000	-215.788	0.000
11.840	120374.000	-211.051	0.000
11.850	120373.000	-177.736	0.000
11.860	120372.000	-154.415	0.000
11.870	120371.000	-138.091	0.000
11.880	120370.000	-126.663	0.000
11.890	120369.000	-118.664	0.000
11.900	120369.000	-83.065	0.000
11.910	120368.000	-88.146	0.000
11.920	120368.000	-61.702	0.000
11.930	120368.000	-43.191	0.000
11.940	120368.000	-30.234	0.000
11.950	120368.000	-21.164	0.000
11.960	120368.000	-14.815	0.000
11.970	120368.000	-10.370	0.000
11.980	120368.000	-7.259	0.000
11.990	120368.000	-5.081	0.000
12.000	120369.000	26.443	0.000
12.010	120369.000	18.510	0.000
12.020	120370.000	42.957	0.000
12.030	120371.000	60.070	0.000
12.040	120372.000	72.049	0.000
12.050	120372.000	50.434	0.000
12.060	120372.000	35.304	0.000
12.070	120372.000	24.713	0.000
12.080	120371.000	-12.701	0.000
12.090	120369.000	-68.891	0.000
12.100	120367.000	-108.224	0.000
12.110	120365.000	-135.756	0.000
12.120	120364.000	-125.030	0.000
12.130	120362.000	-147.521	0.000
12.140	120361.000	-133.264	0.000
12.150	120360.000	-123.285	0.000
12.160	120359.000	-116.300	0.000
12.170	120358.000	-111.410	0.000
12.180	120358.000	-77.987	0.000
12.190	120358.000	-54.591	0.000
12.200	120357.000	-68.214	0.000
12.210	120357.000	-47.749	0.000
12.220	120357.000	-33.425	0.000
12.230	120357.000	-23.397	0.000
12.240	120357.000	-16.378	0.000
12.250	120357.000	-11.465	0.000
12.260	120357.000	-8.025	0.000
12.270	120358.000	24.382	0.000
12.280	120359.000	47.068	0.000
12.290	120360.000	62.947	0.000
12.300	120361.000	74.063	0.000
12.310	120362.000	81.844	0.000
12.320	120364.000	117.291	0.000
12.330	120365.000	112.104	0.000
12.340	120366.000	108.473	0.000
12.350	120367.000	105.931	0.000
12.360	120368.000	104.152	0.000
12.370	120369.000	102.906	0.000
12.380	120370.000	102.034	0.000
12.390	120371.000	101.424	0.000
12.400	120372.000	100.997	0.000
12.410	120373.000	100.698	0.000
12.420	120373.000	70.488	0.000
12.430	120374.000	79.342	0.000
12.440	120375.000	85.539	0.000
12.450	120375.000	59.878	0.000
12.460	120375.000	41.914	0.000
12.470	120375.000	29.340	0.000
12.480	120375.000	20.538	0.000
12.490	120375.000	14.377	0.000
12.500	120375.000	10.064	0.000
12.510	120375.000	7.045	0.000
12.520	120375.000	4.931	0.000
12.530	120375.000	3.452	0.000
12.540	120375.000	2.416	0.000
12.550	120374.000	-28.309	0.000
12.560	120374.000	-19.816	0.000
12.570	120373.000	-43.871	0.000
12.580	120372.000	-60.710	0.000
12.590	120371.000	-72.497	0.000
12.600	120371.000	-50.748	0.000
12.610	120370.000	-65.523	0.000
12.620	120369.000	-75.866	0.000
12.630	120368.000	-83.107	0.000
12.640	120368.000	-58.175	0.000
12.650	120367.000	-70.722	0.000
12.660	120367.000	-49.506	0.000
12.670	120366.000	-64.654	0.000
12.680	120366.000	-45.258	0.000
12.690	120366.000	-31.680	0.000
12.700	120365.000	-52.176	0.000
12.710	120365.000	-36.523	0.000
12.720	120365.000	-25.566	0.000
12.730	120365.000	-17.896	0.000
12.740	120365.000	-12.528	0.000
12.750	120365.000	-8.769	0.000
12.760	120365.000	-6.138	0.000
12.770	120365.000	-4.297	0.000
12.780	120365.000	-3.008	0.000
12.790	120365.000	-2.106	0.000
12.800	120365.000	-1.474	0.000
12.810	120366.000	28.968	0.000
12.820	120366.000	20.278	0.000
12.830	120367.000	44.194	0.000
12.840	120368.000	60.936	0.000
12.850	120368.000	42.655	0.000
12.860	120368.000	29.859	0.000
12.870	120369.000	50.901	0.000
12.880	120369.000	35.631	0.000
12.890	120370.000	54.942	0.000
12.900	120370.000	38.459	0.000
12.910	120370.000	26.921	0.000
12.920	120370.000	18.845	0.000
12.930	120370.000	13.191	0.000
12.940	120370.000	9.234	0.000
12.950	120370.000	6.464	0.000
12.960	120370.000	4.525	0.000
12.970	120370.000	3.167	0.000
12.980	120370.000	2.217	0.000
12.990	120370.000	1.552	0.000
13.000	120370.000	1.086	0.000
13.010	120370.000	0.760	0.000
13.020	120370.000	0.532	0.000
13.030	120370.000	0.373	0.000
13.040	120370.000	0.261	0.000
13.050	120370.000	0.183	0.000
13.060	120370.000	0.128	0.000
13.070	120370.000	0.089	0.000
13.080	120369.000	-29.937	0.000
13.090	120369.000	-20.956	0.000
13.100	120369.000	-14.669	0.000
13.110	120368.000	-40.269	0.000
13.120	120368.000	-28.188	0.000
13.130	120368.000	-19.732	0.000
13.140	120368.000	-13.812	0.000
13.150	120368.000	-9.668	0.000
13.160	120368.000	-6.768	0.000
13.170	120367.000	-34.738	0.000
13.180	120367.000	-24.316	0.000
13.190	120367.000	-17.021	0.000
13.200	120367.000	-11.915	0.000
13.210	120367.000	-8.340	0.000
13.220	120367.000	-5.838	0.000
13.230	120367.000	-4.087	0.000
13.240	120367.000	-2.861	0.000
13.250	120367.000	-2.003	0.000
13.260	120367.000	-1.402	0.000
13.270	120367.000	-0.981	0.000
13.280	120367.000	-0.687	0.000
13.290	120368.000	29.519	0.000
13.300	120368.000	20.663	0.000
13.310	120368.000	14.464	0.000
13.320	120368.000	10.125	0.000
13.330	120368.000	7.088	0.000
13.340	120369.000	34.961	0.000
13.350	120369.000	24.473	0.000
13.360	120369.000	17.131	0.000
13.370	120369.000	11.992	0.000
13.380	120369.000	8.394	0.000
13.390	120369.000	5.876	0.000
13.400	120369.000	4.113	0.000
13.410	120369.000	2.879	0.000
13.420	120369.000	2.015	0.000
13.430	120369.000	1.411	0.000
13.440	120369.000	0.988	0.000
13.450	120369.000	0.691	0.000
13.460	120369.000	0.484	0.000
13.470	120369.000	0.339	0.000
13.480	120369.000	0.237	0.000
13.490	120369.000	0.166	0.000
13.500	120369.000	0.116	0.000
13.510	120369.000	0.081	0.000
13.520	120369.000	0.057	0.000
13.530	120369.000	0.040	0.000
13.540	120369.000	0.028	0.000
13.550	120369.000	0.020	0.000
13.560	120369.000	0.014	0.000
13.570	120369.000	0.010	0.000
13.580	120368.000	-29.993	0.000
13.590	120368.000	-20.995	0.000
13.600	120368.000	-14.697	0.000
13.610	120368.000	-10.288	0.000
13.620	120368.000	-7.201	0.000
13.630	120368.000	-5.041	0.000
13.640	120368.000	-3.529	0.000
13.650	120368.000	-2.470	0.000
13.660	120368.000	-1.729	0.000
13.670	120368.000	-1.210	0.000
13.680	120368.000	-0.847	0.000
13.690	120368.000	-0.593	0.000
13.700	120368.000	-0.415	0.000
13.710	120368.000	-0.291	0.000
13.720	120368.000	-0.203	0.000
13.730	120368.000	-0.142	0.000
13.740	120368.000	-0.100	0.000
13.750	120368.000	-0.070	0.000
13.760	120368.000	-0.049	0.000
13.770	120368.000	-0.034	0.000
13.780	120368.000	-0.024	0.000
13.790	120368.000	-0.017	0.000
13.800	120368.000	-0.012	0.000
13.810	120368.000	-0.008	0.000
13.820	120368.000	-0.006	0.000
13.830	120368.000	-0.004	0.000
13.840	120368.000	-0.003	0.000
13.850	120368.000	-0.002	0.000
13.860	120368.000	-0.001	0.000
13.870	120368.000	-0.001	0.000
13.880	120368.000	-0.001	0.000
13.890	120368.000	-0.000	0.000
13.900	120368.000	-0.000	0.000
13.910	120368.000	-0.000	0.000
13.920	120368.000	-0.000	0.000
13.930	120368.000	-0.000	0.000
13.940	120368.000	-0.000	0.000
13.950	120368.000	-0.000	0.000
13.960	120368.000	-0.000	0.000
13.970	120368.000	-0.000	0.000
13.980	120368.000	-0.000	0.000
13.990	120368.000	-0.000	0.000
14.000	120368.000	-0.000	0.000
14.010	120368.000	-0.000	0.000
14.020	120368.000	-0.000	0.000
14.030	120368.000	-0.000	0.000
14.040	120368.000	-0.000	0.000
14.050	120368.000	-0.000	0.000
14.060	120368.000	-0.000	0.000
14.070	120368.000	-0.000	0.000
14.080	120368.000	-0.000	0.000
14.090	120368.000	-0.000	0.000
14.100	120368.000	-0.000	0.000
14.110	120368.000	-0.000	0.000
14.120	120368.000	-0.000	0.000
14.130	120368.000	-0.000	0.000
14.140	120368.000	-0.000	0.000
14.150	120368.000	-0.000	0.000
14.160	120368.000	-0.000	0.000
14.170	120368.000	-0.000	0.000
14.180	120368.000	-0.000	0.000
14.190	120368.000	-0.000	0.000
14.200	120368.000	-0.000	0.000
14.210	120368.000	-0.000	0.000
14.220	120368.000	-0.000	0.000
14.230	120368.000	-0.000	0.000
14.240	120368.000	-0.000	0.000
14.250	120368.000	-0.000	0.000
14.260	120368.000	-0.000	0.000
14.270	120368.000	-0.000	0.000
14.280	120368.000	-0.000	0.000
14.290	120368.000	-0.000	0.000
14.300	120368.000	-0.000	0.000
14.310	120368.000	-0.000	0.000
14.320	120368.000	-0.000	0.000
14.330	120368.000	-0.000	0.000
14.340	120368.000	-0.000	0.000
14.350	120368.000	-0.000	0.000
14.360	120368.000	-0.000	0.000
14.370	120368.000	-0.000	0.000
14.380	120368.000	-0.000	0.000
14.390	120368.000	-0.000	0.000
14.400	120368.000	-0.000	0.000
14.410	120368.000	-0.000	0.000
14.420	120368.000	-0.000	0.000
14.430	120368.000	-0.000	0.000
14.440	120368.000	-0.000	0.000
14.450	120368.000	-0.000	0.000
14.460	120368.000	-0.000	0.000
14.470	120368.000	-0.000	0.000
14.480	120368.000	-0.000	0.000
14.490	120368.000	-0.000	0.000
14.500	120368.000	-0.000	0.000
14.510	120368.000	-0.000	0.000
14.520	120368.000	-0.000	0.000
14.530	120368.000	-0.000	0.000
14.540	120368.000	-0.000	0.000
14.550	120368.000	-0.000	0.000
14.560	120368.000	-0.000	0.000
14.570	120368.000	-0.000	0.000
14.580	120368.000	-0.000	0.000
14.590	120368.000	-0.000	0.000
14.600	120368.000	-0.000	0.000
14.610	120368.000	-0.000	0.000
14.620	120368.000	-0.000	0.000
14.630	120368.000	-0.000	0.000
14.640	120368.000	-0.000	0.000
14.650	120368.000	-0.000	0.000
14.660	120368.000	-0.000	0.000
14.670	120368.000	-0.000	0.000
14.680	120368.000	-0.000	0.000
14.690	120368.000	-0.000	0.000
14.700	120368.000	-0.000	0.000
14.710	120368.000	-0.000	0.000
14.720	120368.000	-0.000	0.000
14.730	120368.000	-0.000	0.000
14.740	120368.000	-0.000	0.000
14.750	120368.000	-0.000	0.000
14.760	120368.000	-0.000	0.000
14.770	120368.000	-0.000	0.000
14.780	120368.000	-0.000	0.000
14.790	120368.000	-0.000	0.000
14.800	120368.000	-0.000	0.000
14.810	120368.000	-0.000	0.000
14.820	120368.000	-0.000	0.000
14.830	120368.000	-0.000	0.000
14.840	120368.000	-0.000	0.000
14.850	120368.000	-0.000	0.000
14.860	120368.000	-0.000	0.000
14.870	120368.000	-0.000	0.000
14.880	120368.000	-0.000	0.000
14.890	120368.000	-0.000	0.000
14.900	120368.000	-0.000	0.000
14.910	120368.000	-0.000	0.000
14.920	120368.000	-0.000	0.000
14.930	120368.000	-0.000	0.000
14.940	120368.000	-0.000	0.000
14.950	120368.000	-0.000	0.000
14.960	120368.000	-0.000	0.000
14.970	120368.000	-0.000	0.000
14.980	120368.000	-0.000	0.000
14.990	120368.000	-0.000	0.000
15.000	120368.000	-0.000	0.000
