0.000	0.000	0.000	0.000
0.010	2.000	60.000	-39.000
0.020	2.000	42.000	-27.000
0.030	2.000	29.400	-19.000
0.040	2.000	20.580	-13.000
0.050	2.000	14.406	-9.000
0.060	1.000	-19.916	13.000
0.070	0.000	-43.941	28.000
0.080	-2.000	-90.759	58.000
0.090	-4.000	-123.531	79.000
0.100	-5.000	-116.472	75.000
0.110	-7.000	-141.530	91.000
0.120	-9.000	-159.071	102.000
0.130	-10.000	-141.350	91.000
0.140	-12.000	-158.945	102.000
0.150	-13.000	-141.261	91.000
0.160	-14.000	-128.883	83.000
0.170	-15.000	-120.218	77.000
0.180	-16.000	-114.153	73.000
0.190	-17.000	-109.907	71.000
0.200	-17.000	-76.935	49.000
0.210	-18.000	-83.854	54.000
0.220	-18.000	-58.698	38.000
0.230	-18.000	-41.089	26.000
0.240	-19.000	-58.762	38.000
0.250	-19.000	-41.133	26.000
0.260	-19.000	-28.793	19.000
0.270	-19.000	-20.155	13.000
0.280	-19.000	-14.109	9.000
0.290	-19.000	-9.876	6.000
0.300	-19.000	-6.913	4.000
0.310	-19.000	-4.839	3.000
0.320	-19.000	-3.388	2.000
0.330	-19.000	-2.371	2.000
0.340	-19.000	-1.660	1.000
0.350	-19.000	-1.162	1.000
0.360	-19.000	-0.813	1.000
0.370	-19.000	-0.569	0.000
0.380	-18.000	29.601	-19.000
0.390	-18.000	20.721	-13.000
0.400	-18.000	14.505	-9.000
0.410	-18.000	10.153	-7.000
0.420	-18.000	7.107	-5.000
0.430	-18.000	4.975	-3.000
0.440	-18.000	3.483	-2.000
0.450	-18.000	2.438	-2.000
0.460	-18.000	1.706	-1.000
0.470	-18.000	1.195	-1.000
0.480	-18.000	0.836	-1.000
0.490	-18.000	0.585	0.000
0.500	-18.000	0.410	0.000
0.510	-18.000	0.287	103.000
0.520	-18.000	0.201	206.000
0.530	-18.000	0.141	309.000
0.540	-18.000	0.098	411.000
0.550	-18.000	0.069	514.000
0.560	-16.000	60.048	579.000
0.570	-14.000	102.034	655.000
0.580	-10.000	191.424	700.000
0.590	-6.000	253.997	763.000
0.600	-1.000	327.798	818.000
0.610	5.000	409.458	868.000
0.620	12.000	496.621	915.000
0.630	21.000	617.635	940.000
0.640	30.000	702.344	989.000
0.650	40.000	791.641	1034.000
0.660	52.000	914.149	1058.000
0.670	64.000	999.904	1106.000
0.680	78.000	1119.933	1131.000
0.690	93.000	1233.953	1161.000
0.700	110.000	1373.767	1174.000
0.710	128.000	1501.637	1195.000
0.720	147.000	1621.146	1221.000
0.730	167.000	1734.802	1250.000
0.740	189.000	1874.361	1263.000
0.750	211.000	1972.053	1303.000
0.760	235.000	2100.437	1324.000
0.770	260.000	2220.306	1349.000
0.780	286.000	2334.214	1379.000
0.790	313.000	2443.950	1411.000
0.800	341.000	2550.765	1446.000
0.810	370.000	2655.535	1481.000
0.820	400.000	2758.875	1517.000
0.830	432.000	2891.212	1535.000
0.840	466.000	3043.849	1540.000
0.850	502.000	3210.694	1535.000
0.860	540.000	3387.486	1525.000
0.870	579.000	3541.240	1529.000
0.880	619.000	3678.868	1543.000
0.890	661.000	3835.208	1545.000
0.900	705.000	4004.645	1539.000
0.910	750.000	4153.252	1546.000
0.920	797.000	4317.276	1544.000
0.930	846.000	4492.093	1534.000
0.940	896.000	4644.465	1539.000
0.950	947.000	4781.126	1554.000
0.960	1001.000	4966.788	1537.000
0.970	1056.000	5126.752	1537.000
0.980	1113.000	5298.726	1530.000
0.990	1172.000	5479.108	1516.000
1.000	1231.000	5605.376	1538.000
1.010	1292.000	5753.763	1545.000
1.020	1354.000	5887.634	1562.000
1.030	1418.000	6041.344	1566.000
1.040	1484.000	6208.941	1561.000
1.050	1553.000	6416.259	1531.000
1.060	1621.000	6531.381	1560.000
1.070	1692.000	6701.967	1553.000
1.080	1760.000	6731.377	1637.000
1.090	1838.000	7051.964	1533.000
1.100	1914.000	7216.375	1530.000
1.110	1992.000	7391.462	1521.000
1.120	2070.000	7514.024	1545.000
1.130	2152.000	7719.816	1515.000
1.140	2233.000	7833.872	1545.000
1.150	2317.000	8003.710	1538.000
1.160	2403.000	8182.597	1526.000
1.170	2492.000	8397.818	1491.000
1.180	2582.000	8578.473	1477.000
1.190	2673.000	8734.931	1479.000
1.200	2766.000	8904.452	1473.000
1.210	2862.000	9113.116	1442.000
1.220	2958.000	9259.181	1451.000
1.230	3054.000	9361.427	1488.000
1.240	3153.000	9522.999	1487.000
1.250	3254.000	9696.099	1478.000
1.260	3358.000	9907.269	1445.000
1.270	3461.000	10025.089	1472.000
1.280	3567.000	10197.562	1464.000
1.290	3675.000	10378.293	1451.000
1.300	3785.000	10564.805	1434.000
1.310	3893.000	10635.364	1491.000
1.320	4005.000	10804.755	1485.000
1.330	4117.000	10923.328	1512.000
1.340	4230.000	11036.330	1542.000
1.350	4344.000	11145.431	1575.000
1.360	4460.000	11281.802	1590.000
1.370	4578.000	11437.261	1593.000
1.380	4698.000	11606.083	1587.000
1.390	4817.000	11694.258	1633.000
1.400	4939.000	11845.981	1638.000
1.410	5061.000	11952.186	1673.000
1.420	5186.000	12116.530	1670.000
1.430	5312.000	12261.571	1680.000
1.440	5441.000	12453.100	1659.000
1.450	5571.000	12617.170	1657.000
1.460	5703.000	12792.019	1647.000
1.470	5835.000	12914.413	1671.000
1.480	5971.000	13120.089	1642.000
1.490	6110.000	13354.063	1594.000
1.500	6248.000	13487.844	1611.000
1.510	6388.000	13641.491	1516.000
1.520	6532.000	13869.043	1382.000
1.530	6677.000	14058.330	1278.000
1.540	6821.000	14160.831	1233.000
1.550	6967.000	14292.582	1171.000
1.560	7114.000	14414.807	1113.000
1.570	7264.000	14590.365	1014.000
1.580	7415.000	14743.256	922.000
1.590	7566.000	14850.279	848.000
1.600	7719.000	14985.195	744.000
1.610	7871.000	15049.637	673.000
1.620	8024.000	15124.746	583.000
1.630	8178.000	15207.322	478.000
1.640	8332.000	15265.125	383.000
1.650	8486.000	15305.588	297.000
1.660	8638.000	15273.911	260.000
1.670	8792.000	15311.738	186.000
1.680	8947.000	15368.217	112.000
1.690	9098.000	15287.752	142.000
1.700	9250.000	15261.426	158.000
1.710	9402.000	15242.998	191.000
1.720	9553.000	15200.099	263.000
1.730	9702.000	15110.069	386.000
1.740	9853.000	15107.048	471.000
1.750	10002.000	15044.934	609.000
1.760	10152.000	15031.454	724.000
1.770	10301.000	14992.018	856.000
1.780	10452.000	15024.412	936.000
1.790	10603.000	15047.089	1009.000
1.800	10755.000	15092.962	1046.000
1.810	10907.000	15125.073	1065.000
1.820	11061.000	15207.551	1020.000
1.830	11215.000	15265.286	957.000
1.840	11370.000	15335.700	851.000
1.850	11526.000	15414.990	708.000
1.860	11682.000	15470.493	553.000
1.870	11838.000	15509.345	386.000
1.880	11996.000	15596.542	176.000
1.890	12152.000	15597.579	18.000
1.900	12307.000	15568.305	-113.000
1.910	12463.000	15577.814	-251.000
1.920	12618.000	15554.470	-341.000
1.930	12771.000	15478.129	-361.000
1.940	12925.000	15454.690	-374.000
1.950	13076.000	15348.283	-287.000
1.960	13227.000	15273.798	-174.000
1.970	13378.000	15221.659	-32.000
1.980	13525.000	15065.161	217.000
1.990	13673.000	14985.613	448.000
2.000	13822.000	14959.929	664.000
2.010	13970.000	14911.950	903.000
2.020	14119.000	14908.365	1108.000
2.030	14269.000	14935.856	1274.000
2.040	14420.000	14985.099	1395.000
2.050	14573.000	15079.569	1444.000
2.060	14726.000	15145.698	1460.000
2.070	14882.000	15281.989	1374.000
2.080	15037.000	15347.392	1274.000
2.090	15195.000	15483.175	1072.000
2.100	15355.000	15638.222	805.000
2.110	15512.000	15656.756	583.000
2.120	15671.000	15729.729	296.000
2.130	15832.000	15840.810	-32.000
2.140	15989.000	15798.567	-262.000
2.150	16148.000	15828.997	-521.000
2.160	16305.000	15790.298	-703.000
2.170	16460.000	15703.209	-808.000
2.180	16615.000	15642.246	-869.000
2.190	16766.000	15479.572	-799.000
2.200	16916.000	15335.701	-669.000
2.210	17065.000	15204.990	-476.000
2.220	17211.000	15023.493	-184.000
2.230	17355.000	14836.445	167.000
2.240	17500.000	14735.512	507.000
2.250	17645.000	14664.858	854.000
2.260	17790.000	14615.401	1195.000
2.270	17936.000	14610.781	1496.000
2.280	18083.000	14637.546	1746.000
2.290	18232.000	14716.282	1913.000
2.300	18385.000	14891.398	1955.000
2.310	18538.000	15013.978	1954.000
2.320	18694.000	15189.785	1836.000
2.330	18852.000	15372.849	1629.000
2.340	19012.000	15560.995	1338.000
2.350	19175.000	15782.696	953.000
2.360	19336.000	15877.887	592.000
2.370	19499.000	16004.521	170.000
2.380	19665.000	16183.165	-304.000
2.390	19825.000	16128.215	-625.000
2.400	19986.000	16119.751	-949.000
2.410	20144.000	16023.826	-1169.000
2.420	20301.000	15926.678	-1322.000
2.430	20454.000	15738.675	-1334.000
2.440	20605.000	15547.072	-1251.000
2.450	20752.000	15292.951	-1031.000
2.460	20899.000	15115.065	-764.000
2.470	21042.000	14870.546	-366.000
2.480	21182.000	14609.382	116.000
2.490	21323.000	14456.567	584.000
2.500	21462.000	14289.597	1095.000
2.510	21604.000	14262.718	1520.000
2.520	21747.000	14273.903	1895.000
2.530	21891.000	14311.732	2202.000
2.540	22038.000	14428.212	2389.000
2.550	22188.000	14599.749	2454.000
2.560	22340.000	14779.824	2415.000
2.570	22495.000	14995.877	2250.000
2.580	22654.000	15267.114	1949.000
2.590	22815.000	15516.980	1568.000
2.600	22981.000	15841.886	1059.000
2.610	23145.000	16009.320	592.000
2.620	23310.000	16156.524	99.000
2.630	23478.000	16349.567	-435.000
2.640	23640.000	16304.697	-804.000
2.650	23804.000	16333.288	-1183.000
2.660	23965.000	16263.301	-1437.000
2.670	24126.000	16214.311	-1626.000
2.680	24282.000	16030.018	-1634.000
2.690	24436.000	15841.012	-1538.000
2.700	24586.000	15588.709	-1299.000
2.710	24734.000	15352.096	-972.000
2.720	24880.000	15126.467	-565.000
2.730	25023.000	14878.527	-73.000
2.740	25165.000	14674.969	440.000
2.750	25306.000	14502.478	958.000
2.760	25449.000	14441.735	1405.000
2.770	25591.000	14369.214	1833.000
2.780	25736.000	14408.450	2140.000
2.790	25882.000	14465.915	2365.000
2.800	26031.000	14596.141	2456.000
2.810	26182.000	14747.298	2436.000
2.820	26337.000	14973.109	2265.000
2.830	26495.000	15221.176	1978.000
2.840	26654.000	15424.823	1627.000
2.850	26818.000	15717.376	1140.000
2.860	26980.000	15862.163	687.000
2.870	27143.000	15993.514	204.000
2.880	27308.000	16145.460	-304.000
2.890	27472.000	16221.822	-751.000
2.900	27632.000	16155.275	-1068.000
2.910	27793.000	16138.693	-1357.000
2.920	27948.000	15947.085	-1454.000
2.930	28103.000	15812.959	-1494.000
2.940	28254.000	15599.072	-1382.000
2.950	28401.000	15329.350	-1132.000
2.960	28547.000	15110.545	-816.000
2.970	28691.000	14897.382	-417.000
2.980	28832.000	14658.167	69.000
2.990	28973.000	14490.717	558.000
3.000	29113.000	14343.502	1061.000
3.010	29255.000	14300.451	1496.000
3.020	29397.000	14270.316	1897.000
3.030	29543.000	14369.221	2165.000
3.040	29691.000	14498.455	2344.000
3.050	29841.000	14648.918	2422.000
3.060	29993.000	14814.243	2393.000
3.070	30149.000	15049.970	2215.000
3.080	30308.000	15304.979	1924.000
3.090	30469.000	15543.485	1551.000
3.100	30633.000	15800.440	1086.000
3.110	30795.000	15920.308	649.000
3.120	30959.000	16064.215	159.000
3.130	31124.000	16194.951	-336.000
3.140	31287.000	16226.466	-754.000
3.150	31447.000	16158.526	-1070.000
3.160	31605.000	16050.968	-1300.000
3.170	31761.000	15915.678	-1433.000
3.180	31914.000	15730.974	-1441.000
3.190	32064.000	15511.682	-1326.000
3.200	32211.000	15268.177	-1093.000
3.210	32356.000	15037.724	-769.000
3.220	32498.000	14786.407	-346.000
3.230	32638.000	14550.485	138.000
3.240	32779.000	14415.339	607.000
3.250	32919.000	14290.738	1094.000
3.260	33060.000	14233.516	1539.000
3.270	33203.000	14253.461	1908.000
3.280	33348.000	14327.423	2192.000
3.290	33493.000	14379.196	2421.000
3.300	33645.000	14625.437	2437.000
3.310	33796.000	14767.806	2423.000
3.320	33951.000	14987.464	2256.000
3.330	34111.000	15291.225	1933.000
3.340	34272.000	15533.857	1557.000
3.350	34437.000	15823.700	1071.000
3.360	34601.000	15996.590	600.000
3.370	34771.000	16297.613	9.000
3.380	34935.000	16328.329	-422.000
3.390	35098.000	16319.830	-814.000
3.400	35263.000	16373.881	-1209.000
3.410	35424.000	16291.717	-1455.000
3.420	35585.000	16234.202	-1638.000
3.430	35740.000	16013.941	-1624.000
3.440	35894.000	15829.759	-1531.000
3.450	36043.000	15550.831	-1274.000
3.460	36190.000	15295.582	-935.000
3.470	36336.000	15086.907	-539.000
3.480	36476.000	14760.835	3.000
3.490	36618.000	14592.585	493.000
3.500	36759.000	14444.809	995.000
3.510	36899.000	14311.366	1489.000
3.520	37042.000	14307.957	1873.000
3.530	37185.000	14305.570	2206.000
3.540	37332.000	14423.899	2392.000
3.550	37480.000	14536.729	2494.000
3.560	37632.000	14735.710	2443.000
3.570	37788.000	14994.997	2251.000
3.580	37947.000	15266.498	1949.000
3.590	38106.000	15456.549	1607.000
3.600	38270.000	15739.584	1125.000
3.610	38434.000	15937.709	638.000
3.620	38597.000	16046.396	170.000
3.630	38763.000	16212.477	-347.000
3.640	38926.000	16238.734	-762.000
3.650	39088.000	16227.114	-1114.000
3.660	39250.000	16218.980	-1409.000
3.670	39407.000	16063.286	-1528.000
3.680	39564.000	15954.300	-1585.000
3.690	39716.000	15728.010	-1465.000
3.700	39866.000	15509.607	-1248.000
3.710	40014.000	15296.725	-936.000
3.720	40159.000	15057.707	-521.000
3.730	40301.000	14800.395	-23.000
3.740	40443.000	14620.277	475.000
3.750	40586.000	14524.194	944.000
3.760	40728.000	14426.936	1414.000
3.770	40872.000	14418.855	1801.000
3.780	41017.000	14443.198	2118.000
3.790	41164.000	14520.239	2330.000
3.800	41314.000	14664.167	2412.000
3.810	41467.000	14854.917	2367.000
3.820	41622.000	15048.442	2216.000
3.830	41780.000	15273.909	1944.000
3.840	41940.000	15491.737	1584.000
3.850	42101.000	15674.216	1167.000
3.860	42264.000	15861.951	687.000
3.870	42428.000	16023.366	185.000
3.880	42592.000	16136.356	-298.000
3.890	42753.000	16125.449	-689.000
3.900	42914.000	16117.814	-1044.000
3.910	43074.000	16082.470	-1321.000
3.920	43230.000	15937.729	-1448.000
3.930	43383.000	15746.410	-1451.000
3.940	43535.000	15582.487	-1372.000
3.950	43683.000	15347.741	-1144.000
3.960	43827.000	15063.419	-786.000
3.970	43971.000	14864.393	-396.000
3.980	44113.000	14665.075	64.000
3.990	44253.000	14465.553	575.000
4.000	44395.000	14385.887	1033.000
4.010	44535.000	14270.121	1515.000
4.020	44678.000	14279.085	1891.000
4.030	44822.000	14315.359	2200.000
4.040	44968.000	14400.751	2407.000
4.050	45119.000	14610.526	2447.000
4.060	45273.000	14847.368	2371.000
4.070	45428.000	15043.158	2220.000
4.080	45586.000	15270.210	1947.000
4.090	45747.000	15519.147	1566.000
4.100	45909.000	15723.403	1136.000
4.110	46073.000	15926.382	645.000
4.120	46240.000	16158.468	98.000
4.130	46403.000	16200.927	-340.000
4.140	46567.000	16260.649	-776.000
4.150	46729.000	16242.454	-1124.000
4.160	46889.000	16169.718	-1377.000
4.170	47046.000	16028.803	-1506.000
4.180	47199.000	15810.162	-1492.000
4.190	47351.000	15627.113	-1400.000
4.200	47499.000	15378.979	-1164.000
4.210	47643.000	15085.286	-800.000
4.220	47787.000	14879.700	-406.000
4.230	47927.000	14615.790	96.000
4.240	48068.000	14461.053	577.000
4.250	48208.000	14322.737	1074.000
4.260	48349.000	14255.916	1524.000
4.270	48493.000	14299.141	1878.000
4.280	48637.000	14329.399	2191.000
4.290	48783.000	14410.579	2401.000
4.300	48933.000	14587.405	2462.000
4.310	49085.000	14771.184	2420.000
4.320	49241.000	15019.829	2235.000
4.330	49400.000	15283.880	1938.000
4.340	49560.000	15498.716	1580.000
4.350	49724.000	15769.101	1106.000
4.360	49889.000	15988.371	605.000
4.370	50054.000	16141.860	109.000
4.380	50220.000	16279.302	-390.000
4.390	50384.000	16315.511	-811.000
4.400	50548.000	16340.858	-1188.000
4.410	50709.000	16268.600	-1440.000
4.420	50869.000	16188.020	-1609.000
4.430	51024.000	15981.614	-1603.000
4.440	51177.000	15777.130	-1497.000
4.450	51329.000	15603.991	-1309.000
4.460	51475.000	15302.794	-940.000
4.470	51620.000	15061.956	-523.000
4.480	51763.000	14833.369	-44.000
4.490	51906.000	14673.358	441.000
4.500	52049.000	14561.351	920.000
4.510	52190.000	14422.946	1417.000
4.520	52334.000	14416.062	1803.000
4.530	52477.000	14381.243	2158.000
4.540	52623.000	14446.870	2377.000
4.550	52775.000	14672.809	2407.000
4.560	52927.000	14830.966	2382.000
4.570	53081.000	15001.677	2246.000
4.580	53240.000	15271.174	1946.000
4.590	53400.000	15489.821	1585.000
4.600	53561.000	15672.875	1168.000
4.610	53725.000	15891.013	668.000
4.620	53891.000	16103.709	133.000
4.630	54056.000	16222.596	-354.000
4.640	54219.000	16245.817	-767.000
4.650	54382.000	16262.072	-1137.000
4.660	54542.000	16183.450	-1386.000
4.670	54698.000	16008.415	-1493.000
4.680	54853.000	15855.891	-1522.000
4.690	55005.000	15659.124	-1421.000
4.700	55153.000	15401.386	-1178.000
4.710	55301.000	15220.971	-887.000
4.720	55445.000	14974.679	-467.000
4.730	55587.000	14742.276	15.000
4.740	55728.000	14549.593	520.000
4.750	55869.000	14414.715	1015.000
4.760	56011.000	14350.301	1464.000
4.770	56155.000	14365.210	1836.000
4.780	56300.000	14405.647	2142.000
4.790	56448.000	14523.953	2328.000
4.800	56598.000	14666.767	2411.000
4.810	56752.000	14886.737	2346.000
4.820	56907.000	15070.716	2202.000
4.830	57066.000	15319.501	1915.000
4.840	57226.000	15523.651	1564.000
4.850	57388.000	15726.556	1134.000
4.860	57551.000	15898.589	663.000
4.870	57714.000	16019.012	188.000
4.880	57877.000	16103.309	-277.000
4.890	58040.000	16162.316	-713.000
4.900	58199.000	16083.621	-1022.000
4.910	58357.000	15998.535	-1267.000
4.920	58514.000	15908.974	-1429.000
4.930	58665.000	15666.282	-1400.000
4.940	58815.000	15466.397	-1297.000
4.950	58962.000	15236.478	-1072.000
4.960	59105.000	14955.535	-717.000
4.970	59247.000	14728.874	-309.000
4.980	59387.000	14510.212	164.000
4.990	59528.000	14387.148	625.000
5.000	59668.000	14271.004	1107.000
5.010	59808.000	14189.703	1567.000
5.020	59949.000	14162.792	1966.000
5.030	60093.000	14233.954	2253.000
5.040	60239.000	14343.768	2444.000
5.050	60389.000	14540.638	2492.000
5.060	60542.000	14768.446	2422.000
5.070	60696.000	14957.912	2275.000
5.080	60854.000	15210.539	1985.000
5.090	61015.000	15477.377	1593.000
5.100	61178.000	15724.164	1135.000
5.110	61344.000	15986.915	606.000
5.120	61508.000	16110.840	129.000
5.130	61673.000	16227.588	-357.000
5.140	61839.000	16339.312	-827.000
5.150	62001.000	16297.518	-1160.000
5.160	62162.000	16238.263	-1421.000
5.170	62321.000	16136.784	-1576.000
5.180	62476.000	15945.749	-1580.000
5.190	62630.000	15782.024	-1500.000
5.200	62778.000	15487.417	-1234.000
5.210	62925.000	15251.192	-907.000
5.220	63069.000	14995.834	-481.000
5.230	63211.000	14757.084	5.000
5.240	63351.000	14529.959	533.000
5.250	63491.000	14370.971	1043.000
5.260	63631.000	14259.680	1522.000
5.270	63774.000	14271.776	1896.000
5.280	63918.000	14310.243	2203.000
5.290	64063.000	14367.170	2429.000
5.300	64212.000	14527.019	2501.000
5.310	64364.000	14728.913	2448.000
5.320	64517.000	14900.239	2312.000
5.330	64676.000	15200.168	1992.000
5.340	64835.000	15410.117	1637.000
5.350	64998.000	15677.082	1166.000
5.360	65163.000	15923.957	647.000
5.370	65330.000	16156.770	99.000
5.380	65492.000	16169.739	-320.000
5.390	65655.000	16208.817	-743.000
5.400	65819.000	16266.172	-1139.000
5.410	65980.000	16216.321	-1407.000
5.420	66139.000	16121.424	-1566.000
5.430	66294.000	15934.997	-1573.000
5.440	66448.000	15774.498	-1495.000
5.450	66598.000	15542.149	-1269.000
5.460	66745.000	15289.504	-931.000
5.470	66891.000	15082.653	-537.000
5.480	67033.000	14817.857	-34.000
5.490	67176.000	14662.500	448.000
5.500	67319.000	14553.750	925.000
5.510	67461.000	14447.625	1401.000
5.520	67606.000	14463.337	1773.000
5.530	67752.000	14504.336	2079.000
5.540	67900.000	14593.035	2283.000
5.550	68050.000	14715.125	2380.000
5.560	68205.000	14950.587	2305.000
5.570	68359.000	15085.411	2193.000
5.580	68517.000	15299.788	1928.000
5.590	68677.000	15509.851	1572.000
5.600	68840.000	15746.896	1121.000
5.610	69003.000	15912.827	654.000
5.620	69165.000	15998.979	201.000
5.630	69329.000	16119.285	-287.000
5.640	69493.000	16203.500	-739.000
5.650	69653.000	16142.450	-1060.000
5.660	69813.000	16099.715	-1332.000
5.670	69972.000	16039.800	-1513.000
5.680	70124.000	15787.860	-1478.000
5.690	70276.000	15611.502	-1390.000
5.700	70424.000	15368.052	-1157.000
5.710	70570.000	15137.636	-834.000
5.720	70713.000	14886.345	-410.000
5.730	70855.000	14680.442	54.000
5.740	70997.000	14536.309	529.000
5.750	71139.000	14435.416	1001.000
5.760	71281.000	14364.791	1454.000
5.770	71424.000	14345.354	1849.000
5.780	71569.000	14391.748	2151.000
5.790	71717.000	14514.223	2334.000
5.800	71867.000	14659.956	2415.000
5.810	72021.000	14881.970	2349.000
5.820	72177.000	15097.379	2185.000
5.830	72336.000	15338.165	1903.000
5.840	72497.000	15566.716	1536.000
5.850	72660.000	15786.701	1095.000
5.860	72825.000	16000.691	597.000
5.870	72989.000	16120.483	123.000
5.880	73154.000	16234.338	-361.000
5.890	73319.000	16314.037	-810.000
5.900	73480.000	16249.826	-1129.000
5.910	73639.000	16144.878	-1361.000
5.920	73797.000	16041.415	-1514.000
5.930	73949.000	15788.990	-1479.000
5.940	74100.000	15582.293	-1372.000
5.950	74247.000	15317.605	-1124.000
5.960	74391.000	15042.324	-772.000
5.970	74534.000	14819.627	-367.000
5.980	74674.000	14573.739	123.000
5.990	74814.000	14401.617	616.000
6.000	74954.000	14281.132	1101.000
6.010	75093.000	14166.792	1582.000
6.020	75234.000	14146.755	1976.000
6.030	75379.000	14252.728	2240.000
6.040	75524.000	14326.910	2454.000
6.050	75673.000	14498.837	2519.000
6.060	75826.000	14739.186	2441.000
6.070	75980.000	14937.430	2288.000
6.080	76137.000	15166.201	2014.000
6.090	76297.000	15416.341	1633.000
6.100	76460.000	15681.439	1163.000
6.110	76624.000	15897.007	664.000
6.120	76789.000	16077.905	150.000
6.130	76955.000	16234.533	-361.000
6.140	77120.000	16314.173	-810.000
6.150	77283.000	16309.921	-1168.000
6.160	77443.000	16216.945	-1407.000
6.170	77603.000	16151.861	-1585.000
6.180	77757.000	15926.303	-1567.000
6.190	77911.000	15768.412	-1491.000
6.200	78060.000	15507.888	-1247.000
6.210	78206.000	15235.522	-897.000
6.220	78351.000	15014.865	-493.000
6.230	78494.000	14800.406	-23.000
6.240	78635.000	14590.284	494.000
6.250	78778.000	14503.199	958.000
6.260	78918.000	14352.239	1462.000
6.270	79061.000	14336.567	1854.000
6.280	79205.000	14355.597	2174.000
6.290	79352.000	14458.918	2370.000
6.300	79501.000	14591.243	2459.000
6.310	79654.000	14803.870	2399.000
6.320	79808.000	14982.709	2259.000
6.330	79966.000	15227.896	1974.000
6.340	80127.000	15489.527	1586.000
6.350	80289.000	15702.669	1149.000
6.360	80454.000	15941.868	635.000
6.370	80618.000	16079.308	149.000
6.380	80783.000	16205.516	-343.000
6.390	80947.000	16263.861	-778.000
6.400	81110.000	16274.703	-1145.000
6.410	81268.000	16132.292	-1353.000
6.420	81426.000	16032.604	-1509.000
6.430	81580.000	15842.823	-1513.000
6.440	81731.000	15619.976	-1396.000
6.450	81880.000	15403.983	-1180.000
6.460	82026.000	15162.788	-850.000
6.470	82170.000	14933.952	-441.000
6.480	82312.000	14713.766	33.000
6.490	82454.000	14559.636	514.000
6.500	82596.000	14451.745	991.000
6.510	82738.000	14376.222	1447.000
6.520	82880.000	14323.355	1863.000
6.530	83025.000	14376.349	2161.000
6.540	83172.000	14473.444	2360.000
6.550	83323.000	14661.411	2414.000
6.560	83477.000	14882.988	2349.000
6.570	83632.000	15068.091	2204.000
6.580	83790.000	15287.664	1935.000
6.590	83951.000	15531.365	1559.000
6.600	84114.000	15761.955	1111.000
6.610	84277.000	15923.369	647.000
6.620	84442.000	16096.358	138.000
6.630	84605.000	16157.451	-312.000
6.640	84768.000	16200.215	-737.000
6.650	84929.000	16170.151	-1078.000
6.660	85087.000	16059.106	-1306.000
6.670	85245.000	15981.374	-1476.000
6.680	85398.000	15776.962	-1471.000
6.690	85546.000	15483.873	-1308.000
6.700	85697.000	15368.711	-1157.000
6.710	85839.000	15018.098	-757.000
6.720	85982.000	14802.669	-356.000
6.730	86124.000	14621.868	92.000
6.740	86263.000	14405.308	613.000
6.750	86404.000	14313.715	1080.000
6.760	86546.000	14279.601	1509.000
6.770	86687.000	14225.720	1926.000
6.780	86833.000	14338.004	2186.000
6.790	86980.000	14446.603	2377.000
6.800	87129.000	14582.622	2465.000
6.810	87284.000	14857.835	2365.000
6.820	87439.000	15050.485	2215.000
6.830	87598.000	15305.339	1924.000
6.840	87761.000	15603.738	1512.000
6.850	87924.000	15812.616	1078.000
6.860	88089.000	16018.831	586.000
6.870	88258.000	16283.182	18.000
6.880	88422.000	16318.227	-415.000
6.890	88588.000	16402.759	-867.000
6.900	88751.000	16371.931	-1208.000
6.910	88912.000	16290.352	-1454.000
6.920	89071.000	16173.246	-1599.000
6.930	89225.000	15941.272	-1577.000
6.940	89377.000	15718.891	-1459.000
6.950	89526.000	15473.224	-1224.000
6.960	89671.000	15181.256	-862.000
6.970	89814.000	14916.880	-430.000
6.980	89942.000	14281.816	311.000
6.990	90085.000	14287.271	689.000
7.000	90223.000	14141.090	1191.000
7.010	90364.000	14128.763	0.000
7.020	90505.000	14120.134	0.000
7.030	90646.000	14114.094	0.000
7.040	90788.000	14139.866	0.000
7.050	90924.000	13977.906	0.000
7.060	91065.000	14014.534	0.000
7.070	91200.000	13860.174	0.000
7.080	91338.000	13842.122	0.000
7.090	91473.000	13739.485	0.000
7.100	91609.000	13697.640	0.000
7.110	91744.000	13638.348	0.000
7.120	91878.000	13566.843	0.000
7.130	92013.000	13546.790	0.000
7.140	92145.000	13442.753	0.000
7.150	92277.000	13369.927	0.000
7.160	92409.000	13318.949	0.000
7.170	92540.000	13253.264	0.000
7.180	92671.000	13207.285	0.000
7.190	92801.000	13145.100	0.000
7.200	92931.000	13101.570	0.000
7.210	93059.000	13011.099	0.000
7.220	93187.000	12947.769	0.000
7.230	93316.000	12933.438	0.000
7.240	93442.000	12833.407	0.000
7.250	93569.000	12793.385	0.000
7.260	93695.000	12735.369	0.000
7.270	93820.000	12664.759	0.000
7.280	93945.000	12615.331	0.000
7.290	94069.000	12550.732	0.000
7.300	94193.000	12505.512	0.000
7.310	94316.000	12443.859	0.000
7.320	94437.000	12340.701	0.000
7.330	94558.000	12268.491	0.000
7.340	94678.000	12187.943	0.000
7.350	94798.000	12131.560	0.000
7.360	94916.000	12032.092	0.000
7.370	95034.000	11962.465	0.000
7.380	95151.000	11883.725	0.000
7.390	95268.000	11828.608	0.000
7.400	95382.000	11700.025	0.000
7.410	95496.000	11610.018	0.000
7.420	95611.000	11577.012	0.000
7.430	95723.000	11463.909	0.000
7.440	95834.000	11354.736	0.000
7.450	95946.000	11308.315	0.000
7.460	96055.000	11185.821	0.000
7.470	96165.000	11130.074	0.000
7.480	96274.000	11061.052	0.000
7.490	96382.000	10982.736	0.000
7.500	96489.000	10897.916	0.000
7.510	96596.000	10838.541	0.000
7.520	96703.000	10796.979	0.000
7.530	96809.000	10737.885	0.000
7.540	96914.000	10666.520	0.000
7.550	97019.000	10616.564	0.000
7.560	97124.000	10581.595	0.000
7.570	97229.000	10557.116	0.000
7.580	97330.000	10419.981	0.000
7.590	97434.000	10413.987	0.000
7.600	97534.000	10289.791	0.000
7.610	97637.000	10292.854	0.000
7.620	97736.000	10174.998	0.000
7.630	97836.000	10122.498	0.000
7.640	97937.000	10115.749	0.000
7.650	98035.000	10021.024	0.000
7.660	98134.000	9984.717	0.000
7.670	98232.000	9929.302	0.000
7.680	98329.000	9860.511	0.000
7.690	98426.000	9812.358	0.000
7.700	98522.000	9748.651	0.000
7.710	98618.000	9704.055	0.000
7.720	98713.000	9642.839	0.000
7.730	98807.000	9569.987	0.000
7.740	98901.000	9518.991	0.000
7.750	98994.000	9453.294	0.000
7.760	99086.000	9377.306	0.000
7.770	99178.000	9324.114	0.000
7.780	99271.000	9316.880	0.000
7.790	99361.000	9221.816	0.000
7.800	99451.000	9155.271	0.000
7.810	99541.000	9108.690	0.000
7.820	99629.000	9016.083	0.000
7.830	99718.000	8981.258	0.000
7.840	99805.000	8896.881	0.000
7.850	99891.000	8807.816	0.000
7.860	99976.000	8715.471	0.000
7.870	100061.000	8650.830	0.000
7.880	100144.000	8545.581	0.000
7.890	100227.000	8471.907	0.000
7.900	100309.000	8390.335	0.000
7.910	100390.000	8303.234	0.000
7.920	100470.000	8212.264	0.000
7.930	100551.000	8178.585	0.000
7.940	100628.000	8035.009	0.000
7.950	100705.000	7934.507	0.000
7.960	100782.000	7864.155	0.000
7.970	100857.000	7754.908	0.000
7.980	100933.000	7708.436	0.000
7.990	101007.000	7615.905	0.000
8.000	101079.000	7491.134	0.000
8.010	101151.000	7403.793	0.000
8.020	101224.000	7372.655	0.000
8.030	101294.000	7260.859	0.000
8.040	101366.000	7242.601	0.000
8.050	101435.000	7139.821	0.000
8.060	101505.000	7097.875	0.000
8.070	101572.000	6978.512	0.000
8.080	101640.000	6924.959	0.000
8.090	101707.000	6857.471	0.000
8.100	101775.000	6840.230	0.000
8.110	101840.000	6738.161	0.000
8.120	101905.000	6666.713	0.000
8.130	101971.000	6646.699	0.000
8.140	102035.000	6572.689	0.000
8.150	102099.000	6520.882	0.000
8.160	102162.000	6454.618	0.000
8.170	102225.000	6408.232	0.000
8.180	102288.000	6375.763	0.000
8.190	102351.000	6353.034	0.000
8.200	102412.000	6277.124	0.000
8.210	102473.000	6223.987	0.000
8.220	102534.000	6186.791	0.000
8.230	102594.000	6130.753	0.000
8.240	102654.000	6091.527	0.000
8.250	102713.000	6034.069	0.000
8.260	102772.000	5993.848	0.000
8.270	102830.000	5935.694	0.000
8.280	102889.000	5924.986	0.000
8.290	102947.000	5887.490	0.000
8.300	103004.000	5831.243	0.000
8.310	103061.000	5791.870	0.000
8.320	103117.000	5734.309	0.000
8.330	103173.000	5694.016	0.000
8.340	103228.000	5635.811	0.000
8.350	103283.000	5595.068	0.000
8.360	103338.000	5566.548	0.000
8.370	103392.000	5516.583	0.000
8.380	103445.000	5451.608	0.000
8.390	103498.000	5406.126	0.000
8.400	103551.000	5374.288	0.000
8.410	103603.000	5322.002	0.000
8.420	103655.000	5285.401	0.000
8.430	103707.000	5259.781	0.000
8.440	103758.000	5211.847	0.000
8.450	103808.000	5148.293	0.000
8.460	103859.000	5133.805	0.000
8.470	103907.000	5033.663	0.000
8.480	103957.000	5023.564	0.000
8.490	104005.000	4956.495	0.000
8.500	104053.000	4909.547	0.000
8.510	104100.000	4846.683	0.000
8.520	104147.000	4802.678	0.000
8.530	104193.000	4741.874	0.000
8.540	104239.000	4699.312	0.000
8.550	104285.000	4669.518	0.000
8.560	104330.000	4618.663	0.000
8.570	104373.000	4523.064	0.000
8.580	104417.000	4486.145	0.000
8.590	104460.000	4430.301	0.000
8.600	104502.000	4361.211	0.000
8.610	104544.000	4312.848	0.000
8.620	104586.000	4278.993	0.000
8.630	104626.000	4195.295	0.000
8.640	104665.000	4106.707	0.000
8.650	104704.000	4044.695	0.000
8.660	104743.000	4001.286	0.000
8.670	104781.000	3940.900	0.000
8.680	104817.000	3838.630	0.000
8.690	104854.000	3797.041	0.000
8.700	104889.000	3707.929	0.000
8.710	104923.000	3615.550	0.000
8.720	104958.000	3580.885	0.000
8.730	104992.000	3526.620	0.000
8.740	105024.000	3428.634	0.000
8.750	105056.000	3360.044	0.000
8.760	105088.000	3312.031	0.000
8.770	105117.000	3188.421	0.000
8.780	105147.000	3131.895	0.000
8.790	105176.000	3062.326	0.000
8.800	105204.000	2983.629	0.000
8.810	105231.000	2898.540	0.000
8.820	105257.000	2808.978	0.000
8.830	105283.000	2746.285	0.000
8.840	105309.000	2702.399	0.000
8.850	105333.000	2611.679	0.000
8.860	105355.000	2488.176	0.000
8.870	105378.000	2431.723	0.000
8.880	105399.000	2332.206	0.000
8.890	105419.000	2232.544	0.000
8.900	105439.000	2162.781	0.000
8.910	105457.000	2053.947	0.000
8.920	105475.000	1977.763	0.000
8.930	105493.000	1924.434	0.000
8.940	105509.000	1827.104	0.000
8.950	105525.000	1758.973	0.000
8.960	105540.000	1681.281	0.000
8.970	105554.000	1596.897	0.000
8.980	105567.000	1507.828	0.000
8.990	105580.000	1445.479	0.000
9.000	105591.000	1341.836	0.000
9.010	105602.000	1269.285	0.000
9.020	105612.000	1188.499	0.000
9.030	105620.000	1071.950	0.000
9.040	105628.000	990.365	0.000
9.050	105636.000	933.255	0.000
9.060	105642.000	833.279	0.000
9.070	105647.000	733.295	0.000
9.080	105651.000	633.307	0.000
9.090	105655.000	563.315	0.000
9.100	105658.000	484.320	0.000
9.110	105660.000	399.024	0.000
9.120	105661.000	309.317	0.000
9.130	105661.000	216.522	0.000
9.140	105661.000	151.565	0.000
9.150	105661.000	106.096	0.000
9.160	105659.000	14.267	0.000
9.170	105656.000	-80.013	0.000
9.180	105652.000	-176.009	0.000
9.190	105648.000	-243.206	0.000
9.200	105643.000	-320.244	0.000
9.210	105638.000	-374.171	0.000
9.220	105632.000	-441.920	0.000
9.230	105626.000	-489.344	0.000
9.240	105619.000	-552.541	0.000
9.250	105612.000	-596.778	0.000
9.260	105604.000	-657.745	0.000
9.270	105596.000	-700.421	0.000
9.280	105587.000	-760.295	0.000
9.290	105579.000	-772.207	0.000
9.300	105570.000	-810.545	0.000
9.310	105561.000	-837.381	0.000
9.320	105551.000	-886.167	0.000
9.330	105541.000	-920.317	0.000
9.340	105531.000	-944.222	0.000
9.350	105522.000	-930.955	0.000
9.360	105512.000	-951.669	0.000
9.370	105501.000	-996.168	0.000
9.380	105491.000	-997.318	0.000
9.390	105481.000	-998.122	0.000
9.400	105471.000	-998.686	0.000
9.410	105460.000	-1029.080	0.000
9.420	105450.000	-1020.356	0.000
9.430	105439.000	-1044.249	0.000
9.440	105429.000	-1030.974	0.000
9.450	105418.000	-1051.682	0.000
9.460	105408.000	-1036.177	0.000
9.470	105397.000	-1055.324	0.000
9.480	105386.000	-1068.727	0.000
9.490	105375.000	-1078.109	0.000
9.500	105364.000	-1084.676	0.000
9.510	105353.000	-1089.273	0.000
9.520	105342.000	-1092.491	0.000
9.530	105330.000	-1124.744	0.000
9.540	105319.000	-1117.321	0.000
9.550	105307.000	-1142.125	0.000
9.560	105296.000	-1129.487	0.000
9.570	105284.000	-1150.641	0.000
9.580	105273.000	-1135.449	0.000
9.590	105261.000	-1154.814	0.000
9.600	105250.000	-1138.370	0.000
9.610	105238.000	-1156.859	0.000
9.620	105227.000	-1139.801	0.000
9.630	105215.000	-1157.861	0.000
9.640	105204.000	-1140.503	0.000
9.650	105193.000	-1128.352	0.000
9.660	105182.000	-1119.846	0.000
9.670	105171.000	-1113.892	0.000
9.680	105160.000	-1109.725	0.000
9.690	105150.000	-1076.807	0.000
9.700	105139.000	-1083.765	0.000
9.710	105128.000	-1088.636	0.000
9.720	105118.000	-1062.045	0.000
9.730	105107.000	-1073.431	0.000
9.740	105097.000	-1051.402	0.000
9.750	105086.000	-1065.981	0.000
9.760	105076.000	-1046.187	0.000
9.770	105066.000	-1032.331	0.000
9.780	105056.000	-1022.632	0.000
9.790	105046.000	-1015.842	0.000
9.800	105035.000	-1041.089	0.000
9.810	105026.000	-998.763	0.000
9.820	105016.000	-999.134	0.000
9.830	105006.000	-999.394	0.000
9.840	104996.000	-999.576	0.000
9.850	104987.000	-969.703	0.000
9.860	104978.000	-948.792	0.000
9.870	104968.000	-964.154	0.000
9.880	104959.000	-944.908	0.000
9.890	104950.000	-931.436	0.000
9.900	104941.000	-922.005	0.000
9.910	104933.000	-885.403	0.000
9.920	104924.000	-889.782	0.000
9.930	104916.000	-862.848	0.000
9.940	104908.000	-843.993	0.000
9.950	104900.000	-830.795	0.000
9.960	104892.000	-821.557	0.000
9.970	104885.000	-785.090	0.000
9.980	104877.000	-789.563	0.000
9.990	104870.000	-762.694	0.000
10.000	104863.000	-743.886	0.000
10.010	104856.000	-730.720	0.000
10.020	104849.000	-721.504	0.000
10.030	104842.000	-715.053	0.000
10.040	104835.000	-710.537	0.000
10.050	104829.000	-677.376	0.000
10.060	104822.000	-684.163	0.000
10.070	104816.000	-658.914	0.000
10.080	104810.000	-641.240	0.000
10.090	104804.000	-628.868	0.000
10.100	104798.000	-620.208	0.000
10.110	104793.000	-584.145	0.000
10.120	104787.000	-588.902	0.000
10.130	104781.000	-592.231	0.000
10.140	104776.000	-564.562	0.000
10.150	104770.000	-575.193	0.000
10.160	104765.000	-552.635	0.000
10.170	104760.000	-536.845	0.000
10.180	104755.000	-525.791	0.000
10.190	104750.000	-518.054	0.000
10.200	104745.000	-512.638	0.000
10.210	104740.000	-508.846	0.000
10.220	104735.000	-506.192	0.000
10.230	104731.000	-474.335	0.000
10.240	104726.000	-482.034	0.000
10.250	104722.000	-457.424	0.000
10.260	104718.000	-440.197	0.000
10.270	104714.000	-428.138	0.000
10.280	104710.000	-419.696	0.000
10.290	104706.000	-413.788	0.000
10.300	104702.000	-409.651	0.000
10.310	104699.000	-376.756	0.000
10.320	104696.000	-353.729	0.000
10.330	104692.000	-367.610	0.000
10.340	104689.000	-347.327	0.000
10.350	104686.000	-333.129	0.000
10.360	104684.000	-293.190	0.000
10.370	104681.000	-295.233	0.000
10.380	104678.000	-296.663	0.000
10.390	104676.000	-267.664	0.000
10.400	104674.000	-247.365	0.000
10.410	104672.000	-233.156	0.000
10.420	104670.000	-223.209	0.000
10.430	104668.000	-216.246	0.000
10.440	104667.000	-181.372	0.000
10.450	104665.000	-186.961	0.000
10.460	104664.000	-160.872	0.000
10.470	104663.000	-142.611	0.000
10.480	104662.000	-129.827	0.000
10.490	104661.000	-120.879	0.000
10.500	104661.000	-84.615	0.000
10.510	104660.000	-89.231	0.000
10.520	104660.000	-62.462	0.000
10.530	104660.000	-43.723	0.000
10.540	104660.000	-30.606	0.000
10.550	104660.000	-21.424	0.000
10.560	104660.000	-14.997	0.000
10.570	104660.000	-10.498	0.000
10.580	104660.000	-7.349	0.000
10.590	104660.000	-5.144	0.000
10.600	104660.000	-3.601	0.000
10.610	104661.000	27.479	0.000
10.620	104662.000	49.236	0.000
10.630	104663.000	64.465	0.000
10.640	104664.000	75.125	0.000
10.650	104665.000	82.588	0.000
10.660	104666.000	87.811	0.000
10.670	104667.000	91.468	0.000
10.680	104668.000	94.028	0.000
10.690	104669.000	95.819	0.000
10.700	104670.000	97.074	0.000
10.710	104672.000	127.951	0.000
10.720	104673.000	119.566	0.000
10.730	104674.000	113.696	0.000
10.740	104675.000	109.587	0.000
10.750	104675.000	76.711	0.000
10.760	104676.000	83.698	0.000
10.770	104677.000	88.588	0.000
10.780	104678.000	92.012	0.000
10.790	104678.000	64.408	0.000
10.800	104679.000	75.086	0.000
10.810	104679.000	52.560	0.000
10.820	104679.000	36.792	0.000
10.830	104680.000	55.754	0.000
10.840	104680.000	39.028	0.000
10.850	104680.000	27.320	0.000
10.860	104680.000	19.124	0.000
10.870	104680.000	13.387	0.000
10.880	104680.000	9.371	0.000
10.890	104680.000	6.559	0.000
10.900	104680.000	4.592	0.000
10.910	104680.000	3.214	0.000
10.920	104680.000	2.250	0.000
10.930	104679.000	-28.425	0.000
10.940	104679.000	-19.898	0.000
10.950	104678.000	-43.928	0.000
10.960	104678.000	-30.750	0.000
10.970	104677.000	-51.525	0.000
10.980	104676.000	-66.067	0.000
10.990	104676.000	-46.247	0.000
11.000	104675.000	-62.373	0.000
11.010	104674.000	-73.661	0.000
11.020	104674.000	-51.563	0.000
11.030	104673.000	-66.094	0.000
11.040	104673.000	-46.266	0.000
11.050	104672.000	-62.386	0.000
11.060	104672.000	-43.670	0.000
11.070	104672.000	-30.569	0.000
11.080	104671.000	-51.398	0.000
11.090	104671.000	-35.979	0.000
11.100	104671.000	-25.185	0.000
11.110	104670.000	-47.630	0.000
11.120	104670.000	-33.341	0.000
11.130	104670.000	-23.339	0.000
11.140	104670.000	-16.337	0.000
11.150	104670.000	-11.436	0.000
11.160	104670.000	-8.005	0.000
11.170	104670.000	-5.604	0.000
11.180	104670.000	-3.923	0.000
11.190	104670.000	-2.746	0.000
11.200	104670.000	-1.922	0.000
11.210	104670.000	-1.345	0.000
11.220	104670.000	-0.942	0.000
11.230	104670.000	-0.659	0.000
11.240	104670.000	-0.461	0.000
11.250	104670.000	-0.323	0.000
11.260	104671.000	29.774	0.000
11.270	104671.000	20.842	0.000
11.280	104671.000	14.589	0.000
11.290	104672.000	40.212	0.000
11.300	104672.000	28.149	0.000
11.310	104673.000	49.704	0.000
11.320	104674.000	64.793	0.000
11.330	104675.000	75.355	0.000
11.340	104677.000	112.749	0.000
11.350	104679.000	138.924	0.000
11.360	104683.000	217.247	0.000
11.370	104687.000	272.073	0.000
11.380	104692.000	340.451	0.000
11.390	104698.000	418.316	0.000
11.400	104704.000	472.821	0.000
11.410	104711.000	540.975	0.000
11.420	104718.000	588.682	0.000
11.430	104725.000	622.078	0.000
11.440	104733.000	675.454	0.000
11.450	104741.000	712.818	0.000
11.460	104748.000	708.973	0.000
11.470	104756.000	736.281	0.000
11.480	104763.000	725.397	0.000
11.490	104770.000	717.778	0.000
11.500	104777.000	712.444	0.000
11.510	104784.000	708.711	0.000
11.520	104790.000	676.098	0.000
11.530	104796.000	653.268	0.000
11.540	104802.000	637.288	0.000
11.550	104807.000	596.102	0.000
11.560	104812.000	567.271	0.000
11.570	104817.000	547.090	0.000
11.580	104821.000	502.963	0.000
11.590	104825.000	472.074	0.000
11.600	104829.000	450.452	0.000
11.610	104832.000	405.316	0.000
11.620	104835.000	373.721	0.000
11.630	104837.000	321.605	0.000
11.640	104839.000	285.123	0.000
11.650	104840.000	229.586	0.000
11.660	104841.000	190.711	0.000
11.670	104842.000	163.497	0.000
11.680	104843.000	144.448	0.000
11.690	104843.000	101.114	0.000
11.700	104843.000	70.780	0.000
11.710	104843.000	49.546	0.000
11.720	104841.000	-25.318	0.000
11.730	104840.000	-47.723	0.000
11.740	104838.000	-93.406	0.000
11.750	104835.000	-155.384	0.000
11.760	104833.000	-168.769	0.000
11.770	104830.000	-208.138	0.000
11.780	104827.000	-235.697	0.000
11.790	104823.000	-284.988	0.000
11.800	104820.000	-289.491	0.000
11.810	104816.000	-322.644	0.000
11.820	104812.000	-345.851	0.000
11.830	104808.000	-362.096	0.000
11.840	104804.000	-373.467	0.000
11.850	104800.000	-381.427	0.000
11.860	104795.000	-416.999	0.000
11.870	104791.000	-411.899	0.000
11.880	104786.000	-438.329	0.000
11.890	104782.000	-426.831	0.000
11.900	104777.000	-448.781	0.000
11.910	104772.000	-464.147	0.000
11.920	104768.000	-444.903	0.000
11.930	104763.000	-461.432	0.000
11.940	104758.000	-473.002	0.000
11.950	104753.000	-481.102	0.000
11.960	104749.000	-456.771	0.000
11.970	104744.000	-469.740	0.000
11.980	104739.000	-478.818	0.000
11.990	104734.000	-485.173	0.000
12.000	104729.000	-489.621	0.000
12.010	104724.000	-492.735	0.000
12.020	104719.000	-494.914	0.000
12.030	104715.000	-466.440	0.000
12.040	104711.000	-446.508	0.000
12.050	104707.000	-432.556	0.000
12.060	104704.000	-392.789	0.000
12.070	104701.000	-364.952	0.000
12.080	104698.000	-345.467	0.000
12.090	104695.000	-331.827	0.000
12.100	104693.000	-292.279	0.000
12.110	104690.000	-294.595	0.000
12.120	104688.000	-266.217	0.000
12.130	104685.000	-276.352	0.000
12.140	104683.000	-253.446	0.000
12.150	104681.000	-237.412	0.000
12.160	104680.000	-196.189	0.000
12.170	104678.000	-197.332	0.000
12.180	104676.000	-198.132	0.000
12.190	104675.000	-168.693	0.000
12.200	104674.000	-148.085	0.000
12.210	104673.000	-133.659	0.000
12.220	104672.000	-123.562	0.000
12.230	104671.000	-116.493	0.000
12.240	104670.000	-111.545	0.000
12.250	104670.000	-78.082	0.000
12.260	104669.000	-84.657	0.000
12.270	104669.000	-59.260	0.000
12.280	104669.000	-41.482	0.000
12.290	104669.000	-29.037	0.000
12.300	104669.000	-20.326	0.000
12.310	104669.000	-14.228	0.000
12.320	104669.000	-9.960	0.000
12.330	104669.000	-6.972	0.000
12.340	104669.000	-4.880	0.000
12.350	104669.000	-3.416	0.000
12.360	104670.000	27.609	0.000
12.370	104671.000	49.326	0.000
12.380	104672.000	64.528	0.000
12.390	104673.000	75.170	0.000
12.400	104673.000	52.619	0.000
12.410	104674.000	66.833	0.000
12.420	104675.000	76.783	0.000
12.430	104676.000	83.748	0.000
12.440	104677.000	88.624	0.000
12.450	104678.000	92.037	0.000
12.460	104679.000	94.426	0.000
12.470	104680.000	96.098	0.000
12.480	104681.000	97.269	0.000
12.490	104682.000	98.088	0.000
12.500	104682.000	68.662	0.000
12.510	104683.000	78.063	0.000
12.520	104684.000	84.644	0.000
12.530	104684.000	59.251	0.000
12.540	104685.000	71.476	0.000
12.550	104685.000	50.033	0.000
12.560	104685.000	35.023	0.000
12.570	104685.000	24.516	0.000
12.580	104686.000	47.161	0.000
12.590	104686.000	33.013	0.000
12.600	104686.000	23.109	0.000
12.610	104686.000	16.176	0.000
12.620	104686.000	11.323	0.000
12.630	104686.000	7.926	0.000
12.640	104686.000	5.548	0.000
12.650	104686.000	3.884	0.000
12.660	104686.000	2.719	0.000
12.670	104686.000	1.903	0.000
12.680	104685.000	-28.668	0.000
12.690	104685.000	-20.067	0.000
12.700	104684.000	-44.047	0.000
12.710	104683.000	-60.833	0.000
12.720	104683.000	-42.583	0.000
12.730	104682.000	-59.808	0.000
12.740	104682.000	-41.866	0.000
12.750	104681.000	-59.306	0.000
12.760	104681.000	-41.514	0.000
12.770	104680.000	-59.060	0.000
12.780	104680.000	-41.342	0.000
12.790	104679.000	-58.939	0.000
12.800	104679.000	-41.258	0.000
12.810	104678.000	-58.880	0.000
12.820	104678.000	-41.216	0.000
12.830	104678.000	-28.851	0.000
12.840	104678.000	-20.196	0.000
12.850	104677.000	-44.137	0.000
12.860	104677.000	-30.896	0.000
12.870	104677.000	-21.627	0.000
12.880	104677.000	-15.139	0.000
12.890	104677.000	-10.597	0.000
12.900	104677.000	-7.418	0.000
12.910	104677.000	-5.193	0.000
12.920	104677.000	-3.635	0.000
12.930	104677.000	-2.544	0.000
12.940	104677.000	-1.781	0.000
12.950	104677.000	-1.247	0.000
12.960	104677.000	-0.873	0.000
12.970	104677.000	-0.611	0.000
12.980	104677.000	-0.428	0.000
12.990	104678.000	29.701	0.000
13.000	104678.000	20.790	0.000
13.010	104678.000	14.553	0.000
13.020	104679.000	40.187	0.000
13.030	104679.000	28.131	0.000
13.040	104679.000	19.692	0.000
13.050	104680.000	43.784	0.000
13.060	104680.000	30.649	0.000
13.070	104680.000	21.454	0.000
13.080	104680.000	15.018	0.000
13.090	104680.000	10.513	0.000
13.100	104681.000	37.359	0.000
13.110	104681.000	26.151	0.000
13.120	104681.000	18.306	0.000
13.130	104681.000	12.814	0.000
13.140	104681.000	8.970	0.000
13.150	104681.000	6.279	0.000
13.160	104681.000	4.395	0.000
13.170	104681.000	3.077	0.000
13.180	104681.000	2.154	0.000
13.190	104681.000	1.508	0.000
13.200	104681.000	1.055	0.000
13.210	104681.000	0.739	0.000
13.220	104681.000	0.517	0.000
13.230	104681.000	0.362	0.000
13.240	104681.000	0.253	0.000
13.250	104681.000	0.177	0.000
13.260	104681.000	0.124	0.000
13.270	104681.000	0.087	0.000
13.280	104680.000	-29.939	0.000
13.290	104680.000	-20.957	0.000
13.300	104680.000	-14.670	0.000
13.310	104680.000	-10.269	0.000
13.320	104680.000	-7.188	0.000
13.330	104680.000	-5.032	0.000
13.340	104679.000	-33.522	0.000
13.350	104679.000	-23.466	0.000
13.360	104679.000	-16.426	0.000
13.370	104679.000	-11.498	0.000
13.380	104679.000	-8.049	0.000
13.390	104679.000	-5.634	0.000
13.400	104679.000	-3.944	0.000
13.410	104679.000	-2.761	0.000
13.420	104679.000	-1.932	0.000
13.430	104679.000	-1.353	0.000
13.440	104679.000	-0.947	0.000
13.450	104679.000	-0.663	0.000
13.460	104679.000	-0.464	0.000
13.470	104679.000	-0.325	0.000
13.480	104679.000	-0.227	0.000
13.490	104679.000	-0.159	0.000
13.500	104679.000	-0.111	0.000
13.510	104679.000	-0.078	0.000
13.520	104679.000	-0.055	0.000
13.530	104679.000	-0.038	0.000
13.540	104679.000	-0.027	0.000
13.550	104679.000	-0.019	0.000
13.560	104679.000	-0.013	0.000
13.570	104679.000	-0.009	0.000
13.580	104679.000	-0.006	0.000
13.590	104679.000	-0.004	0.000
13.600	104679.000	-0.003	0.000
13.610	104679.000	-0.002	0.000
13.620	104679.000	-0.002	0.000
13.630	104679.000	-0.001	0.000
13.640	104679.000	-0.001	0.000
13.650	104679.000	-0.001	0.000
13.660	104679.000	-0.000	0.000
13.670	104679.000	-0.000	0.000
13.680	104679.000	-0.000	0.000
13.690	104679.000	-0.000	0.000
13.700	104679.000	-0.000	0.000
13.710	104679.000	-0.000	0.000
13.720	104679.000	-0.000	0.000
13.730	104679.000	-0.000	0.000
13.740	104679.000	-0.000	0.000
13.750	104679.000	-0.000	0.000
13.760	104679.000	-0.000	0.000
13.770	104679.000	-0.000	0.000
13.780	104679.000	-0.000	0.000
13.790	104679.000	-0.000	0.000
13.800	104679.000	-0.000	0.000
13.810	104679.000	-0.000	0.000
13.820	104679.000	-0.000	0.000
13.830	104679.000	-0.000	0.000
13.840	104679.000	-0.000	0.000
13.850	104679.000	-0.000	0.000
13.860	104679.000	-0.000	0.000
13.870	104679.000	-0.000	0.000
13.880	104679.000	-0.000	0.000
13.890	104679.000	-0.000	0.000
13.900	104679.000	-0.000	0.000
13.910	104679.000	-0.000	0.000
13.920	104679.000	-0.000	0.000
13.930	104679.000	-0.000	0.000
13.940	104679.000	-0.000	0.000
13.950	104679.000	-0.000	0.000
13.960	104679.000	-0.000	0.000
13.970	104679.000	-0.000	0.000
13.980	104679.000	-0.000	0.000
13.990	104679.000	-0.000	0.000
14.000	104679.000	-0.000	0.000
14.010	104679.000	-0.000	0.000
14.020	104679.000	-0.000	0.000
14.030	104679.000	-0.000	0.000
14.040	104679.000	-0.000	0.000
14.050	104679.000	-0.000	0.000
14.060	104679.000	-0.000	0.000
14.070	104679.000	-0.000	0.000
14.080	104679.000	-0.000	0.000
14.090	104679.000	-0.000	0.000
14.100	104679.000	-0.000	0.000
14.110	104679.000	-0.000	0.000
14.120	104679.000	-0.000	0.000
14.130	104679.000	-0.000	0.000
14.140	104679.000	-0.000	0.000
14.150	104679.000	-0.000	0.000
14.160	104679.000	-0.000	0.000
14.170	104679.000	-0.000	0.000
14.180	104679.000	-0.000	0.000
14.190	104679.000	-0.000	0.000
14.200	104679.000	-0.000	0.000
14.210	104679.000	-0.000	0.000
14.220	104679.000	-0.000	0.000
14.230	104679.000	-0.000	0.000
14.240	104679.000	-0.000	0.000
14.250	104679.000	-0.000	0.000
14.260	104679.000	-0.000	0.000
14.270	104679.000	-0.000	0.000
14.280	104679.000	-0.000	0.000
14.290	104679.000	-0.000	0.000
14.300	104679.000	-0.000	0.000
14.310	104679.000	-0.000	0.000
14.320	104679.000	-0.000	0.000
14.330	104679.000	-0.000	0.000
14.340	104679.000	-0.000	0.000
14.350	104679.000	-0.000	0.000
14.360	104679.000	-0.000	0.000
14.370	104679.000	-0.000	0.000
14.380	104679.000	-0.000	0.000
14.390	104679.000	-0.000	0.000
14.400	104679.000	-0.000	0.000
14.410	104679.000	-0.000	0.000
14.420	104679.000	-0.000	0.000
14.430	104679.000	-0.000	0.000
14.440	104679.000	-0.000	0.000
14.450	104679.000	-0.000	0.000
14.460	104679.000	-0.000	0.000
14.470	104679.000	-0.000	0.000
14.480	104679.000	-0.000	0.000
14.490	104679.000	-0.000	0.000
14.500	104679.000	-0.000	0.000
14.510	104679.000	-0.000	0.000
14.520	104679.000	-0.000	0.000
14.530	104679.000	-0.000	0.000
14.540	104679.000	-0.000	0.000
14.550	104679.000	-0.000	0.000
14.560	104679.000	-0.000	0.000
14.570	104679.000	-0.000	0.000
14.580	104679.000	-0.000	0.000
14.590	104679.000	-0.000	0.000
14.600	104679.000	-0.000	0.000
14.610	104679.000	-0.000	0.000
14.620	104679.000	-0.000	0.000
14.630	104679.000	-0.000	0.000
14.640	104679.000	-0.000	0.000
14.650	104679.000	-0.000	0.000
14.660	104679.000	-0.000	0.000
14.670	104679.000	-0.000	0.000
14.680	104679.000	-0.000	0.000
14.690	104679.000	-0.000	0.000
14.700	104679.000	-0.000	0.000
14.710	104679.000	-0.000	0.000
14.720	104679.000	-0.000	0.000
14.730	104679.000	-0.000	0.000
14.740	104679.000	-0.000	0.000
14.750	104679.000	-0.000	0.000
14.760	104679.000	-0.000	0.000
14.770	104679.000	-0.000	0.000
14.780	104679.000	-0.000	0.000
14.790	104679.000	-0.000	0.000
14.800	104679.000	-0.000	0.000
14.810	104679.000	-0.000	0.000
14.820	104679.000	-0.000	0.000
14.830	104679.000	-0.000	0.000
14.840	104679.000	-0.000	0.000
14.850	104679.000	-0.000	0.000
14.860	104679.000	-0.000	0.000
14.870	104679.000	-0.000	0.000
14.880	104679.000	-0.000	0.000
14.890	104679.000	-0.000	0.000
14.900	104679.000	-0.000	0.000
14.910	104679.000	-0.000	0.000
14.920	104679.000	-0.000	0.000
14.930	104679.000	-0.000	0.000
14.940	104679.000	-0.000	0.000
14.950	104679.000	-0.000	0.000
14.960	104679.000	-0.000	0.000
14.970	104679.000	-0.000	0.000
14.980	104679.000	-0.000	0.000
14.990	104679.000	-0.000	0.000
15.000	104679.000	-0.000	0.000
