0.000	1.000	30.000	-39.000
0.010	5.000	141.000	-181.000
0.020	6.000	128.700	-166.000
0.030	6.000	90.090	-116.000
0.040	6.000	63.063	-81.000
0.050	6.000	44.144	-57.000
0.060	5.000	0.901	-1.000
0.070	3.000	-59.369	76.000
0.080	1.000	-101.559	131.000
0.090	0.000	-101.091	130.000
0.100	-2.000	-130.764	168.000
0.110	-3.000	-121.535	156.000
0.120	-4.000	-115.074	148.000
0.130	-5.000	-110.552	142.000
0.140	-6.000	-107.386	138.000
0.150	-7.000	-105.170	135.000
0.160	-8.000	-103.619	133.000
0.170	-8.000	-72.534	93.000
0.180	-8.000	-50.773	65.000
0.190	-8.000	-35.541	46.000
0.200	-8.000	-24.879	32.000
0.210	-8.000	-17.415	22.000
0.220	-8.000	-12.191	16.000
0.230	-8.000	-8.533	11.000
0.240	-8.000	-5.973	8.000
0.250	-8.000	-4.181	5.000
0.260	-8.000	-2.927	4.000
0.270	-8.000	-2.049	3.000
0.280	-8.000	-1.434	2.000
0.290	-8.000	-1.004	1.000
0.300	-9.000	-30.703	40.000
0.310	-9.000	-21.492	28.000
0.320	-9.000	-15.044	19.000
0.330	-9.000	-10.531	14.000
0.340	-9.000	-7.372	9.000
0.350	-9.000	-5.160	7.000
0.360	-9.000	-3.612	5.000
0.370	-9.000	-2.529	3.000
0.380	-9.000	-1.770	2.000
0.390	-9.000	-1.239	2.000
0.400	-9.000	-0.867	1.000
0.410	-9.000	-0.607	1.000
0.420	-9.000	-0.425	1.000
0.430	-9.000	-0.297	0.000
0.440	-10.000	-30.208	39.000
0.450	-10.000	-21.146	27.000
0.460	-10.000	-14.802	19.000
0.470	-10.000	-10.361	13.000
0.480	-10.000	-7.253	9.000
0.490	-10.000	-5.077	7.000
0.500	-10.000	-3.554	5.000
0.510	-10.000	-2.488	209.000
0.520	-10.000	-1.741	414.000
0.530	-10.000	-1.219	619.000
0.540	-10.000	-0.853	824.000
0.550	-7.000	89.403	914.000
0.560	-4.000	152.582	1038.000
0.570	1.000	256.807	1110.000
0.580	7.000	359.765	1183.000
0.590	15.000	491.836	1219.000
0.600	24.000	614.285	1267.000
0.610	35.000	759.999	1286.000
0.620	48.000	922.000	1283.000
0.630	62.000	1065.400	1304.000
0.640	78.000	1225.780	1304.000
0.650	95.000	1368.046	1326.000
0.660	114.000	1527.632	1327.000
0.670	134.000	1669.342	1350.000
0.680	156.000	1828.540	1351.000
0.690	180.000	1999.978	1336.000
0.700	205.000	2149.984	1349.000
0.710	232.000	2314.989	1342.000
0.720	261.000	2490.492	1322.000
0.730	290.000	2613.345	1370.000
0.740	321.000	2759.341	1388.000
0.750	353.000	2891.539	1424.000
0.760	386.000	3014.077	1472.000
0.770	421.000	3159.854	1490.000
0.780	458.000	3321.898	1487.000
0.790	497.000	3495.328	1470.000
0.800	537.000	3646.730	1481.000
0.810	579.000	3812.711	1473.000
0.820	623.000	3988.898	1452.000
0.830	669.000	4172.228	1422.000
0.840	716.000	4330.560	1424.000
0.850	765.000	4501.392	1410.000
0.860	816.000	4680.974	1385.000
0.870	867.000	4806.682	1429.000
0.880	920.000	4954.677	1444.000
0.890	974.000	5088.274	1478.000
0.900	1031.000	5271.792	1448.000
0.910	1089.000	5430.254	1449.000
0.920	1149.000	5601.178	1435.000
0.930	1211.000	5780.825	1410.000
0.940	1274.000	5936.577	1415.000
0.950	1338.000	6075.604	1442.000
0.960	1404.000	6232.923	1445.000
0.970	1472.000	6403.046	1432.000
0.980	1542.000	6582.132	1408.000
0.990	1613.000	6737.493	1414.000
1.000	1686.000	6906.245	1402.000
1.010	1760.000	7054.371	1417.000
1.020	1836.000	7218.060	1412.000
1.030	1914.000	7392.642	1394.000
1.040	1995.000	7604.849	1326.000
1.050	2075.000	7723.395	1380.000
1.060	2157.000	7866.376	1401.000
1.070	2242.000	8056.463	1363.000
1.080	2328.000	8219.524	1358.000
1.090	2415.000	8363.667	1379.000
1.100	2505.000	8554.567	1339.000
1.110	2595.000	8688.197	1373.000
1.120	2688.000	8871.738	1342.000
1.130	2782.000	9030.216	1344.000
1.140	2877.000	9171.152	1369.000
1.150	2974.000	9329.806	1370.000
1.160	3072.000	9470.864	1395.000
1.170	3171.000	9599.605	1435.000
1.180	3272.000	9749.723	1447.000
1.190	3374.000	9884.806	1479.000
1.200	3478.000	10039.365	1486.000
1.210	3583.000	10177.555	1514.000
1.220	3689.000	10304.289	1557.000
1.230	3799.000	10513.002	1494.000
1.240	3906.000	10569.101	1628.000
1.250	4017.000	10728.371	1628.000
1.260	4129.000	10869.860	1652.000
1.270	4242.000	10998.902	1692.000
1.280	4358.000	11179.231	1666.000
1.290	4474.000	11305.462	1709.000
1.300	4592.000	11453.823	1724.000
1.310	4711.000	11587.676	1757.000
1.320	4832.000	11741.373	1765.000
1.330	4955.000	11908.961	1755.000
1.340	5079.000	12056.273	1772.000
1.350	5205.000	12219.391	1768.000
1.360	5335.000	12453.574	1672.000
1.370	5463.000	12557.502	1744.000
1.380	5594.000	12720.251	1740.000
1.390	5729.000	12954.176	1645.000
1.400	5863.000	13087.923	1679.000
1.410	6001.000	13301.546	1610.000
1.420	6138.000	13421.082	1662.000
1.430	6278.000	13594.758	1644.000
1.440	6421.000	13806.330	1578.000
1.450	6565.000	13984.431	1554.000
1.460	6710.000	14139.102	1561.000
1.470	6858.000	14337.371	1512.000
1.480	7007.000	14506.160	1500.000
1.490	7156.000	14624.312	1554.000
1.500	7308.000	14797.018	1537.000
1.510	7462.000	14977.913	1305.000
1.520	7617.000	15134.539	1103.000
1.530	7774.000	15304.177	885.000
1.540	7932.000	15452.924	693.000
1.550	8090.000	15557.047	559.000
1.560	8249.000	15659.933	427.000
1.570	8407.000	15701.953	373.000
1.580	8566.000	15761.367	297.000
1.590	8725.000	15802.957	243.000
1.600	8883.000	15802.070	244.000
1.610	9041.000	15801.449	245.000
1.620	9198.000	15771.014	284.000
1.630	9356.000	15779.710	273.000
1.640	9514.000	15785.797	265.000
1.650	9669.000	15700.058	375.000
1.660	9826.000	15700.041	375.000
1.670	9981.000	15640.028	453.000
1.680	10136.000	15598.020	507.000
1.690	10291.000	15568.614	545.000
1.700	10446.000	15548.030	571.000
1.710	10601.000	15533.621	590.000
1.720	10759.000	15613.535	487.000
1.730	10913.000	15549.474	569.000
1.740	11069.000	15564.632	550.000
1.750	11226.000	15605.242	497.000
1.760	11382.000	15603.670	499.000
1.770	11539.000	15632.569	462.000
1.780	11696.000	15652.798	436.000
1.790	11853.000	15666.959	418.000
1.800	12010.000	15676.871	405.000
1.810	12167.000	15683.810	396.000
1.820	12327.000	15778.667	274.000
1.830	12482.000	15695.067	382.000
1.840	12643.000	15816.547	226.000
1.850	12798.000	15721.583	348.000
1.860	12956.000	15745.108	317.000
1.870	13113.000	15731.576	335.000
1.880	13271.000	15752.103	308.000
1.890	13430.000	15796.472	251.000
1.900	13589.000	15827.530	211.000
1.910	13747.000	15819.271	222.000
1.920	13905.000	15813.490	230.000
1.930	14062.000	15779.443	273.000
1.940	14221.000	15815.610	227.000
1.950	14376.000	15720.927	349.000
1.960	14534.000	15744.649	318.000
1.970	14690.000	15701.254	374.000
1.980	14849.000	15760.878	297.000
1.990	15003.000	15652.615	437.000
2.000	15161.000	15696.830	380.000
2.010	15315.000	15607.781	494.000
2.020	15470.000	15575.447	536.000
2.030	15625.000	15552.813	565.000
2.040	15783.000	15626.969	470.000
2.050	15937.000	15558.878	557.000
2.060	16093.000	15571.215	541.000
2.070	16249.000	15579.850	530.000
2.080	16405.000	15585.895	522.000
2.090	16562.000	15620.127	478.000
2.100	16719.000	15644.089	447.000
2.110	16875.000	15630.862	465.000
2.120	17032.000	15651.603	438.000
2.130	17188.000	15636.122	458.000
2.140	17347.000	15715.286	356.000
2.150	17502.000	15650.700	439.000
2.160	17660.000	15695.490	381.000
2.170	17817.000	15696.843	380.000
2.180	17974.000	15697.790	378.000
2.190	18133.000	15758.453	300.000
2.200	18289.000	15710.917	361.000
2.210	18446.000	15707.642	366.000
2.220	18603.000	15705.349	369.000
2.230	18760.000	15703.745	371.000
2.240	18917.000	15702.621	372.000
2.250	19075.000	15731.835	335.000
2.260	19234.000	15782.284	270.000
2.270	19389.000	15697.599	379.000
2.280	19547.000	15728.319	339.000
2.290	19703.000	15689.824	389.000
2.300	19859.000	15662.876	423.000
2.310	20016.000	15674.014	409.000
2.320	20170.000	15591.809	515.000
2.330	20325.000	15564.267	550.000
2.340	20480.000	15544.987	575.000
2.350	20635.000	15531.491	592.000
2.360	20789.000	15492.043	643.000
2.370	20944.000	15494.430	640.000
2.380	21098.000	15466.101	677.000
2.390	21253.000	15476.271	663.000
2.400	21408.000	15483.390	654.000
2.410	21563.000	15488.373	648.000
2.420	21720.000	15551.861	566.000
2.430	21872.000	15446.303	702.000
2.440	22030.000	15552.412	565.000
2.450	22186.000	15566.688	547.000
2.460	22342.000	15576.682	534.000
2.470	22498.000	15583.677	525.000
2.480	22656.000	15648.574	442.000
2.490	22811.000	15604.002	499.000
2.500	22968.000	15632.801	462.000
2.510	23125.000	15652.961	436.000
2.520	23283.000	15697.073	379.000
2.530	23439.000	15667.951	417.000
2.540	23596.000	15677.566	404.000
2.550	23754.000	15714.296	357.000
2.560	23911.000	15710.007	363.000
2.570	24068.000	15707.005	367.000
2.580	24226.000	15734.903	331.000
2.590	24386.000	15814.432	228.000
2.600	24541.000	15720.103	350.000
2.610	24698.000	15714.072	357.000
2.620	24855.000	15709.850	363.000
2.630	25012.000	15706.895	367.000
2.640	25170.000	15734.827	331.000
2.650	25325.000	15664.379	421.000
2.660	25482.000	15675.065	408.000
2.670	25638.000	15652.546	437.000
2.680	25796.000	15696.782	380.000
2.690	25951.000	15637.747	456.000
2.700	26107.000	15626.423	470.000
2.710	26263.000	15618.496	480.000
2.720	26418.000	15582.947	526.000
2.730	26575.000	15618.063	481.000
2.740	26732.000	15642.644	449.000
2.750	26886.000	15569.851	543.000
2.760	27042.000	15578.896	531.000
2.770	27199.000	15615.227	485.000
2.780	27359.000	15730.659	336.000
2.790	27514.000	15661.461	425.000
2.800	27670.000	15643.023	449.000
2.810	27826.000	15630.116	465.000
2.820	27983.000	15651.081	438.000
2.830	28140.000	15665.757	420.000
2.840	28298.000	15706.030	368.000
2.850	28455.000	15704.221	370.000
2.860	28613.000	15732.955	333.000
2.870	28772.000	15783.068	269.000
2.880	28932.000	15848.148	185.000
2.890	29091.000	15863.703	165.000
2.900	29248.000	15814.592	228.000
2.910	29407.000	15840.215	195.000
2.920	29566.000	15858.150	172.000
2.930	29724.000	15840.705	194.000
2.940	29881.000	15798.494	249.000
2.950	30039.000	15798.946	248.000
2.960	30196.000	15769.262	286.000
2.970	30354.000	15778.483	275.000
2.980	30511.000	15754.938	305.000
2.990	30668.000	15738.457	326.000
3.000	30825.000	15726.920	341.000
3.010	30979.000	15628.844	467.000
3.020	31136.000	15650.191	440.000
3.030	31288.000	15515.133	613.000
3.040	31446.000	15600.593	503.000
3.050	31598.000	15480.415	658.000
3.060	31753.000	15486.291	651.000
3.070	31907.000	15460.404	684.000
3.080	32063.000	15502.282	630.000
3.090	32218.000	15501.598	631.000
3.100	32374.000	15531.118	593.000
3.110	32530.000	15551.783	566.000
3.120	32686.000	15566.248	548.000
3.130	32843.000	15606.374	496.000
3.140	32999.000	15604.462	498.000
3.150	33156.000	15633.123	462.000
3.160	33313.000	15653.186	436.000
3.170	33469.000	15637.230	456.000
3.180	33626.000	15656.061	432.000
3.190	33782.000	15639.243	454.000
3.200	33940.000	15687.470	392.000
3.210	34098.000	15721.229	348.000
3.220	34254.000	15684.860	395.000
3.230	34413.000	15749.402	312.000
3.240	34568.000	15674.582	408.000
3.250	34725.000	15682.207	398.000
3.260	34883.000	15717.545	353.000
3.270	35040.000	15712.281	360.000
3.280	35197.000	15708.597	364.000
3.290	35354.000	15706.018	368.000
3.300	35511.000	15704.213	370.000
3.310	35667.000	15672.949	410.000
3.320	35825.000	15711.064	361.000
3.330	35979.000	15617.745	481.000
3.340	36135.000	15612.421	488.000
3.350	36291.000	15608.695	493.000
3.360	36446.000	15576.087	535.000
3.370	36603.000	15613.261	487.000
3.380	36755.000	15489.282	647.000
3.390	36910.000	15492.498	643.000
3.400	37064.000	15464.748	678.000
3.410	37218.000	15445.324	703.000
3.420	37373.000	15461.727	682.000
3.430	37528.000	15473.209	667.000
3.440	37682.000	15451.246	696.000
3.450	37838.000	15495.872	638.000
3.460	37993.000	15497.111	637.000
3.470	38150.000	15557.977	558.000
3.480	38306.000	15570.584	542.000
3.490	38462.000	15579.409	531.000
3.500	38619.000	15615.586	484.000
3.510	38776.000	15640.910	452.000
3.520	38933.000	15658.637	429.000
3.530	39090.000	15671.046	413.000
3.540	39250.000	15769.732	286.000
3.550	39405.000	15688.813	390.000
3.560	39562.000	15692.169	386.000
3.570	39722.000	15784.518	267.000
3.580	39879.000	15759.163	299.000
3.590	40034.000	15681.414	399.000
3.600	40192.000	15716.990	354.000
3.610	40349.000	15711.893	360.000
3.620	40506.000	15708.325	365.000
3.630	40663.000	15705.827	368.000
3.640	40819.000	15674.079	409.000
3.650	40978.000	15741.855	322.000
3.660	41132.000	15639.299	454.000
3.670	41289.000	15657.509	430.000
3.680	41445.000	15640.256	452.000
3.690	41601.000	15628.179	468.000
3.700	41757.000	15619.726	479.000
3.710	41913.000	15613.808	486.000
3.720	42069.000	15609.666	492.000
3.730	42226.000	15636.766	457.000
3.740	42381.000	15595.736	510.000
3.750	42538.000	15627.015	469.000
3.760	42692.000	15558.911	557.000
3.770	42848.000	15571.237	541.000
3.780	43004.000	15579.866	530.000
3.790	43161.000	15615.906	484.000
3.800	43318.000	15641.134	451.000
3.810	43475.000	15658.794	429.000
3.820	43633.000	15701.156	374.000
3.830	43790.000	15700.809	375.000
3.840	43946.000	15670.566	413.000
3.850	44104.000	15709.396	363.000
3.860	44261.000	15706.578	367.000
3.870	44418.000	15704.604	370.000
3.880	44576.000	15733.223	333.000
3.890	44733.000	15723.256	346.000
3.900	44891.000	15746.279	316.000
3.910	45048.000	15732.395	334.000
3.920	45206.000	15752.677	308.000
3.930	45364.000	15766.874	289.000
3.940	45522.000	15776.812	277.000
3.950	45680.000	15783.768	268.000
3.960	45838.000	15788.638	261.000
3.970	45995.000	15762.046	296.000
3.980	46153.000	15773.432	281.000
3.990	46310.000	15751.403	309.000
4.000	46467.000	15735.982	329.000
4.010	46623.000	15695.187	382.000
4.020	46779.000	15666.631	418.000
4.030	46936.000	15676.642	406.000
4.040	47092.000	15653.649	435.000
4.050	47247.000	15607.554	494.000
4.060	47403.000	15605.288	497.000
4.070	47556.000	15513.702	615.000
4.080	47714.000	15599.591	505.000
4.090	47869.000	15569.714	543.000
4.100	48022.000	15488.800	647.000
4.110	48177.000	15492.160	643.000
4.120	48333.000	15524.512	601.000
4.130	48490.000	15577.158	534.000
4.140	48648.000	15644.011	448.000
4.150	48804.000	15630.808	465.000
4.160	48959.000	15591.565	515.000
4.170	49118.000	15684.096	396.000
4.180	49274.000	15658.867	428.000
4.190	49430.000	15641.207	451.000
4.200	49588.000	15688.845	390.000
4.210	49745.000	15692.191	386.000
4.220	49903.000	15724.534	344.000
4.230	50062.000	15777.174	276.000
4.240	50218.000	15724.022	345.000
4.250	50377.000	15776.815	277.000
4.260	50534.000	15753.771	306.000
4.270	50689.000	15677.639	404.000
4.280	50846.000	15684.348	396.000
4.290	51004.000	15719.043	351.000
4.300	51160.000	15683.330	397.000
4.310	51319.000	15748.331	313.000
4.320	51475.000	15703.832	371.000
4.330	51632.000	15702.682	372.000
4.340	51789.000	15701.878	373.000
4.350	51944.000	15641.314	451.000
4.360	52100.000	15628.920	467.000
4.370	52256.000	15620.244	478.000
4.380	52411.000	15584.171	525.000
4.390	52567.000	15588.920	518.000
4.400	52724.000	15622.244	476.000
4.410	52879.000	15585.571	523.000
4.420	53032.000	15499.899	633.000
4.430	53187.000	15499.930	633.000
4.440	53342.000	15499.951	633.000
4.450	53498.000	15529.965	594.000
4.460	53653.000	15520.976	606.000
4.470	53809.000	15544.683	575.000
4.480	53965.000	15561.278	554.000
4.490	54121.000	15572.895	539.000
4.500	54278.000	15611.026	490.000
4.510	54435.000	15637.718	456.000
4.520	54591.000	15626.403	470.000
4.530	54748.000	15648.482	442.000
4.540	54906.000	15693.937	383.000
4.550	55062.000	15665.756	420.000
4.560	55219.000	15676.029	406.000
4.570	55377.000	15713.221	359.000
4.580	55534.000	15709.254	364.000
4.590	55691.000	15706.478	367.000
4.600	55849.000	15734.535	331.000
4.610	56006.000	15724.174	344.000
4.620	56166.000	15806.922	238.000
4.630	56322.000	15744.845	318.000
4.640	56482.000	15821.392	219.000
4.650	56639.000	15784.974	266.000
4.660	56794.000	15699.482	376.000
4.670	56952.000	15729.637	337.000
4.680	57107.000	15660.746	426.000
4.690	57263.000	15642.522	450.000
4.700	57419.000	15629.766	466.000
4.710	57574.000	15590.836	516.000
4.720	57729.000	15563.585	551.000
4.730	57885.000	15574.510	537.000
4.740	58040.000	15552.157	566.000
4.750	58194.000	15506.510	625.000
4.760	58349.000	15504.557	627.000
4.770	58504.000	15503.190	629.000
4.780	58660.000	15532.233	591.000
4.790	58816.000	15552.563	565.000
4.800	58971.000	15536.794	586.000
4.810	59127.000	15555.756	561.000
4.820	59283.000	15569.029	544.000
4.830	59439.000	15578.320	532.000
4.840	59596.000	15614.824	485.000
4.850	59753.000	15640.377	452.000
4.860	59910.000	15658.264	429.000
4.870	60067.000	15670.785	413.000
4.880	60224.000	15679.549	402.000
4.890	60381.000	15685.685	394.000
4.900	60539.000	15719.979	350.000
4.910	60697.000	15743.985	319.000
4.920	60854.000	15730.790	336.000
4.930	61012.000	15751.553	309.000
4.940	61170.000	15766.087	291.000
4.950	61329.000	15806.261	239.000
4.960	61488.000	15834.383	203.000
4.970	61644.000	15764.068	293.000
4.980	61800.000	15714.847	356.000
4.990	61958.000	15740.393	324.000
5.000	62116.000	15758.275	301.000
5.010	62274.000	15770.793	284.000
5.020	62432.000	15779.555	273.000
5.030	62588.000	15725.688	342.000
5.040	62744.000	15687.982	391.000
5.050	62900.000	15661.587	425.000
5.060	63058.000	15703.111	372.000
5.070	63213.000	15642.178	450.000
5.080	63366.000	15539.524	582.000
5.090	63521.000	15527.667	597.000
5.100	63676.000	15519.367	608.000
5.110	63832.000	15543.557	577.000
5.120	63986.000	15500.490	632.000
5.130	64141.000	15500.343	632.000
5.140	64296.000	15500.240	633.000
5.150	64453.000	15560.168	555.000
5.160	64607.000	15512.118	617.000
5.170	64763.000	15538.482	583.000
5.180	64919.000	15556.938	560.000
5.190	65078.000	15659.856	427.000
5.200	65233.000	15611.899	489.000
5.210	65391.000	15668.330	416.000
5.220	65547.000	15647.831	443.000
5.230	65704.000	15663.482	423.000
5.240	65862.000	15704.437	370.000
5.250	66019.000	15703.106	372.000
5.260	66179.000	15792.174	257.000
5.270	66335.000	15734.522	331.000
5.280	66493.000	15754.165	306.000
5.290	66652.000	15797.916	250.000
5.300	66810.000	15798.541	249.000
5.310	66967.000	15768.979	287.000
5.320	67124.000	15748.285	313.000
5.330	67279.000	15673.800	409.000
5.340	67436.000	15681.660	399.000
5.350	67592.000	15657.162	431.000
5.360	67750.000	15700.013	376.000
5.370	67906.000	15670.009	414.000
5.380	68062.000	15649.006	441.000
5.390	68220.000	15694.305	383.000
5.400	68375.000	15636.013	458.000
5.410	68530.000	15595.209	510.000
5.420	68685.000	15566.646	547.000
5.430	68840.000	15546.653	573.000
5.440	68995.000	15532.657	591.000
5.450	69151.000	15552.860	565.000
5.460	69307.000	15567.002	547.000
5.470	69460.000	15486.901	650.000
5.480	69615.000	15490.831	645.000
5.490	69771.000	15523.582	603.000
5.500	69926.000	15516.507	612.000
5.510	70082.000	15541.555	579.000
5.520	70238.000	15559.088	557.000
5.530	70395.000	15601.362	502.000
5.540	70551.000	15600.953	503.000
5.550	70709.000	15660.667	426.000
5.560	70866.000	15672.467	411.000
5.570	71022.000	15650.727	439.000
5.580	71177.000	15605.509	497.000
5.590	71334.000	15633.856	461.000
5.600	71490.000	15623.699	474.000
5.610	71647.000	15646.590	444.000
5.620	71805.000	15692.613	385.000
5.630	71962.000	15694.829	382.000
5.640	72120.000	15726.380	342.000
5.650	72276.000	15688.466	390.000
5.660	72434.000	15721.926	347.000
5.670	72591.000	15715.348	356.000
5.680	72748.000	15710.744	362.000
5.690	72905.000	15707.521	366.000
5.700	73062.000	15705.265	369.000
5.710	73218.000	15673.685	409.000
5.720	73374.000	15651.580	438.000
5.730	73530.000	15636.106	458.000
5.740	73686.000	15625.274	472.000
5.750	73841.000	15587.692	520.000
5.760	73997.000	15591.384	515.000
5.770	74152.000	15563.969	551.000
5.780	74307.000	15544.778	575.000
5.790	74463.000	15561.345	554.000
5.800	74619.000	15572.941	539.000
5.810	74774.000	15551.059	567.000
5.820	74932.000	15625.741	471.000
5.830	75089.000	15648.019	442.000
5.840	75244.000	15603.613	500.000
5.850	75400.000	15602.529	501.000
5.860	75557.000	15631.770	463.000
5.870	75714.000	15652.239	437.000
5.880	75871.000	15666.568	419.000
5.890	76028.000	15676.597	406.000
5.900	76184.000	15653.618	435.000
5.910	76342.000	15697.533	379.000
5.920	76499.000	15698.273	378.000
5.930	76656.000	15698.791	377.000
5.940	76814.000	15729.154	338.000
5.950	76971.000	15720.408	349.000
5.960	77129.000	15744.285	319.000
5.970	77290.000	15851.000	181.000
5.980	77446.000	15775.700	278.000
5.990	77602.000	15722.990	346.000
6.000	77760.000	15746.093	316.000
6.010	77917.000	15732.265	334.000
6.020	78074.000	15722.586	346.000
6.030	78231.000	15715.810	355.000
6.040	78389.000	15741.067	323.000
6.050	78544.000	15668.747	416.000
6.060	78701.000	15678.123	404.000
6.070	78858.000	15684.686	395.000
6.080	79014.000	15659.280	428.000
6.090	79171.000	15671.496	412.000
6.100	79327.000	15650.047	440.000
6.110	79482.000	15605.033	498.000
6.120	79638.000	15603.523	500.000
6.130	79794.000	15602.466	501.000
6.140	79950.000	15601.726	502.000
6.150	80106.000	15601.208	503.000
6.160	80263.000	15630.846	465.000
6.170	80418.000	15591.592	515.000
6.180	80574.000	15594.114	512.000
6.190	80731.000	15625.880	471.000
6.200	80888.000	15648.116	442.000
6.210	81045.000	15663.681	422.000
6.220	81201.000	15644.577	447.000
6.230	81358.000	15661.204	425.000
6.240	81515.000	15672.843	410.000
6.250	81673.000	15710.990	361.000
6.260	81832.000	15767.693	288.000
6.270	81988.000	15717.385	353.000
6.280	82147.000	15772.170	283.000
6.290	82303.000	15720.519	349.000
6.300	82459.000	15684.363	396.000
6.310	82617.000	15719.054	351.000
6.320	82774.000	15713.338	358.000
6.330	82931.000	15709.337	364.000
6.340	83089.000	15736.536	329.000
6.350	83246.000	15725.575	343.000
6.360	83402.000	15687.902	391.000
6.370	83560.000	15721.532	348.000
6.380	83716.000	15685.072	395.000
6.390	83872.000	15659.551	428.000
6.400	84027.000	15611.685	489.000
6.410	84182.000	15578.180	532.000
6.420	84338.000	15584.726	524.000
6.430	84492.000	15529.308	595.000
6.440	84647.000	15520.516	606.000
6.450	84803.000	15544.361	576.000
6.460	84957.000	15501.053	632.000
6.470	85111.000	15470.737	671.000
6.480	85265.000	15449.516	698.000
6.490	85423.000	15554.661	563.000
6.500	85575.000	15448.263	699.000
6.510	85730.000	15463.784	679.000
6.520	85887.000	15534.649	588.000
6.530	86040.000	15464.254	679.000
6.540	86198.000	15564.978	549.000
6.550	86353.000	15545.485	574.000
6.560	86509.000	15561.839	553.000
6.570	86665.000	15573.287	539.000
6.580	86821.000	15581.301	528.000
6.590	86977.000	15586.911	521.000
6.600	87133.000	15590.838	516.000
6.610	87293.000	15713.586	358.000
6.620	87447.000	15619.510	479.000
6.630	87603.000	15613.657	487.000
6.640	87760.000	15639.560	453.000
6.650	87917.000	15657.692	430.000
6.660	88076.000	15730.384	336.000
6.670	88232.000	15691.269	387.000
6.680	88389.000	15693.888	383.000
6.690	88547.000	15725.722	342.000
6.700	88704.000	15718.005	352.000
6.710	88862.000	15742.604	321.000
6.720	89017.000	15669.823	414.000
6.730	89174.000	15678.876	403.000
6.740	89330.000	15655.213	433.000
6.750	89487.000	15668.649	416.000
6.760	89642.000	15618.054	481.000
6.770	89798.000	15612.638	488.000
6.780	89955.000	15638.847	454.000
6.790	90109.000	15567.193	546.000
6.800	90263.000	15517.035	611.000
6.810	90418.000	15511.924	618.000
6.820	90573.000	15508.347	622.000
6.830	90728.000	15505.843	625.000
6.840	90883.000	15504.090	628.000
6.850	91040.000	15562.863	552.000
6.860	91194.000	15514.004	615.000
6.870	91350.000	15539.803	582.000
6.880	91507.000	15587.862	520.000
6.890	91665.000	15651.503	438.000
6.900	91823.000	15696.052	381.000
6.910	91979.000	15667.237	418.000
6.920	92136.000	15677.066	405.000
6.930	92294.000	15713.946	358.000
6.940	92452.000	15739.762	324.000
6.950	92611.000	15787.834	263.000
6.960	92768.000	15761.483	296.000
6.970	92929.000	15863.038	166.000
6.980	93085.000	15784.127	267.000
6.990	93243.000	15788.889	261.000
7.000	93403.000	15852.222	180.000
7.010	93559.000	15776.556	0.000
7.020	93717.000	15783.589	0.000
7.030	93873.000	15728.512	0.000
7.040	94029.000	15689.959	0.000
7.050	94186.000	15692.971	0.000
7.060	94343.000	15695.080	0.000
7.070	94499.000	15666.556	0.000
7.080	94651.000	15526.589	0.000
7.090	94804.000	15458.612	0.000
7.100	94957.000	15411.029	0.000
7.110	95110.000	15377.720	0.000
7.120	95261.000	15294.404	0.000
7.130	95409.000	15146.083	0.000
7.140	95558.000	15072.258	0.000
7.150	95706.000	14990.581	0.000
7.160	95853.000	14903.406	0.000
7.170	96000.000	14842.384	0.000
7.180	96146.000	14769.669	0.000
7.190	96291.000	14688.768	0.000
7.200	96436.000	14632.138	0.000
7.210	96580.000	14562.497	0.000
7.220	96724.000	14513.748	0.000
7.230	96865.000	14389.623	0.000
7.240	97008.000	14362.736	0.000
7.250	97151.000	14343.915	0.000
7.260	97291.000	14240.741	0.000
7.270	97431.000	14168.519	0.000
7.280	97570.000	14087.963	0.000
7.290	97710.000	14061.574	0.000
7.300	97849.000	14013.102	0.000
7.310	97988.000	13979.171	0.000
7.320	98125.000	13895.420	0.000
7.330	98263.000	13866.794	0.000
7.340	98400.000	13816.756	0.000
7.350	98536.000	13751.729	0.000
7.360	98671.000	13676.210	0.000
7.370	98807.000	13653.347	0.000
7.380	98942.000	13607.343	0.000
7.390	99077.000	13575.140	0.000
7.400	99210.000	13492.598	0.000
7.410	99343.000	13434.819	0.000
7.420	99475.000	13364.373	0.000
7.430	99606.000	13285.061	0.000
7.440	99737.000	13229.543	0.000
7.450	99867.000	13160.680	0.000
7.460	99995.000	13052.476	0.000
7.470	100123.000	12976.733	0.000
7.480	100250.000	12893.713	0.000
7.490	100376.000	12805.599	0.000
7.500	100501.000	12713.919	0.000
7.510	100625.000	12619.744	0.000
7.520	100747.000	12493.821	0.000
7.530	100869.000	12405.674	0.000
7.540	100990.000	12313.972	0.000
7.550	101110.000	12219.780	0.000
7.560	101230.000	12153.846	0.000
7.570	101348.000	12047.692	0.000
7.580	101466.000	11973.385	0.000
7.590	101582.000	11861.369	0.000
7.600	101698.000	11782.958	0.000
7.610	101813.000	11698.071	0.000
7.620	101928.000	11638.650	0.000
7.630	102042.000	11567.055	0.000
7.640	102155.000	11486.938	0.000
7.650	102268.000	11430.857	0.000
7.660	102380.000	11361.600	0.000
7.670	102492.000	11313.120	0.000
7.680	102603.000	11249.184	0.000
7.690	102713.000	11174.429	0.000
7.700	102823.000	11122.100	0.000
7.710	102933.000	11085.470	0.000
7.720	103041.000	10999.829	0.000
7.730	103149.000	10939.880	0.000
7.740	103256.000	10867.916	0.000
7.750	103363.000	10817.541	0.000
7.760	103470.000	10782.279	0.000
7.770	103576.000	10727.595	0.000
7.780	103681.000	10659.317	0.000
7.790	103786.000	10611.522	0.000
7.800	103890.000	10548.065	0.000
7.810	103994.000	10503.646	0.000
7.820	104097.000	10442.552	0.000
7.830	104199.000	10369.786	0.000
7.840	104301.000	10318.850	0.000
7.850	104402.000	10253.195	0.000
7.860	104503.000	10207.237	0.000
7.870	104603.000	10145.066	0.000
7.880	104702.000	10071.546	0.000
7.890	104801.000	10020.082	0.000
7.900	104899.000	9954.058	0.000
7.910	104996.000	9877.840	0.000
7.920	105093.000	9824.488	0.000
7.930	105189.000	9757.142	0.000
7.940	105284.000	9679.999	0.000
7.950	105379.000	9625.999	0.000
7.960	105472.000	9528.200	0.000
7.970	105568.000	9549.740	0.000
7.980	105657.000	9354.818	0.000
7.990	105749.000	9308.372	0.000
8.000	105839.000	9215.861	0.000
8.010	105929.000	9151.103	0.000
8.020	106018.000	9075.772	0.000
8.030	106106.000	8993.040	0.000
8.040	106194.000	8935.128	0.000
8.050	106281.000	8864.590	0.000
8.060	106367.000	8785.213	0.000
8.070	106452.000	8699.649	0.000
8.080	106537.000	8639.754	0.000
8.090	106621.000	8567.828	0.000
8.100	106704.000	8487.480	0.000
8.110	106787.000	8431.236	0.000
8.120	106869.000	8361.865	0.000
8.130	106950.000	8283.306	0.000
8.140	107031.000	8228.314	0.000
8.150	107111.000	8159.820	0.000
8.160	107192.000	8141.874	0.000
8.170	107271.000	8069.312	0.000
8.180	107350.000	8018.518	0.000
8.190	107429.000	7982.963	0.000
8.200	107508.000	7958.074	0.000
8.210	107586.000	7910.652	0.000
8.220	107664.000	7877.456	0.000
8.230	107741.000	7824.219	0.000
8.240	107817.000	7756.954	0.000
8.250	107893.000	7709.867	0.000
8.260	107969.000	7676.907	0.000
8.270	108045.000	7653.835	0.000
8.280	108120.000	7607.685	0.000
8.290	108194.000	7545.379	0.000
8.300	108269.000	7531.765	0.000
8.310	108343.000	7492.236	0.000
8.320	108417.000	7464.565	0.000
8.330	108490.000	7415.196	0.000
8.340	108563.000	7380.637	0.000
8.350	108635.000	7326.446	0.000
8.360	108708.000	7318.512	0.000
8.370	108780.000	7282.958	0.000
8.380	108852.000	7258.071	0.000
8.390	108923.000	7210.650	0.000
8.400	108994.000	7177.455	0.000
8.410	109065.000	7154.218	0.000
8.420	109136.000	7137.953	0.000
8.430	109207.000	7126.567	0.000
8.440	109277.000	7088.597	0.000
8.450	109347.000	7062.018	0.000
8.460	109416.000	7013.412	0.000
8.470	109485.000	6979.389	0.000
8.480	109555.000	6985.572	0.000
8.490	109622.000	6899.900	0.000
8.500	109689.000	6839.930	0.000
8.510	109756.000	6797.951	0.000
8.520	109823.000	6768.566	0.000
8.530	109889.000	6717.996	0.000
8.540	109954.000	6652.597	0.000
8.550	110018.000	6576.818	0.000
8.560	110083.000	6553.773	0.000
8.570	110152.000	6657.641	0.000
8.580	110209.000	6370.349	0.000
8.590	110271.000	6319.244	0.000
8.600	110332.000	6253.471	0.000
8.610	110393.000	6207.430	0.000
8.620	110452.000	6115.201	0.000
8.630	110511.000	6050.640	0.000
8.640	110569.000	5975.448	0.000
8.650	110626.000	5892.814	0.000
8.660	110682.000	5804.970	0.000
8.670	110738.000	5743.479	0.000
8.680	110793.000	5670.435	0.000
8.690	110846.000	5559.305	0.000
8.700	110898.000	5451.513	0.000
8.710	110950.000	5376.059	0.000
8.720	111001.000	5293.241	0.000
8.730	111051.000	5205.269	0.000
8.740	111100.000	5113.688	0.000
8.750	111148.000	5019.582	0.000
8.760	111195.000	4923.707	0.000
8.770	111242.000	4856.595	0.000
8.780	111287.000	4749.617	0.000
8.790	111331.000	4644.732	0.000
8.800	111375.000	4571.312	0.000
8.810	111418.000	4489.918	0.000
8.820	111459.000	4372.943	0.000
8.830	111501.000	4321.060	0.000
8.840	111541.000	4224.742	0.000
8.850	111580.000	4127.319	0.000
8.860	111619.000	4059.124	0.000
8.870	111657.000	3981.387	0.000
8.880	111694.000	3896.971	0.000
8.890	111730.000	3807.879	0.000
8.900	111766.000	3745.516	0.000
8.910	111801.000	3671.861	0.000
8.920	111835.000	3590.303	0.000
8.930	111868.000	3503.212	0.000
8.940	111901.000	3442.248	0.000
8.950	111933.000	3369.574	0.000
8.960	111964.000	3288.702	0.000
8.970	111995.000	3232.091	0.000
8.980	112025.000	3162.464	0.000
8.990	112054.000	3083.725	0.000
9.000	112083.000	3028.607	0.000
9.010	112110.000	2930.025	0.000
9.020	112137.000	2861.018	0.000
9.030	112163.000	2782.712	0.000
9.040	112189.000	2727.899	0.000
9.050	112214.000	2659.529	0.000
9.060	112238.000	2581.670	0.000
9.070	112263.000	2557.169	0.000
9.080	112286.000	2480.018	0.000
9.090	112309.000	2426.013	0.000
9.100	112331.000	2358.209	0.000
9.110	112352.000	2280.746	0.000
9.120	112373.000	2226.522	0.000
9.130	112393.000	2158.566	0.000
9.140	112412.000	2080.996	0.000
9.150	112431.000	2026.697	0.000
9.160	112449.000	1958.688	0.000
9.170	112467.000	1911.082	0.000
9.180	112484.000	1847.757	0.000
9.190	112501.000	1803.430	0.000
9.200	112517.000	1742.401	0.000
9.210	112533.000	1699.681	0.000
9.220	112548.000	1639.776	0.000
9.230	112562.000	1567.844	0.000
9.240	112576.000	1517.490	0.000
9.250	112590.000	1482.243	0.000
9.260	112602.000	1397.570	0.000
9.270	112614.000	1338.299	0.000
9.280	112626.000	1296.809	0.000
9.290	112636.000	1207.767	0.000
9.300	112646.000	1145.437	0.000
9.310	112656.000	1101.806	0.000
9.320	112665.000	1041.264	0.000
9.330	112673.000	968.885	0.000
9.340	112681.000	918.219	0.000
9.350	112688.000	852.754	0.000
9.360	112695.000	806.927	0.000
9.370	112701.000	744.849	0.000
9.380	112708.000	731.394	0.000
9.390	112713.000	661.976	0.000
9.400	112718.000	613.383	0.000
9.410	112723.000	579.368	0.000
9.420	112727.000	525.558	0.000
9.430	112731.000	487.890	0.000
9.440	112735.000	461.523	0.000
9.450	112738.000	413.066	0.000
9.460	112740.000	349.146	0.000
9.470	112743.000	334.403	0.000
9.480	112745.000	294.082	0.000
9.490	112746.000	235.857	0.000
9.500	112747.000	195.100	0.000
9.510	112748.000	166.570	0.000
9.520	112748.000	116.599	0.000
9.530	112748.000	81.619	0.000
9.540	112748.000	57.134	0.000
9.550	112748.000	39.993	0.000
9.560	112748.000	27.995	0.000
9.570	112746.000	-40.403	0.000
9.580	112745.000	-58.282	0.000
9.590	112743.000	-100.798	0.000
9.600	112741.000	-130.558	0.000
9.610	112738.000	-181.391	0.000
9.620	112736.000	-186.974	0.000
9.630	112733.000	-220.881	0.000
9.640	112730.000	-244.617	0.000
9.650	112728.000	-231.232	0.000
9.660	112725.000	-251.862	0.000
9.670	112722.000	-266.304	0.000
9.680	112719.000	-276.413	0.000
9.690	112717.000	-253.489	0.000
9.700	112714.000	-267.442	0.000
9.710	112711.000	-277.210	0.000
9.720	112709.000	-254.047	0.000
9.730	112706.000	-267.833	0.000
9.740	112704.000	-247.483	0.000
9.750	112701.000	-263.238	0.000
9.760	112699.000	-244.267	0.000
9.770	112697.000	-230.987	0.000
9.780	112695.000	-221.691	0.000
9.790	112693.000	-215.183	0.000
9.800	112692.000	-180.628	0.000
9.810	112690.000	-186.440	0.000
9.820	112689.000	-160.508	0.000
9.830	112688.000	-142.356	0.000
9.840	112687.000	-129.649	0.000
9.850	112686.000	-120.754	0.000
9.860	112685.000	-114.528	0.000
9.870	112684.000	-110.170	0.000
9.880	112684.000	-77.119	0.000
9.890	112683.000	-83.983	0.000
9.900	112683.000	-58.788	0.000
9.910	112683.000	-41.152	0.000
9.920	112683.000	-28.806	0.000
9.930	112683.000	-20.164	0.000
9.940	112683.000	-14.115	0.000
9.950	112683.000	-9.881	0.000
9.960	112683.000	-6.916	0.000
9.970	112683.000	-4.841	0.000
9.980	112684.000	26.611	0.000
9.990	112684.000	18.628	0.000
10.000	112685.000	43.039	0.000
10.010	112686.000	60.128	0.000
10.020	112687.000	72.089	0.000
10.030	112688.000	80.463	0.000
10.040	112688.000	56.324	0.000
10.050	112689.000	69.427	0.000
10.060	112690.000	78.599	0.000
10.070	112691.000	85.019	0.000
10.080	112691.000	59.513	0.000
10.090	112692.000	71.659	0.000
10.100	112693.000	80.162	0.000
10.110	112693.000	56.113	0.000
10.120	112694.000	69.279	0.000
10.130	112694.000	48.495	0.000
10.140	112694.000	33.947	0.000
10.150	112694.000	23.763	0.000
10.160	112695.000	46.634	0.000
10.170	112695.000	32.644	0.000
10.180	112695.000	22.851	0.000
10.190	112695.000	15.995	0.000
10.200	112695.000	11.197	0.000
10.210	112695.000	7.838	0.000
10.220	112695.000	5.486	0.000
10.230	112695.000	3.841	0.000
10.240	112695.000	2.688	0.000
10.250	112694.000	-28.118	0.000
10.260	112694.000	-19.683	0.000
10.270	112693.000	-43.778	0.000
10.280	112693.000	-30.645	0.000
10.290	112693.000	-21.451	0.000
10.300	112692.000	-45.016	0.000
10.310	112692.000	-31.511	0.000
10.320	112691.000	-52.058	0.000
10.330	112691.000	-36.440	0.000
10.340	112691.000	-25.508	0.000
10.350	112690.000	-47.856	0.000
10.360	112690.000	-33.499	0.000
10.370	112690.000	-23.449	0.000
10.380	112690.000	-16.415	0.000
10.390	112690.000	-11.490	0.000
10.400	112690.000	-8.043	0.000
10.410	112690.000	-5.630	0.000
10.420	112690.000	-3.941	0.000
10.430	112690.000	-2.759	0.000
10.440	112690.000	-1.931	0.000
10.450	112690.000	-1.352	0.000
10.460	112690.000	-0.946	0.000
10.470	112690.000	-0.662	0.000
10.480	112690.000	-0.464	0.000
10.490	112690.000	-0.325	0.000
10.500	112690.000	-0.227	0.000
10.510	112690.000	-0.159	0.000
10.520	112690.000	-0.111	0.000
10.530	112691.000	29.922	0.000
10.540	112691.000	20.945	0.000
10.550	112691.000	14.662	0.000
10.560	112691.000	10.263	0.000
10.570	112691.000	7.184	0.000
10.580	112692.000	35.029	0.000
10.590	112692.000	24.520	0.000
10.600	112692.000	17.164	0.000
10.610	112692.000	12.015	0.000
10.620	112692.000	8.410	0.000
10.630	112692.000	5.887	0.000
10.640	112692.000	4.121	0.000
10.650	112692.000	2.885	0.000
10.660	112692.000	2.019	0.000
10.670	112692.000	1.414	0.000
10.680	112692.000	0.989	0.000
10.690	112692.000	0.693	0.000
10.700	112692.000	0.485	0.000
10.710	112692.000	0.339	0.000
10.720	112692.000	0.238	0.000
10.730	112692.000	0.166	0.000
10.740	112692.000	0.116	0.000
10.750	112692.000	0.081	0.000
10.760	112692.000	0.057	0.000
10.770	112692.000	0.040	0.000
10.780	112692.000	0.028	0.000
10.790	112692.000	0.020	0.000
10.800	112692.000	0.014	0.000
10.810	112692.000	0.010	0.000
10.820	112692.000	0.007	0.000
10.830	112692.000	0.005	0.000
10.840	112692.000	0.003	0.000
10.850	112692.000	0.002	0.000
10.860	112692.000	0.002	0.000
10.870	112692.000	0.001	0.000
10.880	112692.000	0.001	0.000
10.890	112692.000	0.001	0.000
10.900	112692.000	0.000	0.000
10.910	112692.000	0.000	0.000
10.920	112692.000	0.000	0.000
10.930	112692.000	0.000	0.000
10.940	112692.000	0.000	0.000
10.950	112692.000	0.000	0.000
10.960	112692.000	0.000	0.000
10.970	112692.000	0.000	0.000
10.980	112692.000	0.000	0.000
10.990	112692.000	0.000	0.000
11.000	112692.000	0.000	0.000
11.010	112692.000	0.000	0.000
11.020	112692.000	0.000	0.000
11.030	112692.000	0.000	0.000
11.040	112693.000	30.000	0.000
11.050	112693.000	21.000	0.000
11.060	112693.000	14.700	0.000
11.070	112693.000	10.290	0.000
11.080	112693.000	7.203	0.000
11.090	112693.000	5.042	0.000
11.100	112693.000	3.529	0.000
11.110	112693.000	2.471	0.000
11.120	112693.000	1.729	0.000
11.130	112693.000	1.211	0.000
11.140	112693.000	0.847	0.000
11.150	112693.000	0.593	0.000
11.160	112693.000	0.415	0.000
11.170	112693.000	0.291	0.000
11.180	112693.000	0.203	0.000
11.190	112693.000	0.142	0.000
11.200	112693.000	0.100	0.000
11.210	112693.000	0.070	0.000
11.220	112693.000	0.049	0.000
11.230	112692.000	-29.966	0.000
11.240	112692.000	-20.976	0.000
11.250	112692.000	-14.683	0.000
11.260	112692.000	-10.278	0.000
11.270	112692.000	-7.195	0.000
11.280	112692.000	-5.036	0.000
11.290	112692.000	-3.525	0.000
11.300	112693.000	27.532	0.000
11.310	112695.000	79.273	0.000
11.320	112698.000	145.491	0.000
11.330	112701.000	191.844	0.000
11.340	112705.000	254.290	0.000
11.350	112710.000	328.003	0.000
11.360	112715.000	379.602	0.000
11.370	112720.000	415.722	0.000
11.380	112726.000	471.005	0.000
11.390	112732.000	509.704	0.000
11.400	112738.000	536.793	0.000
11.410	112745.000	585.755	0.000
11.420	112750.000	560.028	0.000
11.430	112756.000	572.020	0.000
11.440	112761.000	550.414	0.000
11.450	112766.000	535.290	0.000
11.460	112771.000	524.703	0.000
11.470	112775.000	487.292	0.000
11.480	112779.000	461.104	0.000
11.490	112783.000	442.773	0.000
11.500	112786.000	399.941	0.000
11.510	112789.000	369.959	0.000
11.520	112792.000	348.971	0.000
11.530	112794.000	304.280	0.000
11.540	112795.000	242.996	0.000
11.550	112797.000	230.097	0.000
11.560	112797.000	161.068	0.000
11.570	112798.000	142.748	0.000
11.580	112798.000	99.923	0.000
11.590	112798.000	69.946	0.000
11.600	112798.000	48.962	0.000
11.610	112797.000	4.274	0.000
11.620	112795.000	-57.008	0.000
11.630	112793.000	-99.906	0.000
11.640	112790.000	-159.934	0.000
11.650	112788.000	-171.954	0.000
11.660	112785.000	-210.368	0.000
11.670	112782.000	-237.257	0.000
11.680	112778.000	-286.080	0.000
11.690	112775.000	-290.256	0.000
11.700	112771.000	-323.179	0.000
11.710	112768.000	-316.226	0.000
11.720	112764.000	-341.358	0.000
11.730	112760.000	-358.950	0.000
11.740	112757.000	-341.265	0.000
11.750	112753.000	-358.886	0.000
11.760	112749.000	-371.220	0.000
11.770	112746.000	-349.854	0.000
11.780	112743.000	-334.898	0.000
11.790	112739.000	-354.428	0.000
11.800	112736.000	-338.100	0.000
11.810	112733.000	-326.670	0.000
11.820	112730.000	-318.669	0.000
11.830	112727.000	-313.068	0.000
11.840	112725.000	-279.148	0.000
11.850	112723.000	-255.403	0.000
11.860	112720.000	-268.782	0.000
11.870	112718.000	-248.148	0.000
11.880	112717.000	-203.703	0.000
11.890	112715.000	-202.592	0.000
11.900	112714.000	-171.815	0.000
11.910	112713.000	-150.270	0.000
11.920	112712.000	-135.189	0.000
11.930	112711.000	-124.632	0.000
11.940	112710.000	-117.243	0.000
11.950	112710.000	-82.070	0.000
11.960	112709.000	-87.449	0.000
11.970	112709.000	-61.214	0.000
11.980	112709.000	-42.850	0.000
11.990	112709.000	-29.995	0.000
12.000	112709.000	-20.996	0.000
12.010	112710.000	15.302	0.000
12.020	112712.000	70.712	0.000
12.030	112714.000	109.498	0.000
12.040	112715.000	106.649	0.000
12.050	112717.000	134.654	0.000
12.060	112719.000	154.258	0.000
12.070	112721.000	167.981	0.000
12.080	112723.000	177.586	0.000
12.090	112725.000	184.310	0.000
12.100	112727.000	189.017	0.000
12.110	112728.000	162.312	0.000
12.120	112730.000	173.618	0.000
12.130	112731.000	151.533	0.000
12.140	112733.000	166.073	0.000
12.150	112734.000	146.251	0.000
12.160	112735.000	132.376	0.000
12.170	112736.000	122.663	0.000
12.180	112737.000	115.864	0.000
12.190	112738.000	111.105	0.000
12.200	112738.000	77.773	0.000
12.210	112739.000	84.441	0.000
12.220	112739.000	59.109	0.000
12.230	112739.000	41.376	0.000
12.240	112739.000	28.963	0.000
12.250	112739.000	20.274	0.000
12.260	112739.000	14.192	0.000
12.270	112739.000	9.934	0.000
12.280	112739.000	6.954	0.000
12.290	112738.000	-25.132	0.000
12.300	112737.000	-47.592	0.000
12.310	112736.000	-63.315	0.000
12.320	112735.000	-74.320	0.000
12.330	112734.000	-82.024	0.000
12.340	112733.000	-87.417	0.000
12.350	112732.000	-91.192	0.000
12.360	112731.000	-93.834	0.000
12.370	112730.000	-95.684	0.000
12.380	112729.000	-96.979	0.000
12.390	112728.000	-97.885	0.000
12.400	112727.000	-98.520	0.000
12.410	112726.000	-98.964	0.000
12.420	112726.000	-69.275	0.000
12.430	112725.000	-78.492	0.000
12.440	112725.000	-54.945	0.000
12.450	112724.000	-68.461	0.000
12.460	112724.000	-47.923	0.000
12.470	112724.000	-33.546	0.000
12.480	112723.000	-53.482	0.000
12.490	112723.000	-37.438	0.000
12.500	112723.000	-26.206	0.000
12.510	112723.000	-18.344	0.000
12.520	112723.000	-12.841	0.000
12.530	112723.000	-8.989	0.000
12.540	112723.000	-6.292	0.000
12.550	112723.000	-4.404	0.000
12.560	112724.000	26.917	0.000
12.570	112724.000	18.842	0.000
12.580	112725.000	43.189	0.000
12.590	112725.000	30.232	0.000
12.600	112726.000	51.163	0.000
12.610	112727.000	65.814	0.000
12.620	112727.000	46.070	0.000
12.630	112728.000	62.249	0.000
12.640	112728.000	43.574	0.000
12.650	112729.000	60.502	0.000
12.660	112729.000	42.351	0.000
12.670	112729.000	29.646	0.000
12.680	112730.000	50.752	0.000
12.690	112730.000	35.527	0.000
12.700	112730.000	24.869	0.000
12.710	112730.000	17.408	0.000
12.720	112730.000	12.186	0.000
12.730	112730.000	8.530	0.000
12.740	112730.000	5.971	0.000
12.750	112730.000	4.180	0.000
12.760	112730.000	2.926	0.000
12.770	112730.000	2.048	0.000
12.780	112730.000	1.434	0.000
12.790	112730.000	1.004	0.000
12.800	112730.000	0.702	0.000
12.810	112730.000	0.492	0.000
12.820	112729.000	-29.656	0.000
12.830	112729.000	-20.759	0.000
12.840	112729.000	-14.531	0.000
12.850	112728.000	-40.172	0.000
12.860	112728.000	-28.120	0.000
12.870	112728.000	-19.684	0.000
12.880	112727.000	-43.779	0.000
12.890	112727.000	-30.645	0.000
12.900	112727.000	-21.452	0.000
12.910	112727.000	-15.016	0.000
12.920	112727.000	-10.511	0.000
12.930	112727.000	-7.358	0.000
12.940	112727.000	-5.151	0.000
12.950	112727.000	-3.605	0.000
12.960	112727.000	-2.524	0.000
12.970	112727.000	-1.767	0.000
12.980	112727.000	-1.237	0.000
12.990	112727.000	-0.866	0.000
13.000	112727.000	-0.606	0.000
13.010	112727.000	-0.424	0.000
13.020	112727.000	-0.297	0.000
13.030	112727.000	-0.208	0.000
13.040	112727.000	-0.145	0.000
13.050	112727.000	-0.102	0.000
13.060	112727.000	-0.071	0.000
13.070	112727.000	-0.050	0.000
13.080	112728.000	29.965	0.000
13.090	112728.000	20.976	0.000
13.100	112728.000	14.683	0.000
13.110	112728.000	10.278	0.000
13.120	112728.000	7.195	0.000
13.130	112728.000	5.036	0.000
13.140	112728.000	3.525	0.000
13.150	112728.000	2.468	0.000
13.160	112728.000	1.727	0.000
13.170	112728.000	1.209	0.000
13.180	112728.000	0.846	0.000
13.190	112728.000	0.593	0.000
13.200	112728.000	0.415	0.000
13.210	112728.000	0.290	0.000
13.220	112728.000	0.203	0.000
13.230	112728.000	0.142	0.000
13.240	112728.000	0.100	0.000
13.250	112728.000	0.070	0.000
13.260	112728.000	0.049	0.000
13.270	112728.000	0.034	0.000
13.280	112728.000	0.024	0.000
13.290	112728.000	0.017	0.000
13.300	112728.000	0.012	0.000
13.310	112728.000	0.008	0.000
13.320	112728.000	0.006	0.000
13.330	112728.000	0.004	0.000
13.340	112728.000	0.003	0.000
13.350	112728.000	0.002	0.000
13.360	112728.000	0.001	0.000
13.370	112728.000	0.001	0.000
13.380	112728.000	0.001	0.000
13.390	112728.000	0.000	0.000
13.400	112728.000	0.000	0.000
13.410	112728.000	0.000	0.000
13.420	112728.000	0.000	0.000
13.430	112728.000	0.000	0.000
13.440	112728.000	0.000	0.000
13.450	112728.000	0.000	0.000
13.460	112728.000	0.000	0.000
13.470	112728.000	0.000	0.000
13.480	112728.000	0.000	0.000
13.490	112728.000	0.000	0.000
13.500	112728.000	0.000	0.000
13.510	112728.000	0.000	0.000
13.520	112728.000	0.000	0.000
13.530	112728.000	0.000	0.000
13.540	112728.000	0.000	0.000
13.550	112728.000	0.000	0.000
13.560	112728.000	0.000	0.000
13.570	112728.000	0.000	0.000
13.580	112728.000	0.000	0.000
13.590	112728.000	0.000	0.000
13.600	112728.000	0.000	0.000
13.610	112728.000	0.000	0.000
13.620	112728.000	0.000	0.000
13.630	112728.000	0.000	0.000
13.640	112728.000	0.000	0.000
13.650	112728.000	0.000	0.000
13.660	112728.000	0.000	0.000
13.670	112728.000	0.000	0.000
13.680	112728.000	0.000	0.000
13.690	112728.000	0.000	0.000
13.700	112728.000	0.000	0.000
13.710	112728.000	0.000	0.000
13.720	112728.000	0.000	0.000
13.730	112728.000	0.000	0.000
13.740	112728.000	0.000	0.000
13.750	112728.000	0.000	0.000
13.760	112728.000	0.000	0.000
13.770	112728.000	0.000	0.000
13.780	112728.000	0.000	0.000
13.790	112728.000	0.000	0.000
13.800	112728.000	0.000	0.000
13.810	112728.000	0.000	0.000
13.820	112728.000	0.000	0.000
13.830	112728.000	0.000	0.000
13.840	112728.000	0.000	0.000
13.850	112728.000	0.000	0.000
13.860	112728.000	0.000	0.000
13.870	112728.000	0.000	0.000
13.880	112728.000	0.000	0.000
13.890	112728.000	0.000	0.000
13.900	112728.000	0.000	0.000
13.910	112728.000	0.000	0.000
13.920	112728.000	0.000	0.000
13.930	112728.000	0.000	0.000
13.940	112728.000	0.000	0.000
13.950	112728.000	0.000	0.000
13.960	112728.000	0.000	0.000
13.970	112728.000	0.000	0.000
13.980	112728.000	0.000	0.000
13.990	112728.000	0.000	0.000
14.000	112728.000	0.000	0.000
14.010	112728.000	0.000	0.000
14.020	112728.000	0.000	0.000
14.030	112728.000	0.000	0.000
14.040	112728.000	0.000	0.000
14.050	112728.000	0.000	0.000
14.060	112728.000	0.000	0.000
14.070	112728.000	0.000	0.000
14.080	112728.000	0.000	0.000
14.090	112728.000	0.000	0.000
14.100	112728.000	0.000	0.000
14.110	112728.000	0.000	0.000
14.120	112728.000	0.000	0.000
14.130	112728.000	0.000	0.000
14.140	112728.000	0.000	0.000
14.150	112728.000	0.000	0.000
14.160	112728.000	0.000	0.000
14.170	112728.000	0.000	0.000
14.180	112728.000	0.000	0.000
14.190	112728.000	0.000	0.000
14.200	112728.000	0.000	0.000
14.210	112728.000	0.000	0.000
14.220	112728.000	0.000	0.000
14.230	112728.000	0.000	0.000
14.240	112728.000	0.000	0.000
14.250	112728.000	0.000	0.000
14.260	112728.000	0.000	0.000
14.270	112728.000	0.000	0.000
14.280	112728.000	0.000	0.000
14.290	112728.000	0.000	0.000
14.300	112728.000	0.000	0.000
14.310	112728.000	0.000	0.000
14.320	112728.000	0.000	0.000
14.330	112728.000	0.000	0.000
14.340	112728.000	0.000	0.000
14.350	112728.000	0.000	0.000
14.360	112728.000	0.000	0.000
14.370	112728.000	0.000	0.000
14.380	112728.000	0.000	0.000
14.390	112728.000	0.000	0.000
14.400	112728.000	0.000	0.000
14.410	112728.000	0.000	0.000
14.420	112728.000	0.000	0.000
14.430	112728.000	0.000	0.000
14.440	112728.000	0.000	0.000
14.450	112728.000	0.000	0.000
14.460	112728.000	0.000	0.000
14.470	112728.000	0.000	0.000
14.480	112728.000	0.000	0.000
14.490	112728.000	0.000	0.000
14.500	112728.000	0.000	0.000
14.510	112728.000	0.000	0.000
14.520	112728.000	0.000	0.000
14.530	112728.000	0.000	0.000
14.540	112728.000	0.000	0.000
14.550	112728.000	0.000	0.000
14.560	112728.000	0.000	0.000
14.570	112728.000	0.000	0.000
14.580	112728.000	0.000	0.000
14.590	112728.000	0.000	0.000
14.600	112728.000	0.000	0.000
14.610	112728.000	0.000	0.000
14.620	112728.000	0.000	0.000
14.630	112728.000	0.000	0.000
14.640	112728.000	0.000	0.000
14.650	112728.000	0.000	0.000
14.660	112728.000	0.000	0.000
14.670	112728.000	0.000	0.000
14.680	112728.000	0.000	0.000
14.690	112728.000	0.000	0.000
14.700	112728.000	0.000	0.000
14.710	112728.000	0.000	0.000
14.720	112728.000	0.000	0.000
14.730	112728.000	0.000	0.000
14.740	112728.000	0.000	0.000
14.750	112728.000	0.000	0.000
14.760	112728.000	0.000	0.000
14.770	112728.000	0.000	0.000
14.780	112728.000	0.000	0.000
14.790	112728.000	0.000	0.000
14.800	112728.000	0.000	0.000
14.810	112728.000	0.000	0.000
14.820	112728.000	0.000	0.000
14.830	112728.000	0.000	0.000
14.840	112728.000	0.000	0.000
14.850	112728.000	0.000	0.000
14.860	112728.000	0.000	0.000
14.870	112728.000	0.000	0.000
14.880	112728.000	0.000	0.000
14.890	112728.000	0.000	0.000
14.900	112728.000	0.000	0.000
14.910	112728.000	0.000	0.000
14.920	112728.000	0.000	0.000
14.930	112728.000	0.000	0.000
14.940	112728.000	0.000	0.000
14.950	112728.000	0.000	0.000
14.960	112728.000	0.000	0.000
14.970	112728.000	0.000	0.000
14.980	112728.000	0.000	0.000
14.990	112728.000	0.000	0.000
15.000	112728.000	0.000	0.000
