0.000	0.000	0.000	0.000
0.010	5.000	150.000	-1930.000
0.020	5.000	105.000	-1351.000
0.030	3.000	13.500	-174.000
0.040	-1.000	-110.550	1423.000
0.050	-4.000	-167.385	2154.000
0.060	-5.000	-147.169	1894.000
0.070	-5.000	-103.019	1326.000
0.080	0.000	77.887	-1002.000
0.090	4.000	174.521	-2246.000
0.100	6.000	182.165	-2344.000
0.110	6.000	127.515	-1641.000
0.120	1.000	-60.739	782.000
0.130	-5.000	-222.518	2863.000
0.140	-8.000	-245.762	3162.000
0.150	-8.000	-172.034	2214.000
0.160	-3.000	29.576	-381.000
0.170	4.000	230.704	-2969.000
0.180	8.000	281.492	-3622.000
0.190	8.000	197.045	-2535.000
0.200	3.000	-12.069	155.000
0.210	-5.000	-248.448	3197.000
0.220	-11.000	-353.914	4554.000
0.230	-11.000	-247.740	3188.000
0.240	-6.000	-23.418	301.000
0.250	3.000	253.608	-3263.000
0.260	9.000	357.525	-4600.000
0.270	10.000	280.268	-3606.000
0.280	5.000	46.187	-594.000
0.290	-5.000	-267.669	3444.000
0.300	-12.000	-397.368	5113.000
0.310	-13.000	-308.158	3965.000
0.320	-9.000	-95.710	1232.000
0.330	1.000	233.003	-2998.000
0.340	9.000	403.102	-5187.000
0.350	11.000	342.171	-4403.000
0.360	7.000	119.520	-1538.000
0.370	-3.000	-216.336	2784.000
0.380	-12.000	-421.435	5423.000
0.390	-16.000	-415.005	5340.000
0.400	-12.000	-170.503	2194.000
0.410	-2.000	180.648	-2325.000
0.420	8.000	426.453	-5487.000
0.430	13.000	448.517	-5771.000
0.440	10.000	223.962	-2882.000
0.450	-1.000	-173.226	2229.000
0.460	-13.000	-481.259	6193.000
0.470	-18.000	-486.881	6265.000
0.480	-16.000	-280.817	3613.000
0.490	-4.000	163.428	-2103.000
0.500	9.000	504.400	-6490.000
0.510	15.000	533.080	-4802.000
0.520	14.000	343.156	-300.000
0.530	8.000	60.209	5399.000
0.540	5.000	-47.854	8847.000
0.550	11.000	146.502	8404.000
0.560	33.000	762.552	2534.000
0.570	62.000	1403.786	-3659.000
0.580	90.000	1822.650	-6991.000
0.590	109.000	1845.855	-5232.000
0.600	120.000	1622.099	-295.000
0.610	127.000	1345.469	5322.000
0.620	136.000	1211.828	9100.000
0.630	156.000	1448.280	8115.000
0.640	187.000	1943.796	3797.000
0.650	225.000	2500.657	-1311.000
0.660	264.000	2920.460	-4655.000
0.670	298.000	3064.322	-4448.000
0.680	325.000	2955.025	-984.000
0.690	348.000	2758.518	3602.000
0.700	372.000	2650.962	7044.000
0.710	404.000	2815.674	6982.000
0.720	447.000	3260.972	3310.000
0.730	496.000	3752.680	-959.000
0.740	547.000	4156.876	-4103.000
0.750	593.000	4289.813	-3755.000
0.760	633.000	4202.869	-579.000
0.770	670.000	4052.008	3420.000
0.780	707.000	3946.406	6837.000
0.790	751.000	4082.484	7143.000
0.800	806.000	4507.739	3729.000
0.810	865.000	4925.417	412.000
0.820	929.000	5367.792	-3222.000
0.830	989.000	5557.454	-3605.000
0.840	1044.000	5540.218	-1325.000
0.850	1095.000	5408.153	2432.000
0.860	1146.000	5315.707	5679.000
0.870	1202.000	5400.995	6640.000
0.880	1267.000	5730.696	4455.000
0.890	1338.000	6141.487	1227.000
0.900	1414.000	6579.041	-2346.000
0.910	1488.000	6825.329	-3457.000
0.920	1557.000	6847.730	-1688.000
0.930	1622.000	6743.411	1712.000
0.940	1687.000	6670.388	4710.000
0.950	1756.000	6739.271	5881.000
0.960	1833.000	7027.490	4230.000
0.970	1917.000	7439.243	990.000
0.980	2002.000	7757.470	-1047.000
0.990	2088.000	8010.229	-2242.000
1.000	2172.000	8127.160	-1689.000
1.010	2250.000	8029.012	1632.000
1.020	2329.000	7990.309	4188.000
1.030	2411.000	8053.216	5436.000
1.040	2499.000	8277.251	4611.000
1.050	2593.000	8614.076	2335.000
1.060	2692.000	8999.853	-572.000
1.070	2792.000	9299.897	-2375.000
1.080	2889.000	9419.928	-1861.000
1.090	2983.000	9413.950	273.000
1.100	3075.000	9349.765	3157.000
1.110	3169.000	9364.835	5021.000
1.120	3270.000	9585.385	4241.000
1.130	3374.000	9829.769	3154.000
1.140	3484.000	10180.839	694.000
1.150	3596.000	10486.587	-1182.000
1.160	3708.000	10700.611	-1879.000
1.170	3816.000	10730.428	-204.000
1.180	3923.000	10721.299	1971.000
1.190	4031.000	10744.910	3725.000
1.200	4143.000	10881.437	4026.000
1.210	4259.000	11097.006	3310.000
1.220	4381.000	11427.904	1110.000
1.230	4505.000	11719.533	-585.000
1.240	4630.000	11953.673	-1540.000
1.250	4752.000	12027.571	-433.000
1.260	4872.000	12019.300	1731.000
1.270	4994.000	12073.510	3091.000
1.280	5117.000	12141.457	4274.000
1.290	5245.000	12339.020	3790.000
1.300	5380.000	12687.314	1366.000
1.310	5515.000	12931.120	287.000
1.320	5652.000	13161.784	-624.000
1.330	5789.000	13323.249	-644.000
1.340	5924.000	13376.274	732.000
1.350	6058.000	13383.392	2698.000
1.360	6194.000	13448.374	3920.000
1.370	6334.000	13613.862	3848.000
1.380	6479.000	13879.703	2485.000
1.390	6627.000	14155.792	990.000
1.400	6778.000	14439.055	-597.000
1.410	6927.000	14577.338	-319.000
1.420	7077.000	14704.137	108.000
1.430	7223.000	14672.896	2567.000
1.440	7372.000	14741.027	3749.000
1.450	7525.000	14908.719	3648.000
1.460	7684.000	15206.103	1880.000
1.470	7845.000	15474.272	487.000
1.480	8007.000	15691.991	-257.000
1.490	8169.000	15844.393	-160.000
1.500	8330.000	15921.075	911.000
1.510	8492.000	16004.753	-166.000
1.520	8653.000	16033.327	-534.000
1.530	8813.000	16023.329	-405.000
1.540	8972.000	15986.330	71.000
1.550	9131.000	15960.431	404.000
1.560	9287.000	15852.302	1796.000
1.570	9447.000	15896.611	1226.000
1.580	9607.000	15927.628	826.000
1.590	9769.000	16009.340	-225.000
1.600	9931.000	16066.538	-961.000
1.610	10092.000	16076.576	-1090.000
1.620	10251.000	16023.603	-409.000
1.630	10408.000	15926.522	841.000
1.640	10565.000	15858.566	1715.000
1.650	10723.000	15840.996	1941.000
1.660	10883.000	15888.697	1327.000
1.670	11047.000	16042.088	-646.000
1.680	11207.000	16029.462	-484.000
1.690	11367.000	16020.623	-370.000
1.700	11527.000	16014.436	-291.000
1.710	11685.000	15950.105	537.000
1.720	11842.000	15875.074	1503.000
1.730	12000.000	15852.552	1792.000
1.740	12159.000	15866.786	1609.000
1.750	12322.000	15996.750	-63.000
1.760	12482.000	15997.725	-76.000
1.770	12642.000	15998.408	-84.000
1.780	12802.000	15998.885	-91.000
1.790	12961.000	15969.220	291.000
1.800	13119.000	15918.454	944.000
1.810	13278.000	15912.918	1016.000
1.820	13438.000	15939.042	680.000
1.830	13599.000	15987.330	58.000
1.840	13758.000	15961.131	395.000
1.850	13919.000	16002.792	-141.000
1.860	14079.000	16001.954	-130.000
1.870	14238.000	15971.368	264.000
1.880	14397.000	15949.957	539.000
1.890	14556.000	15934.970	732.000
1.900	14716.000	15954.479	481.000
1.910	14876.000	15968.135	305.000
1.920	15036.000	15977.695	182.000
1.930	15196.000	15984.386	96.000
1.940	15356.000	15989.070	36.000
1.950	15516.000	15992.349	-6.000
1.960	15675.000	15964.645	350.000
1.970	15833.000	15915.251	986.000
1.980	15993.000	15940.676	659.000
1.990	16152.000	15928.473	816.000
2.000	16312.000	15949.931	539.000
2.010	16473.000	15994.952	-40.000
2.020	16633.000	15996.466	-59.000
2.030	16791.000	15937.526	699.000
2.040	16950.000	15926.268	844.000
2.050	17108.000	15888.388	1331.000
2.060	17266.000	15861.872	1673.000
2.070	17427.000	15933.310	753.000
2.080	17587.000	15953.317	496.000
2.090	17749.000	16027.322	-456.000
2.100	17908.000	15989.125	35.000
2.110	18067.000	15962.388	379.000
2.120	18225.000	15913.671	1006.000
2.130	18384.000	15909.570	1059.000
2.140	18543.000	15906.699	1096.000
2.150	18703.000	15934.689	736.000
2.160	18863.000	15954.283	483.000
2.170	19024.000	15997.998	-79.000
2.180	19185.000	16028.598	-473.000
2.190	19344.000	15990.019	24.000
2.200	19502.000	15933.013	757.000
2.210	19660.000	15893.109	1271.000
2.220	19818.000	15865.176	1630.000
2.230	19978.000	15905.624	1110.000
2.240	20140.000	15993.936	-27.000
2.250	20304.000	16115.756	-1594.000
2.260	20461.000	15991.029	11.000
2.270	20620.000	15963.720	362.000
2.280	20777.000	15884.604	1380.000
2.290	20936.000	15889.223	1321.000
2.300	21096.000	15922.456	893.000
2.310	21258.000	16005.719	-178.000
2.320	21418.000	16004.003	-156.000
2.330	21578.000	16002.802	-141.000
2.340	21738.000	16001.962	-130.000
2.350	21896.000	15941.373	650.000
2.360	22054.000	15898.961	1195.000
2.370	22212.000	15869.273	1577.000
2.380	22371.000	15878.491	1459.000
2.390	22532.000	15944.944	604.000
2.400	22694.000	16021.461	-381.000
2.410	22854.000	16015.022	-298.000
2.420	23013.000	15980.516	146.000
2.430	23170.000	15896.361	1229.000
2.440	23328.000	15867.453	1601.000
2.450	23488.000	15907.217	1089.000
2.460	23648.000	15935.052	731.000
2.470	23809.000	15984.536	94.000
2.480	23970.000	16019.175	-352.000
2.490	24130.000	16013.423	-278.000
2.500	24289.000	15979.396	160.000
2.510	24448.000	15955.577	467.000
2.520	24607.000	15938.904	681.000
2.530	24766.000	15927.233	831.000
2.540	24926.000	15949.063	551.000
2.550	25086.000	15964.344	354.000
2.560	25246.000	15975.041	216.000
2.570	25407.000	16012.529	-266.000
2.580	25567.000	16008.770	-218.000
2.590	25727.000	16006.139	-184.000
2.600	25886.000	15974.297	226.000
2.610	26044.000	15922.008	899.000
2.620	26204.000	15945.406	598.000
2.630	26363.000	15931.784	773.000
2.640	26523.000	15952.249	510.000
2.650	26683.000	15966.574	325.000
2.660	26844.000	16006.602	-190.000
2.670	27004.000	16004.621	-164.000
2.680	27165.000	16033.235	-533.000
2.690	27323.000	15963.264	368.000
2.700	27481.000	15914.285	998.000
2.710	27638.000	15850.000	1825.000
2.720	27797.000	15865.000	1632.000
2.730	27959.000	15965.500	339.000
2.740	28118.000	15945.850	592.000
2.750	28281.000	16052.095	-775.000
2.760	28439.000	15976.466	198.000
2.770	28596.000	15893.527	1265.000
2.780	28755.000	15895.469	1240.000
2.790	28916.000	15956.828	451.000
2.800	29077.000	15999.780	-102.000
2.810	29236.000	15969.846	283.000
2.820	29395.000	15948.892	553.000
2.830	29555.000	15964.224	355.000
2.840	29715.000	15974.957	217.000
2.850	29875.000	15982.470	121.000
2.860	30034.000	15957.729	439.000
2.870	30193.000	15940.410	662.000
2.880	30352.000	15928.287	818.000
2.890	30512.000	15949.801	541.000
2.900	30673.000	15994.861	-39.000
2.910	30833.000	15996.403	-59.000
2.920	30993.000	15997.482	-72.000
2.930	31152.000	15968.237	304.000
2.940	31311.000	15947.766	567.000
2.950	31471.000	15963.436	366.000
2.960	31631.000	15974.405	224.000
2.970	31787.000	15862.084	1670.000
2.980	31947.000	15903.459	1137.000
2.990	32110.000	16022.421	-393.000
3.000	32269.000	15985.695	79.000
3.010	32430.000	16019.986	-362.000
3.020	32588.000	15953.990	487.000
3.030	32746.000	15907.793	1082.000
3.040	32906.000	15935.455	726.000
3.050	33065.000	15924.819	863.000
3.060	33224.000	15917.373	958.000
3.070	33386.000	16002.161	-133.000
3.080	33542.000	15881.513	1420.000
3.090	33701.000	15887.059	1348.000
3.100	33861.000	15920.941	912.000
3.110	34022.000	15974.659	221.000
3.120	34183.000	16012.261	-263.000
3.130	34342.000	15978.583	171.000
3.140	34502.000	15985.008	88.000
3.150	34661.000	15959.506	416.000
3.160	34819.000	15911.654	1032.000
3.170	34978.000	15908.158	1077.000
3.180	35137.000	15905.710	1108.000
3.190	35298.000	15963.997	358.000
3.200	35459.000	16004.798	-167.000
3.210	35620.000	16033.359	-534.000
3.220	35779.000	15993.351	-19.000
3.230	35937.000	15935.346	727.000
3.240	36095.000	15894.742	1250.000
3.250	36258.000	16016.319	-315.000
3.260	36413.000	15861.424	1678.000
3.270	36574.000	15932.997	757.000
3.280	36734.000	15953.098	499.000
3.290	36896.000	16027.168	-454.000
3.300	37058.000	16079.018	-1122.000
3.310	37215.000	15965.312	341.000
3.320	37373.000	15915.719	980.000
3.330	37531.000	15881.003	1426.000
3.340	37691.000	15916.702	967.000
3.350	37851.000	15941.692	645.000
3.360	38011.000	15959.184	420.000
3.370	38172.000	16001.429	-123.000
3.380	38332.000	16001.000	-118.000
3.390	38492.000	16000.700	-114.000
3.400	38650.000	15940.490	661.000
3.410	38807.000	15868.343	1589.000
3.420	38966.000	15877.840	1467.000
3.430	39126.000	15914.488	995.000
3.440	39287.000	15970.142	279.000
3.450	39448.000	16009.099	-222.000
3.460	39609.000	16036.369	-573.000
3.470	39768.000	15995.459	-46.000
3.480	39927.000	15966.821	322.000
3.490	40086.000	15946.775	580.000
3.500	40244.000	15902.742	1147.000
3.510	40404.000	15931.920	771.000
3.520	40564.000	15952.344	508.000
3.530	40724.000	15966.641	324.000
3.540	40885.000	16006.648	-190.000
3.550	41047.000	16064.654	-937.000
3.560	41204.000	15955.258	471.000
3.570	41362.000	15908.680	1070.000
3.580	41521.000	15906.076	1104.000
3.590	41681.000	15934.253	741.000
3.600	41842.000	15983.977	101.000
3.610	42004.000	16048.784	-733.000
3.620	42165.000	16064.149	-930.000
3.630	42323.000	15984.904	89.000
3.640	42482.000	15959.433	417.000
3.650	42639.000	15881.603	1419.000
3.660	42798.000	15887.122	1348.000
3.670	42958.000	15920.986	912.000
3.680	43118.000	15944.690	607.000
3.690	43280.000	16021.283	-379.000
3.700	43441.000	16044.898	-683.000
3.710	43599.000	15971.429	263.000
3.720	43756.000	15890.000	1311.000
3.730	43915.000	15893.000	1272.000
3.740	44074.000	15895.100	1245.000
3.750	44235.000	15956.570	454.000
3.760	44393.000	15909.599	1058.000
3.770	44554.000	15966.719	323.000
3.780	44715.000	16006.704	-191.000
3.790	44877.000	16064.692	-937.000
3.800	45034.000	15955.285	471.000
3.810	45193.000	15938.699	684.000
3.820	45351.000	15897.090	1219.000
3.830	45511.000	15927.963	822.000
3.840	45670.000	15919.574	930.000
3.850	45830.000	15943.702	620.000
3.860	45991.000	15990.591	16.000
3.870	46152.000	16023.414	-406.000
3.880	46312.000	16016.390	-316.000
3.890	46471.000	15981.473	134.000
3.900	46630.000	15957.031	448.000
3.910	46789.000	15939.922	668.000
3.920	46947.000	15897.945	1208.000
3.930	47106.000	15898.562	1200.000
3.940	47267.000	15958.993	423.000
3.950	47427.000	15971.295	265.000
3.960	47589.000	16039.907	-618.000
3.970	47749.000	16027.935	-464.000
3.980	47908.000	15989.554	30.000
3.990	48067.000	15962.688	375.000
4.000	48224.000	15883.882	1389.000
4.010	48383.000	15888.717	1327.000
4.020	48542.000	15892.102	1284.000
4.030	48705.000	16014.471	-291.000
4.040	48863.000	15950.130	537.000
4.050	49023.000	15965.091	344.000
4.060	49181.000	15915.564	982.000
4.070	49340.000	15910.895	1042.000
4.080	49500.000	15937.626	698.000
4.090	49659.000	15926.338	843.000
4.100	49819.000	15948.437	559.000
4.110	49979.000	15963.906	360.000
4.120	50138.000	15944.734	606.000
4.130	50298.000	15961.314	393.000
4.140	50457.000	15942.920	630.000
4.150	50616.000	15930.044	795.000
4.160	50776.000	15951.031	525.000
4.170	50936.000	15965.721	336.000
4.180	51097.000	16006.005	-182.000
4.190	51256.000	15974.204	227.000
4.200	51416.000	15981.942	128.000
4.210	51574.000	15927.360	830.000
4.220	51734.000	15949.152	549.000
4.230	51893.000	15934.406	739.000
4.240	52052.000	15924.084	872.000
4.250	52213.000	15976.859	193.000
4.260	52373.000	15983.801	104.000
4.270	52534.000	16018.661	-345.000
4.280	52693.000	15983.063	113.000
4.290	52853.000	15988.144	48.000
4.300	53012.000	15961.701	388.000
4.310	53169.000	15883.190	1398.000
4.320	53329.000	15918.233	947.000
4.330	53489.000	15942.763	632.000
4.340	53651.000	16019.934	-361.000
4.350	53810.000	15983.954	102.000
4.360	53969.000	15958.768	426.000
4.370	54128.000	15941.137	653.000
4.380	54287.000	15928.796	811.000
4.390	54446.000	15920.157	923.000
4.400	54605.000	15914.110	1000.000
4.410	54765.000	15939.877	669.000
4.420	54925.000	15957.914	437.000
4.430	55085.000	15970.540	274.000
4.440	55244.000	15949.378	547.000
4.450	55405.000	15994.564	-35.000
4.460	55564.000	15966.195	330.000
4.470	55722.000	15916.337	972.000
4.480	55881.000	15911.436	1035.000
4.490	56040.000	15908.005	1079.000
4.500	56202.000	15995.603	-48.000
4.510	56362.000	15996.922	-65.000
4.520	56523.000	16027.846	-463.000
4.530	56683.000	16019.492	-356.000
4.540	56841.000	15953.644	492.000
4.550	56999.000	15907.551	1085.000
4.560	57158.000	15905.286	1114.000
4.570	57318.000	15933.700	748.000
4.580	57479.000	15983.590	106.000
4.590	57640.000	16018.513	-343.000
4.600	57800.000	16012.959	-272.000
4.610	57960.000	16009.071	-222.000
4.620	58119.000	15976.350	199.000
4.630	58278.000	15953.445	494.000
4.640	58436.000	15907.411	1087.000
4.650	58594.000	15875.188	1501.000
4.660	58755.000	15942.632	633.000
4.670	58916.000	15989.842	26.000
4.680	59078.000	16052.889	-785.000
4.690	59239.000	16067.023	-967.000
4.700	59397.000	15986.916	64.000
4.710	59553.000	15870.841	1557.000
4.720	59710.000	15819.589	2217.000
4.730	59869.000	15843.712	1906.000
4.740	60029.000	15890.598	1303.000
4.750	60194.000	16073.419	-1050.000
4.760	60353.000	16021.393	-380.000
4.770	60513.000	16014.975	-298.000
4.780	60671.000	15950.483	532.000
4.790	60829.000	15905.338	1113.000
4.800	60988.000	15903.737	1134.000
4.810	61147.000	15902.616	1148.000
4.820	61308.000	15961.831	386.000
4.830	61469.000	16003.282	-147.000
4.840	61629.000	16002.297	-134.000
4.850	61789.000	16001.608	-126.000
4.860	61949.000	16001.126	-119.000
4.870	62107.000	15940.788	657.000
4.880	62265.000	15898.552	1201.000
4.890	62424.000	15898.986	1195.000
4.900	62587.000	16019.290	-353.000
4.910	62745.000	15953.503	493.000
4.920	62908.000	16057.452	-844.000
4.930	63065.000	15950.217	536.000
4.940	63223.000	15905.152	1116.000
4.950	63383.000	15933.606	749.000
4.960	63542.000	15923.524	879.000
4.970	63703.000	15976.467	198.000
4.980	63864.000	16013.527	-279.000
4.990	64025.000	16039.469	-613.000
5.000	64183.000	15967.628	312.000
5.010	64340.000	15887.340	1345.000
5.020	64498.000	15861.138	1682.000
5.030	64657.000	15872.796	1532.000
5.040	64818.000	15940.958	655.000
5.050	64981.000	16048.670	-731.000
5.060	65142.000	16064.069	-929.000
5.070	65301.000	16014.848	-296.000
5.080	65458.000	15920.394	919.000
5.090	65614.000	15824.276	2156.000
5.100	65772.000	15816.993	2250.000
5.110	65933.000	15901.895	1158.000
5.120	66095.000	15991.327	7.000
5.130	66257.000	16053.929	-799.000
5.140	66418.000	16067.750	-977.000
5.150	66561.000	15537.425	5847.000
5.160	66724.000	15766.198	2904.000
5.170	66892.000	16076.338	-1087.000
5.180	67061.000	16323.437	-4267.000
5.190	67225.000	16346.406	-4562.000
5.200	67382.000	16152.484	-2067.000
5.210	67535.000	15896.739	1224.000
5.220	67686.000	15657.717	4300.000
5.230	67841.000	15610.402	4908.000
5.240	68002.000	15757.281	3018.000
5.250	68168.000	16010.097	-235.000
5.260	68336.000	16247.068	-3284.000
5.270	68501.000	16322.948	-4260.000
5.280	68660.000	16196.063	-2628.000
5.290	68813.000	15927.244	831.000
5.300	68967.000	15769.071	2867.000
5.310	69119.000	15598.350	5063.000
5.320	69278.000	15688.845	3899.000
5.330	69442.000	15902.191	1154.000
5.340	69610.000	16171.534	-2312.000
5.350	69775.000	16270.074	-3580.000
5.360	69936.000	16219.052	-2924.000
5.370	70092.000	16033.336	-534.000
5.380	70244.000	15783.335	2683.000
5.390	70397.000	15638.335	4549.000
5.400	70557.000	15746.834	3153.000
5.410	70717.000	15822.784	2175.000
5.420	70882.000	16025.949	-439.000
5.430	71047.000	16168.164	-2269.000
5.440	71210.000	16207.715	-2778.000
5.450	71368.000	16085.400	-1204.000
5.460	71523.000	15909.780	1056.000
5.470	71678.000	15786.846	2638.000
5.480	71834.000	15730.792	3359.000
5.490	71995.000	15841.555	1934.000
5.500	72159.000	16009.088	-222.000
5.510	72323.000	16126.362	-1731.000
5.520	72485.000	16148.453	-2015.000
5.530	72644.000	16073.917	-1056.000
5.540	72799.000	15901.742	1159.000
5.550	72955.000	15811.219	2324.000
5.560	73112.000	15777.854	2754.000
5.570	73273.000	15874.498	1510.000
5.580	73436.000	16002.148	-132.000
5.590	73599.000	16091.504	-1282.000
5.600	73761.000	16124.053	-1701.000
5.610	73921.000	16086.837	-1222.000
5.620	74078.000	15970.786	271.000
5.630	74233.000	15829.550	2088.000
5.640	74390.000	15790.685	2589.000
5.650	74550.000	15853.480	1781.000
5.660	74712.000	15957.436	443.000
5.670	74875.000	16060.205	-880.000
5.680	75038.000	16132.143	-1805.000
5.690	75198.000	16092.500	-1295.000
5.700	75356.000	16004.750	-166.000
5.710	75509.000	15793.325	2555.000
5.720	75665.000	15735.328	3301.000
5.730	75824.000	15784.729	2665.000
5.740	75988.000	15969.311	290.000
5.750	76151.000	16068.517	-987.000
5.760	76313.000	16107.962	-1494.000
5.770	76473.000	16075.574	-1077.000
5.780	76630.000	15962.901	373.000
5.790	76786.000	15854.031	1773.000
5.800	76945.000	15867.822	1596.000
5.810	77101.000	15787.475	2630.000
5.820	77263.000	15911.233	1037.000
5.830	77427.000	16057.863	-849.000
5.840	77590.000	16130.504	-1784.000
5.850	77750.000	16091.353	-1280.000
5.860	77907.000	15973.947	230.000
5.870	78064.000	15891.763	1288.000
5.880	78221.000	15834.234	2028.000
5.890	78380.000	15853.964	1774.000
5.900	78541.000	15927.775	825.000
5.910	78704.000	16039.442	-612.000
5.920	78867.000	16117.610	-1618.000
5.930	79027.000	16082.327	-1164.000
5.940	79184.000	15967.629	312.000
5.950	79340.000	15857.340	1731.000
5.960	79498.000	15840.138	1952.000
5.970	79657.000	15858.097	1721.000
5.980	79819.000	15960.668	401.000
5.990	79982.000	16062.467	-909.000
6.000	80144.000	16103.727	-1440.000
6.010	80305.000	16102.609	-1425.000
6.020	80460.000	15921.826	901.000
6.030	80615.000	15795.278	2529.000
6.040	80772.000	15766.695	2897.000
6.050	80932.000	15836.686	1997.000
6.060	81095.000	15975.680	208.000
6.070	81258.000	16072.976	-1044.000
6.080	81420.000	16111.083	-1534.000
6.090	81579.000	16047.758	-719.000
6.100	81736.000	15943.431	623.000
6.110	81892.000	15840.402	1949.000
6.120	82048.000	15768.281	2877.000
6.130	82212.000	15957.797	438.000
6.140	82369.000	15880.458	1433.000
6.150	82531.000	15976.320	200.000
6.160	82692.000	16013.424	-278.000
6.170	82854.000	16069.397	-998.000
6.180	83014.000	16048.578	-730.000
6.190	83172.000	15974.005	230.000
6.200	83330.000	15921.803	901.000
6.210	83485.000	15795.262	2530.000
6.220	83644.000	15826.684	2125.000
6.230	83805.000	15908.678	1070.000
6.240	83969.000	16056.075	-826.000
6.250	84132.000	16129.252	-1768.000
6.260	84292.000	16090.477	-1269.000
6.270	84449.000	15973.334	238.000
6.280	84606.000	15891.334	1293.000
6.290	84763.000	15833.934	2032.000
6.300	84922.000	15853.753	1777.000
6.310	85083.000	15927.627	826.000
6.320	85246.000	16039.339	-611.000
6.330	85408.000	16087.537	-1231.000
6.340	85568.000	16061.276	-893.000
6.350	85725.000	15952.893	501.000
6.360	85882.000	15877.025	1478.000
6.370	86039.000	15823.918	2161.000
6.380	86198.000	15846.742	1867.000
6.390	86359.000	15922.720	890.000
6.400	86521.000	16005.904	-181.000
6.410	86683.000	16064.133	-930.000
6.420	86844.000	16074.893	-1069.000
6.430	87001.000	15962.425	379.000
6.440	87158.000	15883.697	1392.000
6.450	87317.000	15888.588	1329.000
6.460	87473.000	15802.012	2443.000
6.470	87633.000	15861.408	1678.000
6.480	87796.000	15992.986	-15.000
6.490	87959.000	16085.090	-1200.000
6.500	88122.000	16149.563	-2029.000
6.510	88280.000	16044.694	-680.000
6.520	88436.000	15911.286	1037.000
6.530	88593.000	15847.900	1852.000
6.540	88751.000	15833.530	2037.000
6.550	88911.000	15883.471	1395.000
6.560	89074.000	16008.430	-213.000
6.570	89236.000	16065.901	-953.000
6.580	89398.000	16106.131	-1471.000
6.590	89557.000	16044.291	-675.000
6.600	89714.000	15941.004	654.000
6.610	89871.000	15868.703	1585.000
6.620	90031.000	15908.092	1078.000
6.630	90188.000	15845.664	1881.000
6.640	90349.000	15921.965	899.000
6.650	90511.000	16005.376	-174.000
6.660	90674.000	16093.763	-1311.000
6.670	90834.000	16065.634	-949.000
6.680	90992.000	15985.944	76.000
6.690	91151.000	15960.161	408.000
6.700	91308.000	15882.112	1412.000
6.710	91465.000	15827.479	2115.000
6.720	91625.000	15879.235	1449.000
6.730	91786.000	15945.465	597.000
6.740	91948.000	16021.825	-386.000
6.750	92109.000	16045.278	-687.000
6.760	92270.000	16061.694	-899.000
6.770	92426.000	15923.186	884.000
6.780	92583.000	15856.230	1745.000
6.790	92740.000	15809.361	2348.000
6.800	92903.000	15956.553	454.000
6.810	93063.000	15969.587	286.000
6.820	93224.000	16008.711	-217.000
6.830	93385.000	16036.098	-569.000
6.840	93545.000	16025.268	-430.000
6.850	93703.000	15957.688	440.000
6.860	93861.000	15910.381	1048.000
6.870	94019.000	15877.267	1474.000
6.880	94179.000	15914.087	1001.000
6.890	94341.000	15999.861	-103.000
6.900	94502.000	16029.903	-490.000
6.910	94662.000	16020.932	-374.000
6.920	94822.000	16014.652	-293.000
6.930	94981.000	15980.257	149.000
6.940	95139.000	15926.180	845.000
6.950	95297.000	15888.326	1332.000
6.960	95458.000	15951.828	515.000
6.970	95617.000	15936.280	715.000
6.980	95780.000	16045.396	-689.000
6.990	95938.000	15971.777	258.000
7.000	96098.000	15980.244	149.000
7.010	96258.000	15986.171	0.000
7.020	96414.000	15870.320	0.000
7.030	96571.000	15819.224	0.000
7.040	96727.000	15753.457	0.000
7.050	96882.000	15677.420	0.000
7.060	97037.000	15624.194	0.000
7.070	97190.000	15526.936	0.000
7.080	97343.000	15458.855	0.000
7.090	97494.000	15351.198	0.000
7.100	97644.000	15245.839	0.000
7.110	97793.000	15142.087	0.000
7.120	97941.000	15039.461	0.000
7.130	98088.000	14937.623	0.000
7.140	98235.000	14866.336	0.000
7.150	98380.000	14756.435	0.000
7.160	98527.000	14739.505	0.000
7.170	98670.000	14607.653	0.000
7.180	98813.000	14515.357	0.000
7.190	98956.000	14450.750	0.000
7.200	99098.000	14375.525	0.000
7.210	99239.000	14292.868	0.000
7.220	99380.000	14235.007	0.000
7.230	99520.000	14164.505	0.000
7.240	99659.000	14085.154	0.000
7.250	99798.000	14029.607	0.000
7.260	99937.000	13990.725	0.000
7.270	100073.000	13873.508	0.000
7.280	100210.000	13821.455	0.000
7.290	100346.000	13755.019	0.000
7.300	100482.000	13708.513	0.000
7.310	100616.000	13615.959	0.000
7.320	100750.000	13551.171	0.000
7.330	100884.000	13505.820	0.000
7.340	101017.000	13444.074	0.000
7.350	101149.000	13370.852	0.000
7.360	101280.000	13289.596	0.000
7.370	101412.000	13262.717	0.000
7.380	101542.000	13183.902	0.000
7.390	101672.000	13128.732	0.000
7.400	101802.000	13090.112	0.000
7.410	101929.000	12973.078	0.000
7.420	102056.000	12891.155	0.000
7.430	102183.000	12833.808	0.000
7.440	102309.000	12763.666	0.000
7.450	102433.000	12654.566	0.000
7.460	102557.000	12578.196	0.000
7.470	102679.000	12464.737	0.000
7.480	102801.000	12385.316	0.000
7.490	102922.000	12299.721	0.000
7.500	103042.000	12209.805	0.000
7.510	103161.000	12116.863	0.000
7.520	103279.000	12021.804	0.000
7.530	103396.000	11925.263	0.000
7.540	103513.000	11857.684	0.000
7.550	103630.000	11810.379	0.000
7.560	103743.000	11657.265	0.000
7.570	103858.000	11610.086	0.000
7.580	103972.000	11547.060	0.000
7.590	104085.000	11472.942	0.000
7.600	104198.000	11421.059	0.000
7.610	104310.000	11354.742	0.000
7.620	104422.000	11308.319	0.000
7.630	104533.000	11245.823	0.000
7.640	104644.000	11202.076	0.000
7.650	104755.000	11171.453	0.000
7.660	104863.000	11060.017	0.000
7.670	104973.000	11042.012	0.000
7.680	105082.000	10999.409	0.000
7.690	105190.000	10939.586	0.000
7.700	105298.000	10897.710	0.000
7.710	105406.000	10868.397	0.000
7.720	105513.000	10817.878	0.000
7.730	105620.000	10782.515	0.000
7.740	105728.000	10787.760	0.000
7.750	105832.000	10671.432	0.000
7.760	105938.000	10650.003	0.000
7.770	106044.000	10635.002	0.000
7.780	106148.000	10564.501	0.000
7.790	106253.000	10545.151	0.000
7.800	106357.000	10501.606	0.000
7.810	106460.000	10441.124	0.000
7.820	106563.000	10398.787	0.000
7.830	106665.000	10339.151	0.000
7.840	106768.000	10327.406	0.000
7.850	106869.000	10259.184	0.000
7.860	106970.000	10211.429	0.000
7.870	107070.000	10148.000	0.000
7.880	107170.000	10103.600	0.000
7.890	107269.000	10042.520	0.000
7.900	107368.000	9999.764	0.000
7.910	107464.000	9879.835	0.000
7.920	107561.000	9825.884	0.000
7.930	107658.000	9788.119	0.000
7.940	107751.000	9641.683	0.000
7.950	107846.000	9599.178	0.000
7.960	107939.000	9509.425	0.000
7.970	108031.000	9416.597	0.000
7.980	108123.000	9351.618	0.000
7.990	108213.000	9246.133	0.000
8.000	108303.000	9172.293	0.000
8.010	108392.000	9090.605	0.000
8.020	108481.000	9033.424	0.000
8.030	108569.000	8963.396	0.000
8.040	108656.000	8884.378	0.000
8.050	108743.000	8829.064	0.000
8.060	108828.000	8730.345	0.000
8.070	108912.000	8631.241	0.000
8.080	108996.000	8561.869	0.000
8.090	109079.000	8483.308	0.000
8.100	109163.000	8458.316	0.000
8.110	109244.000	8350.821	0.000
8.120	109326.000	8305.575	0.000
8.130	109407.000	8243.902	0.000
8.140	109487.000	8170.732	0.000
8.150	109567.000	8119.512	0.000
8.160	109647.000	8083.658	0.000
8.170	109724.000	7968.561	0.000
8.180	109802.000	7917.993	0.000
8.190	109880.000	7882.595	0.000
8.200	109957.000	7827.816	0.000
8.210	110034.000	7789.471	0.000
8.220	110110.000	7732.630	0.000
8.230	110185.000	7662.841	0.000
8.240	110260.000	7613.989	0.000
8.250	110335.000	7579.792	0.000
8.260	110409.000	7525.854	0.000
8.270	110483.000	7488.098	0.000
8.280	110557.000	7461.669	0.000
8.290	110629.000	7383.168	0.000
8.300	110701.000	7328.218	0.000
8.310	110774.000	7319.752	0.000
8.320	110845.000	7253.827	0.000
8.330	110915.000	7177.679	0.000
8.340	110985.000	7124.375	0.000
8.350	111055.000	7087.063	0.000
8.360	111123.000	7000.944	0.000
8.370	111192.000	6970.661	0.000
8.380	111260.000	6919.462	0.000
8.390	111327.000	6853.624	0.000
8.400	111394.000	6807.537	0.000
8.410	111460.000	6745.276	0.000
8.420	111526.000	6701.693	0.000
8.430	111592.000	6671.185	0.000
8.440	111657.000	6619.830	0.000
8.450	111721.000	6553.881	0.000
8.460	111785.000	6507.716	0.000
8.470	111848.000	6445.402	0.000
8.480	111911.000	6401.781	0.000
8.490	111973.000	6341.247	0.000
8.500	112035.000	6298.873	0.000
8.510	112095.000	6209.211	0.000
8.520	112154.000	6116.448	0.000
8.530	112214.000	6081.513	0.000
8.540	112272.000	5997.059	0.000
8.550	112330.000	5937.942	0.000
8.560	112388.000	5896.559	0.000
8.570	112443.000	5777.591	0.000
8.580	112499.000	5724.314	0.000
8.590	112553.000	5627.020	0.000
8.600	112607.000	5558.914	0.000
8.610	112660.000	5481.240	0.000
8.620	112711.000	5366.868	0.000
8.630	112762.000	5286.807	0.000
8.640	112812.000	5200.765	0.000
8.650	112861.000	5110.536	0.000
8.660	112909.000	5017.375	0.000
8.670	112956.000	4922.162	0.000
8.680	113002.000	4825.514	0.000
8.690	113047.000	4727.860	0.000
8.700	113091.000	4629.502	0.000
8.710	113134.000	4530.651	0.000
8.720	113176.000	4431.456	0.000
8.730	113217.000	4332.019	0.000
8.740	113257.000	4232.413	0.000
8.750	113297.000	4162.689	0.000
8.760	113335.000	4053.883	0.000
8.770	113373.000	3977.718	0.000
8.780	113409.000	3864.402	0.000
8.790	113445.000	3785.082	0.000
8.800	113479.000	3669.557	0.000
8.810	113512.000	3558.690	0.000
8.820	113545.000	3481.083	0.000
8.830	113576.000	3366.758	0.000
8.840	113607.000	3286.731	0.000
8.850	113636.000	3170.711	0.000
8.860	113665.000	3089.498	0.000
8.870	113693.000	3002.649	0.000
8.880	113720.000	2911.854	0.000
8.890	113746.000	2818.298	0.000
8.900	113771.000	2722.808	0.000
8.910	113795.000	2625.966	0.000
8.920	113818.000	2528.176	0.000
8.930	113841.000	2459.723	0.000
8.940	113863.000	2381.806	0.000
8.950	113884.000	2297.264	0.000
8.960	113904.000	2208.085	0.000
8.970	113924.000	2145.660	0.000
8.980	113942.000	2041.962	0.000
8.990	113960.000	1969.373	0.000
9.000	113977.000	1888.561	0.000
9.010	113992.000	1771.993	0.000
9.020	114008.000	1720.395	0.000
9.030	114022.000	1624.277	0.000
9.040	114036.000	1556.994	0.000
9.050	114049.000	1479.895	0.000
9.060	114062.000	1425.927	0.000
9.070	114074.000	1358.149	0.000
9.080	114086.000	1310.704	0.000
9.090	114096.000	1217.493	0.000
9.100	114107.000	1182.245	0.000
9.110	114116.000	1097.572	0.000
9.120	114125.000	1038.300	0.000
9.130	114133.000	966.810	0.000
9.140	114140.000	886.767	0.000
9.150	114146.000	800.737	0.000
9.160	114152.000	740.516	0.000
9.170	114157.000	668.361	0.000
9.180	114162.000	617.853	0.000
9.190	114165.000	522.497	0.000
9.200	114168.000	455.748	0.000
9.210	114170.000	379.023	0.000
9.220	114171.000	295.316	0.000
9.230	114172.000	236.722	0.000
9.240	114172.000	165.705	0.000
9.250	114172.000	115.994	0.000
9.260	114171.000	51.195	0.000
9.270	114169.000	-24.163	0.000
9.280	114166.000	-106.914	0.000
9.290	114163.000	-164.840	0.000
9.300	114159.000	-235.388	0.000
9.310	114155.000	-284.772	0.000
9.320	114150.000	-349.340	0.000
9.330	114145.000	-394.538	0.000
9.340	114139.000	-456.177	0.000
9.350	114134.000	-469.324	0.000
9.360	114128.000	-508.527	0.000
9.370	114121.000	-565.969	0.000
9.380	114115.000	-576.178	0.000
9.390	114108.000	-613.325	0.000
9.400	114102.000	-609.327	0.000
9.410	114095.000	-636.529	0.000
9.420	114088.000	-655.570	0.000
9.430	114081.000	-668.899	0.000
9.440	114074.000	-678.229	0.000
9.450	114067.000	-684.761	0.000
9.460	114060.000	-689.332	0.000
9.470	114053.000	-692.533	0.000
9.480	114046.000	-694.773	0.000
9.490	114039.000	-696.341	0.000
9.500	114032.000	-697.439	0.000
9.510	114025.000	-698.207	0.000
9.520	114018.000	-698.745	0.000
9.530	114012.000	-669.121	0.000
9.540	114005.000	-678.385	0.000
9.550	113999.000	-654.870	0.000
9.560	113992.000	-668.409	0.000
9.570	113986.000	-647.886	0.000
9.580	113979.000	-663.520	0.000
9.590	113973.000	-644.464	0.000
9.600	113967.000	-631.125	0.000
9.610	113961.000	-621.787	0.000
9.620	113954.000	-645.251	0.000
9.630	113948.000	-631.676	0.000
9.640	113942.000	-622.173	0.000
9.650	113936.000	-615.521	0.000
9.660	113929.000	-640.865	0.000
9.670	113923.000	-628.605	0.000
9.680	113917.000	-620.024	0.000
9.690	113910.000	-644.017	0.000
9.700	113904.000	-630.812	0.000
9.710	113897.000	-651.568	0.000
9.720	113891.000	-636.098	0.000
9.730	113885.000	-625.268	0.000
9.740	113878.000	-647.688	0.000
9.750	113872.000	-633.382	0.000
9.760	113866.000	-623.367	0.000
9.770	113859.000	-646.357	0.000
9.780	113853.000	-632.450	0.000
9.790	113847.000	-622.715	0.000
9.800	113841.000	-615.900	0.000
9.810	113835.000	-611.130	0.000
9.820	113829.000	-607.791	0.000
9.830	113823.000	-605.454	0.000
9.840	113817.000	-603.818	0.000
9.850	113811.000	-602.672	0.000
9.860	113805.000	-601.871	0.000
9.870	113800.000	-571.309	0.000
9.880	113794.000	-579.917	0.000
9.890	113789.000	-555.942	0.000
9.900	113783.000	-569.159	0.000
9.910	113778.000	-548.411	0.000
9.920	113773.000	-533.888	0.000
9.930	113767.000	-553.722	0.000
9.940	113762.000	-537.605	0.000
9.950	113757.000	-526.324	0.000
9.960	113752.000	-518.427	0.000
9.970	113747.000	-512.899	0.000
9.980	113743.000	-479.029	0.000
9.990	113738.000	-485.320	0.000
10.000	113733.000	-489.724	0.000
10.010	113729.000	-462.807	0.000
10.020	113724.000	-473.965	0.000
10.030	113720.000	-451.775	0.000
10.040	113716.000	-436.243	0.000
10.050	113711.000	-455.370	0.000
10.060	113707.000	-438.759	0.000
10.070	113703.000	-427.131	0.000
10.080	113699.000	-418.992	0.000
10.090	113695.000	-413.294	0.000
10.100	113690.000	-439.306	0.000
10.110	113686.000	-427.514	0.000
10.120	113682.000	-419.260	0.000
10.130	113678.000	-413.482	0.000
10.140	113674.000	-409.437	0.000
10.150	113670.000	-406.606	0.000
10.160	113666.000	-404.624	0.000
10.170	113662.000	-403.237	0.000
10.180	113658.000	-402.266	0.000
10.190	113654.000	-401.586	0.000
10.200	113650.000	-401.110	0.000
10.210	113646.000	-400.777	0.000
10.220	113642.000	-400.544	0.000
10.230	113638.000	-400.381	0.000
10.240	113633.000	-430.267	0.000
10.250	113629.000	-421.187	0.000
10.260	113625.000	-414.831	0.000
10.270	113621.000	-410.381	0.000
10.280	113617.000	-407.267	0.000
10.290	113613.000	-405.087	0.000
10.300	113608.000	-433.561	0.000
10.310	113604.000	-423.493	0.000
10.320	113600.000	-416.445	0.000
10.330	113596.000	-411.511	0.000
10.340	113592.000	-408.058	0.000
10.350	113588.000	-405.641	0.000
10.360	113584.000	-403.948	0.000
10.370	113580.000	-402.764	0.000
10.380	113577.000	-371.935	0.000
10.390	113573.000	-380.354	0.000
10.400	113569.000	-386.248	0.000
10.410	113565.000	-390.374	0.000
10.420	113561.000	-393.262	0.000
10.430	113558.000	-365.283	0.000
10.440	113554.000	-375.698	0.000
10.450	113550.000	-382.989	0.000
10.460	113547.000	-358.092	0.000
10.470	113543.000	-370.664	0.000
10.480	113540.000	-349.465	0.000
10.490	113536.000	-364.626	0.000
10.500	113533.000	-345.238	0.000
10.510	113530.000	-331.667	0.000
10.520	113526.000	-352.167	0.000
10.530	113523.000	-336.517	0.000
10.540	113520.000	-325.562	0.000
10.550	113516.000	-347.893	0.000
10.560	113513.000	-333.525	0.000
10.570	113510.000	-323.468	0.000
10.580	113507.000	-316.427	0.000
10.590	113504.000	-311.499	0.000
10.600	113500.000	-338.049	0.000
10.610	113497.000	-326.635	0.000
10.620	113494.000	-318.644	0.000
10.630	113491.000	-313.051	0.000
10.640	113488.000	-309.136	0.000
10.650	113485.000	-306.395	0.000
10.660	113482.000	-304.476	0.000
10.670	113480.000	-273.134	0.000
10.680	113477.000	-281.193	0.000
10.690	113474.000	-286.835	0.000
10.700	113471.000	-290.785	0.000
10.710	113468.000	-293.549	0.000
10.720	113466.000	-265.485	0.000
10.730	113463.000	-275.839	0.000
10.740	113460.000	-283.087	0.000
10.750	113458.000	-258.161	0.000
10.760	113455.000	-270.713	0.000
10.770	113453.000	-249.499	0.000
10.780	113450.000	-264.649	0.000
10.790	113448.000	-245.255	0.000
10.800	113445.000	-261.678	0.000
10.810	113442.000	-273.175	0.000
10.820	113440.000	-251.222	0.000
10.830	113437.000	-265.856	0.000
10.840	113435.000	-246.099	0.000
10.850	113432.000	-262.269	0.000
10.860	113430.000	-243.588	0.000
10.870	113427.000	-260.512	0.000
10.880	113425.000	-242.358	0.000
10.890	113422.000	-259.651	0.000
10.900	113419.000	-271.756	0.000
10.910	113417.000	-250.229	0.000
10.920	113414.000	-265.160	0.000
10.930	113411.000	-275.612	0.000
10.940	113409.000	-252.929	0.000
10.950	113406.000	-267.050	0.000
10.960	113403.000	-276.935	0.000
10.970	113400.000	-283.854	0.000
10.980	113397.000	-288.698	0.000
10.990	113394.000	-292.089	0.000
11.000	113391.000	-294.462	0.000
11.010	113388.000	-296.123	0.000
11.020	113385.000	-297.286	0.000
11.030	113382.000	-298.100	0.000
11.040	113379.000	-298.670	0.000
11.050	113375.000	-329.069	0.000
11.060	113372.000	-320.348	0.000
11.070	113369.000	-314.244	0.000
11.080	113365.000	-339.971	0.000
11.090	113362.000	-327.980	0.000
11.100	113358.000	-349.586	0.000
11.110	113354.000	-364.710	0.000
11.120	113351.000	-345.297	0.000
11.130	113347.000	-361.708	0.000
11.140	113343.000	-373.196	0.000
11.150	113340.000	-351.237	0.000
11.160	113336.000	-365.866	0.000
11.170	113332.000	-376.106	0.000
11.180	113328.000	-383.274	0.000
11.190	113325.000	-358.292	0.000
11.200	113321.000	-370.804	0.000
11.210	113317.000	-379.563	0.000
11.220	113313.000	-385.694	0.000
11.230	113310.000	-359.986	0.000
11.240	113306.000	-371.990	0.000
11.250	113302.000	-380.393	0.000
11.260	113298.000	-386.275	0.000
11.270	113295.000	-360.393	0.000
11.280	113291.000	-372.275	0.000
11.290	113287.000	-380.592	0.000
11.300	113284.000	-356.415	0.000
11.310	113280.000	-369.490	0.000
11.320	113277.000	-348.643	0.000
11.330	113273.000	-364.050	0.000
11.340	113270.000	-344.835	0.000
11.350	113266.000	-361.385	0.000
11.360	113263.000	-342.969	0.000
11.370	113259.000	-360.078	0.000
11.380	113256.000	-342.055	0.000
11.390	113253.000	-329.438	0.000
11.400	113250.000	-320.607	0.000
11.410	113246.000	-344.425	0.000
11.420	113243.000	-331.097	0.000
11.430	113240.000	-321.768	0.000
11.440	113237.000	-315.238	0.000
11.450	113234.000	-310.666	0.000
11.460	113232.000	-277.466	0.000
11.470	113229.000	-284.227	0.000
11.480	113226.000	-288.959	0.000
11.490	113224.000	-262.271	0.000
11.500	113221.000	-273.590	0.000
11.510	113219.000	-251.513	0.000
11.520	113216.000	-266.059	0.000
11.530	113214.000	-246.241	0.000
11.540	113212.000	-232.369	0.000
11.550	113210.000	-222.658	0.000
11.560	113208.000	-215.861	0.000
11.570	113206.000	-211.103	0.000
11.580	113204.000	-207.772	0.000
11.590	113202.000	-205.440	0.000
11.600	113200.000	-203.808	0.000
11.610	113199.000	-172.666	0.000
11.620	113197.000	-180.866	0.000
11.630	113196.000	-156.606	0.000
11.640	113194.000	-169.624	0.000
11.650	113193.000	-148.737	0.000
11.660	113192.000	-134.116	0.000
11.670	113191.000	-123.881	0.000
11.680	113190.000	-116.717	0.000
11.690	113189.000	-111.702	0.000
11.700	113188.000	-108.191	0.000
11.710	113187.000	-105.734	0.000
11.720	113186.000	-104.014	0.000
11.730	113186.000	-72.810	0.000
11.740	113185.000	-80.967	0.000
11.750	113185.000	-56.677	0.000
11.760	113184.000	-69.674	0.000
11.770	113184.000	-48.772	0.000
11.780	113184.000	-34.140	0.000
11.790	113184.000	-23.898	0.000
11.800	113184.000	-16.729	0.000
11.810	113184.000	-11.710	0.000
11.820	113184.000	-8.197	0.000
11.830	113184.000	-5.738	0.000
11.840	113184.000	-4.017	0.000
11.850	113184.000	-2.812	0.000
11.860	113184.000	-1.968	0.000
11.870	113184.000	-1.378	0.000
11.880	113184.000	-0.964	0.000
11.890	113184.000	-0.675	0.000
11.900	113184.000	-0.473	0.000
11.910	113184.000	-0.331	0.000
11.920	113185.000	29.768	0.000
11.930	113185.000	20.838	0.000
11.940	113185.000	14.587	0.000
11.950	113186.000	40.211	0.000
11.960	113186.000	28.147	0.000
11.970	113186.000	19.703	0.000
11.980	113187.000	43.792	0.000
11.990	113187.000	30.655	0.000
12.000	113187.000	21.458	0.000
12.010	113187.000	15.021	0.000
12.020	113187.000	10.515	0.000
12.030	113187.000	7.360	0.000
12.040	113187.000	5.152	0.000
12.050	113187.000	3.606	0.000
12.060	113187.000	2.525	0.000
12.070	113187.000	1.767	0.000
12.080	113187.000	1.237	0.000
12.090	113187.000	0.866	0.000
12.100	113187.000	0.606	0.000
12.110	113187.000	0.424	0.000
12.120	113187.000	0.297	0.000
12.130	113187.000	0.208	0.000
12.140	113187.000	0.146	0.000
12.150	113187.000	0.102	0.000
12.160	113187.000	0.071	0.000
12.170	113186.000	-29.950	0.000
12.180	113186.000	-20.965	0.000
12.190	113186.000	-14.676	0.000
12.200	113186.000	-10.273	0.000
12.210	113185.000	-37.191	0.000
12.220	113185.000	-26.034	0.000
12.230	113185.000	-18.224	0.000
12.240	113185.000	-12.757	0.000
12.250	113185.000	-8.930	0.000
12.260	113185.000	-6.251	0.000
12.270	113185.000	-4.375	0.000
12.280	113185.000	-3.063	0.000
12.290	113185.000	-2.144	0.000
12.300	113185.000	-1.501	0.000
12.310	113185.000	-1.051	0.000
12.320	113185.000	-0.735	0.000
12.330	113185.000	-0.515	0.000
12.340	113185.000	-0.360	0.000
12.350	113185.000	-0.252	0.000
12.360	113185.000	-0.177	0.000
12.370	113185.000	-0.124	0.000
12.380	113185.000	-0.087	0.000
12.390	113185.000	-0.061	0.000
12.400	113185.000	-0.042	0.000
12.410	113185.000	-0.030	0.000
12.420	113185.000	-0.021	0.000
12.430	113185.000	-0.015	0.000
12.440	113185.000	-0.010	0.000
12.450	113185.000	-0.007	0.000
12.460	113185.000	-0.005	0.000
12.470	113185.000	-0.003	0.000
12.480	113185.000	-0.002	0.000
12.490	113185.000	-0.002	0.000
12.500	113185.000	-0.001	0.000
12.510	113185.000	-0.001	0.000
12.520	113185.000	-0.001	0.000
12.530	113185.000	-0.000	0.000
12.540	113185.000	-0.000	0.000
12.550	113185.000	-0.000	0.000
12.560	113185.000	-0.000	0.000
12.570	113185.000	-0.000	0.000
12.580	113185.000	-0.000	0.000
12.590	113185.000	-0.000	0.000
12.600	113185.000	-0.000	0.000
12.610	113185.000	-0.000	0.000
12.620	113185.000	-0.000	0.000
12.630	113185.000	-0.000	0.000
12.640	113185.000	-0.000	0.000
12.650	113185.000	-0.000	0.000
12.660	113185.000	-0.000	0.000
12.670	113185.000	-0.000	0.000
12.680	113185.000	-0.000	0.000
12.690	113185.000	-0.000	0.000
12.700	113185.000	-0.000	0.000
12.710	113185.000	-0.000	0.000
12.720	113185.000	-0.000	0.000
12.730	113185.000	-0.000	0.000
12.740	113185.000	-0.000	0.000
12.750	113185.000	-0.000	0.000
12.760	113185.000	-0.000	0.000
12.770	113185.000	-0.000	0.000
12.780	113185.000	-0.000	0.000
12.790	113185.000	-0.000	0.000
12.800	113185.000	-0.000	0.000
12.810	113185.000	-0.000	0.000
12.820	113185.000	-0.000	0.000
12.830	113185.000	-0.000	0.000
12.840	113185.000	-0.000	0.000
12.850	113185.000	-0.000	0.000
12.860	113185.000	-0.000	0.000
12.870	113185.000	-0.000	0.000
12.880	113185.000	-0.000	0.000
12.890	113185.000	-0.000	0.000
12.900	113185.000	-0.000	0.000
12.910	113185.000	-0.000	0.000
12.920	113185.000	-0.000	0.000
12.930	113185.000	-0.000	0.000
12.940	113185.000	-0.000	0.000
12.950	113185.000	-0.000	0.000
12.960	113185.000	-0.000	0.000
12.970	113185.000	-0.000	0.000
12.980	113185.000	-0.000	0.000
12.990	113185.000	-0.000	0.000
13.000	113185.000	-0.000	0.000
13.010	113185.000	-0.000	0.000
13.020	113185.000	-0.000	0.000
13.030	113185.000	-0.000	0.000
13.040	113185.000	-0.000	0.000
13.050	113185.000	-0.000	0.000
13.060	113185.000	-0.000	0.000
13.070	113185.000	-0.000	0.000
13.080	113185.000	-0.000	0.000
13.090	113185.000	-0.000	0.000
13.100	113185.000	-0.000	0.000
13.110	113185.000	-0.000	0.000
13.120	113185.000	-0.000	0.000
13.130	113185.000	-0.000	0.000
13.140	113185.000	-0.000	0.000
13.150	113185.000	-0.000	0.000
13.160	113185.000	-0.000	0.000
13.170	113185.000	-0.000	0.000
13.180	113185.000	-0.000	0.000
13.190	113185.000	-0.000	0.000
13.200	113185.000	-0.000	0.000
13.210	113185.000	-0.000	0.000
13.220	113185.000	-0.000	0.000
13.230	113185.000	-0.000	0.000
13.240	113185.000	-0.000	0.000
13.250	113185.000	-0.000	0.000
13.260	113185.000	-0.000	0.000
13.270	113185.000	-0.000	0.000
13.280	113185.000	-0.000	0.000
13.290	113185.000	-0.000	0.000
13.300	113185.000	-0.000	0.000
13.310	113185.000	-0.000	0.000
13.320	113185.000	-0.000	0.000
13.330	113185.000	-0.000	0.000
13.340	113185.000	-0.000	0.000
13.350	113185.000	-0.000	0.000
13.360	113185.000	-0.000	0.000
13.370	113185.000	-0.000	0.000
13.380	113185.000	-0.000	0.000
13.390	113185.000	-0.000	0.000
13.400	113185.000	-0.000	0.000
13.410	113185.000	-0.000	0.000
13.420	113185.000	-0.000	0.000
13.430	113185.000	-0.000	0.000
13.440	113185.000	-0.000	0.000
13.450	113185.000	-0.000	0.000
13.460	113185.000	-0.000	0.000
13.470	113185.000	-0.000	0.000
13.480	113185.000	-0.000	0.000
13.490	113185.000	-0.000	0.000
13.500	113185.000	-0.000	0.000
13.510	113185.000	-0.000	0.000
13.520	113185.000	-0.000	0.000
13.530	113185.000	-0.000	0.000
13.540	113185.000	-0.000	0.000
13.550	113185.000	-0.000	0.000
13.560	113185.000	-0.000	0.000
13.570	113185.000	-0.000	0.000
13.580	113185.000	-0.000	0.000
13.590	113185.000	-0.000	0.000
13.600	113185.000	-0.000	0.000
13.610	113185.000	-0.000	0.000
13.620	113185.000	-0.000	0.000
13.630	113185.000	-0.000	0.000
13.640	113185.000	-0.000	0.000
13.650	113185.000	-0.000	0.000
13.660	113185.000	-0.000	0.000
13.670	113185.000	-0.000	0.000
13.680	113185.000	-0.000	0.000
13.690	113185.000	-0.000	0.000
13.700	113185.000	-0.000	0.000
13.710	113185.000	-0.000	0.000
13.720	113185.000	-0.000	0.000
13.730	113185.000	-0.000	0.000
13.740	113185.000	-0.000	0.000
13.750	113185.000	-0.000	0.000
13.760	113185.000	-0.000	0.000
13.770	113185.000	-0.000	0.000
13.780	113185.000	-0.000	0.000
13.790	113185.000	-0.000	0.000
13.800	113185.000	-0.000	0.000
13.810	113185.000	-0.000	0.000
13.820	113185.000	-0.000	0.000
13.830	113185.000	-0.000	0.000
13.840	113185.000	-0.000	0.000
13.850	113185.000	-0.000	0.000
13.860	113185.000	-0.000	0.000
13.870	113185.000	-0.000	0.000
13.880	113185.000	-0.000	0.000
13.890	113185.000	-0.000	0.000
13.900	113185.000	-0.000	0.000
13.910	113185.000	-0.000	0.000
13.920	113185.000	-0.000	0.000
13.930	113185.000	-0.000	0.000
13.940	113185.000	-0.000	0.000
13.950	113185.000	-0.000	0.000
13.960	113185.000	-0.000	0.000
13.970	113185.000	-0.000	0.000
13.980	113185.000	-0.000	0.000
13.990	113185.000	-0.000	0.000
14.000	113185.000	-0.000	0.000
14.010	113185.000	-0.000	0.000
14.020	113185.000	-0.000	0.000
14.030	113185.000	-0.000	0.000
14.040	113185.000	-0.000	0.000
14.050	113185.000	-0.000	0.000
14.060	113185.000	-0.000	0.000
14.070	113185.000	-0.000	0.000
14.080	113185.000	-0.000	0.000
14.090	113185.000	-0.000	0.000
14.100	113185.000	-0.000	0.000
14.110	113185.000	-0.000	0.000
14.120	113185.000	-0.000	0.000
14.130	113185.000	-0.000	0.000
14.140	113185.000	-0.000	0.000
14.150	113185.000	-0.000	0.000
14.160	113185.000	-0.000	0.000
14.170	113185.000	-0.000	0.000
14.180	113185.000	-0.000	0.000
14.190	113185.000	-0.000	0.000
14.200	113185.000	-0.000	0.000
14.210	113185.000	-0.000	0.000
14.220	113185.000	-0.000	0.000
14.230	113185.000	-0.000	0.000
14.240	113185.000	-0.000	0.000
14.250	113185.000	-0.000	0.000
14.260	113185.000	-0.000	0.000
14.270	113185.000	-0.000	0.000
14.280	113185.000	-0.000	0.000
14.290	113185.000	-0.000	0.000
14.300	113185.000	-0.000	0.000
14.310	113185.000	-0.000	0.000
14.320	113185.000	-0.000	0.000
14.330	113185.000	-0.000	0.000
14.340	113185.000	-0.000	0.000
14.350	113185.000	-0.000	0.000
14.360	113185.000	-0.000	0.000
14.370	113185.000	-0.000	0.000
14.380	113185.000	-0.000	0.000
14.390	113185.000	-0.000	0.000
14.400	113185.000	-0.000	0.000
14.410	113185.000	-0.000	0.000
14.420	113185.000	-0.000	0.000
14.430	113185.000	-0.000	0.000
14.440	113185.000	-0.000	0.000
14.450	113185.000	-0.000	0.000
14.460	113185.000	-0.000	0.000
14.470	113185.000	-0.000	0.000
14.480	113185.000	-0.000	0.000
14.490	113185.000	-0.000	0.000
14.500	113185.000	-0.000	0.000
14.510	113185.000	-0.000	0.000
14.520	113185.000	-0.000	0.000
14.530	113185.000	-0.000	0.000
14.540	113185.000	-0.000	0.000
14.550	113185.000	-0.000	0.000
14.560	113185.000	-0.000	0.000
14.570	113185.000	-0.000	0.000
14.580	113185.000	-0.000	0.000
14.590	113185.000	-0.000	0.000
14.600	113185.000	-0.000	0.000
14.610	113185.000	-0.000	0.000
14.620	113185.000	-0.000	0.000
14.630	113185.000	-0.000	0.000
14.640	113185.000	-0.000	0.000
14.650	113185.000	-0.000	0.000
14.660	113185.000	-0.000	0.000
14.670	113185.000	-0.000	0.000
14.680	113185.000	-0.000	0.000
14.690	113185.000	-0.000	0.000
14.700	113185.000	-0.000	0.000
14.710	113185.000	-0.000	0.000
14.720	113185.000	-0.000	0.000
14.730	113185.000	-0.000	0.000
14.740	113185.000	-0.000	0.000
14.750	113185.000	-0.000	0.000
14.760	113185.000	-0.000	0.000
14.770	113185.000	-0.000	0.000
14.780	113185.000	-0.000	0.000
14.790	113185.000	-0.000	0.000
14.800	113185.000	-0.000	0.000
14.810	113185.000	-0.000	0.000
14.820	113185.000	-0.000	0.000
14.830	113185.000	-0.000	0.000
14.840	113185.000	-0.000	0.000
14.850	113185.000	-0.000	0.000
14.860	113185.000	-0.000	0.000
14.870	113185.000	-0.000	0.000
14.880	113185.000	-0.000	0.000
14.890	113185.000	-0.000	0.000
14.900	113185.000	-0.000	0.000
14.910	113185.000	-0.000	0.000
14.920	113185.000	-0.000	0.000
14.930	113185.000	-0.000	0.000
14.940	113185.000	-0.000	0.000
14.950	113185.000	-0.000	0.000
14.960	113185.000	-0.000	0.000
14.970	113185.000	-0.000	0.000
14.980	113185.000	-0.000	0.000
14.990	113185.000	-0.000	0.000
15.000	113185.000	-0.000	0.000
