0.000	0.000	0.000	0.000	-1.000
0.010	0.000	0.000	0.000	8.000
0.020	1.000	30.000	-39.000	10.000
0.030	1.000	21.000	-27.000	11.000
0.040	1.000	14.700	-19.000	12.000
0.050	1.000	10.290	-13.000	13.000
0.060	1.000	7.203	-9.000	13.000
0.070	1.000	5.042	-6.000	13.000
0.080	1.000	3.529	-5.000	13.000
0.090	1.000	2.471	-3.000	13.000
0.100	1.000	1.729	-2.000	12.000
0.110	1.000	1.211	-2.000	11.000
0.120	1.000	0.847	-1.000	9.000
0.130	0.000	-29.407	38.000	6.000
0.140	0.000	-20.585	26.000	4.000
0.150	-1.000	-44.409	57.000	1.000
0.160	-1.000	-31.087	40.000	-1.000
0.170	-2.000	-51.761	67.000	-4.000
0.180	-2.000	-36.232	47.000	-6.000
0.190	-3.000	-55.363	71.000	-9.000
0.200	-4.000	-68.754	88.000	-11.000
0.210	-5.000	-78.128	101.000	-13.000
0.220	-6.000	-84.689	109.000	-15.000
0.230	-7.000	-89.283	115.000	-16.000
0.240	-8.000	-92.498	119.000	-17.000
0.250	-9.000	-94.748	122.000	-18.000
0.260	-10.000	-96.324	124.000	-18.000
0.270	-10.000	-67.427	87.000	-19.000
0.280	-11.000	-77.199	99.000	-19.000
0.290	-12.000	-84.039	108.000	-19.000
0.300	-12.000	-58.827	76.000	-19.000
0.310	-13.000	-71.179	92.000	-19.000
0.320	-13.000	-49.825	64.000	-18.000
0.330	-13.000	-34.878	45.000	-17.000
0.340	-13.000	-24.414	31.000	-15.000
0.350	-13.000	-17.090	22.000	-14.000
0.360	-13.000	-11.963	15.000	-13.000
0.370	-13.000	-8.374	11.000	-12.000
0.380	-13.000	-5.862	8.000	-11.000
0.390	-13.000	-4.103	5.000	-10.000
0.400	-13.000	-2.872	4.000	-9.000
0.410	-13.000	-2.011	3.000	-8.000
0.420	-12.000	28.593	-37.000	-8.000
0.430	-12.000	20.015	-26.000	-7.000
0.440	-11.000	44.010	-57.000	-7.000
0.450	-11.000	30.807	-40.000	-6.000
0.460	-11.000	21.565	-28.000	-6.000
0.470	-10.000	45.096	-58.000	-6.000
0.480	-10.000	31.567	-41.000	-6.000
0.490	-10.000	22.097	-28.000	-6.000
0.500	-10.000	15.468	-20.000	-6.000
0.510	-10.000	10.827	379.000	-6.000
0.520	-10.000	7.579	777.000	-6.000
0.530	-10.000	5.305	1173.000	-7.000
0.540	-6.000	123.714	1414.000	-8.000
0.550	0.000	266.600	1623.000	-8.000
0.560	9.000	456.620	1772.000	-8.000
0.570	22.000	709.634	1839.000	-8.000
0.580	38.000	976.744	1889.000	-8.000
0.590	57.000	1253.721	1926.000	-6.000
0.600	78.000	1507.604	1992.000	-2.000
0.610	102.000	1775.323	2041.000	4.000
0.620	127.000	1992.726	2154.000	14.000
0.630	154.000	2204.908	2274.000	26.000
0.640	182.000	2383.436	2438.000	42.000
0.650	211.000	2538.405	2632.000	61.000
0.660	240.000	2646.884	2885.000	84.000
0.670	272.000	2812.818	3065.000	112.000
0.680	305.000	2958.973	3270.000	143.000
0.690	342.000	3181.281	3377.000	180.000
0.700	383.000	3456.897	3416.000	220.000
0.710	428.000	3769.828	3406.000	265.000
0.720	477.000	4108.879	3363.000	314.000
0.730	529.000	4436.216	3335.000	367.000
0.740	584.000	4755.351	3318.000	424.000
0.750	642.000	5068.746	3308.000	486.000
0.760	703.000	5378.122	3303.000	552.000
0.770	768.000	5714.685	3263.000	621.000
0.780	835.000	6010.280	3276.000	695.000
0.790	907.000	6367.196	3210.000	773.000
0.800	983.000	6737.037	3127.000	853.000
0.810	1061.000	7055.926	3110.000	937.000
0.820	1145.000	7459.148	2984.000	1026.000
0.830	1227.000	7681.404	3092.000	1116.000
0.840	1315.000	8016.983	3053.000	1209.000
0.850	1408.000	8401.888	2951.000	1306.000
0.860	1502.000	8701.321	2959.000	1403.000
0.870	1600.000	9030.925	2928.000	1504.000
0.880	1700.000	9321.648	2947.000	1607.000
0.890	1806.000	9705.153	2847.000	1714.000
0.900	1913.000	10003.607	2856.000	1820.000
0.910	2024.000	10332.525	2826.000	1930.000
0.920	2137.000	10622.768	2846.000	2042.000
0.930	2254.000	10945.937	2823.000	2157.000
0.940	2375.000	11292.156	2771.000	2274.000
0.950	2498.000	11594.509	2775.000	2394.000
0.960	2624.000	11896.156	2780.000	2515.000
0.970	2754.000	12227.310	2747.000	2640.000
0.980	2887.000	12549.117	2726.000	2768.000
0.990	3022.000	12834.382	2752.000	2898.000
1.000	3161.000	13154.067	2734.000	3032.000
1.010	3301.000	13407.847	2408.000	3169.000
1.020	3447.000	13765.493	1947.000	3311.000
1.030	3591.000	13955.845	1702.000	3453.000
1.040	3736.000	14119.092	1492.000	3600.000
1.050	3881.000	14233.364	1345.000	3751.000
1.060	4027.000	14343.355	1204.000	3905.000
1.070	4173.000	14420.348	1105.000	4062.000
1.080	4317.000	14414.244	1113.000	4222.000
1.090	4462.000	14439.971	1079.000	4384.000
1.100	4608.000	14487.979	1018.000	4549.000
1.110	4755.000	14551.586	936.000	4717.000
1.120	4902.000	14596.110	879.000	4883.000
1.130	5051.000	14687.277	761.000	5050.000
1.140	5199.000	14721.094	718.000	5215.000
1.150	5350.000	14834.766	571.000	5382.000
1.160	5502.000	14944.336	430.000	5546.000
1.170	5656.000	15081.035	255.000	5709.000
1.180	5811.000	15206.725	93.000	5871.000
1.190	5966.000	15294.707	-20.000	6032.000
1.200	6122.000	15386.295	-138.000	6190.000
1.210	6278.000	15450.407	-221.000	6346.000
1.220	6434.000	15495.285	-279.000	6500.000
1.230	6590.000	15526.699	-319.000	6653.000
1.240	6745.000	15518.689	-309.000	6802.000
1.250	6899.000	15483.083	-263.000	6951.000
1.260	7052.000	15428.158	-192.000	7098.000
1.270	7204.000	15359.710	-104.000	7243.000
1.280	7354.000	15251.797	35.000	7387.000
1.290	7505.000	15206.258	93.000	7530.000
1.300	7655.000	15144.381	173.000	7672.000
1.310	7804.000	15071.066	267.000	7814.000
1.320	7953.000	15019.747	333.000	7956.000
1.330	8100.000	14923.823	457.000	8097.000
1.340	8249.000	14916.676	466.000	8239.000
1.350	8398.000	14911.673	472.000	8381.000
1.360	8546.000	14878.171	516.000	8523.000
1.370	8694.000	14854.720	546.000	8666.000
1.380	8841.000	14808.304	605.000	8809.000
1.390	8988.000	14775.813	647.000	8953.000
1.400	9135.000	14753.069	677.000	9098.000
1.410	9282.000	14737.148	697.000	9244.000
1.420	9429.000	14726.004	711.000	9391.000
1.430	9574.000	14658.203	799.000	9539.000
1.440	9722.000	14700.742	744.000	9689.000
1.450	9869.000	14700.519	744.000	9838.000
1.460	10016.000	14700.364	744.000	9989.000
1.470	10164.000	14730.254	706.000	10141.000
1.480	10311.000	14721.178	718.000	10291.000
1.490	10460.000	14774.825	649.000	10444.000
1.500	10610.000	14842.377	562.000	10598.000
1.510	10758.000	14829.664	578.000	10749.000
1.520	10907.000	14850.765	551.000	10902.000
1.530	11057.000	14895.535	493.000	11056.000
1.540	11208.000	14956.875	414.000	11211.000
1.550	11359.000	14999.812	359.000	11365.000
1.560	11509.000	14999.869	359.000	11517.000
1.570	11658.000	14969.908	398.000	11670.000
1.580	11808.000	14978.936	386.000	11822.000
1.590	11957.000	14955.255	416.000	11974.000
1.600	12107.000	14968.678	399.000	12125.000
1.610	12256.000	14948.075	426.000	12276.000
1.620	12405.000	14933.652	444.000	12426.000
1.630	12554.000	14923.557	457.000	12575.000
1.640	12703.000	14916.490	466.000	12724.000
1.650	12853.000	14941.543	434.000	12873.000
1.660	13003.000	14959.080	411.000	13021.000
1.670	13153.000	14971.356	396.000	13168.000
1.680	13303.000	14979.949	385.000	13314.000
1.690	13454.000	15015.964	338.000	13461.000
1.700	13603.000	14981.175	383.000	13606.000
1.710	13753.000	14986.823	376.000	13752.000
1.720	13904.000	15020.776	332.000	13898.000
1.730	14055.000	15044.543	301.000	14045.000
1.740	14205.000	15031.180	319.000	14192.000
1.750	14354.000	14991.826	369.000	14338.000
1.760	14502.000	14934.278	443.000	14484.000
1.770	14651.000	14923.995	457.000	14632.000
1.780	14800.000	14916.796	466.000	14780.000
1.790	14948.000	14881.757	511.000	14928.000
1.800	15096.000	14857.230	543.000	15076.000
1.810	15244.000	14840.061	565.000	15226.000
1.820	15392.000	14828.043	580.000	15375.000
1.830	15540.000	14819.630	591.000	15526.000
1.840	15691.000	14903.741	483.000	15679.000
1.850	15838.000	14842.619	561.000	15828.000
1.860	15986.000	14829.833	578.000	15979.000
1.870	16136.000	14880.883	512.000	16130.000
1.880	16285.000	14886.618	505.000	16281.000
1.890	16434.000	14890.633	500.000	16433.000
1.900	16584.000	14923.443	457.000	16584.000
1.910	16733.000	14916.410	466.000	16735.000
1.920	16884.000	14971.487	395.000	16887.000
1.930	17031.000	14890.041	500.000	17036.000
1.940	17180.000	14893.029	496.000	17186.000
1.950	17329.000	14895.120	494.000	17337.000
1.960	17478.000	14896.584	492.000	17486.000
1.970	17627.000	14897.609	491.000	17635.000
1.980	17776.000	14898.326	490.000	17784.000
1.990	17924.000	14868.828	528.000	17933.000
2.000	18073.000	14878.180	516.000	18082.000
2.010	18222.000	14884.726	713.000	18229.000
2.020	18370.000	14859.308	951.000	18376.000
2.030	18521.000	14931.516	1061.000	18524.000
2.040	18672.000	14982.061	1197.000	18671.000
2.050	18824.000	15047.443	1310.000	18818.000
2.060	18981.000	15243.210	1252.000	18968.000
2.070	19134.000	15260.247	1419.000	19113.000
2.080	19291.000	15392.173	1433.000	19261.000
2.090	19453.000	15634.521	1298.000	19412.000
2.100	19612.000	15714.165	1366.000	19560.000
2.110	19774.000	15859.915	1341.000	19711.000
2.120	19935.000	15931.941	1403.000	19864.000
2.130	20099.000	16072.358	1368.000	20019.000
2.140	20262.000	16140.651	1416.000	20176.000
2.150	20426.000	16218.456	1442.000	20336.000
2.160	20592.000	16332.919	1410.000	20498.000
2.170	20759.000	16443.043	1373.000	20665.000
2.180	20923.000	16430.130	1483.000	20830.000
2.190	21090.000	16511.091	1461.000	20999.000
2.200	21259.000	16627.764	1381.000	21174.000
2.210	21425.000	16619.435	1449.000	21346.000
2.220	21593.000	16673.604	1424.000	21522.000
2.230	21764.000	16801.523	1292.000	21704.000
2.240	21932.000	16801.066	1311.000	21881.000
2.250	22103.000	16890.746	1203.000	22062.000
2.260	22275.000	16983.522	1077.000	22245.000
2.270	22449.000	17108.466	897.000	22429.000
2.280	22622.000	17165.926	790.000	22614.000
2.290	22795.000	17206.148	694.000	22797.000
2.300	22969.000	17264.304	562.000	22981.000
2.310	23144.000	17335.013	401.000	23165.000
2.320	23318.000	17354.509	294.000	23347.000
2.330	23493.000	17398.156	144.000	23529.000
2.340	23668.000	17428.709	0.000	23711.000
2.350	23843.000	17450.097	-143.000	23890.000
2.360	24018.000	17465.068	-288.000	24069.000
2.370	24192.000	17445.547	-399.000	24246.000
2.380	24366.000	17431.883	-527.000	24421.000
2.390	24539.000	17392.318	-631.000	24594.000
2.400	24711.000	17334.623	-719.000	24766.000
2.410	24881.000	17234.236	-760.000	24935.000
2.420	25051.000	17163.965	-847.000	25103.000
2.430	25218.000	17024.776	-851.000	25270.000
2.440	25384.000	16897.343	-876.000	25436.000
2.450	25550.000	16808.140	-955.000	25601.000
2.460	25713.000	16655.698	-957.000	25764.000
2.470	25875.000	16518.989	-982.000	25926.000
2.480	26035.000	16363.292	-985.000	26087.000
2.490	26191.000	16134.304	-895.000	26243.000
2.500	26348.000	16004.013	-933.000	26401.000
2.510	26500.000	15762.809	-828.000	26554.000
2.520	26653.000	15623.966	-855.000	26707.000
2.530	26805.000	15496.776	-894.000	26861.000
2.540	26952.000	15257.744	-788.000	27009.000
2.550	27100.000	15120.420	-809.000	27159.000
2.560	27246.000	14964.294	-801.000	27305.000
2.570	27390.000	14795.006	-773.000	27449.000
2.580	27533.000	14646.504	-765.000	27592.000
2.590	27673.000	14452.553	-693.000	27733.000
2.600	27813.000	14316.787	-688.000	27873.000
2.610	27950.000	14131.751	-613.000	28010.000
2.620	28086.000	13972.226	-562.000	28146.000
2.630	28220.000	13800.558	-486.000	28280.000
2.640	28353.000	13650.391	-429.000	28412.000
2.650	28485.000	13515.273	-382.000	28544.000
2.660	28615.000	13360.691	-298.000	28674.000
2.670	28745.000	13252.484	-264.000	28802.000
2.680	28872.000	13086.739	-144.000	28927.000
2.690	29000.000	13000.717	-115.000	29051.000
2.700	29129.000	12970.502	-146.000	29175.000
2.710	29254.000	12829.351	-22.000	29295.000
2.720	29379.000	12730.546	60.000	29415.000
2.730	29504.000	12661.382	117.000	29533.000
2.740	29630.000	12642.968	121.000	29651.000
2.750	29755.000	12600.077	170.000	29769.000
2.760	29879.000	12540.054	254.000	29886.000
2.770	30004.000	12528.038	289.000	30003.000
2.780	30128.000	12489.627	370.000	30120.000
2.790	30252.000	12462.739	450.000	30236.000
2.800	30377.000	12473.917	493.000	30354.000
2.810	30502.000	12481.742	553.000	30474.000
2.820	30624.000	12397.219	743.000	30591.000
2.830	30748.000	12398.054	835.000	30709.000
2.840	30872.000	12398.637	940.000	30830.000
2.850	30996.000	12399.046	1055.000	30951.000
2.860	31121.000	12429.332	1142.000	31073.000
2.870	31248.000	12510.533	1174.000	31198.000
2.880	31374.000	12537.373	1285.000	31321.000
2.890	31502.000	12616.161	1338.000	31447.000
2.900	31633.000	12761.313	1313.000	31577.000
2.910	31762.000	12802.919	1430.000	31704.000
2.920	31895.000	12952.043	1415.000	31836.000
2.930	32027.000	13026.430	1503.000	31967.000
2.940	32162.000	13168.501	1509.000	32101.000
2.950	32297.000	13267.951	1575.000	32235.000
2.960	32432.000	13337.566	1683.000	32369.000
2.970	32570.000	13476.296	1705.000	32507.000
2.980	32709.000	13603.407	1745.000	32645.000
2.990	32850.000	13752.385	1758.000	32786.000
3.000	32992.000	13886.669	1791.000	32929.000
3.010	33138.000	14100.669	1722.000	33074.000
3.020	33281.000	14160.468	1850.000	33217.000
3.030	33427.000	14292.328	1883.000	33362.000
3.040	33579.000	14564.629	1734.000	33514.000
3.050	33727.000	14635.241	1841.000	33663.000
3.060	33879.000	14804.668	1816.000	33815.000
3.070	34031.000	14923.268	1853.000	33966.000
3.080	34185.000	15066.288	1852.000	34121.000
3.090	34343.000	15286.401	1746.000	34279.000
3.100	34499.000	15380.481	1795.000	34434.000
3.110	34659.000	15566.337	1719.000	34594.000
3.120	34820.000	15726.436	1667.000	34755.000
3.130	34983.000	15898.505	1591.000	34917.000
3.140	35149.000	16108.953	1457.000	35081.000
3.150	35314.000	16226.267	1432.000	35247.000
3.160	35482.000	16398.387	1326.000	35414.000
3.170	35650.000	16518.871	1276.000	35583.000
3.180	35818.000	16603.210	1261.000	35753.000
3.190	35987.000	16692.247	1228.000	35924.000
3.200	36159.000	16844.573	1102.000	36099.000
3.210	36331.000	16951.201	1022.000	36276.000
3.220	36500.000	16935.841	1086.000	36449.000
3.230	36672.000	17015.088	1017.000	36627.000
3.240	36847.000	17160.562	849.000	36808.000
3.250	37018.000	17142.393	879.000	36985.000
3.260	37192.000	17219.675	773.000	37164.000
3.270	37367.000	17303.773	645.000	37345.000
3.280	37543.000	17392.641	499.000	37525.000
3.290	37721.000	17514.849	297.000	37708.000
3.300	37894.000	17450.394	322.000	37887.000
3.310	38072.000	17555.276	117.000	38071.000
3.320	38245.000	17478.693	134.000	38250.000
3.330	38419.000	17455.085	71.000	38432.000
3.340	38595.000	17498.560	-90.000	38615.000
3.350	38766.000	17378.992	-51.000	38792.000
3.360	38938.000	17325.294	-109.000	38971.000
3.370	39111.000	17317.706	-235.000	39151.000
3.380	39280.000	17192.394	-219.000	39326.000
3.390	39450.000	17134.676	-299.000	39501.000
3.400	39621.000	17124.273	-449.000	39677.000
3.410	39788.000	16996.991	-455.000	39848.000
3.420	39955.000	16907.894	-518.000	40018.000
3.430	40121.000	16815.526	-582.000	40187.000
3.440	40287.000	16750.868	-688.000	40354.000
3.450	40454.000	16735.608	-862.000	40519.000
3.460	40618.000	16634.925	-930.000	40682.000
3.470	40781.000	16534.448	-1002.000	40843.000
3.480	40944.000	16464.113	-1114.000	41004.000
3.490	41101.000	16234.879	-1024.000	41159.000
3.500	41259.000	16104.416	-1062.000	41316.000
3.510	41417.000	16013.091	-1151.000	41473.000
3.520	41568.000	15739.164	-1003.000	41624.000
3.530	41719.000	15547.415	-960.000	41775.000
3.540	41868.000	15353.190	-911.000	41922.000
3.550	42017.000	15217.233	-933.000	42072.000
3.560	42163.000	15032.063	-889.000	42218.000
3.570	42307.000	14842.444	-834.000	42363.000
3.580	42449.000	14649.711	-769.000	42505.000
3.590	42590.000	14484.798	-734.000	42646.000
3.600	42729.000	14309.358	-679.000	42787.000
3.610	42868.000	14186.551	-683.000	42926.000
3.620	43005.000	14040.586	-650.000	43063.000
3.630	43140.000	13878.410	-587.000	43198.000
3.640	43274.000	13734.887	-538.000	43332.000
3.650	43407.000	13604.421	-496.000	43464.000
3.660	43539.000	13483.095	-456.000	43594.000
3.670	43669.000	13338.166	-374.000	43722.000
3.680	43799.000	13236.716	-337.000	43850.000
3.690	43926.000	13075.701	-212.000	43974.000
3.700	44055.000	13022.991	-214.000	44100.000
3.710	44179.000	12836.094	-31.000	44220.000
3.720	44304.000	12735.266	54.000	44342.000
3.730	44428.000	12634.686	152.000	44462.000
3.740	44552.000	12564.280	223.000	44581.000
3.750	44676.000	12514.996	280.000	44700.000
3.760	44799.000	12450.497	369.000	44818.000
3.770	44922.000	12405.348	447.000	44936.000
3.780	45045.000	12373.744	519.000	45053.000
3.790	45168.000	12351.621	593.000	45169.000
3.800	45291.000	12336.134	670.000	45285.000
3.810	45413.000	12295.294	793.000	45401.000
3.820	45536.000	12296.706	872.000	45517.000
3.830	45660.000	12327.694	926.000	45634.000
3.840	45785.000	12379.386	964.000	45752.000
3.850	45908.000	12355.570	1111.000	45870.000
3.860	46034.000	12428.899	1142.000	45989.000
3.870	46161.000	12510.229	1174.000	46111.000
3.880	46286.000	12507.161	1323.000	46232.000
3.890	46414.000	12595.012	1365.000	46357.000
3.900	46540.000	12596.509	1526.000	46480.000
3.910	46669.000	12687.556	1579.000	46607.000
3.920	46799.000	12781.289	1635.000	46736.000
3.930	46930.000	12876.902	1696.000	46865.000
3.940	47063.000	13003.832	1721.000	46997.000
3.950	47197.000	13122.682	1762.000	47131.000
3.960	47333.000	13265.878	1775.000	47266.000
3.970	47471.000	13426.114	1770.000	47403.000
3.980	47612.000	13628.280	1713.000	47544.000
3.990	47752.000	13739.796	1775.000	47684.000
4.000	47895.000	13907.857	1764.000	47826.000
4.010	48040.000	14085.500	1741.000	47970.000
4.020	48187.000	14269.850	1709.000	48117.000
4.030	48335.000	14428.895	1708.000	48265.000
4.040	48483.000	14540.227	1765.000	48413.000
4.050	48635.000	14738.159	1708.000	48567.000
4.060	48787.000	14876.711	1724.000	48721.000
4.070	48941.000	15033.698	1711.000	48876.000
4.080	49096.000	15173.588	1714.000	49033.000
4.090	49255.000	15391.512	1611.000	49195.000
4.100	49410.000	15424.058	1739.000	49352.000
4.110	49569.000	15566.841	1718.000	49514.000
4.120	49731.000	15756.789	1628.000	49679.000
4.130	49891.000	15829.752	1680.000	49840.000
4.140	50054.000	15970.826	1634.000	50006.000
4.150	50219.000	16129.578	1556.000	50173.000
4.160	50386.000	16300.705	1452.000	50342.000
4.170	50552.000	16390.493	1441.000	50509.000
4.180	50720.000	16513.345	1376.000	50679.000
4.190	50890.000	16659.342	1270.000	50850.000
4.200	51061.000	16791.539	1170.000	51022.000
4.210	51232.000	16884.077	1108.000	51195.000
4.220	51406.000	17038.854	954.000	51369.000
4.230	51580.000	17147.198	847.000	51544.000
4.240	51754.000	17223.039	769.000	51719.000
4.250	51928.000	17276.127	707.000	51896.000
4.260	52105.000	17403.289	537.000	52076.000
4.270	52278.000	17372.302	557.000	52254.000
4.280	52452.000	17380.612	514.000	52433.000
4.290	52628.000	17446.428	385.000	52613.000
4.300	52801.000	17402.500	384.000	52793.000
4.310	52977.000	17461.750	238.000	52974.000
4.320	53151.000	17443.225	180.000	53154.000
4.330	53326.000	17460.257	64.000	53334.000
4.340	53500.000	17442.180	-17.000	53514.000
4.350	53673.000	17399.526	-78.000	53694.000
4.360	53846.000	17369.668	-166.000	53874.000
4.370	54021.000	17408.768	-352.000	54054.000
4.380	54190.000	17256.137	-301.000	54230.000
4.390	54365.000	17329.296	-550.000	54408.000
4.400	54531.000	17110.507	-431.000	54581.000
4.410	54700.000	17047.355	-520.000	54755.000
4.420	54867.000	16943.149	-563.000	54926.000
4.430	55034.000	16870.204	-653.000	55098.000
4.440	55196.000	16669.143	-583.000	55265.000
4.450	55358.000	16528.400	-595.000	55431.000
4.460	55520.000	16429.880	-666.000	55595.000
4.470	55680.000	16300.916	-701.000	55758.000
4.480	55840.000	16210.641	-788.000	55919.000
4.490	55997.000	16057.449	-796.000	56075.000
4.500	56153.000	15920.214	-825.000	56231.000
4.510	56309.000	15824.150	-907.000	56385.000
4.520	56463.000	15696.905	-949.000	56535.000
4.530	56616.000	15577.833	-999.000	56683.000
4.540	56767.000	15434.483	-1015.000	56829.000
4.550	56917.000	15304.138	-1045.000	56974.000
4.560	57064.000	15122.897	-1006.000	57117.000
4.570	57210.000	14966.028	-993.000	57259.000
4.580	57354.000	14796.219	-958.000	57399.000
4.590	57496.000	14617.354	-905.000	57538.000
4.600	57637.000	14462.148	-875.000	57676.000
4.610	57776.000	14293.503	-821.000	57813.000
4.620	57914.000	14145.452	-785.000	57950.000
4.630	58048.000	13921.817	-642.000	58084.000
4.640	58181.000	13735.272	-539.000	58217.000
4.650	58315.000	13634.690	-535.000	58351.000
4.660	58446.000	13474.283	-445.000	58481.000
4.670	58575.000	13301.998	-328.000	58610.000
4.680	58706.000	13241.399	-343.000	58740.000
4.690	58832.000	13048.979	-177.000	58866.000
4.700	58959.000	12944.285	-112.000	58993.000
4.710	59086.000	12871.000	-75.000	59120.000
4.720	59212.000	12789.700	-16.000	59245.000
4.730	59338.000	12732.790	25.000	59369.000
4.740	59464.000	12692.953	57.000	59493.000
4.750	59587.000	12575.067	202.000	59614.000
4.760	59712.000	12552.547	238.000	59736.000
4.770	59835.000	12476.783	355.000	59855.000
4.780	59959.000	12453.748	417.000	59975.000
4.790	60082.000	12407.624	521.000	60094.000
4.800	60204.000	12345.337	658.000	60212.000
4.810	60327.000	12331.736	746.000	60331.000
4.820	60450.000	12322.215	840.000	60449.000
4.830	60574.000	12345.550	903.000	60568.000
4.840	60698.000	12361.885	987.000	60687.000
4.850	60822.000	12373.320	1088.000	60806.000
4.860	60947.000	12411.324	1165.000	60925.000
4.870	61075.000	12527.927	1151.000	61046.000
4.880	61200.000	12519.549	1307.000	61165.000
4.890	61328.000	12603.684	1354.000	61286.000
4.900	61456.000	12662.579	1441.000	61408.000
4.910	61586.000	12763.805	1481.000	61531.000
4.920	61717.000	12864.664	1528.000	61656.000
4.930	61851.000	13025.265	1505.000	61785.000
4.940	61982.000	13047.685	1665.000	61911.000
4.950	62116.000	13153.380	1722.000	62041.000
4.960	62253.000	13317.366	1709.000	62175.000
4.970	62389.000	13402.156	1801.000	62307.000
4.980	62527.000	13521.509	1851.000	62443.000
4.990	62667.000	13665.056	1871.000	62582.000
5.000	62807.000	13765.540	1947.000	62723.000
5.010	62952.000	13985.878	1869.000	62867.000
5.020	63094.000	14050.114	1992.000	63010.000
5.030	63241.000	14245.080	1944.000	63157.000
5.040	63389.000	14411.556	1931.000	63306.000
5.050	63539.000	14588.089	1901.000	63458.000
5.060	63691.000	14771.662	1859.000	63612.000
5.070	63845.000	14960.164	1805.000	63768.000
5.080	64001.000	15152.115	1742.000	63925.000
5.090	64159.000	15346.480	1669.000	64086.000
5.100	64318.000	15512.536	1625.000	64246.000
5.110	64478.000	15658.775	1600.000	64408.000
5.120	64639.000	15791.143	1584.000	64573.000
5.130	64803.000	15973.800	1494.000	64740.000
5.140	64967.000	16101.660	1466.000	64908.000
5.150	65132.000	16221.162	1438.000	65077.000
5.160	65298.000	16334.813	1408.000	65248.000
5.170	65465.000	16444.369	1372.000	65419.000
5.180	65634.000	16581.059	1289.000	65592.000
5.190	65804.000	16706.741	1209.000	65767.000
5.200	65973.000	16764.719	1204.000	65939.000
5.210	66146.000	16925.303	1055.000	66116.000
5.220	66316.000	16947.712	1071.000	66289.000
5.230	66489.000	17053.399	967.000	66465.000
5.240	66665.000	17217.379	776.000	66644.000
5.250	66837.000	17212.165	789.000	66819.000
5.260	67016.000	17418.516	517.000	66999.000
5.270	67190.000	17412.961	505.000	67174.000
5.280	67367.000	17499.073	362.000	67352.000
5.290	67545.000	17589.351	201.000	67532.000
5.300	67719.000	17532.546	216.000	67707.000
5.310	67894.000	17522.782	159.000	67884.000
5.320	68071.000	17575.947	9.000	68064.000
5.330	68244.000	17493.163	22.000	68240.000
5.340	68417.000	17435.214	-8.000	68418.000
5.350	68591.000	17424.650	-110.000	68595.000
5.360	68764.000	17387.255	-188.000	68773.000
5.370	68935.000	17301.078	-214.000	68949.000
5.380	69106.000	17240.755	-281.000	69125.000
5.390	69279.000	17258.528	-459.000	69303.000
5.400	69445.000	17060.970	-367.000	69474.000
5.410	69613.000	16982.679	-437.000	69647.000
5.420	69780.000	16897.875	-505.000	69819.000
5.430	69945.000	16778.513	-535.000	69990.000
5.440	70110.000	16694.959	-616.000	70160.000
5.450	70273.000	16576.471	-657.000	70328.000
5.460	70437.000	16523.530	-787.000	70496.000
5.470	70595.000	16306.471	-708.000	70659.000
5.480	70754.000	16184.530	-755.000	70822.000
5.490	70910.000	16009.171	-734.000	70982.000
5.500	71066.000	15886.420	-782.000	71140.000
5.510	71220.000	15740.494	-800.000	71297.000
5.520	71372.000	15578.346	-796.000	71451.000
5.530	71523.000	15434.842	-815.000	71602.000
5.540	71675.000	15364.389	-925.000	71755.000
5.550	71821.000	15135.073	-828.000	71900.000
5.560	71969.000	15034.551	-892.000	72046.000
5.570	72112.000	14814.186	-797.000	72189.000
5.580	72256.000	14689.930	-821.000	72329.000
5.590	72399.000	14572.951	-847.000	72468.000
5.600	72541.000	14461.066	-874.000	72605.000
5.610	72681.000	14322.746	-858.000	72739.000
5.620	72818.000	14135.922	-772.000	72872.000
5.630	72955.000	14005.146	-750.000	73004.000
5.640	73090.000	13853.602	-691.000	73134.000
5.650	73225.000	13747.521	-680.000	73265.000
5.660	73356.000	13553.265	-546.000	73392.000
5.670	73486.000	13387.285	-437.000	73519.000
5.680	73617.000	13301.100	-420.000	73646.000
5.690	73743.000	13090.770	-231.000	73770.000
5.700	73870.000	12973.539	-150.000	73894.000
5.710	73998.000	12921.477	-140.000	74019.000
5.720	74122.000	12765.034	16.000	74140.000
5.730	74246.000	12655.524	125.000	74262.000
5.740	74372.000	12638.867	127.000	74385.000
5.750	74495.000	12537.207	251.000	74505.000
5.760	74619.000	12496.045	311.000	74627.000
5.770	74743.000	12467.231	367.000	74747.000
5.780	74868.000	12477.062	387.000	74868.000
5.790	74993.000	12483.943	423.000	74991.000
5.800	75116.000	12428.760	551.000	75111.000
5.810	75240.000	12420.132	632.000	75232.000
5.820	75365.000	12444.093	683.000	75354.000
5.830	75488.000	12400.865	832.000	75474.000
5.840	75612.000	12400.605	937.000	75595.000
5.850	75738.000	12460.424	976.000	75719.000
5.860	75862.000	12442.297	1125.000	75839.000
5.870	75987.000	12459.608	1239.000	75962.000
5.880	76113.000	12501.725	1330.000	76085.000
5.890	76240.000	12561.208	1408.000	76209.000
5.900	76368.000	12632.845	1479.000	76334.000
5.910	76498.000	12742.992	1507.000	76459.000
5.920	76628.000	12820.094	1585.000	76587.000
5.930	76761.000	12964.066	1583.000	76716.000
5.940	76893.000	13034.846	1681.000	76844.000
5.950	77027.000	13144.392	1734.000	76975.000
5.960	77163.000	13281.075	1756.000	77107.000
5.970	77301.000	13436.752	1756.000	77240.000
5.980	77439.000	13545.727	1819.000	77374.000
5.990	77580.000	13712.009	1810.000	77511.000
6.000	77722.000	13858.406	1828.000	77649.000
6.010	77866.000	14020.884	1824.000	77790.000
6.020	78012.000	14194.619	1806.000	77932.000
6.030	78158.000	14316.233	1853.000	78077.000
6.040	78309.000	14551.363	1751.000	78226.000
6.050	78457.000	14625.954	1853.000	78374.000
6.060	78608.000	14768.168	1863.000	78526.000
6.070	78762.000	14957.718	1808.000	78681.000
6.080	78914.000	15030.402	1898.000	78834.000
6.090	79070.000	15201.282	1856.000	78992.000
6.100	79227.000	15350.897	1833.000	79152.000
6.110	79387.000	15545.628	1745.000	79314.000
6.120	79547.000	15681.940	1724.000	79478.000
6.130	79710.000	15867.358	1631.000	79645.000
6.140	79874.000	16027.150	1562.000	79813.000
6.150	80040.000	16199.005	1467.000	79981.000
6.160	80207.000	16349.304	1389.000	80152.000
6.170	80376.000	16514.513	1281.000	80324.000
6.180	80547.000	16690.159	1149.000	80499.000
6.190	80715.000	16723.111	1188.000	80672.000
6.200	80886.000	16836.178	1112.000	80847.000
6.210	81060.000	17005.324	952.000	81026.000
6.220	81229.000	16973.727	1038.000	81202.000
6.230	81402.000	17071.609	944.000	81380.000
6.240	81575.000	17140.126	875.000	81559.000
6.250	81748.000	17188.088	820.000	81738.000
6.260	81921.000	17221.662	770.000	81916.000
6.270	82094.000	17245.163	721.000	82095.000
6.280	82267.000	17261.614	667.000	82273.000
6.290	82441.000	17303.130	569.000	82451.000
6.300	82616.000	17362.191	436.000	82629.000
6.310	82791.000	17403.534	313.000	82807.000
6.320	82968.000	17492.474	116.000	82986.000
6.330	83140.000	17404.732	136.000	83161.000
6.340	83315.000	17433.312	-6.000	83337.000
6.350	83489.000	17423.318	-109.000	83511.000
6.360	83664.000	17446.323	-264.000	83686.000
6.370	83837.000	17402.426	-344.000	83859.000
6.380	84010.000	17371.698	-450.000	84032.000
6.390	84181.000	17290.189	-499.000	84205.000
6.400	84352.000	17233.132	-589.000	84378.000
6.410	84523.000	17193.192	-708.000	84550.000
6.420	84689.000	17015.235	-656.000	84719.000
6.430	84858.000	16980.664	-795.000	84892.000
6.440	85021.000	16776.465	-721.000	85059.000
6.450	85183.000	16603.526	-692.000	85226.000
6.460	85347.000	16542.468	-811.000	85395.000
6.470	85505.000	16319.728	-725.000	85557.000
6.480	85663.000	16163.809	-728.000	85721.000
6.490	85819.000	15994.666	-715.000	85883.000
6.500	85976.000	15906.267	-807.000	86043.000
6.510	86130.000	15754.387	-818.000	86202.000
6.520	86286.000	15708.071	-963.000	86360.000
6.530	86435.000	15465.649	-854.000	86512.000
6.540	86585.000	15325.955	-876.000	86664.000
6.550	86733.000	15168.168	-870.000	86813.000
6.560	86878.000	14967.718	-806.000	86960.000
6.570	87023.000	14827.402	-814.000	87105.000
6.580	87166.000	14669.182	-794.000	87247.000
6.590	87307.000	14498.427	-752.000	87388.000
6.600	87448.000	14378.899	-768.000	87526.000
6.610	87587.000	14235.229	-746.000	87662.000
6.620	87724.000	14074.661	-694.000	87796.000
6.630	87861.000	13962.262	-694.000	87928.000
6.640	87996.000	13823.584	-652.000	88057.000
6.650	88131.000	13726.509	-653.000	88187.000
6.660	88263.000	13568.556	-566.000	88313.000
6.670	88393.000	13397.989	-451.000	88436.000
6.680	88523.000	13278.592	-391.000	88559.000
6.690	88652.000	13165.015	-327.000	88681.000
6.700	88780.000	13055.510	-255.000	88802.000
6.710	88908.000	12978.857	-214.000	88924.000
6.720	89032.000	12805.200	-36.000	89043.000
6.730	89157.000	12713.640	50.000	89163.000
6.740	89281.000	12619.548	152.000	89283.000
6.750	89405.000	12553.684	230.000	89403.000
6.760	89528.000	12477.579	334.000	89524.000
6.770	89651.000	12424.305	422.000	89643.000
6.780	89774.000	12387.013	502.000	89763.000
6.790	89897.000	12360.909	581.000	89884.000
6.800	90020.000	12342.637	662.000	90004.000
6.810	90143.000	12329.846	748.000	90124.000
6.820	90267.000	12350.892	803.000	90245.000
6.830	90391.000	12365.624	877.000	90366.000
6.840	90516.000	12405.937	930.000	90488.000
6.850	90642.000	12464.156	971.000	90611.000
6.860	90770.000	12564.909	967.000	90735.000
6.870	90896.000	12575.436	1090.000	90859.000
6.880	91024.000	12642.805	1149.000	90985.000
6.890	91152.000	12689.964	1243.000	91112.000
6.900	91282.000	12782.975	1286.000	91240.000
6.910	91412.000	12848.082	1372.000	91369.000
6.920	91543.000	12923.658	1452.000	91498.000
6.930	91676.000	13036.560	1490.000	91630.000
6.940	91811.000	13175.592	1500.000	91763.000
6.950	91944.000	13212.915	1646.000	91894.000
6.960	92082.000	13389.040	1617.000	92031.000
6.970	92217.000	13422.328	1775.000	92165.000
6.980	92356.000	13565.630	1794.000	92302.000
6.990	92495.000	13665.941	1870.000	92441.000
7.000	92637.000	13826.159	1869.000	92582.000
7.010	92783.000	14058.311	1776.000	92726.000
7.020	92927.000	14160.818	1849.000	92868.000
7.030	93073.000	14292.572	1883.000	93012.000
7.040	93221.000	14444.801	1888.000	93158.000
7.050	93374.000	14701.360	1756.000	93307.000
7.060	93527.000	14880.952	1718.000	93457.000
7.070	93678.000	14946.667	1823.000	93606.000
7.080	93835.000	15172.667	1715.000	93761.000
7.090	93991.000	15300.867	1727.000	93915.000
7.100	94149.000	15450.607	1705.000	94072.000
7.110	94310.000	15645.425	1617.000	94231.000
7.120	94471.000	15781.797	1596.000	94392.000
7.130	94636.000	15997.258	1464.000	94558.000
7.140	94797.000	16028.081	1561.000	94721.000
7.150	94962.000	16169.656	1505.000	94888.000
7.160	95129.000	16328.760	1416.000	95059.000
7.170	95294.000	16380.132	1454.000	95227.000
7.180	95462.000	16506.092	1386.000	95400.000
7.190	95631.000	16624.265	1315.000	95575.000
7.200	95801.000	16736.985	1240.000	95750.000
7.210	95975.000	16935.890	1042.000	95929.000
7.220	96144.000	16925.123	1100.000	96105.000
7.230	96316.000	17007.586	1026.000	96283.000
7.240	96491.000	17155.310	856.000	96465.000
7.250	96663.000	17168.717	845.000	96642.000
7.260	96837.000	17238.102	749.000	96823.000
7.270	97012.000	17316.671	629.000	97003.000
7.280	97188.000	17401.670	487.000	97185.000
7.290	97361.000	17371.169	481.000	97363.000
7.300	97536.000	17409.818	374.000	97544.000
7.310	97711.000	17436.873	270.000	97723.000
7.320	97885.000	17425.811	202.000	97901.000
7.330	98059.000	17418.068	119.000	98079.000
7.340	98233.000	17412.647	21.000	98256.000
7.350	98408.000	17438.853	-129.000	98435.000
7.360	98579.000	17337.197	-124.000	98608.000
7.370	98751.000	17296.038	-207.000	98782.000
7.380	98923.000	17267.227	-316.000	98955.000
7.390	99094.000	17217.059	-405.000	99128.000
7.400	99264.000	17151.941	-484.000	99299.000
7.410	99435.000	17136.359	-634.000	99469.000
7.420	99601.000	16975.451	-605.000	99636.000
7.430	99767.000	16862.816	-643.000	99803.000
7.440	99934.000	16813.971	-769.000	99970.000
7.450	100095.000	16599.780	-687.000	100133.000
7.460	100258.000	16509.846	-769.000	100298.000
7.470	100417.000	16326.892	-735.000	100459.000
7.480	100576.000	16198.824	-773.000	100620.000
7.490	100733.000	16049.177	-785.000	100779.000
7.500	100889.000	15914.424	-818.000	100938.000
7.510	101043.000	15760.097	-825.000	101093.000
7.520	101197.000	15652.068	-891.000	101248.000
7.530	101348.000	15486.447	-881.000	101401.000
7.540	101498.000	15340.513	-894.000	101552.000
7.550	101647.000	15208.359	-922.000	101702.000
7.560	101793.000	15025.851	-881.000	101849.000
7.570	101939.000	14898.096	-905.000	101996.000
7.580	102083.000	14748.667	-896.000	102141.000
7.590	102223.000	14524.067	-785.000	102283.000
7.600	102363.000	14366.847	-752.000	102424.000
7.610	102501.000	14196.793	-696.000	102563.000
7.620	102638.000	14047.755	-659.000	102700.000
7.630	102776.000	13973.428	-709.000	102837.000
7.640	102908.000	13741.400	-546.000	102969.000
7.650	103041.000	13608.980	-502.000	103101.000
7.660	103173.000	13486.286	-460.000	103232.000
7.670	103301.000	13280.400	-300.000	103359.000
7.680	103431.000	13196.280	-285.000	103485.000
7.690	103561.000	13137.396	-291.000	103612.000
7.700	103688.000	13006.177	-192.000	103734.000
7.710	103815.000	12914.324	-131.000	103857.000
7.720	103942.000	12850.027	-93.000	103979.000
7.730	104068.000	12775.019	-29.000	104099.000
7.740	104194.000	12722.513	19.000	104218.000
7.750	104320.000	12685.759	60.000	104337.000
7.760	104446.000	12660.031	100.000	104455.000
7.770	104569.000	12552.022	258.000	104572.000
7.780	104694.000	12536.415	310.000	104690.000
7.790	104817.000	12465.491	446.000	104807.000
7.800	104942.000	12475.844	490.000	104926.000
7.810	105064.000	12393.090	667.000	105043.000
7.820	105188.000	12395.163	746.000	105162.000
7.830	105311.000	12366.614	876.000	105281.000
7.840	105435.000	12376.630	968.000	105402.000
7.850	105560.000	12413.641	1036.000	105523.000
7.860	105686.000	12469.549	1090.000	105646.000
7.870	105811.000	12478.684	1215.000	105768.000
7.880	105939.000	12575.079	1236.000	105894.000
7.890	106065.000	12582.555	1381.000	106017.000
7.900	106194.000	12677.789	1421.000	106144.000
7.910	106324.000	12774.452	1467.000	106271.000
7.920	106456.000	12902.116	1480.000	106400.000
7.930	106589.000	13021.482	1510.000	106531.000
7.940	106724.000	13165.037	1514.000	106663.000
7.950	106859.000	13265.526	1578.000	106796.000
7.960	106997.000	13425.868	1569.000	106932.000
7.970	107136.000	13568.108	1587.000	107071.000
7.980	107274.000	13637.675	1701.000	107209.000
7.990	107417.000	13836.373	1650.000	107352.000
8.000	107558.000	13915.461	1754.000	107493.000
8.010	107701.000	14030.823	1812.000	107637.000
8.020	107845.000	14141.576	1874.000	107783.000
8.030	107991.000	14279.103	1900.000	107931.000
8.040	108139.000	14435.372	1900.000	108079.000
8.050	108288.000	14574.761	1919.000	108231.000
8.060	108441.000	14792.332	1832.000	108384.000
8.070	108591.000	14854.633	1941.000	108536.000
8.080	108746.000	15048.243	1875.000	108694.000
8.090	108900.000	15153.770	1917.000	108849.000
8.100	109058.000	15347.639	1837.000	109008.000
8.110	109216.000	15483.347	1825.000	109166.000
8.120	109377.000	15668.343	1742.000	109327.000
8.130	109542.000	15917.840	1566.000	109491.000
8.140	109704.000	16002.488	1594.000	109652.000
8.150	109869.000	16151.742	1528.000	109816.000
8.160	110037.000	16346.219	1393.000	109983.000
8.170	110206.000	16512.353	1284.000	110151.000
8.180	110375.000	16628.647	1228.000	110320.000
8.190	110545.000	16740.053	1166.000	110491.000
8.200	110716.000	16848.037	1097.000	110662.000
8.210	110888.000	16953.626	1019.000	110835.000
8.220	111061.000	17057.538	930.000	111009.000
8.230	111233.000	17100.277	907.000	111185.000
8.240	111406.000	17160.194	849.000	111362.000
8.250	111579.000	17202.136	802.000	111541.000
8.260	111753.000	17261.495	719.000	111721.000
8.270	111929.000	17363.046	569.000	111903.000
8.280	112104.000	17404.133	484.000	112084.000
8.290	112275.000	17312.893	556.000	112262.000
8.300	112449.000	17339.025	465.000	112443.000
8.310	112623.000	17357.317	372.000	112625.000
8.320	112797.000	17370.122	274.000	112807.000
8.330	112972.000	17409.086	130.000	112989.000
8.340	113144.000	17346.360	106.000	113168.000
8.350	113316.000	17302.452	47.000	113347.000
8.360	113487.000	17241.716	-1.000	113525.000
8.370	113660.000	17259.201	-160.000	113703.000
8.380	113831.000	17211.441	-244.000	113879.000
8.390	114000.000	17118.009	-278.000	114053.000
8.400	114169.000	17052.606	-356.000	114226.000
8.410	114337.000	16976.824	-429.000	114396.000
8.420	114505.000	16923.777	-538.000	114566.000
8.430	114672.000	16856.644	-635.000	114734.000
8.440	114839.000	16809.651	-764.000	114902.000
8.450	115001.000	16626.756	-722.000	115065.000
8.460	115164.000	16528.729	-793.000	115228.000
8.470	115325.000	16400.110	-829.000	115388.000
8.480	115485.000	16280.077	-878.000	115546.000
8.490	115644.000	16166.054	-936.000	115703.000
8.500	115801.000	16026.238	-962.000	115858.000
8.510	115957.000	15898.366	-1003.000	116014.000
8.520	116111.000	15748.857	-1015.000	116167.000
8.530	116260.000	15494.200	-891.000	116315.000
8.540	116410.000	15345.940	-901.000	116465.000
8.550	116560.000	15242.158	-965.000	116614.000
8.560	116704.000	14989.510	-834.000	116758.000
8.570	116848.000	14812.657	-795.000	116904.000
8.580	116991.000	14658.860	-781.000	117046.000
8.590	117133.000	14521.202	-781.000	117187.000
8.600	117273.000	14364.841	-750.000	117327.000
8.610	117412.000	14225.389	-733.000	117466.000
8.620	117550.000	14097.772	-723.000	117603.000
8.630	117685.000	13918.441	-638.000	117738.000
8.640	117821.000	13822.908	-651.000	117872.000
8.650	117954.000	13666.036	-576.000	118004.000
8.660	118088.000	13586.225	-589.000	118137.000
8.670	118218.000	13410.358	-467.000	118266.000
8.680	118349.000	13317.250	-441.000	118394.000
8.690	118477.000	13162.075	-323.000	118522.000
8.700	118604.000	13023.453	-214.000	118648.000
8.710	118730.000	12896.417	-108.000	118772.000
8.720	118856.000	12807.492	-39.000	118895.000
8.730	118980.000	12685.244	86.000	119017.000
8.740	119105.000	12629.671	139.000	119138.000
8.750	119229.000	12560.770	221.000	119258.000
8.760	119353.000	12512.539	289.000	119377.000
8.770	119478.000	12508.777	314.000	119497.000
8.780	119602.000	12476.144	388.000	119616.000
8.790	119723.000	12363.301	578.000	119732.000
8.800	119847.000	12374.311	621.000	119848.000
8.810	119972.000	12412.017	642.000	119966.000
8.820	120097.000	12438.412	690.000	120083.000
8.830	120222.000	12456.889	760.000	120201.000
8.840	120347.000	12469.822	848.000	120320.000
8.850	120474.000	12538.875	875.000	120438.000
8.860	120600.000	12557.213	977.000	120558.000
8.870	120727.000	12600.049	1058.000	120678.000
8.880	120855.000	12660.034	1127.000	120800.000
8.890	120983.000	12702.024	1227.000	120923.000
8.900	121113.000	12791.417	1275.000	121048.000
8.910	121242.000	12823.992	1403.000	121175.000
8.920	121372.000	12876.794	1512.000	121303.000
8.930	121504.000	12973.756	1571.000	121434.000
8.940	121639.000	13131.629	1557.000	121569.000
8.950	121772.000	13182.140	1685.000	121701.000
8.960	121908.000	13307.498	1722.000	121838.000
8.970	122047.000	13485.249	1694.000	121978.000
8.980	122185.000	13579.674	1776.000	122116.000
8.990	122325.000	13705.772	1818.000	122257.000
9.000	122468.000	13884.040	1795.000	122400.000
9.010	122611.000	14008.828	1840.000	122544.000
9.020	122758.000	14216.180	1778.000	122691.000
9.030	122906.000	14391.326	1756.000	122840.000
9.040	123055.000	14543.928	1761.000	122991.000
9.050	123208.000	14770.750	1666.000	123146.000
9.060	123360.000	14899.525	1694.000	123299.000
9.070	123512.000	14989.667	1767.000	123452.000
9.080	123667.000	15142.767	1754.000	123609.000
9.090	123824.000	15309.937	1716.000	123767.000
9.100	123982.000	15456.956	1697.000	123926.000
9.110	124144.000	15679.869	1573.000	124090.000
9.120	124302.000	15715.908	1681.000	124250.000
9.130	124463.000	15831.136	1678.000	124414.000
9.140	124628.000	16031.795	1556.000	124582.000
9.150	124790.000	16082.257	1617.000	124746.000
9.160	124955.000	16207.580	1572.000	124913.000
9.170	125123.000	16385.306	1448.000	125082.000
9.180	125291.000	16509.714	1381.000	125251.000
9.190	125459.000	16596.800	1351.000	125421.000
9.200	125631.000	16777.760	1188.000	125593.000
9.210	125802.000	16874.432	1121.000	125765.000
9.220	125977.000	17062.102	924.000	125941.000
9.230	126147.000	17043.472	980.000	126113.000
9.240	126321.000	17150.430	862.000	126289.000
9.250	126496.000	17255.301	733.000	126465.000
9.260	126670.000	17298.711	671.000	126642.000
9.270	126843.000	17299.098	651.000	126818.000
9.280	127017.000	17329.368	580.000	126996.000
9.290	127192.000	17380.558	469.000	127174.000
9.300	127366.000	17386.390	404.000	127352.000
9.310	127540.000	17390.473	329.000	127532.000
9.320	127715.000	17423.331	205.000	127710.000
9.330	127891.000	17476.332	44.000	127892.000
9.340	128062.000	17363.432	84.000	128069.000
9.350	128235.000	17344.403	-7.000	128247.000
9.360	128409.000	17361.082	-155.000	128425.000
9.370	128579.000	17252.757	-151.000	128600.000
9.380	128750.000	17206.930	-238.000	128777.000
9.390	128922.000	17204.851	-390.000	128954.000
9.400	129088.000	17023.396	-319.000	129125.000
9.410	129256.000	16956.377	-403.000	129298.000
9.420	129422.000	16849.464	-442.000	129469.000
9.430	129588.000	16774.625	-530.000	129639.000
9.440	129754.000	16722.237	-651.000	129809.000
9.450	129915.000	16535.566	-605.000	129973.000
9.460	130077.000	16434.896	-673.000	130137.000
9.470	130236.000	16274.427	-667.000	130298.000
9.480	130395.000	16162.099	-726.000	130459.000
9.490	130553.000	16053.469	-791.000	130617.000
9.500	130711.000	15977.429	-899.000	130775.000
9.510	130864.000	15774.200	-843.000	130927.000
9.520	131018.000	15661.940	-904.000	131079.000
9.530	131172.000	15583.358	-1006.000	131230.000
9.540	131322.000	15408.351	-982.000	131379.000
9.550	131471.000	15255.845	-983.000	131525.000
9.560	131623.000	15239.092	-1155.000	131675.000
9.570	131763.000	14867.364	-866.000	131814.000
9.580	131908.000	14757.155	-907.000	131957.000
9.590	132047.000	14500.008	-754.000	132095.000
9.600	132187.000	14350.006	-731.000	132234.000
9.610	132328.000	14275.004	-797.000	132373.000
9.620	132463.000	14042.503	-652.000	132507.000
9.630	132598.000	13879.752	-588.000	132641.000
9.640	132733.000	13765.826	-578.000	132774.000
9.650	132866.000	13626.078	-524.000	132906.000
9.660	132999.000	13528.255	-514.000	133036.000
9.670	133132.000	13459.778	-531.000	133166.000
9.680	133261.000	13291.845	-408.000	133292.000
9.690	133390.000	13174.291	-339.000	133419.000
9.700	133519.000	13092.004	-302.000	133545.000
9.710	133647.000	13004.403	-247.000	133669.000
9.720	133774.000	12913.082	-174.000	133793.000
9.730	133900.000	12819.157	-86.000	133917.000
9.740	134028.000	12813.410	-98.000	134041.000
9.750	134152.000	12689.387	55.000	134163.000
9.760	134274.000	12542.571	251.000	134283.000
9.770	134397.000	12469.800	364.000	134404.000
9.780	134522.000	12478.860	384.000	134527.000
9.790	134645.000	12425.202	498.000	134647.000
9.800	134766.000	12327.641	681.000	134767.000
9.810	134889.000	12319.349	762.000	134887.000
9.820	135012.000	12313.544	851.000	135007.000
9.830	135136.000	12339.481	911.000	135128.000
9.840	135258.000	12297.637	1069.000	135247.000
9.850	135382.000	12328.346	1146.000	135368.000
9.860	135507.000	12379.842	1206.000	135489.000
9.870	135634.000	12475.889	1218.000	135610.000
9.880	135761.000	12543.123	1277.000	135732.000
9.890	135889.000	12620.186	1332.000	135855.000
9.900	136018.000	12704.130	1387.000	135979.000
9.910	136148.000	12792.891	1443.000	136104.000
9.920	136280.000	12915.024	1463.000	136230.000
9.930	136414.000	13060.517	1459.000	136357.000
9.940	136548.000	13162.362	1517.000	136485.000
9.950	136684.000	13293.653	1542.000	136616.000
9.960	136820.000	13385.557	1621.000	136747.000
9.970	136960.000	13569.890	1585.000	136883.000
9.980	137099.000	13668.923	1661.000	137018.000
9.990	137239.000	13768.246	1738.000	137156.000
10.000	137381.000	13897.772	1777.000	137296.000
10.010	137526.000	14078.441	1750.000	137440.000
10.020	137671.000	14204.908	1793.000	137585.000
10.030	137817.000	14323.436	1843.000	137732.000
10.040	137966.000	14496.405	1822.000	137883.000
10.050	138116.000	14647.484	1825.000	138035.000
10.060	138267.000	14783.239	1844.000	138187.000
10.070	138421.000	14968.267	1795.000	138344.000
10.080	138577.000	15157.787	1734.000	138502.000
10.090	138734.000	15320.451	1702.000	138663.000
10.100	138893.000	15494.316	1649.000	138825.000
10.110	139053.000	15646.021	1616.000	138990.000
10.120	139214.000	15782.215	1595.000	139156.000
10.130	139376.000	15907.550	1580.000	139324.000
10.140	139540.000	16055.285	1526.000	139493.000
10.150	139705.000	16188.700	1480.000	139663.000
10.160	139871.000	16312.090	1437.000	139834.000
10.170	140038.000	16428.463	1392.000	140006.000
10.180	140206.000	16539.924	1342.000	140178.000
10.190	140375.000	16647.947	1285.000	140351.000
10.200	140545.000	16753.563	1219.000	140526.000
10.210	140716.000	16857.494	1142.000	140701.000
10.220	140890.000	17020.246	978.000	140878.000
10.230	141061.000	17044.172	979.000	141051.000
10.240	141234.000	17120.920	900.000	141226.000
10.250	141411.000	17294.644	683.000	141403.000
10.260	141583.000	17266.251	713.000	141576.000
10.270	141758.000	17336.376	603.000	141751.000
10.280	141933.000	17385.463	508.000	141927.000
10.290	142109.000	17449.824	380.000	142103.000
10.300	142284.000	17464.877	303.000	142279.000
10.310	142459.000	17475.414	220.000	142455.000
10.320	142633.000	17452.790	167.000	142631.000
10.330	142808.000	17466.953	56.000	142807.000
10.340	142981.000	17416.867	15.000	142982.000
10.350	143153.000	17351.807	-17.000	143158.000
10.360	143327.000	17366.265	-161.000	143335.000
10.370	143495.000	17196.385	-79.000	143509.000
10.380	143665.000	17137.470	-149.000	143684.000
10.390	143834.000	17066.229	-211.000	143858.000
10.400	144003.000	17016.360	-310.000	144032.000
10.410	144171.000	16951.452	-397.000	144205.000
10.420	144337.000	16846.016	-438.000	144376.000
10.430	144503.000	16772.212	-526.000	144546.000
10.440	144668.000	16690.548	-610.000	144715.000
10.450	144831.000	16573.384	-653.000	144882.000
10.460	144993.000	16461.369	-707.000	145048.000
10.470	145155.000	16382.958	-807.000	145215.000
10.480	145312.000	16178.071	-746.000	145376.000
10.490	145468.000	16004.649	-728.000	145536.000
10.500	145624.000	15883.255	-778.000	145695.000
10.510	145777.000	15708.278	-758.000	145851.000
10.520	145929.000	15555.795	-767.000	146006.000
10.530	146082.000	15479.056	-872.000	146160.000
10.540	146229.000	15245.339	-772.000	146307.000
10.550	146377.000	15111.738	-798.000	146455.000
10.560	146524.000	14988.216	-832.000	146600.000
10.570	146670.000	14871.751	-871.000	146744.000
10.580	146814.000	14730.226	-873.000	146885.000
10.590	146956.000	14571.158	-845.000	147023.000
10.600	147097.000	14429.811	-834.000	147160.000
10.610	147239.000	14360.868	-907.000	147297.000
10.620	147376.000	14162.607	-807.000	147429.000
10.630	147513.000	14023.825	-774.000	147561.000
10.640	147650.000	13926.678	-785.000	147693.000
10.650	147783.000	13738.674	-669.000	147822.000
10.660	147915.000	13577.072	-577.000	147950.000
10.670	148046.000	13433.950	-497.000	148078.000
10.680	148176.000	13303.765	-423.000	148205.000
10.690	148304.000	13152.636	-311.000	148331.000
10.700	148432.000	13046.845	-244.000	148456.000
10.710	148560.000	12972.791	-206.000	148581.000
10.720	148686.000	12860.954	-107.000	148706.000
10.730	148813.000	12812.668	-77.000	148831.000
10.740	148935.000	12628.867	140.000	148952.000
10.750	149060.000	12590.207	183.000	149074.000
10.760	149183.000	12503.145	301.000	149196.000
10.770	149307.000	12472.202	361.000	149318.000
10.780	149432.000	12480.541	382.000	149439.000
10.790	149556.000	12456.379	458.000	149561.000
10.800	149679.000	12409.465	576.000	149682.000
10.810	149803.000	12406.626	649.000	149803.000
10.820	149928.000	12434.638	695.000	149924.000
10.830	150053.000	12454.247	763.000	150045.000
10.840	150180.000	12527.973	773.000	150167.000
10.850	150306.000	12549.581	861.000	150289.000
10.860	150434.000	12624.707	890.000	150413.000
10.870	150559.000	12587.295	1075.000	150534.000
10.880	150686.000	12621.106	1177.000	150657.000
10.890	150816.000	12734.774	1185.000	150782.000
10.900	150942.000	12694.342	1400.000	150905.000
10.910	151071.000	12756.039	1490.000	151031.000
10.920	151203.000	12889.228	1496.000	151158.000
10.930	151333.000	12922.459	1637.000	151286.000
10.940	151466.000	13035.722	1680.000	151414.000
10.950	151601.000	13175.005	1695.000	151546.000
10.960	151734.000	13212.504	1844.000	151678.000
10.970	151872.000	13388.752	1818.000	151811.000
10.980	152011.000	13542.127	1824.000	151946.000
10.990	152152.000	13709.489	1814.000	152084.000
11.000	152294.000	13856.642	1830.000	152223.000
11.010	152438.000	14019.649	1826.000	152364.000
11.020	152584.000	14193.755	1807.000	152506.000
11.030	152731.000	14345.628	1815.000	152651.000
11.040	152880.000	14511.940	1802.000	152797.000
11.050	153031.000	14688.358	1772.000	152946.000
11.060	153182.000	14811.850	1807.000	153097.000
11.070	153335.000	14958.295	1808.000	153250.000
11.080	153492.000	15180.807	1705.000	153409.000
11.090	153646.000	15246.565	1797.000	153566.000
11.100	153804.000	15412.595	1754.000	153726.000
11.110	153964.000	15588.817	1690.000	153890.000
11.120	154124.000	15712.172	1685.000	154054.000
11.130	154286.000	15858.520	1643.000	154219.000
11.140	154452.000	16080.964	1493.000	154388.000
11.150	154618.000	16236.675	1418.000	154559.000
11.160	154782.000	16285.672	1471.000	154727.000
11.170	154950.000	16439.971	1377.000	154899.000
11.180	155119.000	16577.979	1293.000	155074.000
11.190	155289.000	16704.586	1212.000	155250.000
11.200	155459.000	16793.210	1168.000	155426.000
11.210	155631.000	16915.247	1068.000	155603.000
11.220	155803.000	17000.673	1003.000	155779.000
11.230	155977.000	17120.471	881.000	155958.000
11.240	156148.000	17114.330	908.000	156135.000
11.250	156322.000	17200.031	805.000	156313.000
11.260	156496.000	17260.022	721.000	156492.000
11.270	156669.000	17272.015	686.000	156672.000
11.280	156846.000	17400.411	489.000	156853.000
11.290	157019.000	17370.287	483.000	157030.000
11.300	157193.000	17379.201	414.000	157207.000
11.310	157368.000	17415.441	297.000	157385.000
11.320	157542.000	17410.809	222.000	157560.000
11.330	157717.000	17437.566	94.000	157736.000
11.340	157891.000	17426.296	3.000	157912.000
11.350	158065.000	17418.407	-102.000	158087.000
11.360	158239.000	17412.885	-221.000	158262.000
11.370	158412.000	17379.020	-314.000	158435.000
11.380	158584.000	17325.314	-390.000	158608.000
11.390	158756.000	17287.720	-496.000	158781.000
11.400	158923.000	17111.404	-432.000	158950.000
11.410	159090.000	16987.983	-444.000	159120.000
11.420	159257.000	16901.588	-510.000	159288.000
11.430	159423.000	16811.111	-577.000	159457.000
11.440	159586.000	16657.778	-568.000	159624.000
11.450	159749.000	16550.445	-624.000	159789.000
11.460	159911.000	16445.311	-686.000	159954.000
11.470	160071.000	16311.718	-715.000	160117.000
11.480	160230.000	16188.203	-759.000	160278.000
11.490	160387.000	16041.742	-776.000	160438.000
11.500	160543.000	15909.219	-811.000	160595.000
11.510	160697.000	15756.453	-820.000	160751.000
11.520	160850.000	15619.517	-849.000	160906.000
11.530	161000.000	15433.662	-813.000	161058.000
11.540	161149.000	15273.564	-808.000	161210.000
11.550	161297.000	15131.494	-823.000	161359.000
11.560	161444.000	15002.046	-850.000	161508.000
11.570	161586.000	14761.432	-729.000	161651.000
11.580	161730.000	14653.003	-773.000	161796.000
11.590	161868.000	14397.102	-621.000	161935.000
11.600	162007.000	14247.971	-600.000	162074.000
11.610	162145.000	14113.580	-589.000	162210.000
11.620	162283.000	14019.506	-623.000	162347.000
11.630	162417.000	13833.654	-529.000	162479.000
11.640	162552.000	13733.558	-536.000	162611.000
11.650	162684.000	13573.491	-457.000	162739.000
11.660	162816.000	13461.443	-428.000	162866.000
11.670	162950.000	13443.010	-509.000	162994.000
11.680	163079.000	13280.107	-393.000	163117.000
11.690	163209.000	13196.075	-367.000	163240.000
11.700	163338.000	13107.253	-322.000	163362.000
11.710	163467.000	13045.077	-299.000	163482.000
11.720	163594.000	12941.554	-211.000	163603.000
11.730	163720.000	12839.088	-111.000	163722.000
11.740	163845.000	12737.361	0.000	163842.000
11.750	163970.000	12666.153	85.000	163961.000
11.760	164094.000	12586.307	194.000	164081.000
11.770	164218.000	12530.415	286.000	164201.000
11.780	164343.000	12521.290	330.000	164322.000
11.790	164465.000	12424.903	499.000	164441.000
11.800	164588.000	12387.432	604.000	164561.000
11.810	164711.000	12361.203	708.000	164683.000
11.820	164835.000	12372.842	774.000	164805.000
11.830	164959.000	12380.989	857.000	164927.000
11.840	165085.000	12446.693	878.000	165050.000
11.850	165210.000	12462.685	973.000	165174.000
11.860	165337.000	12533.879	1007.000	165298.000
11.870	165465.000	12613.716	1041.000	165426.000
11.880	165591.000	12609.601	1192.000	165550.000
11.890	165722.000	12756.721	1157.000	165680.000
11.900	165850.000	12769.704	1303.000	165806.000
11.910	165981.000	12868.793	1345.000	165936.000
11.920	166114.000	12998.155	1356.000	166068.000
11.930	166245.000	13028.709	1500.000	166198.000
11.940	166379.000	13140.096	1546.000	166331.000
11.950	166516.000	13308.067	1523.000	166467.000
11.960	166651.000	13365.647	1647.000	166601.000
11.970	166789.000	13495.953	1680.000	166737.000
11.980	166927.000	13587.167	1766.000	166874.000
11.990	167068.000	13741.017	1773.000	167014.000
12.000	167211.000	13908.712	1763.000	167156.000
12.010	167353.000	13996.098	0.000	167296.000
12.020	167496.000	14087.269	0.000	167439.000
12.030	167638.000	14121.088	0.000	167586.000
12.040	167776.000	14024.762	0.000	167731.000
12.050	167912.000	13897.333	0.000	167879.000
12.060	168047.000	13778.133	0.000	168029.000
12.070	168179.000	13604.693	0.000	168177.000
12.080	168311.000	13483.285	0.000	168325.000
12.090	168445.000	13458.300	0.000	168476.000
12.100	168574.000	13290.810	0.000	168622.000
12.110	168706.000	13263.567	0.000	168768.000
12.120	168839.000	13274.497	0.000	168914.000
12.130	168969.000	13192.148	0.000	169054.000
12.140	169103.000	13254.503	0.000	169194.000
12.150	169237.000	13298.152	0.000	169331.000
12.160	169373.000	13388.707	0.000	169466.000
12.170	169511.000	13512.095	0.000	169600.000
12.180	169647.000	13538.466	0.000	169728.000
12.190	169786.000	13646.926	0.000	169856.000
12.200	169925.000	13722.848	0.000	169981.000
12.210	170064.000	13775.994	0.000	170104.000
12.220	170204.000	13843.196	0.000	170227.000
12.230	170346.000	13950.237	0.000	170351.000
12.240	170481.000	13815.166	0.000	170470.000
12.250	170618.000	13780.616	0.000	170592.000
12.260	170755.000	13756.431	0.000	170714.000
12.270	170889.000	13649.502	0.000	170838.000
12.280	171022.000	13544.651	0.000	170964.000
12.290	171152.000	13381.256	0.000	171091.000
12.300	171280.000	13206.879	0.000	171219.000
12.310	171406.000	13024.815	0.000	171349.000
12.320	171529.000	12807.371	0.000	171481.000
12.330	171651.000	12625.160	0.000	171614.000
12.340	171769.000	12377.612	0.000	171747.000
12.350	171887.000	12204.328	0.000	171881.000
12.360	172002.000	11993.030	0.000	172015.000
12.370	172118.000	11875.121	0.000	172149.000
12.380	172231.000	11702.585	0.000	172280.000
12.390	172344.000	11581.809	0.000	172411.000
12.400	172458.000	11527.266	0.000	172540.000
12.410	172571.000	11459.087	0.000	172667.000
12.420	172686.000	11471.361	0.000	172792.000
12.430	172801.000	11479.952	0.000	172913.000
12.440	172918.000	11545.967	0.000	173032.000
12.450	173036.000	11622.177	0.000	173146.000
12.460	173154.000	11675.524	0.000	173258.000
12.470	173274.000	11772.867	0.000	173367.000
12.480	173395.000	11871.007	0.000	173473.000
12.490	173516.000	11939.705	0.000	173577.000
12.500	173637.000	11987.793	0.000	173680.000
12.510	173759.000	12051.455	0.000	173781.000
12.520	173880.000	12066.019	0.000	173881.000
12.530	174000.000	12046.213	0.000	173982.000
12.540	174120.000	12032.349	0.000	174083.000
12.550	174238.000	11962.644	0.000	174186.000
12.560	174354.000	11853.851	0.000	174290.000
12.570	174467.000	11687.696	0.000	174395.000
12.580	174578.000	11511.387	0.000	174502.000
12.590	174687.000	11327.971	0.000	174612.000
12.600	174794.000	11139.580	0.000	174723.000
12.610	174898.000	10917.706	0.000	174836.000
12.620	175000.000	10702.394	0.000	174952.000
12.630	175100.000	10491.676	0.000	175067.000
12.640	175199.000	10314.173	0.000	175184.000
12.650	175296.000	10129.921	0.000	175302.000
12.660	175393.000	10000.945	0.000	175419.000
12.670	175489.000	9880.661	0.000	175536.000
12.680	175585.000	9796.463	0.000	175651.000
12.690	175682.000	9767.524	0.000	175765.000
12.700	175780.000	9777.267	0.000	175876.000
12.710	175878.000	9784.087	0.000	175984.000
12.720	175979.000	9878.861	0.000	176090.000
12.730	176081.000	9975.203	0.000	176192.000
12.740	176183.000	10042.642	0.000	176290.000
12.750	176288.000	10179.849	0.000	176386.000
12.760	176393.000	10275.894	0.000	176479.000
12.770	176499.000	10373.126	0.000	176569.000
12.780	176605.000	10441.188	0.000	176658.000
12.790	176712.000	10518.832	0.000	176745.000
12.800	176818.000	10543.182	0.000	176830.000
12.810	176925.000	10590.228	0.000	176917.000
12.820	177027.000	10473.159	0.000	177001.000
12.830	177129.000	10391.212	0.000	177088.000
12.840	177231.000	10333.848	0.000	177177.000
12.850	177327.000	10113.694	0.000	177264.000
12.860	177422.000	9929.586	0.000	177355.000
12.870	177514.000	9710.710	0.000	177447.000
12.880	177604.000	9497.497	0.000	177541.000
12.890	177691.000	9258.248	0.000	177636.000
12.900	177776.000	9030.773	0.000	177734.000
12.910	177858.000	8781.541	0.000	177830.000
12.920	177938.000	8547.079	0.000	177929.000
12.930	178018.000	8382.955	0.000	178028.000
12.940	178095.000	8178.069	0.000	178125.000
12.950	178173.000	8064.648	0.000	178223.000
12.960	178249.000	7925.254	0.000	178318.000
12.970	178326.000	7857.678	0.000	178411.000
12.980	178404.000	7840.374	0.000	178502.000
12.990	178483.000	7858.262	0.000	178591.000
13.000	178563.000	7900.783	0.000	178677.000
13.010	178644.000	7960.548	0.000	178759.000
13.020	178727.000	8062.384	0.000	178838.000
13.030	178810.000	8133.669	0.000	178913.000
13.040	178896.000	8273.568	0.000	178987.000
13.050	178981.000	8341.498	0.000	179057.000
13.060	179067.000	8419.048	0.000	179125.000
13.070	179154.000	8503.334	0.000	179192.000
13.080	179241.000	8562.334	0.000	179257.000
13.090	179328.000	8603.634	0.000	179323.000
13.100	179413.000	8572.544	0.000	179388.000
13.110	179496.000	8490.780	0.000	179454.000
13.120	179580.000	8463.546	0.000	179522.000
13.130	179659.000	8294.482	0.000	179590.000
13.140	179737.000	8146.138	0.000	179661.000
13.150	179813.000	7982.296	0.000	179735.000
13.160	179886.000	7777.607	0.000	179811.000
13.170	179956.000	7544.325	0.000	179889.000
13.180	180025.000	7351.028	0.000	179969.000
13.190	180091.000	7125.719	0.000	180050.000
13.200	180156.000	6938.004	0.000	180132.000
13.210	180219.000	6746.602	0.000	180216.000
13.220	180282.000	6612.622	0.000	180299.000
13.230	180344.000	6488.835	0.000	180382.000
13.240	180406.000	6402.185	0.000	180464.000
13.250	180469.000	6371.529	0.000	180544.000
13.260	180532.000	6350.070	0.000	180622.000
13.270	180597.000	6395.049	0.000	180698.000
13.280	180662.000	6426.535	0.000	180770.000
13.290	180730.000	6538.574	0.000	180841.000
13.300	180798.000	6617.002	0.000	180908.000
13.310	180870.000	6791.901	0.000	180972.000
13.320	180942.000	6914.331	0.000	181033.000
13.330	181014.000	7000.032	0.000	181090.000
13.340	181088.000	7120.022	0.000	181147.000
13.350	181163.000	7234.016	0.000	181201.000
13.360	181237.000	7283.811	0.000	181254.000
13.370	181311.000	7318.668	0.000	181308.000
13.380	181384.000	7313.067	0.000	181361.000
13.390	181456.000	7279.147	0.000	181414.000
13.400	181527.000	7225.403	0.000	181469.000
13.410	181595.000	7097.782	0.000	181526.000
13.420	181660.000	6918.447	0.000	181584.000
13.430	181723.000	6732.913	0.000	181645.000
13.440	181784.000	6543.039	0.000	181708.000
13.450	181843.000	6350.127	0.000	181772.000
13.460	181899.000	6125.089	0.000	181840.000
13.470	181953.000	5907.562	0.000	181908.000
13.480	182006.000	5725.294	0.000	181978.000
13.490	182055.000	5477.706	0.000	182049.000
13.500	182105.000	5334.394	0.000	182120.000
13.510	182154.000	5204.076	0.000	182191.000
13.520	182202.000	5082.853	0.000	182260.000
13.530	182251.000	5027.997	0.000	182328.000
13.540	182300.000	4989.598	0.000	182393.000
13.550	182350.000	4992.719	0.000	182456.000
13.560	182401.000	5024.903	0.000	182516.000
13.570	182453.000	5077.432	0.000	182573.000
13.580	182506.000	5144.202	0.000	182626.000
13.590	182561.000	5250.942	0.000	182676.000
13.600	182616.000	5325.659	0.000	182723.000
13.610	182673.000	5437.961	0.000	182766.000
13.620	182731.000	5546.573	0.000	182808.000
13.630	182788.000	5592.601	0.000	182846.000
13.640	182846.000	5654.821	0.000	182883.000
13.650	182902.000	5638.375	0.000	182920.000
13.660	182960.000	5686.862	0.000	182956.000
13.670	183014.000	5600.804	0.000	182991.000
13.680	183068.000	5540.562	0.000	183028.000
13.690	183118.000	5378.394	0.000	183065.000
13.700	183167.000	5234.876	0.000	183103.000
13.710	183214.000	5074.413	0.000	183145.000
13.720	183257.000	4842.089	0.000	183186.000
13.730	183298.000	4619.462	0.000	183231.000
13.740	183335.000	4343.624	0.000	183277.000
13.750	183371.000	4120.537	0.000	183324.000
13.760	183405.000	3904.376	0.000	183373.000
13.770	183436.000	3663.063	0.000	183423.000
13.780	183466.000	3464.144	0.000	183473.000
13.790	183495.000	3294.901	0.000	183523.000
13.800	183523.000	3146.431	0.000	183571.000
13.810	183552.000	3072.501	0.000	183619.000
13.820	183581.000	3020.751	0.000	183665.000
13.830	183610.000	2984.526	0.000	183708.000
13.840	183641.000	3019.168	0.000	183749.000
13.850	183673.000	3073.418	0.000	183786.000
13.860	183705.000	3111.392	0.000	183820.000
13.870	183739.000	3197.975	0.000	183851.000
13.880	183774.000	3288.582	0.000	183879.000
13.890	183811.000	3412.008	0.000	183904.000
13.900	183849.000	3528.405	0.000	183926.000
13.910	183887.000	3609.884	0.000	183946.000
13.920	183926.000	3696.919	0.000	183964.000
13.930	183965.000	3757.843	0.000	183982.000
13.940	184002.000	3740.490	0.000	183998.000
13.950	184038.000	3698.343	0.000	184015.000
13.960	184073.000	3638.840	0.000	184033.000
13.970	184106.000	3537.188	0.000	184051.000
13.980	184137.000	3406.032	0.000	184072.000
13.990	184166.000	3254.222	0.000	184093.000
14.000	184192.000	3057.956	0.000	184117.000
14.010	184217.000	2890.569	0.000	184144.000
14.020	184237.000	2623.398	0.000	184172.000
14.030	184256.000	2406.379	0.000	184202.000
14.040	184273.000	2194.465	0.000	184233.000
14.050	184288.000	1986.126	0.000	184266.000
14.060	184301.000	1780.288	0.000	184299.000
14.070	184315.000	1666.202	0.000	184334.000
14.080	184327.000	1526.341	0.000	184367.000
14.090	184340.000	1458.439	0.000	184400.000
14.100	184353.000	1410.907	0.000	184431.000
14.110	184368.000	1437.635	0.000	184460.000
14.120	184383.000	1456.344	0.000	184486.000
14.130	184401.000	1559.441	0.000	184510.000
14.140	184419.000	1631.609	0.000	184531.000
14.150	184439.000	1742.126	0.000	184549.000
14.160	184461.000	1879.488	0.000	184564.000
14.170	184484.000	2005.642	0.000	184576.000
14.180	184508.000	2123.949	0.000	184585.000
14.190	184532.000	2206.764	0.000	184592.000
14.200	184558.000	2324.735	0.000	184598.000
14.210	184583.000	2377.315	0.000	184602.000
14.220	184608.000	2414.120	0.000	184606.000
14.230	184632.000	2409.884	0.000	184610.000
14.240	184655.000	2376.919	0.000	184614.000
14.250	184677.000	2323.843	0.000	184620.000
14.260	184697.000	2226.690	0.000	184627.000
14.270	184714.000	2068.683	0.000	184636.000
14.280	184729.000	1898.078	0.000	184647.000
14.290	184742.000	1718.655	0.000	184660.000
14.300	184752.000	1503.058	0.000	184675.000
14.310	184759.000	1262.141	0.000	184692.000
14.320	184764.000	1033.499	0.000	184711.000
14.330	184768.000	843.449	0.000	184731.000
14.340	184769.000	620.414	0.000	184752.000
14.350	184770.000	464.290	0.000	184773.000
14.360	184770.000	325.003	0.000	184793.000
14.370	184770.000	227.502	0.000	184813.000
14.380	184770.000	159.251	0.000	184831.000
14.390	184770.000	111.476	0.000	184846.000
14.400	184771.000	108.033	0.000	184860.000
14.410	184774.000	165.623	0.000	184871.000
14.420	184778.000	235.936	0.000	184878.000
14.430	184783.000	315.155	0.000	184883.000
14.440	184790.000	430.609	0.000	184885.000
14.450	184798.000	541.426	0.000	184885.000
14.460	184807.000	648.998	0.000	184882.000
14.470	184817.000	754.299	0.000	184876.000
14.480	184827.000	828.009	0.000	184868.000
14.490	184838.000	909.606	0.000	184859.000
14.500	184849.000	966.724	0.000	184850.000
14.510	184860.000	1006.707	0.000	184840.000
14.520	184869.000	974.695	0.000	184830.000
14.530	184876.000	892.287	0.000	184822.000
14.540	184882.000	804.601	0.000	184814.000
14.550	184886.000	683.220	0.000	184809.000
14.560	184888.000	538.254	0.000	184805.000
14.570	184888.000	376.778	0.000	184803.000
14.580	184886.000	203.745	0.000	184803.000
14.590	184881.000	-7.379	0.000	184804.000
14.600	184874.000	-215.165	0.000	184808.000
14.610	184866.000	-390.616	0.000	184814.000
14.620	184856.000	-573.431	0.000	184820.000
14.630	184846.000	-701.402	0.000	184828.000
14.640	184836.000	-790.981	0.000	184835.000
14.650	184826.000	-853.687	0.000	184842.000
14.660	184816.000	-897.581	0.000	184849.000
14.670	184808.000	-868.307	0.000	184853.000
14.680	184801.000	-817.815	0.000	184857.000
14.690	184796.000	-722.470	0.000	184858.000
14.700	184792.000	-625.729	0.000	184858.000
14.710	184790.000	-498.010	0.000	184857.000
14.720	184789.000	-378.607	0.000	184852.000
14.730	184789.000	-265.025	0.000	184845.000
14.740	184791.000	-125.518	0.000	184837.000
14.750	184795.000	32.138	0.000	184826.000
14.760	184799.000	142.496	0.000	184815.000
14.770	184803.000	219.747	0.000	184803.000
14.780	184808.000	303.823	0.000	184791.000
14.790	184812.000	332.676	0.000	184779.000
14.800	184815.000	322.873	0.000	184768.000
14.810	184816.000	256.011	0.000	184758.000
14.820	184817.000	209.208	0.000	184749.000
14.830	184817.000	146.446	0.000	184742.000
14.840	184815.000	42.512	0.000	184737.000
14.850	184810.000	-120.242	0.000	184734.000
14.860	184804.000	-264.169	0.000	184733.000
14.870	184797.000	-394.918	0.000	184733.000
14.880	184788.000	-546.443	0.000	184733.000
14.890	184779.000	-652.510	0.000	184736.000
14.900	184769.000	-756.757	0.000	184740.000
14.910	184759.000	-829.730	0.000	184745.000
14.920	184748.000	-910.811	0.000	184749.000
14.930	184739.000	-907.568	0.000	184754.000
14.940	184730.000	-905.297	0.000	184757.000
14.950	184721.000	-903.708	0.000	184759.000
14.960	184714.000	-842.596	0.000	184760.000
14.970	184709.000	-739.817	0.000	184760.000
14.980	184704.000	-667.872	0.000	184759.000
14.990	184702.000	-527.510	0.000	184755.000
15.000	184701.000	-399.257	0.000	184748.000
