0.000	0.000	0.000	0.000	1.000
0.010	2.000	60.000	-77.000	9.000
0.020	2.000	42.000	-54.000	11.000
0.030	3.000	59.400	-76.000	14.000
0.040	3.000	41.580	-54.000	16.000
0.050	3.000	29.106	-37.000	18.000
0.060	3.000	20.374	-26.000	20.000
0.070	3.000	14.262	-18.000	21.000
0.080	3.000	9.983	-13.000	21.000
0.090	3.000	6.988	-9.000	22.000
0.100	3.000	4.892	-6.000	22.000
0.110	3.000	3.424	-4.000	22.000
0.120	3.000	2.397	-3.000	22.000
0.130	3.000	1.678	-2.000	20.000
0.140	3.000	1.175	-2.000	18.000
0.150	3.000	0.822	-1.000	16.000
0.160	3.000	0.576	-1.000	14.000
0.170	3.000	0.403	-1.000	11.000
0.180	3.000	0.282	0.000	9.000
0.190	3.000	0.197	0.000	6.000
0.200	3.000	0.138	0.000	4.000
0.210	2.000	-29.903	38.000	2.000
0.220	1.000	-50.932	66.000	0.000
0.230	0.000	-65.653	84.000	-2.000
0.240	-2.000	-105.957	136.000	-4.000
0.250	-3.000	-104.170	134.000	-6.000
0.260	-4.000	-102.919	132.000	-7.000
0.270	-5.000	-102.043	131.000	-8.000
0.280	-6.000	-101.430	131.000	-9.000
0.290	-6.000	-71.001	91.000	-9.000
0.300	-7.000	-79.701	103.000	-9.000
0.310	-7.000	-55.791	72.000	-10.000
0.320	-7.000	-39.053	50.000	-10.000
0.330	-7.000	-27.337	35.000	-10.000
0.340	-8.000	-49.136	63.000	-10.000
0.350	-8.000	-34.395	44.000	-10.000
0.360	-8.000	-24.077	31.000	-9.000
0.370	-8.000	-16.854	22.000	-8.000
0.380	-8.000	-11.798	15.000	-7.000
0.390	-8.000	-8.258	11.000	-5.000
0.400	-8.000	-5.781	7.000	-4.000
0.410	-8.000	-4.047	5.000	-3.000
0.420	-8.000	-2.833	4.000	-2.000
0.430	-8.000	-1.983	3.000	-1.000
0.440	-8.000	-1.388	2.000	0.000
0.450	-8.000	-0.972	1.000	1.000
0.460	-7.000	29.320	-38.000	2.000
0.470	-7.000	20.524	-26.000	2.000
0.480	-6.000	44.367	-57.000	3.000
0.490	-6.000	31.057	-40.000	3.000
0.500	-5.000	51.740	-67.000	3.000
0.510	-5.000	36.218	347.000	4.000
0.520	-5.000	25.352	754.000	4.000
0.530	-3.000	77.747	1080.000	4.000
0.540	1.000	174.423	1348.000	4.000
0.550	7.000	302.096	1577.000	4.000
0.560	17.000	511.467	1701.000	4.000
0.570	30.000	748.027	1790.000	4.000
0.580	47.000	1033.619	1816.000	5.000
0.590	66.000	1293.533	1874.000	8.000
0.600	88.000	1565.473	1918.000	12.000
0.610	113.000	1845.831	1950.000	19.000
0.620	140.000	2102.082	2014.000	28.000
0.630	168.000	2311.457	2137.000	41.000
0.640	198.000	2518.020	2265.000	57.000
0.650	229.000	2692.614	2433.000	77.000
0.660	261.000	2844.830	2631.000	101.000
0.670	293.000	2951.381	2887.000	130.000
0.680	328.000	3115.967	3068.000	163.000
0.690	366.000	3321.177	3197.000	200.000
0.700	407.000	3554.824	3290.000	242.000
0.710	452.000	3838.377	3318.000	290.000
0.720	499.000	4096.864	3379.000	340.000
0.730	551.000	4427.805	3346.000	396.000
0.740	607.000	4779.463	3287.000	456.000
0.750	666.000	5115.624	3248.000	520.000
0.760	728.000	5440.937	3222.000	588.000
0.770	791.000	5698.656	3284.000	659.000
0.780	859.000	6029.059	3252.000	735.000
0.790	932.000	6410.341	3154.000	815.000
0.800	1009.000	6797.239	3050.000	897.000
0.810	1091.000	7218.067	2901.000	984.000
0.820	1173.000	7512.647	2916.000	1072.000
0.830	1261.000	7898.853	2812.000	1163.000
0.840	1352.000	8259.197	2741.000	1257.000
0.850	1448.000	8661.438	2617.000	1355.000
0.860	1544.000	8943.007	2648.000	1452.000
0.870	1645.000	9290.105	2594.000	1556.000
0.880	1746.000	9533.073	2675.000	1658.000
0.890	1851.000	9823.151	2695.000	1765.000
0.900	1960.000	10146.206	2672.000	1873.000
0.910	2071.000	10432.344	2697.000	1983.000
0.920	2185.000	10722.641	2717.000	2097.000
0.930	2302.000	11015.849	2733.000	2212.000
0.940	2423.000	11341.094	2708.000	2329.000
0.950	2548.000	11688.766	2654.000	2452.000
0.960	2672.000	11902.136	2772.000	2573.000
0.970	2801.000	12201.495	2780.000	2699.000
0.980	2934.000	12531.047	2749.000	2829.000
0.990	3068.000	12791.733	2807.000	2959.000
1.000	3206.000	13094.213	2811.000	3092.000
1.010	3350.000	13485.949	2307.000	3232.000
1.020	3490.000	13640.164	2109.000	3370.000
1.030	3636.000	13928.115	1738.000	3514.000
1.040	3782.000	14129.681	1479.000	3660.000
1.050	3930.000	14330.776	1220.000	3811.000
1.060	4075.000	14381.543	1155.000	3962.000
1.070	4223.000	14507.080	993.000	4120.000
1.080	4367.000	14474.956	1034.000	4277.000
1.090	4513.000	14512.469	986.000	4441.000
1.100	4657.000	14478.729	1030.000	4602.000
1.110	4802.000	14485.110	1021.000	4767.000
1.120	4948.000	14519.577	977.000	4933.000
1.130	5095.000	14573.704	907.000	5098.000
1.140	5244.000	14671.593	781.000	5264.000
1.150	5396.000	14830.115	577.000	5430.000
1.160	5545.000	14851.080	550.000	5591.000
1.170	5700.000	15045.756	300.000	5756.000
1.180	5852.000	15092.029	240.000	5915.000
1.190	6007.000	15214.421	83.000	6074.000
1.200	6165.000	15390.094	-143.000	6233.000
1.210	6321.000	15453.066	-224.000	6389.000
1.220	6475.000	15437.146	-204.000	6539.000
1.230	6631.000	15486.002	-267.000	6692.000
1.240	6786.000	15490.202	-272.000	6841.000
1.250	6938.000	15403.141	-160.000	6986.000
1.260	7092.000	15402.199	-159.000	7132.000
1.270	7245.000	15371.539	-119.000	7278.000
1.280	7395.000	15260.077	24.000	7421.000
1.290	7548.000	15272.054	9.000	7566.000
1.300	7695.000	15100.438	230.000	7707.000
1.310	7844.000	15040.307	307.000	7851.000
1.320	7991.000	14938.215	438.000	7993.000
1.330	8138.000	14866.750	530.000	8134.000
1.340	8285.000	14816.725	595.000	8276.000
1.350	8432.000	14781.708	640.000	8418.000
1.360	8579.000	14757.195	671.000	8560.000
1.370	8725.000	14710.037	732.000	8702.000
1.380	8872.000	14707.026	736.000	8846.000
1.390	9019.000	14704.918	738.000	8990.000
1.400	9167.000	14733.443	702.000	9136.000
1.410	9312.000	14663.410	792.000	9279.000
1.420	9461.000	14734.387	701.000	9427.000
1.430	9607.000	14694.071	752.000	9573.000
1.440	9754.000	14695.850	750.000	9721.000
1.450	9902.000	14727.095	710.000	9870.000
1.460	10049.000	14718.966	720.000	10019.000
1.470	10196.000	14713.276	728.000	10169.000
1.480	10345.000	14769.293	656.000	10321.000
1.490	10492.000	14748.505	682.000	10471.000
1.500	10639.000	14733.954	701.000	10622.000
1.510	10789.000	14813.768	598.000	10776.000
1.520	10937.000	14809.637	604.000	10926.000
1.530	11086.000	14836.746	569.000	11079.000
1.540	11238.000	14945.722	429.000	11233.000
1.550	11386.000	14902.006	485.000	11383.000
1.560	11536.000	14931.404	447.000	11535.000
1.570	11686.000	14951.983	421.000	11686.000
1.580	11836.000	14966.388	402.000	11837.000
1.590	11987.000	15006.472	350.000	11989.000
1.600	12138.000	15034.530	314.000	12142.000
1.610	12287.000	14994.171	366.000	12292.000
1.620	12439.000	15055.920	287.000	12445.000
1.630	12586.000	14949.144	424.000	12593.000
1.640	12735.000	14934.401	443.000	12742.000
1.650	12886.000	14984.080	379.000	12894.000
1.660	13033.000	14898.856	489.000	13041.000
1.670	13182.000	14899.199	489.000	13188.000
1.680	13333.000	14959.440	411.000	13338.000
1.690	13483.000	14971.608	395.000	13486.000
1.700	13630.000	14890.125	500.000	13632.000
1.710	13780.000	14923.088	458.000	13780.000
1.720	13929.000	14916.161	467.000	13927.000
1.730	14081.000	15001.313	357.000	14076.000
1.740	14230.000	14970.919	396.000	14221.000
1.750	14380.000	14979.643	385.000	14368.000
1.760	14531.000	15015.750	339.000	14516.000
1.770	14680.000	14981.025	383.000	14662.000
1.780	14829.000	14956.718	414.000	14810.000
1.790	14980.000	14999.702	359.000	14959.000
1.800	15127.000	14909.792	475.000	15106.000
1.810	15276.000	14906.854	479.000	15255.000
1.820	15423.000	14844.798	559.000	15403.000
1.830	15572.000	14861.359	537.000	15553.000
1.840	15720.000	14842.951	561.000	15702.000
1.850	15872.000	14950.066	423.000	15855.000
1.860	16018.000	14845.046	558.000	16003.000
1.870	16167.000	14861.532	537.000	16153.000
1.880	16318.000	14933.073	445.000	16304.000
1.890	16466.000	14893.151	496.000	16454.000
1.900	16615.000	14895.206	494.000	16604.000
1.910	16767.000	14986.644	376.000	16758.000
1.920	16915.000	14930.651	448.000	16906.000
1.930	17066.000	14981.456	383.000	17059.000
1.940	17215.000	14957.019	414.000	17209.000
1.950	17365.000	14969.913	398.000	17360.000
1.960	17516.000	15008.939	347.000	17512.000
1.970	17664.000	14946.257	428.000	17662.000
1.980	17815.000	14992.380	369.000	17815.000
1.990	17962.000	14904.666	481.000	17964.000
2.000	18110.000	14873.266	522.000	18114.000
2.010	18258.000	14851.286	1365.000	18265.000
2.020	18408.000	14895.900	2071.000	18416.000
2.030	18558.000	14927.130	2696.000	18564.000
2.040	18714.000	15128.991	2959.000	18713.000
2.050	18875.000	15420.294	2934.000	18863.000
2.060	19041.000	15774.206	2633.000	19013.000
2.070	19211.000	16141.944	2108.000	19163.000
2.080	19386.000	16549.361	1330.000	19316.000
2.090	19561.000	16834.553	523.000	19469.000
2.100	19738.000	17094.187	-410.000	19627.000
2.110	19908.000	17065.931	-1093.000	19784.000
2.120	20074.000	16926.152	-1709.000	19946.000
2.130	20234.000	16648.306	-2173.000	20113.000
2.140	20387.000	16243.814	-2448.000	20282.000
2.150	20532.000	15720.670	-2495.000	20455.000
2.160	20670.000	15144.469	-2352.000	20631.000
2.170	20798.000	14441.128	-1887.000	20803.000
2.180	20922.000	13828.790	-1353.000	20977.000
2.190	21042.000	13280.153	-698.000	21150.000
2.200	21163.000	12926.107	-89.000	21319.000
2.210	21286.000	12738.275	502.000	21487.000
2.220	21410.000	12636.792	1157.000	21645.000
2.230	21542.000	12805.755	1604.000	21798.000
2.240	21681.000	13134.028	1945.000	21945.000
2.250	21829.000	13633.820	2117.000	22085.000
2.260	21987.000	14283.674	2095.000	22217.000
2.270	22152.000	14948.572	2004.000	22344.000
2.280	22325.000	15654.000	1760.000	22465.000
2.290	22505.000	16357.800	1378.000	22582.000
2.300	22688.000	16940.460	978.000	22697.000
2.310	22872.000	17378.322	569.000	22812.000
2.320	23056.000	17684.825	123.000	22929.000
2.330	23236.000	17779.378	-253.000	23049.000
2.340	23410.000	17665.564	-546.000	23174.000
2.350	23580.000	17465.895	-888.000	23307.000
2.360	23736.000	16906.127	-888.000	23444.000
2.370	23885.000	16304.289	-909.000	23591.000
2.380	24024.000	15583.002	-802.000	23746.000
2.390	24155.000	14838.101	-639.000	23908.000
2.400	24277.000	14046.671	-340.000	24077.000
2.410	24394.000	13342.670	-33.000	24252.000
2.420	24505.000	12669.869	392.000	24430.000
2.430	24616.000	12198.908	744.000	24611.000
2.440	24724.000	11779.236	1233.000	24789.000
2.450	24835.000	11575.465	1649.000	24966.000
2.460	24954.000	11672.825	1873.000	25143.000
2.470	25077.000	11860.978	2155.000	25310.000
2.480	25210.000	12292.684	2264.000	25473.000
2.490	25351.000	12834.879	2330.000	25628.000
2.500	25504.000	13574.415	2193.000	25777.000
2.510	25667.000	14392.091	1956.000	25917.000
2.520	25839.000	15234.464	1636.000	26052.000
2.530	26015.000	15944.124	1387.000	26177.000
2.540	26198.000	16650.887	1001.000	26300.000
2.550	26387.000	17325.621	483.000	26421.000
2.560	26575.000	17767.935	67.000	26540.000
2.570	26764.000	18107.554	-421.000	26662.000
2.580	26948.000	18195.288	-788.000	26786.000
2.590	27128.000	18136.702	-1153.000	26914.000
2.600	27302.000	17915.691	-1467.000	27050.000
2.610	27463.000	17370.984	-1486.000	27188.000
2.620	27616.000	16749.689	-1482.000	27336.000
2.630	27758.000	15984.782	-1319.000	27490.000
2.640	27891.000	15179.347	-1078.000	27653.000
2.650	28016.000	14375.543	-764.000	27823.000
2.660	28133.000	13572.880	-330.000	27997.000
2.670	28244.000	12831.016	185.000	28174.000
2.680	28354.000	12281.711	638.000	28355.000
2.690	28462.000	11837.198	1158.000	28532.000
2.700	28573.000	11616.039	1597.000	28709.000
2.710	28691.000	11671.227	1876.000	28884.000
2.720	28812.000	11799.859	2234.000	29049.000
2.730	28943.000	12189.901	2396.000	29210.000
2.740	29085.000	12792.931	2384.000	29365.000
2.750	29234.000	13425.052	2385.000	29508.000
2.760	29394.000	14197.536	2206.000	29646.000
2.770	29564.000	15038.275	1888.000	29777.000
2.780	29741.000	15836.793	1525.000	29903.000
2.790	29928.000	16695.755	943.000	30026.000
2.800	30113.000	17237.028	597.000	30143.000
2.810	30301.000	17705.920	147.000	30261.000
2.820	30491.000	18094.144	-404.000	30380.000
2.830	30676.000	18215.901	-814.000	30503.000
2.840	30854.000	18091.131	-1094.000	30628.000
2.850	31025.000	17793.791	-1310.000	30761.000
2.860	31187.000	17315.654	-1415.000	30901.000
2.870	31340.000	16710.958	-1432.000	31049.000
2.880	31482.000	15957.670	-1284.000	31205.000
2.890	31615.000	15160.369	-1054.000	31369.000
2.900	31740.000	14362.259	-747.000	31539.000
2.910	31858.000	13593.581	-356.000	31716.000
2.920	31970.000	12875.507	128.000	31895.000
2.930	32080.000	12312.855	598.000	32076.000
2.940	32190.000	11918.998	1053.000	32257.000
2.950	32303.000	11733.299	1446.000	32436.000
2.960	32420.000	11723.309	1809.000	32612.000
2.970	32544.000	11926.316	2071.000	32782.000
2.980	32677.000	12338.421	2205.000	32946.000
2.990	32820.000	12926.895	2212.000	33104.000
3.000	32970.000	13548.827	2226.000	33250.000
3.010	33132.000	14344.179	2018.000	33392.000
3.020	33302.000	15140.925	1756.000	33525.000
3.030	33481.000	15968.647	1355.000	33653.000
3.040	33667.000	16758.053	863.000	33777.000
3.050	33854.000	17340.637	463.000	33897.000
3.060	34044.000	17838.446	-23.000	34017.000
3.070	34232.000	18126.912	-446.000	34137.000
3.080	34415.000	18178.839	-767.000	34260.000
3.090	34592.000	18035.187	-1022.000	34386.000
3.100	34764.000	17784.631	-1298.000	34521.000
3.110	34923.000	17219.242	-1291.000	34658.000
3.120	35075.000	16613.469	-1307.000	34806.000
3.130	35218.000	15919.428	-1235.000	34960.000
3.140	35348.000	15043.600	-904.000	35119.000
3.150	35475.000	14340.520	-719.000	35289.000
3.160	35590.000	13488.364	-221.000	35458.000
3.170	35704.000	12861.855	145.000	35632.000
3.180	35815.000	12333.298	572.000	35810.000
3.190	35926.000	11963.309	996.000	35987.000
3.200	36037.000	11704.316	1483.000	36159.000
3.210	36155.000	11733.021	1796.000	36330.000
3.220	36279.000	11933.115	2062.000	36497.000
3.230	36411.000	12313.180	2238.000	36659.000
3.240	36554.000	12909.226	2234.000	36815.000
3.250	36703.000	13506.458	2281.000	36958.000
3.260	36863.000	14254.521	2133.000	37098.000
3.270	37033.000	15078.165	1837.000	37231.000
3.280	37210.000	15864.715	1489.000	37359.000
3.290	37393.000	16595.301	1073.000	37482.000
3.300	37580.000	17226.710	610.000	37603.000
3.310	37770.000	17758.697	79.000	37724.000
3.320	37956.000	18011.088	-297.000	37846.000
3.330	38143.000	18217.762	-817.000	37972.000
3.340	38318.000	18002.433	-980.000	38099.000
3.350	38489.000	17731.703	-1230.000	38235.000
3.360	38652.000	17302.192	-1397.000	38380.000
3.370	38802.000	16611.535	-1304.000	38527.000
3.380	38943.000	15858.074	-1156.000	38684.000
3.390	39076.000	15090.652	-964.000	38848.000
3.400	39200.000	14283.456	-645.000	39017.000
3.410	39316.000	13478.419	-208.000	39191.000
3.420	39429.000	12824.894	193.000	39370.000
3.430	39539.000	12277.426	643.000	39551.000
3.440	39647.000	11834.198	1162.000	39728.000
3.450	39759.000	11643.939	1561.000	39905.000
3.460	39877.000	11690.757	1850.000	40080.000
3.470	39999.000	11843.530	2177.000	40245.000
3.480	40130.000	12220.471	2357.000	40404.000
3.490	40274.000	12874.330	2279.000	40558.000
3.500	40424.000	13512.031	2273.000	40701.000
3.510	40587.000	14348.422	2012.000	40840.000
3.520	40754.000	15053.895	1868.000	40968.000
3.530	40932.000	15877.727	1472.000	41092.000
3.540	41117.000	16664.409	984.000	41213.000
3.550	41304.000	17275.086	548.000	41330.000
3.560	41493.000	17762.560	74.000	41447.000
3.570	41684.000	18163.792	-494.000	41567.000
3.580	41865.000	18144.655	-723.000	41687.000
3.590	42041.000	17981.258	-953.000	41811.000
3.600	42211.000	17686.881	-1173.000	41943.000
3.610	42375.000	17300.816	-1396.000	42085.000
3.620	42523.000	16550.572	-1226.000	42230.000
3.630	42666.000	15875.400	-1178.000	42386.000
3.640	42796.000	15012.780	-864.000	42546.000
3.650	42920.000	14228.946	-575.000	42716.000
3.660	43039.000	13530.262	-275.000	42893.000
3.670	43150.000	12801.184	223.000	43069.000
3.680	43261.000	12290.828	626.000	43252.000
3.690	43369.000	11843.580	1150.000	43428.000
3.700	43481.000	11650.506	1552.000	43605.000
3.710	43599.000	11695.354	1844.000	43779.000
3.720	43724.000	11936.748	2057.000	43950.000
3.730	43855.000	12285.724	2273.000	44111.000
3.740	43999.000	12920.006	2220.000	44269.000
3.750	44148.000	13514.005	2271.000	44414.000
3.760	44309.000	14289.803	2088.000	44555.000
3.770	44481.000	15162.862	1728.000	44690.000
3.780	44656.000	15864.004	1490.000	44816.000
3.790	44839.000	16594.802	1073.000	44940.000
3.800	45025.000	17196.362	649.000	45060.000
3.810	45213.000	17677.453	184.000	45179.000
3.820	45401.000	18014.217	-301.000	45300.000
3.830	45583.000	18069.952	-627.000	45422.000
3.840	45760.000	17958.966	-924.000	45548.000
3.850	45931.000	17701.277	-1191.000	45681.000
3.860	46093.000	17250.894	-1331.000	45819.000
3.870	46245.000	16635.625	-1335.000	45965.000
3.880	46389.000	15964.938	-1294.000	46119.000
3.890	46523.000	15195.456	-1099.000	46280.000
3.900	46649.000	14416.820	-817.000	46447.000
3.910	46768.000	13661.774	-444.000	46618.000
3.920	46882.000	12983.242	-11.000	46794.000
3.930	46993.000	12418.269	462.000	46973.000
3.940	47103.000	11992.788	958.000	47150.000
3.950	47215.000	11754.952	1418.000	47326.000
3.960	47334.000	11798.466	1712.000	47501.000
3.970	47457.000	11948.926	2042.000	47668.000
3.980	47589.000	12324.248	2223.000	47831.000
3.990	47729.000	12826.974	2340.000	47986.000
4.000	47881.000	13538.882	2239.000	48134.000
4.010	48042.000	14307.217	2065.000	48275.000
4.020	48213.000	15145.052	1751.000	48410.000
4.030	48391.000	15941.536	1390.000	48539.000
4.040	48575.000	16679.076	965.000	48664.000
4.050	48765.000	17375.353	419.000	48788.000
4.060	48951.000	17742.747	100.000	48908.000
4.070	49140.000	18089.923	-399.000	49031.000
4.080	49324.000	18182.946	-772.000	49156.000
4.090	49502.000	18068.062	-1064.000	49287.000
4.100	49674.000	17807.644	-1328.000	49425.000
4.110	49836.000	17325.350	-1427.000	49567.000
4.120	49985.000	16597.745	-1286.000	49715.000
4.130	50126.000	15848.422	-1144.000	49872.000
4.140	50262.000	15173.895	-1071.000	50040.000
4.150	50382.000	14221.727	-566.000	50205.000
4.160	50499.000	13465.209	-191.000	50379.000
4.170	50612.000	12815.646	205.000	50557.000
4.180	50722.000	12270.952	652.000	50736.000
4.190	50834.000	11949.667	1014.000	50917.000
4.200	50946.000	11724.767	1457.000	51090.000
4.210	51065.000	11777.337	1739.000	51265.000
4.220	51189.000	11964.136	2022.000	51430.000
4.230	51320.000	12304.895	2248.000	51588.000
4.240	51464.000	12933.426	2203.000	51741.000
4.250	51615.000	13583.399	2182.000	51884.000
4.260	51777.000	14368.379	1986.000	52021.000
4.270	51947.000	15157.865	1734.000	52151.000
4.280	52125.000	15950.506	1379.000	52276.000
4.290	52309.000	16685.354	957.000	52397.000
4.300	52496.000	17289.748	529.000	52516.000
4.310	52685.000	17772.823	61.000	52634.000
4.320	52873.000	18080.976	-387.000	52755.000
4.330	53055.000	18116.683	-687.000	52875.000
4.340	53233.000	18021.678	-1005.000	53003.000
4.350	53404.000	17745.175	-1248.000	53138.000
4.360	53565.000	17251.622	-1332.000	53278.000
4.370	53715.000	16576.136	-1259.000	53425.000
4.380	53856.000	15833.295	-1124.000	53580.000
4.390	53988.000	15043.306	-903.000	53744.000
4.400	54112.000	14250.315	-603.000	53914.000
4.410	54230.000	13515.220	-255.000	54090.000
4.420	54342.000	12820.654	198.000	54270.000
4.430	54452.000	12274.458	647.000	54451.000
4.440	54564.000	11952.121	1010.000	54635.000
4.450	54674.000	11666.484	1532.000	54812.000
4.460	54792.000	11706.539	1830.000	54988.000
4.470	54915.000	11884.577	2125.000	55157.000
4.480	55047.000	12279.204	2281.000	55319.000
4.490	55188.000	12825.443	2342.000	55474.000
4.500	55339.000	13507.810	2279.000	55622.000
4.510	55500.000	14285.467	2093.000	55762.000
4.520	55669.000	15069.827	1848.000	55895.000
4.530	55846.000	15858.879	1497.000	56022.000
4.540	56031.000	16651.215	1001.000	56145.000
4.550	56219.000	17295.851	521.000	56264.000
4.560	56406.000	17717.095	133.000	56381.000
4.570	56593.000	18011.967	-298.000	56498.000
4.580	56780.000	18218.377	-818.000	56621.000
4.590	56956.000	18032.864	-1019.000	56744.000
4.600	57129.000	17813.005	-1335.000	56877.000
4.610	57292.000	17359.103	-1471.000	57015.000
4.620	57443.000	16681.372	-1394.000	57159.000
4.630	57587.000	15996.961	-1335.000	57313.000
4.640	57718.000	15127.872	-1012.000	57473.000
4.650	57843.000	14339.511	-717.000	57640.000
4.660	57961.000	13577.657	-336.000	57814.000
4.670	58072.000	12834.360	181.000	57988.000
4.680	58183.000	12314.052	596.000	58168.000
4.690	58291.000	11859.837	1129.000	58345.000
4.700	58403.000	11661.886	1538.000	58522.000
4.710	58521.000	11703.320	1834.000	58698.000
4.720	58642.000	11822.324	2205.000	58865.000
4.730	58774.000	12235.627	2337.000	59028.000
4.740	58915.000	12794.939	2381.000	59183.000
4.750	59068.000	13546.457	2229.000	59334.000
4.760	59227.000	14252.520	2136.000	59473.000
4.770	59400.000	15166.764	1723.000	59609.000
4.780	59575.000	15866.735	1487.000	59736.000
4.790	59758.000	16596.714	1071.000	59860.000
4.800	59945.000	17227.700	609.000	59981.000
4.810	60135.000	17759.390	78.000	60102.000
4.820	60322.000	18041.573	-336.000	60223.000
4.830	60508.000	18209.101	-806.000	60349.000
4.840	60684.000	18026.371	-1011.000	60476.000
4.850	60855.000	17748.460	-1252.000	60610.000
4.860	61016.000	17253.922	-1335.000	60750.000
4.870	61167.000	16607.745	-1299.000	60897.000
4.880	61308.000	15855.422	-1153.000	61051.000
4.890	61441.000	15088.795	-962.000	61213.000
4.900	61564.000	14252.157	-605.000	61380.000
4.910	61683.000	13546.510	-296.000	61555.000
4.920	61795.000	12842.557	170.000	61729.000
4.930	61904.000	12259.790	666.000	61906.000
4.940	62014.000	11881.853	1101.000	62084.000
4.950	62127.000	11707.297	1479.000	62259.000
4.960	62243.000	11675.108	1871.000	62430.000
4.970	62368.000	11922.576	2076.000	62597.000
4.980	62500.000	12305.803	2247.000	62756.000
4.990	62644.000	12934.062	2202.000	62911.000
5.000	62794.000	13553.843	2220.000	63055.000
5.010	62955.000	14317.690	2052.000	63193.000
5.020	63124.000	15092.383	1818.000	63325.000
5.030	63302.000	15904.668	1438.000	63452.000
5.040	63485.000	16623.268	1037.000	63575.000
5.050	63673.000	17276.287	546.000	63696.000
5.060	63862.000	17763.401	73.000	63817.000
5.070	64049.000	18044.381	-340.000	63938.000
5.080	64234.000	18181.067	-770.000	64063.000
5.090	64412.000	18066.747	-1063.000	64192.000
5.100	64584.000	17806.723	-1327.000	64327.000
5.110	64745.000	17294.706	-1388.000	64468.000
5.120	64897.000	16666.294	-1375.000	64618.000
5.130	65039.000	15926.406	-1244.000	64775.000
5.140	65173.000	15168.484	-1064.000	64939.000
5.150	65298.000	14367.939	-754.000	65109.000
5.160	65418.000	13657.557	-439.000	65289.000
5.170	65529.000	12890.290	109.000	65465.000
5.180	65638.000	12293.203	623.000	65645.000
5.190	65748.000	11905.242	1071.000	65825.000
5.200	65860.000	11693.669	1497.000	66003.000
5.210	65977.000	11695.569	1844.000	66177.000
5.220	66102.000	11936.898	2057.000	66347.000
5.230	66231.000	12225.829	2350.000	66506.000
5.240	66375.000	12878.080	2274.000	66662.000
5.250	66524.000	13484.656	2309.000	66807.000
5.260	66685.000	14269.259	2114.000	66946.000
5.270	66854.000	15058.481	1862.000	67077.000
5.280	67032.000	15880.937	1468.000	67202.000
5.290	67217.000	16666.656	981.000	67324.000
5.300	67405.000	17306.659	507.000	67442.000
5.310	67594.000	17784.661	46.000	67559.000
5.320	67782.000	18089.263	-398.000	67676.000
5.330	67968.000	18242.484	-849.000	67796.000
5.340	68147.000	18139.739	-1157.000	67922.000
5.350	68318.000	17827.817	-1354.000	68054.000
5.360	68479.000	17309.472	-1407.000	68193.000
5.370	68631.000	16676.630	-1388.000	68339.000
5.380	68773.000	15933.641	-1253.000	68493.000
5.390	68906.000	15143.549	-1032.000	68656.000
5.400	69030.000	14320.484	-693.000	68825.000
5.410	69146.000	13504.339	-241.000	68999.000
5.420	69258.000	12813.037	208.000	69177.000
5.430	69369.000	12299.126	616.000	69359.000
5.440	69478.000	11879.388	1104.000	69538.000
5.450	69589.000	11645.572	1559.000	69714.000
5.460	69705.000	11631.900	1926.000	69888.000
5.470	69829.000	11862.330	2153.000	70057.000
5.480	69962.000	12293.631	2263.000	70222.000
5.490	70103.000	12835.542	2329.000	70377.000
5.500	70254.000	13514.879	2270.000	70525.000
5.510	70416.000	14320.415	2048.000	70666.000
5.520	70586.000	15124.291	1777.000	70799.000
5.530	70765.000	15957.004	1370.000	70927.000
5.540	70948.000	16659.903	990.000	71050.000
5.550	71135.000	17271.932	552.000	71171.000
5.560	71323.000	17730.352	116.000	71290.000
5.570	71509.000	17991.247	-272.000	71411.000
5.580	71692.000	18083.873	-645.000	71534.000
5.590	71869.000	17968.711	-936.000	71662.000
5.600	72038.000	17648.098	-1123.000	71795.000
5.610	72200.000	17213.668	-1283.000	71937.000
5.620	72349.000	16519.568	-1186.000	72082.000
5.630	72490.000	15793.697	-1073.000	72235.000
5.640	72623.000	15045.588	-906.000	72398.000
5.650	72746.000	14221.912	-566.000	72562.000
5.660	72864.000	13495.338	-230.000	72734.000
5.670	72977.000	12836.737	178.000	72909.000
5.680	73088.000	12315.716	594.000	73086.000
5.690	73199.000	11951.001	1012.000	73263.000
5.700	73312.000	11755.701	1417.000	73438.000
5.710	73430.000	11768.990	1750.000	73609.000
5.720	73556.000	12018.293	1952.000	73776.000
5.730	73687.000	12342.805	2199.000	73934.000
5.740	73828.000	12869.964	2285.000	74087.000
5.750	73980.000	13568.975	2200.000	74234.000
5.760	74140.000	14298.282	2077.000	74372.000
5.770	74312.000	15168.798	1720.000	74506.000
5.780	74487.000	15868.158	1485.000	74632.000
5.790	74670.000	16597.711	1070.000	74755.000
5.800	74857.000	17228.398	608.000	74875.000
5.810	75046.000	17729.878	116.000	74996.000
5.820	75233.000	18020.915	-310.000	75117.000
5.830	75417.000	18134.640	-710.000	75242.000
5.840	75595.000	18034.248	-1021.000	75370.000
5.850	75766.000	17753.974	-1259.000	75504.000
5.860	75929.000	17317.782	-1417.000	75647.000
5.870	76078.000	16592.447	-1280.000	75794.000
5.880	76220.000	15874.713	-1177.000	75952.000
5.890	76352.000	15072.299	-940.000	76116.000
5.900	76475.000	14240.609	-590.000	76285.000
5.910	76592.000	13478.427	-208.000	76461.000
5.920	76703.000	12764.899	270.000	76637.000
5.930	76812.000	12205.429	736.000	76818.000
5.940	76923.000	11873.800	1111.000	76998.000
5.950	77032.000	11581.660	1641.000	77171.000
5.960	77149.000	11617.162	1945.000	77344.000
5.970	77272.000	11822.014	2205.000	77511.000
5.980	77405.000	12265.409	2299.000	77672.000
5.990	77547.000	12845.787	2316.000	77825.000
6.000	77698.000	13522.051	2261.000	77969.000
6.010	77860.000	14325.435	2042.000	78108.000
6.020	78033.000	15217.805	1657.000	78240.000
6.030	78210.000	15962.463	1363.000	78364.000
6.040	78394.000	16693.724	946.000	78485.000
6.050	78583.000	17355.607	444.000	78602.000
6.060	78772.000	17818.925	2.000	78720.000
6.070	78959.000	18083.247	-390.000	78839.000
6.080	79144.000	18208.273	-805.000	78961.000
6.090	79321.000	18055.791	-1049.000	79087.000
6.100	79492.000	17769.054	-1278.000	79220.000
6.110	79655.000	17328.338	-1431.000	79362.000
6.120	79805.000	16629.836	-1328.000	79509.000
6.130	79947.000	15900.885	-1211.000	79665.000
6.140	80079.000	15090.620	-964.000	79828.000
6.150	80203.000	14283.434	-645.000	79998.000
6.160	80321.000	13538.404	-285.000	80173.000
6.170	80433.000	12836.883	177.000	80352.000
6.180	80544.000	12315.818	594.000	80532.000
6.190	80656.000	11981.072	973.000	80715.000
6.200	80767.000	11716.751	1467.000	80892.000
6.210	80885.000	11741.726	1785.000	81067.000
6.220	81009.000	11939.208	2054.000	81237.000
6.230	81142.000	12347.446	2193.000	81401.000
6.240	81284.000	12903.212	2242.000	81557.000
6.250	81436.000	13592.248	2170.000	81707.000
6.260	81599.000	14404.574	1940.000	81849.000
6.270	81767.000	15123.202	1779.000	81982.000
6.280	81946.000	15956.241	1371.000	82111.000
6.290	82129.000	16659.369	990.000	82234.000
6.300	82318.000	17331.558	475.000	82356.000
6.310	82503.000	17682.091	178.000	82474.000
6.320	82691.000	18017.464	-305.000	82595.000
6.330	82877.000	18192.224	-784.000	82719.000
6.340	83054.000	18044.557	-1034.000	82845.000
6.350	83224.000	17731.190	-1230.000	82979.000
6.360	83388.000	17331.833	-1435.000	83121.000
6.370	83540.000	16692.283	-1408.000	83267.000
6.380	83683.000	15974.598	-1306.000	83421.000
6.390	83817.000	15202.219	-1108.000	83582.000
6.400	83942.000	14391.553	-784.000	83750.000
6.410	84060.000	13614.087	-383.000	83922.000
6.420	84176.000	13009.861	-45.000	84101.000
6.430	84286.000	12406.903	477.000	84277.000
6.440	84397.000	12014.832	930.000	84457.000
6.450	84508.000	11740.382	1437.000	84632.000
6.460	84626.000	11758.268	1764.000	84806.000
6.470	84750.000	11950.787	2039.000	84974.000
6.480	84882.000	12325.551	2222.000	85136.000
6.490	85023.000	12857.886	2300.000	85290.000
6.500	85176.000	13590.520	2172.000	85439.000
6.510	85335.000	14283.364	2096.000	85578.000
6.520	85504.000	15068.355	1849.000	85711.000
6.530	85682.000	15887.848	1459.000	85839.000
6.540	85865.000	16611.494	1052.000	85963.000
6.550	86053.000	17268.046	557.000	86085.000
6.560	86242.000	17757.632	81.000	86205.000
6.570	86430.000	18070.342	-373.000	86327.000
6.580	86613.000	18139.240	-716.000	86451.000
6.590	86794.000	18127.468	-1141.000	86582.000
6.600	86962.000	17729.227	-1227.000	86715.000
6.610	87125.000	17300.459	-1395.000	86858.000
6.620	87273.000	16550.321	-1225.000	87004.000
6.630	87414.000	15815.225	-1101.000	87159.000
6.640	87546.000	15030.658	-887.000	87322.000
6.650	87669.000	14211.460	-553.000	87489.000
6.660	87785.000	13428.022	-143.000	87663.000
6.670	87897.000	12759.616	277.000	87840.000
6.680	88008.000	12261.731	664.000	88021.000
6.690	88116.000	11823.212	1176.000	88195.000
6.700	88228.000	11636.248	1571.000	88370.000
6.710	88344.000	11625.374	1935.000	88541.000
6.720	88469.000	11887.762	2120.000	88708.000
6.730	88599.000	12221.433	2356.000	88865.000
6.740	88741.000	12815.003	2355.000	89016.000
6.750	88895.000	13590.502	2172.000	89164.000
6.760	89053.000	14253.352	2134.000	89299.000
6.770	89223.000	15077.346	1838.000	89429.000
6.780	89402.000	15924.142	1413.000	89555.000
6.790	89584.000	16606.900	1058.000	89675.000
6.800	89771.000	17234.830	599.000	89793.000
6.810	89960.000	17734.381	111.000	89910.000
6.820	90146.000	17994.067	-275.000	90029.000
6.830	90332.000	18175.847	-763.000	90152.000
6.840	90507.000	17973.093	-942.000	90278.000
6.850	90676.000	17651.165	-1127.000	90411.000
6.860	90838.000	17215.815	-1286.000	90552.000
6.870	90989.000	16581.071	-1265.000	90700.000
6.880	91130.000	15836.750	-1129.000	90856.000
6.890	91265.000	15135.725	-1022.000	91022.000
6.900	91388.000	14285.007	-647.000	91189.000
6.910	91505.000	13509.505	-248.000	91364.000
6.920	91619.000	12876.654	126.000	91545.000
6.930	91728.000	12283.657	635.000	91722.000
6.940	91837.000	11868.560	1118.000	91903.000
6.950	91951.000	11727.992	1453.000	92082.000
6.960	92067.000	11689.595	1852.000	92256.000
6.970	92191.000	11902.716	2101.000	92425.000
6.980	92323.000	12291.901	2265.000	92589.000
6.990	92464.000	12834.331	2331.000	92744.000
7.000	92617.000	13574.032	2194.000	92893.000
7.010	92775.000	14241.822	2149.000	93031.000
7.020	92944.000	15039.276	1887.000	93164.000
7.030	93121.000	15837.493	1524.000	93291.000
7.040	93305.000	16606.245	1059.000	93413.000
7.050	93492.000	17234.371	600.000	93532.000
7.060	93680.000	17704.060	150.000	93650.000
7.070	93868.000	18032.842	-325.000	93769.000
7.080	94052.000	18142.989	-721.000	93892.000
7.090	94230.000	18040.093	-1028.000	94018.000
7.100	94401.000	17758.065	-1264.000	94150.000
7.110	94567.000	17410.645	-1537.000	94292.000
7.120	94717.000	16687.452	-1402.000	94436.000
7.130	94860.000	15971.216	-1302.000	94589.000
7.140	94993.000	15169.851	-1066.000	94750.000
7.150	95118.000	14368.896	-755.000	94918.000
7.160	95235.000	13568.227	-324.000	95090.000
7.170	95348.000	12887.759	112.000	95267.000
7.180	95458.000	12321.431	587.000	95446.000
7.190	95569.000	11955.002	1007.000	95627.000
7.200	95681.000	11728.501	1452.000	95804.000
7.210	95797.000	11689.951	1851.000	95977.000
7.220	95920.000	11872.966	2139.000	96145.000
7.230	96052.000	12271.076	2292.000	96308.000
7.240	96194.000	12849.753	2311.000	96464.000
7.250	96347.000	13584.827	2180.000	96614.000
7.260	96507.000	14309.379	2062.000	96754.000
7.270	96679.000	15176.565	1710.000	96890.000
7.280	96855.000	15903.596	1439.000	97018.000
7.290	97039.000	16652.517	999.000	97142.000
7.300	97228.000	17326.762	481.000	97264.000
7.310	97418.000	17828.733	-11.000	97385.000
7.320	97606.000	18120.113	-437.000	97507.000
7.330	97793.000	18294.079	-915.000	97633.000
7.340	97969.000	18085.856	-1087.000	97761.000
7.350	98139.000	17760.099	-1267.000	97896.000
7.360	98301.000	17292.069	-1384.000	98037.000
7.370	98451.000	16604.448	-1295.000	98185.000
7.380	98593.000	15883.114	-1188.000	98341.000
7.390	98726.000	15108.180	-987.000	98506.000
7.400	98846.000	14175.726	-507.000	98672.000
7.410	98963.000	13433.008	-150.000	98845.000
7.420	99076.000	12793.106	234.000	99021.000
7.430	99187.000	12285.174	633.000	99199.000
7.440	99297.000	11899.622	1078.000	99376.000
7.450	99412.000	11779.735	1386.000	99553.000
7.460	99528.000	11725.815	1805.000	99721.000
7.470	99654.000	11988.070	1991.000	99886.000
7.480	99789.000	12441.649	2072.000	100046.000
7.490	99929.000	12909.154	2234.000	100195.000
7.500	100081.000	13596.408	2165.000	100340.000
7.510	100245.000	14437.486	1898.000	100478.000
7.520	100414.000	15176.240	1711.000	100609.000
7.530	100591.000	15933.368	1401.000	100735.000
7.540	100775.000	16673.358	972.000	100856.000
7.550	100964.000	17341.350	462.000	100975.000
7.560	101152.000	17778.945	53.000	101094.000
7.570	101339.000	18055.262	-354.000	101214.000
7.580	101525.000	18218.683	-818.000	101340.000
7.590	101701.000	18033.078	-1019.000	101468.000
7.600	101870.000	17693.155	-1181.000	101602.000
7.610	102032.000	17245.208	-1324.000	101746.000
7.620	102180.000	16511.646	-1176.000	101894.000
7.630	102322.000	15818.152	-1105.000	102051.000
7.640	102454.000	15032.706	-890.000	102217.000
7.650	102578.000	14242.895	-593.000	102390.000
7.660	102694.000	13450.026	-171.000	102565.000
7.670	102806.000	12775.018	257.000	102744.000
7.680	102916.000	12242.513	688.000	102925.000
7.690	103026.000	11869.759	1116.000	103106.000
7.700	103139.000	11698.831	1490.000	103286.000
7.710	103254.000	11639.182	1917.000	103457.000
7.720	103378.000	11867.427	2147.000	103626.000
7.730	103510.000	12267.199	2297.000	103789.000
7.740	103651.000	12817.039	2353.000	103943.000
7.750	103802.000	13501.928	2286.000	104089.000
7.760	103962.000	14251.349	2137.000	104227.000
7.770	104132.000	15075.945	1840.000	104357.000
7.780	104313.000	15983.161	1337.000	104483.000
7.790	104494.000	16618.213	1043.000	104602.000
7.800	104681.000	17242.749	589.000	104719.000
7.810	104873.000	17829.924	-12.000	104837.000
7.820	105057.000	18000.947	-284.000	104952.000
7.830	105242.000	18150.663	-731.000	105073.000
7.840	105420.000	18045.464	-1035.000	105198.000
7.850	105593.000	17821.825	-1346.000	105330.000
7.860	105753.000	17275.277	-1363.000	105466.000
7.870	105904.000	16622.694	-1319.000	105611.000
7.880	106046.000	15895.886	-1205.000	105765.000
7.890	106179.000	15117.120	-998.000	105925.000
7.900	106303.000	14301.984	-669.000	106093.000
7.910	106419.000	13491.389	-225.000	106265.000
7.920	106531.000	12803.972	220.000	106442.000
7.930	106640.000	12232.781	701.000	106621.000
7.940	106749.000	11832.946	1164.000	106801.000
7.950	106861.000	11643.062	1562.000	106978.000
7.960	106978.000	11660.144	1890.000	107153.000
7.970	107104.000	11942.101	2051.000	107325.000
7.980	107235.000	12289.470	2268.000	107486.000
7.990	107377.000	12862.629	2294.000	107642.000
8.000	107525.000	13443.841	2361.000	107787.000
8.010	107686.000	14240.688	2151.000	107929.000
8.020	107856.000	15068.482	1849.000	108062.000
8.030	108035.000	15917.937	1421.000	108191.000
8.040	108218.000	16632.556	1025.000	108315.000
8.050	108405.000	17252.789	576.000	108435.000
8.060	108594.000	17746.952	94.000	108556.000
8.070	108781.000	18032.867	-325.000	108677.000
8.080	108965.000	18143.007	-721.000	108801.000
8.090	109143.000	18040.105	-1028.000	108929.000
8.100	109313.000	17728.073	-1226.000	109063.000
8.110	109475.000	17269.651	-1355.000	109203.000
8.120	109627.000	16648.756	-1352.000	109351.000
8.130	109769.000	15914.129	-1228.000	109506.000
8.140	109903.000	15159.890	-1053.000	109670.000
8.150	110027.000	14331.923	-708.000	109837.000
8.160	110146.000	13602.346	-367.000	110009.000
8.170	110260.000	12941.642	43.000	110187.000
8.180	110371.000	12389.150	500.000	110364.000
8.190	110482.000	12002.405	946.000	110542.000
8.200	110596.000	11821.683	1332.000	110717.000
8.210	110714.000	11815.178	1690.000	110890.000
8.220	110839.000	12020.625	1949.000	111057.000
8.230	110973.000	12434.437	2081.000	111220.000
8.240	111113.000	12904.106	2241.000	111372.000
8.250	111267.000	13652.874	2092.000	111522.000
8.260	111425.000	14297.012	2078.000	111659.000
8.270	111594.000	15077.908	1837.000	111791.000
8.280	111775.000	15984.536	1335.000	111921.000
8.290	111956.000	16619.175	1042.000	112043.000
8.300	112142.000	17213.423	627.000	112163.000
8.310	112332.000	17749.396	91.000	112283.000
8.320	112519.000	18034.577	-327.000	112404.000
8.330	112703.000	18144.204	-722.000	112528.000
8.340	112881.000	18040.943	-1029.000	112656.000
8.350	113053.000	17788.660	-1304.000	112791.000
8.360	113217.000	17372.062	-1487.000	112935.000
8.370	113366.000	16630.443	-1329.000	113082.000
8.380	113508.000	15901.310	-1212.000	113239.000
8.390	113642.000	15150.917	-1042.000	113405.000
8.400	113765.000	14295.642	-661.000	113575.000
8.410	113880.000	13456.949	-180.000	113749.000
8.420	113994.000	12839.865	174.000	113931.000
8.430	114101.000	12197.905	746.000	114106.000
8.440	114211.000	11838.534	1157.000	114287.000
8.450	114322.000	11616.974	1596.000	114464.000
8.460	114438.000	11611.881	1952.000	114637.000
8.470	114561.000	11818.317	2210.000	114805.000
8.480	114694.000	12262.822	2302.000	114967.000
8.490	114836.000	12843.975	2318.000	115121.000
8.500	114992.000	13670.783	2069.000	115271.000
8.510	115150.000	14309.548	2062.000	115408.000
8.520	115318.000	15056.684	1864.000	115538.000
8.530	115498.000	15939.678	1393.000	115664.000
8.540	115681.000	16647.775	1005.000	115784.000
8.550	115869.000	17293.442	524.000	115902.000
8.560	116057.000	17745.410	96.000	116019.000
8.570	116246.000	18091.787	-401.000	116137.000
8.580	116430.000	18184.251	-774.000	116259.000
8.590	116611.000	18158.976	-1181.000	116386.000
8.600	116781.000	17811.283	-1333.000	116517.000
8.610	116944.000	17357.898	-1469.000	116658.000
8.620	117096.000	16710.529	-1432.000	116805.000
8.630	117238.000	15957.370	-1284.000	116960.000
8.640	117372.000	15190.159	-1092.000	117125.000
8.650	117494.000	14293.111	-658.000	117293.000
8.660	117609.000	13455.178	-178.000	117466.000
8.670	117723.000	12838.625	175.000	117646.000
8.680	117830.000	12197.037	747.000	117824.000
8.690	117940.000	11837.926	1157.000	118005.000
8.700	118054.000	11706.548	1480.000	118186.000
8.710	118169.000	11644.584	1910.000	118359.000
8.720	118293.000	11871.209	2142.000	118529.000
8.730	118428.000	12359.846	2177.000	118694.000
8.740	118568.000	12851.892	2308.000	118848.000
8.750	118720.000	13556.325	2216.000	118996.000
8.760	118880.000	14289.427	2088.000	119136.000
8.770	119050.000	15102.599	1805.000	119268.000
8.780	119230.000	15971.819	1351.000	119397.000
8.790	119410.000	16580.274	1092.000	119518.000
8.800	119598.000	17246.191	585.000	119638.000
8.810	119785.000	17682.334	178.000	119756.000
8.820	119971.000	17957.634	-228.000	119876.000
8.830	120154.000	18060.344	-614.000	119998.000
8.840	120332.000	17982.241	-954.000	120124.000
8.850	120504.000	17747.568	-1251.000	120258.000
8.860	120664.000	17223.298	-1296.000	120395.000
8.870	120815.000	16586.309	-1272.000	120540.000
8.880	120957.000	15870.416	-1172.000	120692.000
8.890	121089.000	15069.291	-937.000	120853.000
8.900	121215.000	14328.504	-703.000	121021.000
8.910	121333.000	13569.953	-326.000	121193.000
8.920	121445.000	12858.967	149.000	121368.000
8.930	121555.000	12301.277	613.000	121546.000
8.940	121664.000	11880.894	1102.000	121724.000
8.950	121776.000	11676.626	1519.000	121900.000
8.960	121893.000	11683.638	1860.000	122072.000
8.970	122016.000	11868.547	2145.000	122240.000
8.980	122147.000	12237.983	2334.000	122401.000
8.990	122287.000	12766.588	2418.000	122555.000
9.000	122439.000	13496.611	2293.000	122703.000
9.010	122599.000	14247.628	2142.000	122843.000
9.020	122768.000	15043.340	1882.000	122977.000
9.030	122946.000	15870.338	1482.000	123104.000
9.040	123132.000	16689.236	952.000	123229.000
9.050	123318.000	17262.465	564.000	123348.000
9.060	123507.000	17753.726	86.000	123467.000
9.070	123697.000	18127.608	-447.000	123589.000
9.080	123881.000	18209.326	-806.000	123712.000
9.090	124059.000	18086.528	-1088.000	123840.000
9.100	124230.000	17790.570	-1306.000	123975.000
9.110	124392.000	17313.399	-1412.000	124115.000
9.120	124543.000	16649.379	-1353.000	124264.000
9.130	124684.000	15884.565	-1190.000	124420.000
9.140	124817.000	15109.196	-988.000	124584.000
9.150	124940.000	14266.437	-623.000	124753.000
9.160	125054.000	13406.506	-115.000	124924.000
9.170	125165.000	12714.554	335.000	125102.000
9.180	125273.000	12140.188	820.000	125280.000
9.190	125381.000	11738.132	1286.000	125458.000
9.200	125493.000	11576.692	1647.000	125633.000
9.210	125609.000	11583.684	1988.000	125805.000
9.220	125733.000	11828.579	2197.000	125972.000
9.230	125866.000	12270.005	2293.000	126133.000
9.240	126006.000	12789.004	2389.000	126284.000
9.250	126157.000	13482.303	2312.000	126428.000
9.260	126319.000	14297.612	2077.000	126567.000
9.270	126490.000	15138.328	1759.000	126697.000
9.280	126668.000	15936.830	1396.000	126821.000
9.290	126853.000	16705.781	930.000	126942.000
9.300	127041.000	17334.047	472.000	127061.000
9.310	127233.000	17893.833	-95.000	127181.000
9.320	127419.000	18105.683	-419.000	127299.000
9.330	127606.000	18283.978	-902.000	127425.000
9.340	127782.000	18078.785	-1078.000	127551.000
9.350	127952.000	17755.149	-1260.000	127685.000
9.360	128114.000	17288.604	-1380.000	127827.000
9.370	128266.000	16662.023	-1369.000	127976.000
9.380	128409.000	15953.416	-1279.000	128134.000
9.390	128542.000	15157.391	-1050.000	128299.000
9.400	128665.000	14300.174	-667.000	128469.000
9.410	128782.000	13520.122	-262.000	128646.000
9.420	128895.000	12854.085	155.000	128828.000
9.430	129004.000	12267.860	656.000	129008.000
9.440	129116.000	11947.502	1016.000	129190.000
9.450	129227.000	11693.251	1497.000	129369.000
9.460	129347.000	11785.276	1729.000	129547.000
9.470	129470.000	11939.693	2054.000	129715.000
9.480	129604.000	12377.785	2154.000	129879.000
9.490	129744.000	12864.450	2292.000	130034.000
9.500	129896.000	13565.115	2205.000	130181.000
9.510	130059.000	14385.580	1964.000	130323.000
9.520	130227.000	15109.906	1796.000	130454.000
9.530	130405.000	15916.934	1422.000	130581.000
9.540	130588.000	16631.854	1026.000	130703.000
9.550	130774.000	17222.298	616.000	130821.000
9.560	130963.000	17725.608	122.000	130939.000
9.570	131152.000	18077.926	-383.000	131057.000
9.580	131336.000	18174.548	-761.000	131177.000
9.590	131517.000	18152.184	-1173.000	131304.000
9.600	131686.000	17776.529	-1288.000	131434.000
9.610	131848.000	17303.570	-1399.000	131571.000
9.620	132001.000	16702.499	-1421.000	131716.000
9.630	132144.000	15981.749	-1315.000	131868.000
9.640	132277.000	15177.225	-1075.000	132028.000
9.650	132401.000	14344.057	-723.000	132195.000
9.660	132518.000	13550.840	-301.000	132367.000
9.670	132632.000	12905.588	89.000	132547.000
9.680	132742.000	12333.912	571.000	132726.000
9.690	132849.000	11843.738	1150.000	132902.000
9.700	132963.000	11710.617	1475.000	133082.000
9.710	133079.000	11677.432	1868.000	133256.000
9.720	133201.000	11834.202	2189.000	133422.000
9.730	133334.000	12273.942	2288.000	133587.000
9.740	133473.000	12761.759	2424.000	133740.000
9.750	133625.000	13493.231	2298.000	133889.000
9.760	133788.000	14335.262	2029.000	134031.000
9.770	133957.000	15104.683	1803.000	134165.000
9.780	134135.000	15913.278	1427.000	134294.000
9.790	134319.000	16659.295	990.000	134419.000
9.800	134507.000	17301.506	514.000	134540.000
9.810	134695.000	17751.054	89.000	134661.000
9.820	134886.000	18155.738	-483.000	134785.000
9.830	135067.000	18139.017	-716.000	134907.000
9.840	135247.000	18097.312	-1102.000	135037.000
9.850	135416.000	17738.118	-1239.000	135171.000
9.860	135576.000	17216.683	-1287.000	135311.000
9.870	135727.000	16581.678	-1266.000	135459.000
9.880	135868.000	15837.175	-1129.000	135615.000
9.890	136000.000	15046.022	-907.000	135778.000
9.900	136123.000	14222.216	-566.000	135946.000
9.910	136241.000	13495.551	-230.000	136120.000
9.920	136354.000	12836.886	177.000	136297.000
9.930	136466.000	12345.820	555.000	136475.000
9.940	136574.000	11882.074	1101.000	136649.000
9.950	136687.000	11707.452	1479.000	136824.000
9.960	136805.000	11735.216	1793.000	136995.000
9.970	136930.000	11964.651	2022.000	137161.000
9.980	137065.000	12425.256	2093.000	137323.000
9.990	137205.000	12897.679	2249.000	137473.000
10.000	137358.000	13618.375	2137.000	137618.000
10.010	137519.000	14362.863	1994.000	137756.000
10.020	137689.000	15154.004	1739.000	137886.000
10.030	137867.000	15947.803	1382.000	138012.000
10.040	138051.000	16683.462	959.000	138135.000
10.050	138237.000	17258.423	569.000	138253.000
10.060	138424.000	17690.896	166.000	138371.000
10.070	138613.000	18053.627	-352.000	138493.000
10.080	138793.000	18037.539	-585.000	138614.000
10.090	138971.000	17966.277	-933.000	138742.000
10.100	139141.000	17676.394	-1159.000	138877.000
10.110	139301.000	17173.476	-1232.000	139017.000
10.120	139452.000	16551.433	-1227.000	139165.000
10.130	139594.000	15846.003	-1140.000	139322.000
10.140	139726.000	15052.202	-915.000	139484.000
10.150	139851.000	14286.542	-649.000	139654.000
10.160	139967.000	13480.579	-211.000	139828.000
10.170	140079.000	12796.405	229.000	140005.000
10.180	140190.000	12287.484	630.000	140187.000
10.190	140299.000	11871.239	1115.000	140365.000
10.200	140411.000	11669.867	1528.000	140543.000
10.210	140529.000	11708.907	1827.000	140719.000
10.220	140651.000	11856.235	2161.000	140884.000
10.230	140783.000	12259.364	2307.000	141046.000
10.240	140923.000	12781.555	2399.000	141199.000
10.250	141074.000	13477.089	2318.000	141346.000
10.260	141235.000	14263.962	2121.000	141485.000
10.270	141405.000	15084.773	1828.000	141617.000
10.280	141582.000	15869.341	1483.000	141743.000
10.290	141765.000	16598.539	1068.000	141864.000
10.300	141953.000	17258.977	568.000	141983.000
10.310	142145.000	17841.284	-27.000	142103.000
10.320	142331.000	18068.899	-371.000	142220.000
10.330	142516.000	18198.229	-792.000	142342.000
10.340	142694.000	18078.760	-1078.000	142468.000
10.350	142866.000	17815.132	-1338.000	142600.000
10.360	143028.000	17330.593	-1434.000	142740.000
10.370	143180.000	16691.415	-1407.000	142886.000
10.380	143324.000	16003.990	-1344.000	143042.000
10.390	143455.000	15132.793	-1018.000	143201.000
10.400	143579.000	14312.955	-683.000	143370.000
10.410	143697.000	13559.069	-312.000	143545.000
10.420	143809.000	12851.348	159.000	143722.000
10.430	143920.000	12325.944	581.000	143904.000
10.440	144028.000	11868.161	1118.000	144081.000
10.450	144142.000	11727.712	1453.000	144262.000
10.460	144260.000	11749.399	1775.000	144436.000
10.470	144383.000	11914.579	2086.000	144603.000
10.480	144516.000	12330.205	2216.000	144768.000
10.490	144657.000	12861.144	2296.000	144922.000
10.500	144808.000	13532.801	2247.000	145071.000
10.510	144971.000	14362.960	1993.000	145214.000
10.520	145122.000	14584.072	2473.000	145334.000
10.530	145300.000	15548.851	1896.000	145464.000
10.540	145485.000	16434.195	1280.000	145589.000
10.550	145675.000	17203.937	639.000	145711.000
10.560	145866.000	17772.756	61.000	145832.000
10.570	146057.000	18170.929	-503.000	145954.000
10.580	146243.000	18299.650	-922.000	146078.000
10.590	146423.000	18209.755	-1247.000	146207.000
10.600	146595.000	17906.829	-1456.000	146342.000
10.610	146758.000	17424.780	-1555.000	146483.000
10.620	146910.000	16757.346	-1492.000	146633.000
10.630	147052.000	15990.142	-1326.000	146789.000
10.640	147184.000	15153.100	-1044.000	146954.000
10.650	147308.000	14327.170	-701.000	147124.000
10.660	147425.000	13539.019	-286.000	147300.000
10.670	147538.000	12867.313	138.000	147478.000
10.680	147648.000	12307.119	605.000	147657.000
10.690	147759.000	11944.983	1020.000	147837.000
10.700	147872.000	11751.488	1423.000	148014.000
10.710	147989.000	11736.042	1792.000	148186.000
10.720	148116.000	12025.229	1944.000	148356.000
10.730	148249.000	12407.661	2116.000	148516.000
10.740	148390.000	12915.362	2226.000	148669.000
10.750	148543.000	13630.754	2121.000	148815.000
10.760	148705.000	14401.528	1944.000	148954.000
10.770	148875.000	15181.069	1704.000	149085.000
10.780	149053.000	15966.749	1358.000	149211.000
10.790	149237.000	16696.724	942.000	149333.000
10.800	149424.000	17297.707	519.000	149452.000
10.810	149613.000	17778.395	54.000	149570.000
10.820	149802.000	18114.876	-431.000	149691.000
10.830	149984.000	18140.413	-717.000	149813.000
10.840	150163.000	18068.289	-1065.000	149941.000
10.850	150334.000	17777.803	-1290.000	150075.000
10.860	150495.000	17274.462	-1362.000	150215.000
10.870	150649.000	16712.123	-1434.000	150366.000
10.880	150789.000	15898.486	-1208.000	150521.000
10.890	150920.000	15058.940	-923.000	150684.000
10.900	151044.000	14261.258	-617.000	150853.000
10.910	151160.000	13462.881	-188.000	151027.000
10.920	151271.000	12754.017	284.000	151206.000
10.930	151380.000	12197.812	746.000	151387.000
10.940	151487.000	11748.468	1273.000	151564.000
10.950	151598.000	11553.928	1677.000	151741.000
10.960	151713.000	11537.749	2047.000	151914.000
10.970	151836.000	11766.425	2277.000	152083.000
10.980	151967.000	12166.497	2426.000	152243.000
10.990	152107.000	12716.548	2482.000	152396.000
11.000	152258.000	13431.584	2377.000	152540.000
11.010	152419.000	14232.109	2162.000	152678.000
11.020	152588.000	15032.476	1896.000	152808.000
11.030	152766.000	15862.733	1492.000	152932.000
11.040	152949.000	16593.913	1074.000	153051.000
11.050	153137.000	17255.739	573.000	153169.000
11.060	153327.000	17779.017	53.000	153285.000
11.070	153515.000	18085.312	-393.000	153403.000
11.080	153700.000	18209.719	-806.000	153524.000
11.090	153881.000	18176.803	-1204.000	153652.000
11.100	154051.000	17823.762	-1349.000	153783.000
11.110	154211.000	17276.633	-1364.000	153920.000
11.120	154363.000	16653.643	-1358.000	154066.000
11.130	154505.000	15917.550	-1233.000	154222.000
11.140	154637.000	15102.285	-979.000	154385.000
11.150	154762.000	14321.600	-694.000	154555.000
11.160	154877.000	13475.120	-204.000	154729.000
11.170	154988.000	12762.584	273.000	154907.000
11.180	155098.000	12233.809	700.000	155088.000
11.190	155208.000	11863.666	1124.000	155269.000
11.200	155320.000	11664.566	1534.000	155447.000
11.210	155437.000	11675.196	1870.000	155623.000
11.220	155560.000	11862.637	2153.000	155793.000
11.230	155693.000	12293.846	2262.000	155956.000
11.240	155834.000	12835.692	2329.000	156113.000
11.250	155986.000	13544.985	2231.000	156262.000
11.260	156147.000	14311.489	2060.000	156402.000
11.270	156318.000	15148.042	1747.000	156537.000
11.280	156494.000	15883.630	1465.000	156664.000
11.290	156678.000	16638.541	1017.000	156788.000
11.300	156865.000	17256.979	571.000	156908.000
11.310	157054.000	17749.885	91.000	157027.000
11.320	157240.000	18004.919	-289.000	157146.000
11.330	157423.000	18093.444	-657.000	157268.000
11.340	157602.000	18035.411	-1022.000	157394.000
11.350	157773.000	17754.787	-1260.000	157526.000
11.360	157934.000	17258.351	-1341.000	157665.000
11.370	158086.000	16640.846	-1342.000	157810.000
11.380	158228.000	15908.592	-1221.000	157964.000
11.390	158363.000	15186.014	-1087.000	158128.000
11.400	158486.000	14320.210	-692.000	158291.000
11.410	158604.000	13564.147	-318.000	158463.000
11.420	158716.000	12854.903	154.000	158638.000
11.430	158827.000	12328.432	578.000	158816.000
11.440	158938.000	11959.902	1000.000	158994.000
11.450	159049.000	11701.932	1486.000	159170.000
11.460	159166.000	11701.352	1837.000	159342.000
11.470	159289.000	11880.947	2129.000	159510.000
11.480	159421.000	12276.663	2285.000	159673.000
11.490	159562.000	12823.664	2344.000	159828.000
11.500	159713.000	13506.565	2280.000	159976.000
11.510	159875.000	14314.595	2056.000	160117.000
11.520	160044.000	15090.217	1821.000	160251.000
11.530	160223.000	15933.152	1401.000	160380.000
11.540	160407.000	16673.206	972.000	160504.000
11.550	160596.000	17341.244	463.000	160626.000
11.560	160786.000	17838.871	-24.000	160748.000
11.570	160973.000	18097.210	-408.000	160870.000
11.580	161158.000	18218.047	-817.000	160995.000
11.590	161337.000	18122.633	-1135.000	161125.000
11.600	161513.000	17965.843	-1532.000	161263.000
11.610	161671.000	17316.090	-1415.000	161403.000
11.620	161823.000	16681.263	-1394.000	161553.000
11.630	161965.000	15936.884	-1257.000	161709.000
11.640	162096.000	15085.819	-958.000	161873.000
11.650	162221.000	14310.073	-679.000	162043.000
11.660	162337.000	13497.051	-232.000	162216.000
11.670	162449.000	12807.936	215.000	162393.000
11.680	162560.000	12295.555	620.000	162573.000
11.690	162668.000	11846.889	1146.000	162749.000
11.700	162781.000	11682.822	1511.000	162926.000
11.710	162897.000	11657.975	1893.000	163097.000
11.720	163022.000	11910.583	2091.000	163264.000
11.730	163155.000	12327.408	2219.000	163423.000
11.740	163297.000	12889.186	2260.000	163575.000
11.750	163450.000	13612.430	2144.000	163720.000
11.760	163612.000	14388.701	1960.000	163856.000
11.770	163782.000	15172.091	1716.000	163986.000
11.780	163961.000	15990.463	1327.000	164111.000
11.790	164146.000	16743.324	882.000	164231.000
11.800	164334.000	17360.327	438.000	164350.000
11.810	164522.000	17792.229	36.000	164468.000
11.820	164711.000	18124.560	-443.000	164589.000
11.830	164893.000	18147.192	-726.000	164711.000
11.840	165071.000	18043.035	-1032.000	164839.000
11.850	165241.000	17730.124	-1228.000	164974.000
11.860	165402.000	17241.087	-1319.000	165115.000
11.870	165553.000	16598.761	-1288.000	165265.000
11.880	165694.000	15849.133	-1145.000	165421.000
11.890	165825.000	15024.393	-879.000	165585.000
11.900	165949.000	14237.075	-585.000	165756.000
11.910	166066.000	13475.952	-205.000	165932.000
11.920	166178.000	12793.167	234.000	166112.000
11.930	166288.000	12255.217	672.000	166292.000
11.940	166398.000	11878.652	1105.000	166473.000
11.950	166511.000	11705.056	1482.000	166651.000
11.960	166628.000	11703.539	1834.000	166826.000
11.970	166752.000	11912.478	2089.000	166994.000
11.980	166886.000	12358.734	2179.000	167157.000
11.990	167026.000	12851.114	2309.000	167310.000
12.000	167177.000	13525.780	2256.000	167457.000
12.010	167339.000	14328.046	0.000	167597.000
12.020	167506.000	15039.632	0.000	167729.000
12.030	167677.000	15657.742	0.000	167856.000
12.040	167850.000	16150.420	0.000	167977.000
12.050	168024.000	16525.294	0.000	168095.000
12.060	168198.000	16787.706	0.000	168211.000
12.070	168371.000	16941.394	0.000	168326.000
12.080	168541.000	16958.976	0.000	168443.000
12.090	168709.000	16911.283	0.000	168562.000
12.100	168872.000	16727.898	0.000	168685.000
12.110	169031.000	16479.529	0.000	168814.000
12.120	169183.000	16095.670	0.000	168948.000
12.130	169330.000	15676.969	0.000	169089.000
12.140	169471.000	15203.878	0.000	169237.000
12.150	169606.000	14692.715	0.000	169391.000
12.160	169736.000	14184.900	0.000	169551.000
12.170	169861.000	13679.430	0.000	169715.000
12.180	169982.000	13205.601	0.000	169883.000
12.190	170100.000	12783.921	0.000	170054.000
12.200	170216.000	12428.745	0.000	170225.000
12.210	170333.000	12210.121	0.000	170398.000
12.220	170448.000	11997.085	0.000	170566.000
12.230	170567.000	11967.959	0.000	170733.000
12.240	170688.000	12007.572	0.000	170894.000
12.250	170812.000	12125.300	0.000	171050.000
12.260	170940.000	12327.710	0.000	171199.000
12.270	171073.000	12619.397	0.000	171340.000
12.280	171211.000	12973.578	0.000	171474.000
12.290	171356.000	13431.505	0.000	171603.000
12.300	171500.000	13722.053	0.000	171720.000
12.310	171650.000	14105.437	0.000	171834.000
12.320	171805.000	14523.806	0.000	171944.000
12.330	171959.000	14786.664	0.000	172048.000
12.340	172115.000	15030.665	0.000	172150.000
12.350	172270.000	15171.465	0.000	172251.000
12.360	172425.000	15270.026	0.000	172353.000
12.370	172575.000	15189.018	0.000	172456.000
12.380	172723.000	15072.313	0.000	172562.000
12.390	172866.000	14840.619	0.000	172673.000
12.400	173004.000	14528.433	0.000	172789.000
12.410	173136.000	14129.903	0.000	172911.000
12.420	173262.000	13670.932	0.000	173038.000
12.430	173382.000	13169.653	0.000	173171.000
12.440	173497.000	12668.757	0.000	173309.000
12.450	173607.000	12168.130	0.000	173453.000
12.460	173713.000	11697.691	0.000	173601.000
12.470	173815.000	11248.384	0.000	173752.000
12.480	173916.000	10903.869	0.000	173904.000
12.490	174016.000	10632.708	0.000	174058.000
12.500	174116.000	10442.896	0.000	174208.000
12.510	174216.000	10310.027	0.000	174355.000
12.520	174319.000	10307.019	0.000	174498.000
12.530	174426.000	10424.913	0.000	174637.000
12.540	174536.000	10597.439	0.000	174769.000
12.550	174650.000	10838.207	0.000	174896.000
12.560	174769.000	11156.745	0.000	175014.000
12.570	174891.000	11469.722	0.000	175126.000
12.580	175018.000	11838.805	0.000	175232.000
12.590	175149.000	12217.164	0.000	175331.000
12.600	175285.000	12632.015	0.000	175427.000
12.610	175419.000	12862.410	0.000	175516.000
12.620	175558.000	13173.687	0.000	175605.000
12.630	175694.000	13301.581	0.000	175689.000
12.640	175830.000	13391.107	0.000	175775.000
12.650	175966.000	13453.775	0.000	175864.000
12.660	176096.000	13317.642	0.000	175953.000
12.670	176224.000	13162.350	0.000	176047.000
12.680	176348.000	12933.645	0.000	176146.000
12.690	176467.000	12623.551	0.000	176250.000
12.700	176580.000	12226.486	0.000	176359.000
12.710	176689.000	11828.540	0.000	176475.000
12.720	176793.000	11399.978	0.000	176596.000
12.730	176891.000	10919.985	0.000	176722.000
12.740	176985.000	10463.989	0.000	176853.000
12.750	177077.000	10084.792	0.000	176987.000
12.760	177167.000	9759.355	0.000	177128.000
12.770	177251.000	9351.548	0.000	177260.000
12.780	177338.000	9156.084	0.000	177398.000
12.790	177424.000	8989.259	0.000	177534.000
12.800	177512.000	8932.481	0.000	177666.000
12.810	177602.000	8952.737	0.000	177794.000
12.820	177695.000	9056.916	0.000	177916.000
12.830	177791.000	9219.841	0.000	178032.000
12.840	177892.000	9483.889	0.000	178141.000
12.850	177996.000	9758.722	0.000	178244.000
12.860	178103.000	10041.105	0.000	178339.000
12.870	178215.000	10388.774	0.000	178428.000
12.880	178329.000	10692.142	0.000	178511.000
12.890	178446.000	10994.499	0.000	178590.000
12.900	178566.000	11296.149	0.000	178665.000
12.910	178684.000	11447.305	0.000	178735.000
12.920	178803.000	11583.113	0.000	178806.000
12.930	178920.000	11618.179	0.000	178876.000
12.940	179036.000	11612.725	0.000	178948.000
12.950	179148.000	11488.908	0.000	179022.000
12.960	179256.000	11282.235	0.000	179099.000
12.970	179361.000	11047.565	0.000	179182.000
12.980	179460.000	10703.295	0.000	179268.000
12.990	179555.000	10342.307	0.000	179360.000
13.000	179645.000	9939.615	0.000	179457.000
13.010	179730.000	9507.730	0.000	179559.000
13.020	179811.000	9085.411	0.000	179666.000
13.030	179888.000	8669.788	0.000	179777.000
13.040	179963.000	8318.851	0.000	179893.000
13.050	180035.000	7983.196	0.000	180008.000
13.060	180105.000	7688.237	0.000	180123.000
13.070	180175.000	7481.766	0.000	180239.000
13.080	180247.000	7397.236	0.000	180353.000
13.090	180320.000	7368.065	0.000	180464.000
13.100	180395.000	7407.646	0.000	180571.000
13.110	180473.000	7525.352	0.000	180674.000
13.120	180555.000	7727.746	0.000	180771.000
13.130	180642.000	8019.422	0.000	180863.000
13.140	180730.000	8253.596	0.000	180946.000
13.150	180824.000	8597.517	0.000	181025.000
13.160	180921.000	8928.262	0.000	181098.000
13.170	181020.000	9219.783	0.000	181167.000
13.180	181122.000	9513.848	0.000	181232.000
13.190	181226.000	9779.694	0.000	181293.000
13.200	181330.000	9965.786	0.000	181353.000
13.210	181433.000	10066.050	0.000	181412.000
13.220	181536.000	10136.235	0.000	181472.000
13.230	181636.000	10095.364	0.000	181534.000
13.240	181734.000	10006.755	0.000	181598.000
13.250	181827.000	9794.729	0.000	181666.000
13.260	181917.000	9556.310	0.000	181739.000
13.270	182002.000	9239.417	0.000	181817.000
13.280	182082.000	8867.592	0.000	181900.000
13.290	182157.000	8457.314	0.000	181988.000
13.300	182228.000	8050.120	0.000	182080.000
13.310	182294.000	7615.084	0.000	182177.000
13.320	182357.000	7220.559	0.000	182276.000
13.330	182418.000	6884.391	0.000	182378.000
13.340	182476.000	6559.074	0.000	182480.000
13.350	182534.000	6331.352	0.000	182584.000
13.360	182591.000	6141.946	0.000	182683.000
13.370	182649.000	6039.362	0.000	182781.000
13.380	182709.000	6027.554	0.000	182875.000
13.390	182771.000	6079.288	0.000	182965.000
13.400	182835.000	6175.501	0.000	183049.000
13.410	182904.000	6392.851	0.000	183128.000
13.420	182974.000	6574.996	0.000	183200.000
13.430	183049.000	6852.497	0.000	183265.000
13.440	183128.000	7166.748	0.000	183326.000
13.450	183207.000	7386.723	0.000	183380.000
13.460	183289.000	7630.706	0.000	183430.000
13.470	183373.000	7861.495	0.000	183476.000
13.480	183457.000	8023.046	0.000	183519.000
13.490	183542.000	8166.132	0.000	183561.000
13.500	183624.000	8176.293	0.000	183602.000
13.510	183706.000	8183.405	0.000	183644.000
13.520	183785.000	8098.383	0.000	183689.000
13.530	183858.000	7858.868	0.000	183735.000
13.540	183929.000	7631.208	0.000	183784.000
13.550	183996.000	7351.846	0.000	183838.000
13.560	184058.000	7006.292	0.000	183896.000
13.570	184115.000	6614.404	0.000	183959.000
13.580	184168.000	6220.083	0.000	184025.000
13.590	184216.000	5794.058	0.000	184096.000
13.600	184260.000	5375.841	0.000	184170.000
13.610	184302.000	5023.088	0.000	184247.000
13.620	184341.000	4686.162	0.000	184324.000
13.630	184379.000	4420.313	0.000	184402.000
13.640	184416.000	4204.219	0.000	184479.000
13.650	184453.000	4052.954	0.000	184555.000
13.660	184491.000	3977.067	0.000	184627.000
13.670	184531.000	3983.947	0.000	184697.000
13.680	184573.000	4048.763	0.000	184761.000
13.690	184618.000	4184.134	0.000	184821.000
13.700	184667.000	4398.894	0.000	184875.000
13.710	184718.000	4609.226	0.000	184923.000
13.720	184773.000	4876.458	0.000	184967.000
13.730	184830.000	5123.521	0.000	185004.000
13.740	184890.000	5386.464	0.000	185036.000
13.750	184953.000	5660.525	0.000	185066.000
13.760	185016.000	5852.368	0.000	185091.000
13.770	185080.000	6016.657	0.000	185115.000
13.780	185144.000	6131.660	0.000	185137.000
13.790	185207.000	6182.162	0.000	185160.000
13.800	185269.000	6187.513	0.000	185185.000
13.810	185326.000	6041.259	0.000	185211.000
13.820	185382.000	5908.882	0.000	185241.000
13.830	185432.000	5636.217	0.000	185273.000
13.840	185479.000	5355.352	0.000	185311.000
13.850	185521.000	5008.746	0.000	185353.000
13.860	185558.000	4616.122	0.000	185400.000
13.870	185591.000	4221.286	0.000	185451.000
13.880	185621.000	3854.900	0.000	185506.000
13.890	185647.000	3478.430	0.000	185564.000
13.900	185671.000	3154.901	0.000	185623.000
13.910	185693.000	2868.431	0.000	185685.000
13.920	185713.000	2607.901	0.000	185746.000
13.930	185734.000	2455.531	0.000	185807.000
13.940	185756.000	2378.872	0.000	185866.000
13.950	185778.000	2325.210	0.000	185921.000
13.960	185803.000	2377.647	0.000	185972.000
13.970	185830.000	2474.353	0.000	186019.000
13.980	185860.000	2632.047	0.000	186061.000
13.990	185894.000	2862.433	0.000	186099.000
14.000	185931.000	3113.703	0.000	186129.000
14.010	185971.000	3379.592	0.000	186155.000
14.020	186015.000	3685.715	0.000	186176.000
14.030	186060.000	3930.000	0.000	186192.000
14.040	186108.000	4191.000	0.000	186205.000
14.050	186157.000	4403.700	0.000	186215.000
14.060	186205.000	4522.590	0.000	186224.000
14.070	186254.000	4635.813	0.000	186232.000
14.080	186301.000	4655.069	0.000	186241.000
14.090	186346.000	4608.548	0.000	186251.000
14.100	186388.000	4485.984	0.000	186264.000
14.110	186426.000	4280.189	0.000	186280.000
14.120	186461.000	4046.132	0.000	186300.000
14.130	186492.000	3762.292	0.000	186325.000
14.140	186518.000	3413.605	0.000	186353.000
14.150	186540.000	3049.523	0.000	186386.000
14.160	186558.000	2674.666	0.000	186423.000
14.170	186572.000	2292.266	0.000	186464.000
14.180	186583.000	1934.586	0.000	186508.000
14.190	186592.000	1624.211	0.000	186553.000
14.200	186599.000	1346.947	0.000	186600.000
14.210	186605.000	1122.863	0.000	186647.000
14.220	186611.000	966.004	0.000	186693.000
14.230	186618.000	886.203	0.000	186735.000
14.240	186627.000	890.342	0.000	186776.000
14.250	186638.000	953.239	0.000	186811.000
14.260	186651.000	1057.268	0.000	186841.000
14.270	186668.000	1250.087	0.000	186867.000
14.280	186688.000	1475.061	0.000	186886.000
14.290	186712.000	1752.543	0.000	186901.000
14.300	186739.000	2036.780	0.000	186910.000
14.310	186769.000	2325.746	0.000	186914.000
14.320	186801.000	2588.022	0.000	186915.000
14.330	186834.000	2801.616	0.000	186914.000
14.340	186869.000	3011.131	0.000	186909.000
14.350	186903.000	3127.792	0.000	186903.000
14.360	186936.000	3179.454	0.000	186897.000
14.370	186968.000	3185.618	0.000	186893.000
14.380	186998.000	3129.933	0.000	186890.000
14.390	187023.000	2940.953	0.000	186890.000
14.400	187046.000	2748.667	0.000	186893.000
14.410	187065.000	2494.067	0.000	186902.000
14.420	187080.000	2195.847	0.000	186915.000
14.430	187090.000	1837.093	0.000	186933.000
14.440	187096.000	1465.965	0.000	186955.000
14.450	187099.000	1116.175	0.000	186980.000
14.460	187099.000	781.323	0.000	187009.000
14.470	187097.000	486.926	0.000	187041.000
14.480	187092.000	190.848	0.000	187073.000
14.490	187086.000	-46.406	0.000	187107.000
14.500	187080.000	-212.484	0.000	187139.000
14.510	187075.000	-298.739	0.000	187170.000
14.520	187072.000	-299.117	0.000	187198.000
14.530	187071.000	-239.382	0.000	187222.000
14.540	187071.000	-167.568	0.000	187243.000
14.550	187077.000	62.703	0.000	187258.000
14.560	187085.000	283.892	0.000	187269.000
14.570	187097.000	558.724	0.000	187274.000
14.580	187112.000	841.107	0.000	187275.000
14.590	187129.000	1098.775	0.000	187273.000
14.600	187149.000	1369.142	0.000	187265.000
14.610	187170.000	1588.400	0.000	187255.000
14.620	187192.000	1771.880	0.000	187242.000
14.630	187215.000	1930.316	0.000	187228.000
14.640	187236.000	1981.221	0.000	187213.000
14.650	187257.000	2016.855	0.000	187200.000
14.660	187275.000	1951.798	0.000	187188.000
14.670	187291.000	1846.259	0.000	187179.000
14.680	187304.000	1682.381	0.000	187173.000
14.690	187313.000	1447.667	0.000	187171.000
14.700	187318.000	1163.367	0.000	187171.000
14.710	187320.000	874.357	0.000	187177.000
14.720	187320.000	612.050	0.000	187187.000
14.730	187314.000	248.435	0.000	187201.000
14.740	187306.000	-66.096	0.000	187217.000
14.750	187296.000	-346.267	0.000	187236.000
14.760	187284.000	-602.387	0.000	187257.000
14.770	187271.000	-811.671	0.000	187278.000
14.780	187258.000	-958.170	0.000	187299.000
14.790	187246.000	-1030.719	0.000	187319.000
14.800	187236.000	-1021.503	0.000	187337.000
14.810	187228.000	-955.052	0.000	187351.000
14.820	187223.000	-818.537	0.000	187363.000
14.830	187220.000	-662.976	0.000	187370.000
14.840	187220.000	-464.083	0.000	187373.000
14.850	187223.000	-234.858	0.000	187373.000
14.860	187229.000	15.599	0.000	187369.000
14.870	187239.000	310.920	0.000	187360.000
14.880	187250.000	547.644	0.000	187348.000
14.890	187264.000	803.351	0.000	187333.000
14.900	187277.000	952.345	0.000	187316.000
14.910	187292.000	1116.642	0.000	187299.000
14.920	187305.000	1171.649	0.000	187282.000
14.930	187318.000	1210.154	0.000	187265.000
14.940	187328.000	1147.108	0.000	187251.000
14.950	187336.000	1042.976	0.000	187238.000
14.960	187342.000	910.083	0.000	187228.000
14.970	187344.000	697.058	0.000	187222.000
14.980	187344.000	487.941	0.000	187219.000
14.990	187339.000	191.558	0.000	187219.000
15.000	187331.000	-105.909	0.000	187222.000
