0.000	0.000	0.000	0.000	0.000
0.010	0.000	0.000	0.000	4.000
0.020	0.000	0.000	0.000	5.000
0.030	0.000	0.000	0.000	5.000
0.040	-1.000	-30.000	39.000	5.000
0.050	-2.000	-51.000	66.000	5.000
0.060	-2.000	-35.700	46.000	5.000
0.070	-3.000	-54.990	71.000	4.000
0.080	-3.000	-38.493	50.000	3.000
0.090	-4.000	-56.945	73.000	1.000
0.100	-4.000	-39.862	51.000	-1.000
0.110	-4.000	-27.903	36.000	-3.000
0.120	-4.000	-19.532	25.000	-5.000
0.130	-4.000	-13.673	18.000	-8.000
0.140	-4.000	-9.571	12.000	-10.000
0.150	-5.000	-36.700	47.000	-12.000
0.160	-5.000	-25.690	33.000	-14.000
0.170	-6.000	-47.983	62.000	-16.000
0.180	-7.000	-63.588	82.000	-17.000
0.190	-8.000	-74.512	96.000	-18.000
0.200	-9.000	-82.158	106.000	-19.000
0.210	-11.000	-117.511	151.000	-20.000
0.220	-12.000	-112.257	144.000	-20.000
0.230	-13.000	-108.580	140.000	-20.000
0.240	-13.000	-76.006	98.000	-20.000
0.250	-14.000	-83.204	107.000	-20.000
0.260	-14.000	-58.243	75.000	-20.000
0.270	-14.000	-40.770	52.000	-20.000
0.280	-14.000	-28.539	37.000	-20.000
0.290	-14.000	-19.977	26.000	-20.000
0.300	-14.000	-13.984	18.000	-19.000
0.310	-14.000	-9.789	13.000	-18.000
0.320	-14.000	-6.852	9.000	-17.000
0.330	-14.000	-4.797	6.000	-16.000
0.340	-14.000	-3.358	4.000	-15.000
0.350	-14.000	-2.350	3.000	-14.000
0.360	-14.000	-1.645	2.000	-13.000
0.370	-13.000	28.848	-37.000	-13.000
0.380	-13.000	20.194	-26.000	-12.000
0.390	-12.000	44.136	-57.000	-11.000
0.400	-12.000	30.895	-40.000	-11.000
0.410	-12.000	21.626	-28.000	-11.000
0.420	-12.000	15.139	-19.000	-10.000
0.430	-12.000	10.597	-14.000	-10.000
0.440	-12.000	7.418	-10.000	-10.000
0.450	-12.000	5.193	-7.000	-10.000
0.460	-12.000	3.635	-5.000	-10.000
0.470	-12.000	2.544	-3.000	-10.000
0.480	-12.000	1.781	-2.000	-10.000
0.490	-12.000	1.247	-2.000	-10.000
0.500	-12.000	0.873	-1.000	-10.000
0.510	-12.000	0.611	392.000	-11.000
0.520	-12.000	0.428	786.000	-11.000
0.530	-11.000	30.299	1141.000	-12.000
0.540	-8.000	111.210	1430.000	-13.000
0.550	-2.000	257.847	1634.000	-13.000
0.560	7.000	450.493	1780.000	-13.000
0.570	18.000	645.345	1922.000	-13.000
0.580	32.000	871.741	2024.000	-13.000
0.590	49.000	1120.219	2097.000	-11.000
0.600	69.000	1384.153	2151.000	-7.000
0.610	92.000	1658.907	2191.000	-1.000
0.620	118.000	1941.235	2221.000	8.000
0.630	144.000	2138.865	2359.000	19.000
0.640	174.000	2397.205	2420.000	34.000
0.650	206.000	2638.044	2504.000	53.000
0.660	240.000	2866.631	2603.000	75.000
0.670	276.000	3086.641	2713.000	102.000
0.680	313.000	3270.649	2869.000	133.000
0.690	351.000	3429.454	3058.000	169.000
0.700	390.000	3570.618	3270.000	210.000
0.710	432.000	3759.433	3420.000	255.000
0.720	474.000	3891.603	3643.000	304.000
0.730	520.000	4104.122	3763.000	359.000
0.740	571.000	4402.885	3771.000	418.000
0.750	626.000	4732.020	3741.000	479.000
0.760	687.000	5142.414	3606.000	547.000
0.770	753.000	5579.690	3437.000	617.000
0.780	822.000	5975.783	3320.000	691.000
0.790	894.000	6343.048	3241.000	770.000
0.800	971.000	6750.134	3110.000	851.000
0.810	1051.000	7125.093	3021.000	935.000
0.820	1135.000	7507.565	2922.000	1022.000
0.830	1223.000	7895.296	2816.000	1113.000
0.840	1314.000	8256.707	2745.000	1207.000
0.850	1408.000	8599.695	2696.000	1303.000
0.860	1505.000	8929.786	2665.000	1403.000
0.870	1606.000	9280.851	2606.000	1505.000
0.880	1709.000	9586.595	2606.000	1609.000
0.890	1815.000	9890.617	2608.000	1717.000
0.900	1924.000	10193.432	2612.000	1827.000
0.910	2038.000	10555.402	2539.000	1941.000
0.920	2152.000	10808.782	2606.000	2054.000
0.930	2269.000	11076.147	2655.000	2171.000
0.940	2390.000	11383.303	2653.000	2292.000
0.950	2515.000	11718.312	2616.000	2417.000
0.960	2639.000	11922.818	2746.000	2540.000
0.970	2768.000	12215.973	2762.000	2669.000
0.980	2901.000	12541.181	2736.000	2800.000
0.990	3036.000	12828.827	2759.000	2933.000
1.000	3174.000	13120.179	2778.000	3070.000
1.010	3313.000	13354.125	2477.000	3207.000
1.020	3456.000	13637.888	2112.000	3348.000
1.030	3600.000	13866.521	1817.000	3493.000
1.040	3746.000	14086.565	1534.000	3643.000
1.050	3889.000	14150.595	1452.000	3791.000
1.060	4033.000	14225.417	1356.000	3944.000
1.070	4178.000	14307.792	1250.000	4100.000
1.080	4321.000	14305.454	1253.000	4257.000
1.090	4465.000	14333.818	1216.000	4416.000
1.100	4609.000	14353.673	1190.000	4576.000
1.110	4757.000	14487.571	1018.000	4738.000
1.120	4901.000	14461.300	1052.000	4897.000
1.130	5049.000	14562.910	921.000	5058.000
1.140	5198.000	14664.037	791.000	5219.000
1.150	5349.000	14794.826	623.000	5380.000
1.160	5501.000	14916.378	466.000	5539.000
1.170	5654.000	15031.465	318.000	5697.000
1.180	5808.000	15142.025	176.000	5853.000
1.190	5963.000	15249.418	38.000	6008.000
1.200	6118.000	15324.592	-59.000	6162.000
1.210	6274.000	15407.215	-165.000	6314.000
1.220	6429.000	15435.050	-201.000	6465.000
1.230	6584.000	15454.535	-226.000	6614.000
1.240	6738.000	15438.175	-205.000	6763.000
1.250	6892.000	15426.722	-190.000	6912.000
1.260	7045.000	15388.706	-141.000	7058.000
1.270	7197.000	15332.094	-69.000	7206.000
1.280	7349.000	15292.466	-18.000	7353.000
1.290	7499.000	15204.726	95.000	7499.000
1.300	7648.000	15113.308	213.000	7644.000
1.310	7797.000	15049.316	295.000	7789.000
1.320	7945.000	14974.521	392.000	7935.000
1.330	8092.000	14892.165	498.000	8081.000
1.340	8240.000	14864.515	533.000	8227.000
1.350	8388.000	14845.161	558.000	8373.000
1.360	8535.000	14801.612	614.000	8519.000
1.370	8682.000	14771.129	653.000	8666.000
1.380	8828.000	14719.790	719.000	8812.000
1.390	8975.000	14713.853	727.000	8959.000
1.400	9122.000	14709.697	732.000	9106.000
1.410	9268.000	14676.788	775.000	9253.000
1.420	9416.000	14713.752	727.000	9400.000
1.430	9563.000	14709.626	732.000	9548.000
1.440	9711.000	14736.738	698.000	9696.000
1.450	9859.000	14755.717	673.000	9844.000
1.460	10008.000	14799.002	617.000	9993.000
1.470	10157.000	14829.301	578.000	10141.000
1.480	10306.000	14850.511	551.000	10290.000
1.490	10456.000	14895.358	493.000	10439.000
1.500	10606.000	14926.750	453.000	10588.000
1.510	10755.000	14918.725	463.000	10738.000
1.520	10905.000	14943.108	432.000	10887.000
1.530	11054.000	14930.175	449.000	11038.000
1.540	11203.000	14921.123	460.000	11188.000
1.550	11352.000	14914.786	468.000	11338.000
1.560	11501.000	14910.350	474.000	11489.000
1.570	11651.000	14937.245	440.000	11640.000
1.580	11800.000	14926.072	454.000	11791.000
1.590	11950.000	14948.250	425.000	11942.000
1.600	12099.000	14933.775	444.000	12094.000
1.610	12250.000	14983.643	380.000	12245.000
1.620	12400.000	14988.550	374.000	12395.000
1.630	12550.000	14991.985	369.000	12546.000
1.640	12702.000	15054.389	289.000	12698.000
1.650	12852.000	15038.073	310.000	12847.000
1.660	13003.000	15056.651	286.000	12998.000
1.670	13154.000	15069.656	269.000	13149.000
1.680	13304.000	15048.759	296.000	13300.000
1.690	13454.000	15034.131	315.000	13451.000
1.700	13604.000	15023.892	328.000	13602.000
1.710	13754.000	15016.724	337.000	13752.000
1.720	13904.000	15011.707	344.000	13905.000
1.730	14051.000	14918.195	464.000	14054.000
1.740	14200.000	14912.736	471.000	14204.000
1.750	14348.000	14878.916	515.000	14354.000
1.760	14496.000	14855.241	545.000	14504.000
1.770	14645.000	14868.669	528.000	14654.000
1.780	14793.000	14848.068	554.000	14803.000
1.790	14943.000	14893.648	496.000	14952.000
1.800	15092.000	14895.553	493.000	15101.000
1.810	15242.000	14926.887	453.000	15249.000
1.820	15392.000	14948.821	425.000	15398.000
1.830	15543.000	14994.175	366.000	15546.000
1.840	15693.000	14995.922	364.000	15694.000
1.850	15844.000	15027.146	324.000	15842.000
1.860	15995.000	15049.002	296.000	15990.000
1.870	16146.000	15064.301	276.000	16139.000
1.880	16295.000	15015.011	339.000	16285.000
1.890	16445.000	15010.508	345.000	16434.000
1.900	16595.000	15007.355	349.000	16582.000
1.910	16744.000	14975.149	391.000	16731.000
1.920	16894.000	14982.604	381.000	16881.000
1.930	17042.000	14927.823	452.000	17030.000
1.940	17191.000	14919.476	462.000	17180.000
1.950	17340.000	14913.633	470.000	17330.000
1.960	17488.000	14879.543	514.000	17480.000
1.970	17636.000	14855.680	545.000	17630.000
1.980	17785.000	14868.976	527.000	17780.000
1.990	17934.000	14878.283	515.000	17930.000
2.000	18083.000	14884.798	507.000	18081.000
2.010	18233.000	14919.359	873.000	18232.000
2.020	18382.000	14913.551	1285.000	18384.000
2.030	18533.000	14969.486	1604.000	18535.000
2.040	18686.000	15068.640	1849.000	18685.000
2.050	18842.000	15228.048	1991.000	18836.000
2.060	19001.000	15429.634	2049.000	18986.000
2.070	19163.000	15660.744	2033.000	19136.000
2.080	19327.000	15882.520	1990.000	19287.000
2.090	19493.000	16097.764	1911.000	19439.000
2.100	19661.000	16308.435	1791.000	19593.000
2.110	19831.000	16515.905	1627.000	19749.000
2.120	20002.000	16691.133	1453.000	19907.000
2.130	20172.000	16783.793	1334.000	20068.000
2.140	20342.000	16848.655	1199.000	20231.000
2.150	20513.000	16924.059	999.000	20399.000
2.160	20679.000	16826.841	973.000	20567.000
2.170	20848.000	16848.789	746.000	20741.000
2.180	21011.000	16684.152	716.000	20913.000
2.190	21175.000	16598.906	544.000	21091.000
2.200	21338.000	16509.235	343.000	21271.000
2.210	21501.000	16446.464	76.000	21456.000
2.220	21661.000	16312.525	-124.000	21640.000
2.230	21817.000	16098.767	-240.000	21821.000
2.240	21975.000	16009.137	-529.000	22006.000
2.250	22130.000	15856.396	-743.000	22187.000
2.260	22284.000	15719.477	-978.000	22367.000
2.270	22437.000	15593.634	-1220.000	22545.000
2.280	22592.000	15565.544	-1575.000	22723.000
2.290	22741.000	15365.881	-1691.000	22894.000
2.300	22890.000	15226.116	-1858.000	23061.000
2.310	23038.000	15098.282	-2011.000	23224.000
2.320	23185.000	14978.797	-2139.000	23381.000
2.330	23331.000	14865.158	-2234.000	23533.000
2.340	23475.000	14725.611	-2253.000	23679.000
2.350	23617.000	14567.927	-2202.000	23820.000
2.360	23758.000	14427.549	-2123.000	23955.000
2.370	23896.000	14239.284	-1933.000	24084.000
2.380	24033.000	14077.499	-1724.000	24209.000
2.390	24169.000	13934.249	-1488.000	24328.000
2.400	24303.000	13773.975	-1180.000	24444.000
2.410	24435.000	13601.782	-807.000	24555.000
2.420	24566.000	13451.248	-415.000	24662.000
2.430	24697.000	13345.873	-37.000	24768.000
2.440	24828.000	13272.111	339.000	24870.000
2.450	24959.000	13220.478	723.000	24973.000
2.460	25089.000	13154.335	1155.000	25074.000
2.470	25220.000	13138.034	1548.000	25175.000
2.480	25353.000	13186.624	1877.000	25279.000
2.490	25486.000	13220.637	2238.000	25384.000
2.500	25620.000	13274.446	2579.000	25493.000
2.510	25757.000	13402.112	2826.000	25605.000
2.520	25896.000	13551.478	3038.000	25721.000
2.530	26036.000	13686.035	3256.000	25842.000
2.540	26179.000	13870.224	3391.000	25968.000
2.550	26323.000	14029.157	3534.000	26101.000
2.560	26470.000	14230.410	3592.000	26239.000
2.570	26622.000	14521.287	3500.000	26385.000
2.580	26772.000	14664.901	3557.000	26534.000
2.590	26928.000	14945.431	3394.000	26693.000
2.600	27082.000	15081.801	3370.000	26855.000
2.610	27240.000	15297.261	3195.000	27025.000
2.620	27400.000	15508.083	2975.000	27200.000
2.630	27561.000	15685.658	2747.000	27382.000
2.640	27725.000	15899.961	2419.000	27568.000
2.650	27891.000	16109.972	2047.000	27759.000
2.660	28058.000	16286.981	1668.000	27953.000
2.670	28225.000	16410.886	1310.000	28149.000
2.680	28396.000	16617.621	802.000	28350.000
2.690	28565.000	16702.334	411.000	28550.000
2.700	28736.000	16821.634	-59.000	28751.000
2.710	28906.000	16875.144	-475.000	28951.000
2.720	29078.000	16972.601	-973.000	29153.000
2.730	29247.000	16950.820	-1337.000	29349.000
2.740	29412.000	16815.574	-1567.000	29541.000
2.750	29579.000	16780.902	-1933.000	29732.000
2.760	29744.000	16696.631	-2235.000	29918.000
2.770	29905.000	16517.642	-2409.000	30099.000
2.780	30064.000	16332.349	-2562.000	30274.000
2.790	30221.000	16142.645	-2690.000	30444.000
2.800	30375.000	15919.851	-2751.000	30608.000
2.810	30525.000	15643.896	-2713.000	30765.000
2.820	30673.000	15390.727	-2669.000	30916.000
2.830	30819.000	15153.509	-2605.000	31060.000
2.840	30962.000	14897.456	-2474.000	31197.000
2.850	31103.000	14658.219	-2318.000	31328.000
2.860	31244.000	14490.754	-2205.000	31453.000
2.870	31381.000	14253.528	-1951.000	31573.000
2.880	31517.000	14057.469	-1699.000	31687.000
2.890	31650.000	13830.228	-1355.000	31795.000
2.900	31784.000	13701.160	-1086.000	31901.000
2.910	31915.000	13520.812	-703.000	32003.000
2.920	32046.000	13394.568	-342.000	32102.000
2.930	32176.000	13276.198	52.000	32201.000
2.940	32304.000	13133.338	518.000	32298.000
2.950	32433.000	13063.337	925.000	32396.000
2.960	32562.000	13014.336	1335.000	32495.000
2.970	32690.000	12950.035	1790.000	32596.000
2.980	32821.000	12995.025	2124.000	32700.000
2.990	32952.000	13026.517	2488.000	32808.000
3.000	33086.000	13138.562	2754.000	32919.000
3.010	33220.000	13216.993	3064.000	33035.000
3.020	33357.000	13361.895	3282.000	33156.000
3.030	33495.000	13493.327	3504.000	33282.000
3.040	33638.000	13735.329	3565.000	33414.000
3.050	33782.000	13934.730	3656.000	33552.000
3.060	33931.000	14224.311	3600.000	33698.000
3.070	34078.000	14367.018	3698.000	33846.000
3.080	34230.000	14616.912	3618.000	34002.000
3.090	34385.000	14881.839	3476.000	34167.000
3.100	34540.000	15067.287	3389.000	34334.000
3.110	34698.000	15287.101	3208.000	34509.000
3.120	34859.000	15530.971	2946.000	34688.000
3.130	35022.000	15761.679	2649.000	34872.000
3.140	35186.000	15953.176	2351.000	35059.000
3.150	35354.000	16207.223	1922.000	35250.000
3.160	35522.000	16385.056	1541.000	35444.000
3.170	35690.000	16509.539	1183.000	35639.000
3.180	35859.000	16626.677	790.000	35836.000
3.190	36029.000	16738.674	365.000	36034.000
3.200	36199.000	16817.072	-53.000	36232.000
3.210	36368.000	16841.950	-433.000	36428.000
3.220	36537.000	16859.365	-828.000	36622.000
3.230	36705.000	16841.556	-1196.000	36813.000
3.240	36872.000	16799.089	-1546.000	37001.000
3.250	37038.000	16739.362	-1879.000	37186.000
3.260	37202.000	16637.554	-2159.000	37368.000
3.270	37365.000	16536.288	-2433.000	37545.000
3.280	37522.000	16285.401	-2501.000	37715.000
3.290	37681.000	16169.781	-2725.000	37883.000
3.300	37833.000	15878.847	-2698.000	38041.000
3.310	37985.000	15675.193	-2753.000	38196.000
3.320	38133.000	15412.635	-2697.000	38344.000
3.330	38279.000	15168.844	-2625.000	38486.000
3.340	38422.000	14908.191	-2488.000	38623.000
3.350	38563.000	14665.734	-2327.000	38755.000
3.360	38702.000	14436.014	-2134.000	38881.000
3.370	38839.000	14215.210	-1902.000	39002.000
3.380	38972.000	13940.647	-1548.000	39117.000
3.390	39105.000	13748.453	-1249.000	39230.000
3.400	39235.000	13523.917	-858.000	39338.000
3.410	39365.000	13366.742	-504.000	39444.000
3.420	39494.000	13226.719	-126.000	39547.000
3.430	39623.000	13128.703	242.000	39648.000
3.440	39750.000	13000.092	689.000	39749.000
3.450	39879.000	12970.065	1045.000	39849.000
3.460	40008.000	12949.045	1419.000	39951.000
3.470	40137.000	12934.332	1811.000	40054.000
3.480	40268.000	12984.032	2138.000	40159.000
3.490	40400.000	13048.823	2459.000	40268.000
3.500	40533.000	13124.176	2773.000	40379.000
3.510	40667.000	13206.923	3077.000	40495.000
3.520	40804.000	13354.846	3291.000	40615.000
3.530	40942.000	13488.392	3510.000	40740.000
3.540	41084.000	13701.875	3608.000	40871.000
3.550	41227.000	13881.312	3724.000	41007.000
3.560	41373.000	14096.919	3764.000	41148.000
3.570	41521.000	14307.843	3774.000	41296.000
3.580	41673.000	14575.490	3672.000	41449.000
3.590	41827.000	14822.843	3552.000	41609.000
3.600	41984.000	15085.990	3364.000	41774.000
3.610	42145.000	15390.193	3075.000	41946.000
3.620	42308.000	15663.135	2776.000	42122.000
3.630	42473.000	15914.195	2453.000	42303.000
3.640	42639.000	16119.936	2136.000	42489.000
3.650	42808.000	16353.955	1733.000	42679.000
3.660	42977.000	16517.769	1371.000	42871.000
3.670	43146.000	16632.438	1025.000	43066.000
3.680	43317.000	16772.707	602.000	43263.000
3.690	43486.000	16810.895	272.000	43460.000
3.700	43657.000	16897.626	-157.000	43660.000
3.710	43826.000	16898.338	-505.000	43858.000
3.720	43995.000	16898.837	-878.000	44056.000
3.730	44163.000	16869.186	-1232.000	44252.000
3.740	44329.000	16788.430	-1532.000	44444.000
3.750	44495.000	16731.901	-1870.000	44633.000
3.760	44658.000	16602.331	-2114.000	44818.000
3.770	44819.000	16451.632	-2324.000	44999.000
3.780	44979.000	16316.142	-2541.000	45175.000
3.790	45136.000	16131.299	-2675.000	45345.000
3.800	45290.000	15911.910	-2741.000	45509.000
3.810	45443.000	15728.337	-2821.000	45668.000
3.820	45591.000	15449.836	-2745.000	45820.000
3.830	45738.000	15224.885	-2697.000	45966.000
3.840	45881.000	14947.419	-2538.000	46105.000
3.850	46022.000	14693.194	-2363.000	46238.000
3.860	46161.000	14455.236	-2159.000	46365.000
3.870	46297.000	14198.665	-1880.000	46486.000
3.880	46431.000	13959.065	-1572.000	46603.000
3.890	46563.000	13731.346	-1227.000	46714.000
3.900	46694.000	13541.942	-881.000	46821.000
3.910	46824.000	13379.359	-521.000	46925.000
3.920	46954.000	13265.552	-176.000	47027.000
3.930	47083.000	13155.886	207.000	47126.000
3.940	47211.000	13049.120	626.000	47224.000
3.950	47339.000	12974.384	1039.000	47322.000
3.960	47468.000	12952.069	1415.000	47421.000
3.970	47597.000	12936.448	1808.000	47520.000
3.980	47729.000	13015.514	2097.000	47623.000
3.990	47861.000	13070.860	2430.000	47728.000
4.000	47995.000	13169.602	2714.000	47837.000
4.010	48129.000	13238.721	3036.000	47950.000
4.020	48266.000	13377.105	3262.000	48068.000
4.030	48406.000	13563.973	3413.000	48191.000
4.040	48546.000	13694.781	3617.000	48320.000
4.050	48690.000	13906.347	3692.000	48455.000
4.060	48836.000	14114.443	3741.000	48597.000
4.070	48984.000	14320.110	3758.000	48746.000
4.080	49136.000	14584.077	3661.000	48900.000
4.090	49289.000	14798.854	3582.000	49061.000
4.100	49447.000	15099.198	3347.000	49230.000
4.110	49604.000	15279.438	3218.000	49401.000
4.120	49765.000	15525.607	2953.000	49578.000
4.130	49929.000	15787.925	2615.000	49762.000
4.140	50095.000	16031.547	2250.000	49949.000
4.150	50262.000	16232.083	1890.000	50142.000
4.160	50430.000	16402.458	1519.000	50338.000
4.170	50599.000	16551.721	1129.000	50535.000
4.180	50769.000	16686.205	714.000	50735.000
4.190	50940.000	16810.343	272.000	50936.000
4.200	51109.000	16837.240	-79.000	51134.000
4.210	51278.000	16856.068	-451.000	51334.000
4.220	51447.000	16869.248	-840.000	51531.000
4.230	51614.000	16818.473	-1166.000	51726.000
4.240	51781.000	16782.931	-1525.000	51919.000
4.250	51944.000	16638.052	-1749.000	52106.000
4.260	52107.000	16536.636	-2029.000	52290.000
4.270	52269.000	16435.645	-2303.000	52470.000
4.280	52427.000	16244.952	-2449.000	52641.000
4.290	52585.000	16111.466	-2650.000	52808.000
4.300	52739.000	15898.026	-2723.000	52968.000
4.310	52892.000	15718.618	-2809.000	53122.000
4.320	53041.000	15473.033	-2775.000	53270.000
4.330	53189.000	15271.123	-2757.000	53412.000
4.340	53334.000	15039.786	-2657.000	53549.000
4.350	53476.000	14787.850	-2485.000	53678.000
4.360	53615.000	14521.495	-2244.000	53802.000
4.370	53752.000	14275.047	-1979.000	53921.000
4.380	53886.000	14012.533	-1641.000	54035.000
4.390	54020.000	13828.773	-1353.000	54146.000
4.400	54149.000	13550.141	-892.000	54252.000
4.410	54279.000	13385.099	-528.000	54356.000
4.420	54407.000	13209.569	-104.000	54458.000
4.430	54535.000	13086.698	296.000	54558.000
4.440	54662.000	12970.689	727.000	54659.000
4.450	54788.000	12859.482	1187.000	54758.000
4.460	54916.000	12841.638	1558.000	54860.000
4.470	55045.000	12859.146	1907.000	54963.000
4.480	55175.000	12901.402	2244.000	55068.000
4.490	55308.000	13020.982	2495.000	55176.000
4.500	55441.000	13104.687	2798.000	55287.000
4.510	55577.000	13253.281	3017.000	55403.000
4.520	55714.000	13387.297	3249.000	55523.000
4.530	55854.000	13571.108	3404.000	55649.000
4.540	55995.000	13729.775	3572.000	55779.000
4.550	56142.000	14020.843	3545.000	55919.000
4.560	56286.000	14134.590	3715.000	56060.000
4.570	56435.000	14364.213	3702.000	56209.000
4.580	56586.000	14584.949	3659.000	56364.000
4.590	56740.000	14829.464	3543.000	56526.000
4.600	56895.000	15030.625	3436.000	56693.000
4.610	57053.000	15261.438	3241.000	56865.000
4.620	57214.000	15513.006	2969.000	57043.000
4.630	57376.000	15719.104	2704.000	57224.000
4.640	57540.000	15923.373	2389.000	57411.000
4.650	57705.000	16096.361	2064.000	57599.000
4.660	57873.000	16307.453	1641.000	57791.000
4.670	58042.000	16485.217	1214.000	57987.000
4.680	58212.000	16639.652	774.000	58182.000
4.690	58383.000	16777.756	314.000	58380.000
4.700	58553.000	16844.429	-89.000	58575.000
4.710	58724.000	16921.101	-535.000	58771.000
4.720	58894.000	16944.770	-937.000	58965.000
4.730	59064.000	16961.339	-1350.000	59157.000
4.740	59233.000	16942.938	-1731.000	59348.000
4.750	59399.000	16840.056	-2009.000	59533.000
4.760	59563.000	16708.039	-2250.000	59716.000
4.770	59726.000	16585.628	-2496.000	59896.000
4.780	59886.000	16409.939	-2662.000	60070.000
4.790	60044.000	16226.958	-2799.000	60239.000
4.800	60198.000	15978.870	-2827.000	60402.000
4.810	60349.000	15715.209	-2805.000	60560.000
4.820	60498.000	15470.646	-2772.000	60712.000
4.830	60644.000	15209.452	-2677.000	60859.000
4.840	60787.000	14936.617	-2524.000	60999.000
4.850	60929.000	14715.632	-2392.000	61135.000
4.860	61065.000	14380.942	-2063.000	61262.000
4.870	61203.000	14206.660	-1891.000	61386.000
4.880	61338.000	13994.662	-1618.000	61505.000
4.890	61471.000	13786.263	-1298.000	61620.000
4.900	61604.000	13640.384	-1008.000	61730.000
4.910	61735.000	13478.269	-648.000	61837.000
4.920	61865.000	13334.788	-265.000	61941.000
4.930	61993.000	13174.352	183.000	62043.000
4.940	62122.000	13092.046	571.000	62144.000
4.950	62250.000	13004.432	1001.000	62244.000
4.960	62378.000	12943.103	1427.000	62344.000
4.970	62507.000	12930.172	1816.000	62446.000
4.980	62637.000	12951.120	2180.000	62549.000
4.990	62769.000	13025.784	2488.000	62654.000
5.000	62902.000	13108.049	2793.000	62763.000
5.010	63037.000	13225.634	3053.000	62875.000
5.020	63174.000	13367.944	3274.000	62992.000
5.030	63316.000	13617.561	3344.000	63116.000
5.040	63457.000	13762.293	3530.000	63242.000
5.050	63602.000	13983.605	3593.000	63376.000
5.060	63747.000	14138.523	3710.000	63515.000
5.070	63896.000	14366.966	3698.000	63661.000
5.080	64050.000	14676.876	3541.000	63815.000
5.090	64202.000	14833.814	3537.000	63971.000
5.100	64359.000	15093.669	3355.000	64135.000
5.110	64518.000	15335.569	3146.000	64306.000
5.120	64678.000	15534.898	2941.000	64483.000
5.130	64842.000	15794.429	2607.000	64664.000
5.140	65006.000	15976.100	2321.000	64852.000
5.150	65173.000	16193.270	1940.000	65043.000
5.160	65341.000	16375.289	1554.000	65238.000
5.170	65509.000	16502.702	1192.000	65434.000
5.180	65680.000	16681.892	719.000	65635.000
5.190	65848.000	16717.324	392.000	65832.000
5.200	66019.000	16832.127	-73.000	66032.000
5.210	66189.000	16882.489	-485.000	66232.000
5.220	66358.000	16887.742	-864.000	66430.000
5.230	66527.000	16891.420	-1260.000	66627.000
5.240	66694.000	16833.994	-1590.000	66820.000
5.250	66859.000	16733.796	-1872.000	67010.000
5.260	67023.000	16633.657	-2154.000	67194.000
5.270	67185.000	16503.560	-2391.000	67376.000
5.280	67342.000	16262.492	-2472.000	67549.000
5.290	67498.000	16063.744	-2589.000	67719.000
5.300	67651.000	15834.621	-2641.000	67883.000
5.310	67802.000	15614.235	-2675.000	68040.000
5.320	67949.000	15339.964	-2603.000	68190.000
5.330	68095.000	15117.975	-2560.000	68334.000
5.340	68239.000	14902.583	-2481.000	68471.000
5.350	68380.000	14661.808	-2322.000	68602.000
5.360	68519.000	14433.265	-2131.000	68726.000
5.370	68656.000	14213.286	-1899.000	68844.000
5.380	68792.000	14029.300	-1662.000	68958.000
5.390	68926.000	13840.510	-1368.000	69067.000
5.400	69059.000	13678.357	-1057.000	69173.000
5.410	69190.000	13504.850	-682.000	69275.000
5.420	69320.000	13353.395	-289.000	69375.000
5.430	69450.000	13247.376	89.000	69474.000
5.440	69579.000	13143.164	505.000	69572.000
5.450	69707.000	13040.214	955.000	69669.000
5.460	69835.000	12968.150	1395.000	69769.000
5.470	69964.000	12947.705	1793.000	69870.000
5.480	70093.000	12933.394	2203.000	69973.000
5.490	70224.000	12983.375	2543.000	70080.000
5.500	70356.000	13048.363	2870.000	70190.000
5.510	70489.000	13123.854	3184.000	70305.000
5.520	70625.000	13266.698	3404.000	70425.000
5.530	70764.000	13456.688	3551.000	70550.000
5.540	70905.000	13649.682	3675.000	70681.000
5.550	71050.000	13904.777	3694.000	70818.000
5.560	71196.000	14113.344	3743.000	70962.000
5.570	71345.000	14349.341	3721.000	71111.000
5.580	71497.000	14604.539	3634.000	71267.000
5.590	71651.000	14843.177	3525.000	71429.000
5.600	71809.000	15130.224	3308.000	71598.000
5.610	71967.000	15331.157	3151.000	71769.000
5.620	72129.000	15591.810	2868.000	71949.000
5.630	72291.000	15774.267	2633.000	72130.000
5.640	72455.000	15961.987	2340.000	72316.000
5.650	72622.000	16183.391	1952.000	72507.000
5.660	72790.000	16368.374	1563.000	72700.000
5.670	72961.000	16587.861	1082.000	72898.000
5.680	73128.000	16621.503	797.000	73093.000
5.690	73297.000	16705.052	408.000	73290.000
5.700	73469.000	16853.536	-100.000	73490.000
5.710	73637.000	16837.476	-427.000	73685.000
5.720	73805.000	16826.233	-785.000	73880.000
5.730	73973.000	16818.363	-1166.000	74074.000
5.740	74141.000	16812.854	-1563.000	74264.000
5.750	74307.000	16748.998	-1892.000	74451.000
5.760	74472.000	16674.299	-2206.000	74634.000
5.770	74634.000	16532.009	-2427.000	74811.000
5.780	74794.000	16372.406	-2613.000	74984.000
5.790	74951.000	16170.684	-2726.000	75151.000
5.800	75106.000	15969.479	-2815.000	75312.000
5.810	75258.000	15738.635	-2835.000	75468.000
5.820	75407.000	15487.045	-2793.000	75617.000
5.830	75554.000	15250.931	-2731.000	75761.000
5.840	75698.000	14995.652	-2600.000	75899.000
5.850	75840.000	14756.956	-2445.000	76031.000
5.860	75979.000	14499.869	-2216.000	76158.000
5.870	76115.000	14229.909	-1921.000	76280.000
5.880	76250.000	14010.936	-1639.000	76396.000
5.890	76383.000	13797.655	-1313.000	76509.000
5.900	76516.000	13648.359	-1018.000	76619.000
5.910	76645.000	13423.851	-578.000	76724.000
5.920	76775.000	13296.696	-216.000	76829.000
5.930	76904.000	13177.687	179.000	76931.000
5.940	77033.000	13094.381	568.000	77033.000
5.950	77162.000	13036.067	960.000	77134.000
5.960	77291.000	12995.247	1360.000	77236.000
5.970	77421.000	12996.673	1730.000	77340.000
5.980	77553.000	13057.671	2043.000	77447.000
5.990	77684.000	13070.370	2431.000	77555.000
6.000	77816.000	13109.259	2792.000	77667.000
6.010	77951.000	13226.481	3052.000	77783.000
6.020	78088.000	13368.537	3273.000	77904.000
6.030	78226.000	13497.976	3498.000	78030.000
6.040	78367.000	13678.583	3638.000	78161.000
6.050	78511.000	13895.008	3707.000	78297.000
6.060	78656.000	14076.506	3790.000	78439.000
6.070	78805.000	14323.554	3754.000	78588.000
6.080	78958.000	14616.488	3619.000	78742.000
6.090	79113.000	14881.541	3476.000	78902.000
6.100	79270.000	15127.079	3312.000	79068.000
6.110	79429.000	15358.955	3116.000	79240.000
6.120	79592.000	15641.269	2804.000	79416.000
6.130	79757.000	15898.888	2472.000	79598.000
6.140	79923.000	16109.222	2150.000	79783.000
6.150	80091.000	16316.455	1781.000	79972.000
6.160	80260.000	16491.519	1404.000	80164.000
6.170	80430.000	16644.063	1010.000	80359.000
6.180	80599.000	16720.844	669.000	80556.000
6.190	80769.000	16804.591	280.000	80754.000
6.200	80939.000	16863.214	-113.000	80952.000
6.210	81110.000	16934.250	-552.000	81152.000
6.220	81277.000	16863.975	-833.000	81346.000
6.230	81444.000	16814.782	-1162.000	81540.000
6.240	81610.000	16750.348	-1483.000	81731.000
6.250	81775.000	16675.243	-1797.000	81919.000
6.260	81939.000	16592.670	-2101.000	82104.000
6.270	82100.000	16444.869	-2315.000	82284.000
6.280	82261.000	16341.408	-2574.000	82461.000
6.290	82418.000	16148.986	-2698.000	82628.000
6.300	82572.000	15924.290	-2757.000	82792.000
6.310	82725.000	15737.003	-2833.000	82949.000
6.320	82874.000	15485.902	-2791.000	83100.000
6.330	83020.000	15220.132	-2691.000	83244.000
6.340	83164.000	14974.092	-2573.000	83383.000
6.350	83306.000	14741.864	-2425.000	83516.000
6.360	83441.000	14369.305	-2048.000	83641.000
6.370	83576.000	14108.514	-1764.000	83762.000
6.380	83710.000	13895.960	-1491.000	83879.000
6.390	83841.000	13657.172	-1132.000	83990.000
6.400	83971.000	13460.020	-776.000	84098.000
6.410	84100.000	13292.014	-408.000	84202.000
6.420	84228.000	13144.410	-20.000	84304.000
6.430	84356.000	13041.087	355.000	84404.000
6.440	84484.000	12968.761	729.000	84501.000
6.450	84611.000	12888.133	1150.000	84599.000
6.460	84740.000	12891.693	1493.000	84696.000
6.470	84869.000	12894.185	1862.000	84795.000
6.480	84999.000	12925.929	2213.000	84896.000
6.490	85131.000	13008.151	2511.000	85000.000
6.500	85265.000	13125.705	2771.000	85108.000
6.510	85401.000	13267.994	2998.000	85220.000
6.520	85537.000	13367.596	3274.000	85336.000
6.530	85677.000	13557.317	3421.000	85459.000
6.540	85818.000	13720.122	3584.000	85588.000
6.550	85961.000	13894.085	3708.000	85723.000
6.560	86108.000	14135.860	3714.000	85864.000
6.570	86256.000	14335.102	3739.000	86012.000
6.580	86406.000	14534.571	3724.000	86165.000
6.590	86560.000	14794.200	3588.000	86326.000
6.600	86716.000	15035.940	3429.000	86494.000
6.610	86874.000	15265.158	3236.000	86666.000
6.620	87036.000	15545.611	2927.000	86846.000
6.630	87200.000	15801.927	2597.000	87031.000
6.640	87366.000	16041.349	2237.000	87219.000
6.650	87533.000	16238.944	1881.000	87412.000
6.660	87701.000	16407.261	1513.000	87607.000
6.670	87871.000	16585.083	1086.000	87806.000
6.680	88041.000	16709.558	684.000	88007.000
6.690	88210.000	16766.691	329.000	88206.000
6.700	88380.000	16836.683	-79.000	88407.000
6.710	88549.000	16855.678	-450.000	88606.000
6.720	88718.000	16868.975	-840.000	88804.000
6.730	88886.000	16848.282	-1205.000	89000.000
6.740	89053.000	16803.798	-1552.000	89192.000
6.750	89217.000	16682.658	-1806.000	89380.000
6.760	89380.000	16567.861	-2069.000	89563.000
6.770	89541.000	16427.503	-2293.000	89741.000
6.780	89700.000	16269.252	-2481.000	89914.000
6.790	89858.000	16128.476	-2672.000	90081.000
6.800	90012.000	15909.933	-2738.000	90242.000
6.810	90165.000	15726.953	-2820.000	90397.000
6.820	90314.000	15478.867	-2782.000	90545.000
6.830	90461.000	15245.207	-2723.000	90686.000
6.840	90605.000	14991.645	-2595.000	90822.000
6.850	90748.000	14784.152	-2480.000	90951.000
6.860	90887.000	14518.906	-2241.000	91075.000
6.870	91024.000	14273.234	-1976.000	91195.000
6.880	91160.000	14071.264	-1716.000	91309.000
6.890	91293.000	13839.885	-1367.000	91420.000
6.900	91424.000	13617.919	-979.000	91527.000
6.910	91554.000	13432.544	-589.000	91632.000
6.920	91683.000	13272.780	-185.000	91735.000
6.930	91812.000	13160.946	200.000	91836.000
6.940	91940.000	13052.662	621.000	91937.000
6.950	92066.000	12916.864	1113.000	92037.000
6.960	92196.000	12941.805	1429.000	92141.000
6.970	92326.000	12959.263	1779.000	92244.000
6.980	92457.000	13001.484	2116.000	92350.000
6.990	92589.000	13061.039	2443.000	92459.000
7.000	92723.000	13162.727	2723.000	92571.000
7.010	92860.000	13323.909	2926.000	92689.000
7.020	92997.000	13436.736	3185.000	92811.000
7.030	93135.000	13545.715	3436.000	92936.000
7.040	93280.000	13832.001	3440.000	93071.000
7.050	93423.000	13972.401	3607.000	93207.000
7.060	93570.000	14190.680	3643.000	93351.000
7.070	93721.000	14463.476	3574.000	93502.000
7.080	93874.000	14714.433	3493.000	93658.000
7.090	94028.000	14920.103	3426.000	93820.000
7.100	94185.000	15154.072	3277.000	93988.000
7.110	94344.000	15377.851	3091.000	94160.000
7.120	94505.000	15594.495	2864.000	94338.000
7.130	94669.000	15836.147	2553.000	94520.000
7.140	94834.000	16035.303	2245.000	94707.000
7.150	95000.000	16204.712	1925.000	94896.000
7.160	95168.000	16383.298	1544.000	95089.000
7.170	95339.000	16598.309	1069.000	95284.000
7.180	95510.000	16748.816	633.000	95480.000
7.190	95680.000	16824.171	255.000	95677.000
7.200	95852.000	16936.920	-208.000	95873.000
7.210	96023.000	16985.844	-618.000	96068.000
7.220	96195.000	17050.091	-1073.000	96264.000
7.230	96363.000	16975.064	-1368.000	96454.000
7.240	96530.000	16892.544	-1666.000	96644.000
7.250	96696.000	16804.781	-1964.000	96832.000
7.260	96860.000	16683.347	-2218.000	97014.000
7.270	97023.000	16568.343	-2474.000	97193.000
7.280	97183.000	16397.840	-2646.000	97368.000
7.290	97339.000	16158.488	-2710.000	97536.000
7.300	97492.000	15900.942	-2726.000	97698.000
7.310	97642.000	15630.659	-2696.000	97855.000
7.320	97790.000	15381.461	-2657.000	98006.000
7.330	97937.000	15177.023	-2636.000	98153.000
7.340	98077.000	14823.916	-2379.000	98291.000
7.350	98218.000	14606.741	-2251.000	98425.000
7.360	98356.000	14364.719	-2042.000	98553.000
7.370	98493.000	14165.303	-1837.000	98676.000
7.380	98628.000	13965.712	-1581.000	98794.000
7.390	98760.000	13735.999	-1233.000	98906.000
7.400	98893.000	13605.199	-963.000	99016.000
7.410	99023.000	13423.639	-578.000	99121.000
7.420	99151.000	13236.548	-139.000	99222.000
7.430	99281.000	13165.583	195.000	99324.000
7.440	99407.000	12995.908	695.000	99422.000
7.450	99535.000	12937.136	1087.000	99521.000
7.460	99663.000	12895.995	1488.000	99620.000
7.470	99791.000	12867.197	1897.000	99721.000
7.480	99921.000	12907.038	2237.000	99824.000
7.490	100052.000	12964.926	2567.000	99929.000
7.500	100184.000	13035.448	2887.000	100038.000
7.510	100318.000	13144.814	3157.000	100150.000
7.520	100454.000	13281.370	3385.000	100268.000
7.530	100592.000	13436.959	3576.000	100390.000
7.540	100733.000	13635.871	3693.000	100517.000
7.550	100875.000	13805.110	3822.000	100649.000
7.560	101022.000	14073.577	3794.000	100789.000
7.570	101171.000	14321.504	3757.000	100934.000
7.580	101322.000	14555.053	3698.000	101087.000
7.590	101477.000	14838.537	3531.000	101245.000
7.600	101633.000	15066.976	3389.000	101410.000
7.610	101795.000	15406.883	3054.000	101583.000
7.620	101952.000	15494.818	2992.000	101757.000
7.630	102115.000	15736.373	2681.000	101939.000
7.640	102278.000	15905.461	2412.000	102125.000
7.650	102444.000	16113.823	2042.000	102315.000
7.660	102612.000	16319.676	1626.000	102508.000
7.670	102780.000	16463.773	1242.000	102704.000
7.680	102950.000	16624.641	793.000	102903.000
7.690	103120.000	16737.249	366.000	103102.000
7.700	103291.000	16846.074	-91.000	103302.000
7.710	103461.000	16892.252	-498.000	103501.000
7.720	103630.000	16894.576	-873.000	103697.000
7.730	103798.000	16866.203	-1228.000	103892.000
7.740	103965.000	16816.342	-1568.000	104085.000
7.750	104131.000	16751.440	-1895.000	104274.000
7.760	104295.000	16646.008	-2170.000	104459.000
7.770	104456.000	16482.205	-2363.000	104639.000
7.780	104615.000	16307.544	-2530.000	104814.000
7.790	104771.000	16095.281	-2629.000	104983.000
7.800	104925.000	15886.696	-2708.000	105146.000
7.810	105076.000	15650.688	-2722.000	105303.000
7.820	105223.000	15365.481	-2636.000	105453.000
7.830	105369.000	15135.837	-2583.000	105597.000
7.840	105513.000	14915.086	-2497.000	105735.000
7.850	105655.000	14700.560	-2372.000	105866.000
7.860	105794.000	14460.392	-2166.000	105992.000
7.870	105931.000	14232.274	-1924.000	106112.000
7.880	106067.000	14042.592	-1679.000	106227.000
7.890	106201.000	13849.814	-1380.000	106338.000
7.900	106335.000	13714.870	-1104.000	106445.000
7.910	106467.000	13560.409	-754.000	106549.000
7.920	106597.000	13392.286	-339.000	106650.000
7.930	106726.000	13244.600	93.000	106749.000
7.940	106855.000	13141.220	508.000	106847.000
7.950	106984.000	13068.854	918.000	106946.000
7.960	107112.000	12988.198	1369.000	107045.000
7.970	107241.000	12961.739	1775.000	107147.000
7.980	107370.000	12943.217	2191.000	107250.000
7.990	107501.000	12990.252	2534.000	107357.000
8.000	107633.000	13053.176	2864.000	107468.000
8.010	107768.000	13187.223	3102.000	107583.000
8.020	107904.000	13311.056	3347.000	107703.000
8.030	108043.000	13487.739	3511.000	107828.000
8.040	108184.000	13671.418	3647.000	107959.000
8.050	108329.000	13919.992	3675.000	108096.000
8.060	108477.000	14183.995	3652.000	108240.000
8.070	108626.000	14398.796	3657.000	108389.000
8.080	108779.000	14669.157	3551.000	108545.000
8.090	108934.000	14918.410	3429.000	108707.000
8.100	109091.000	15152.887	3278.000	108875.000
8.110	109251.000	15407.021	3054.000	109049.000
8.120	109413.000	15644.915	2799.000	109228.000
8.130	109577.000	15871.440	2508.000	109413.000
8.140	109742.000	16060.008	2213.000	109601.000
8.150	109908.000	16222.006	1903.000	109794.000
8.160	110076.000	16395.404	1528.000	109989.000
8.170	110247.000	16606.783	1058.000	110189.000
8.180	110414.000	16634.748	780.000	110386.000
8.190	110582.000	16684.324	435.000	110585.000
8.200	110751.000	16749.027	34.000	110784.000
8.210	110920.000	16794.319	-371.000	110982.000
8.220	111089.000	16826.023	-785.000	111180.000
8.230	111257.000	16818.216	-1166.000	111374.000
8.240	111423.000	16752.751	-1486.000	111565.000
8.250	111590.000	16736.926	-1876.000	111751.000
8.260	111754.000	16635.848	-2157.000	111933.000
8.270	111918.000	16565.094	-2470.000	112110.000
8.280	112079.000	16425.566	-2682.000	112282.000
8.290	112238.000	16267.896	-2851.000	112449.000
8.300	112393.000	16037.527	-2902.000	112609.000
8.310	112547.000	15846.269	-2973.000	112763.000
8.320	112698.000	15622.388	-2967.000	112913.000
8.330	112846.000	15375.672	-2891.000	113056.000
8.340	112991.000	15112.970	-2751.000	113193.000
8.350	113133.000	14839.079	-2550.000	113324.000
8.360	113271.000	14527.355	-2252.000	113449.000
8.370	113409.000	14309.149	-2022.000	113571.000
8.380	113542.000	14006.404	-1633.000	113688.000
8.390	113674.000	13764.483	-1270.000	113801.000
8.400	113805.000	13565.138	-911.000	113910.000
8.410	113935.000	13395.597	-542.000	114017.000
8.420	114064.000	13246.918	-152.000	114122.000
8.430	114194.000	13172.842	185.000	114227.000
8.440	114320.000	13000.990	688.000	114327.000
8.450	114447.000	12910.693	1121.000	114429.000
8.460	114576.000	12907.485	1473.000	114532.000
8.470	114706.000	12935.239	1809.000	114637.000
8.480	114835.000	12924.668	2214.000	114741.000
8.490	114967.000	13007.267	2512.000	114849.000
8.500	115100.000	13095.087	2810.000	114960.000
8.510	115235.000	13216.561	3064.000	115075.000
8.520	115371.000	13331.593	3321.000	115193.000
8.530	115509.000	13472.115	3531.000	115317.000
8.540	115650.000	13660.480	3661.000	115446.000
8.550	115793.000	13852.336	3762.000	115580.000
8.560	115938.000	14046.635	3829.000	115720.000
8.570	116087.000	14302.645	3781.000	115867.000
8.580	116238.000	14541.851	3715.000	116019.000
8.590	116392.000	14799.296	3582.000	116178.000
8.600	116548.000	15039.507	3424.000	116342.000
8.610	116705.000	15237.655	3272.000	116511.000
8.620	116867.000	15526.359	2952.000	116686.000
8.630	117029.000	15728.451	2692.000	116865.000
8.640	117194.000	15959.916	2342.000	117050.000
8.650	117361.000	16181.941	1954.000	117238.000
8.660	117529.000	16367.359	1564.000	117430.000
8.670	117698.000	16527.151	1160.000	117624.000
8.680	117868.000	16669.006	736.000	117821.000
8.690	118038.000	16768.304	326.000	118018.000
8.700	118207.000	16807.813	-41.000	118215.000
8.710	118377.000	16865.469	-463.000	118413.000
8.720	118546.000	16875.828	-849.000	118610.000
8.730	118712.000	16793.080	-1134.000	118803.000
8.740	118878.000	16735.156	-1463.000	118995.000
8.750	119044.000	16694.609	-1822.000	119186.000
8.760	119206.000	16546.226	-2042.000	119369.000
8.770	119367.000	16412.358	-2273.000	119548.000
8.780	119527.000	16288.651	-2506.000	119723.000
8.790	119684.000	16112.056	-2651.000	119892.000
8.800	119839.000	15928.439	-2762.000	120056.000
8.810	119991.000	15709.907	-2798.000	120214.000
8.820	120140.000	15466.935	-2767.000	120365.000
8.830	120286.000	15206.855	-2674.000	120510.000
8.840	120429.000	14934.798	-2522.000	120649.000
8.850	120570.000	14684.359	-2351.000	120782.000
8.860	120709.000	14449.051	-2151.000	120910.000
8.870	120844.000	14164.336	-1836.000	121031.000
8.880	120978.000	13935.035	-1541.000	121147.000
8.890	121111.000	13744.525	-1244.000	121259.000
8.900	121241.000	13521.167	-855.000	121367.000
8.910	121371.000	13364.817	-502.000	121471.000
8.920	121503.000	13315.372	-240.000	121574.000
8.930	121628.000	13070.760	317.000	121671.000
8.940	121756.000	12989.532	703.000	121768.000
8.950	121885.000	12962.673	1054.000	121866.000
8.960	122014.000	12943.871	1426.000	121965.000
8.970	122144.000	12960.710	1777.000	122065.000
8.980	122274.000	12972.497	2153.000	122167.000
8.990	122406.000	13040.748	2469.000	122272.000
9.000	122540.000	13148.523	2741.000	122380.000
9.010	122676.000	13283.966	2978.000	122493.000
9.020	122813.000	13408.776	3221.000	122612.000
9.030	122954.000	13616.144	3346.000	122735.000
9.040	123096.000	13791.300	3493.000	122865.000
9.050	123239.000	13943.910	3644.000	123001.000
9.060	123386.000	14170.737	3669.000	123144.000
9.070	123534.000	14359.516	3708.000	123293.000
9.080	123685.000	14581.661	3664.000	123450.000
9.090	123840.000	14857.163	3507.000	123612.000
9.100	123996.000	15080.014	3372.000	123781.000
9.110	124155.000	15326.010	3158.000	123956.000
9.120	124317.000	15588.207	2872.000	124136.000
9.130	124481.000	15831.745	2559.000	124321.000
9.140	124647.000	16062.221	2211.000	124511.000
9.150	124815.000	16283.555	1823.000	124703.000
9.160	124983.000	16438.488	1473.000	124900.000
9.170	125154.000	16636.942	1019.000	125099.000
9.180	125324.000	16745.859	637.000	125298.000
9.190	125495.000	16852.102	219.000	125499.000
9.200	125667.000	16956.471	-233.000	125700.000
9.210	125837.000	16969.530	-597.000	125899.000
9.220	126007.000	16978.671	-981.000	126096.000
9.230	126175.000	16925.070	-1303.000	126290.000
9.240	126342.000	16857.549	-1621.000	126482.000
9.250	126507.000	16750.284	-1893.000	126670.000
9.260	126670.000	16615.199	-2130.000	126853.000
9.270	126831.000	16460.639	-2336.000	127031.000
9.280	126989.000	16262.447	-2472.000	127203.000
9.290	127146.000	16093.713	-2627.000	127370.000
9.300	127301.000	15915.599	-2745.000	127531.000
9.310	127452.000	15670.919	-2748.000	127686.000
9.320	127602.000	15469.644	-2770.000	127833.000
9.330	127749.000	15238.751	-2715.000	127973.000
9.340	127894.000	15017.125	-2628.000	128108.000
9.350	128036.000	14771.988	-2464.000	128237.000
9.360	128175.000	14510.391	-2230.000	128361.000
9.370	128313.000	14297.274	-2007.000	128480.000
9.380	128448.000	14058.092	-1699.000	128594.000
9.390	128581.000	13830.664	-1355.000	128704.000
9.400	128713.000	13641.465	-1009.000	128811.000
9.410	128843.000	13449.025	-610.000	128916.000
9.420	128972.000	13284.318	-200.000	129018.000
9.430	129100.000	13139.022	229.000	129119.000
9.440	129228.000	13037.316	641.000	129219.000
9.450	129355.000	12936.121	1089.000	129320.000
9.460	129483.000	12895.285	1489.000	129421.000
9.470	129612.000	12896.699	1859.000	129524.000
9.480	129742.000	12927.690	2210.000	129629.000
9.490	129873.000	12979.383	2548.000	129738.000
9.500	130006.000	13075.568	2835.000	129850.000
9.510	130141.000	13202.898	3082.000	129967.000
9.520	130278.000	13352.028	3294.000	130088.000
9.530	130416.000	13486.420	3513.000	130214.000
9.540	130558.000	13700.494	3610.000	130347.000
9.550	130702.000	13910.346	3687.000	130485.000
9.560	130848.000	14117.242	3738.000	130629.000
9.570	130998.000	14382.069	3679.000	130779.000
9.580	131149.000	14597.449	3643.000	130934.000
9.590	131303.000	14838.214	3532.000	131095.000
9.600	131460.000	15096.750	3351.000	131261.000
9.610	131619.000	15337.725	3143.000	131434.000
9.620	131782.000	15626.407	2823.000	131613.000
9.630	131942.000	15738.485	2679.000	131793.000
9.640	132107.000	15966.940	2333.000	131980.000
9.650	132273.000	16156.858	1987.000	132169.000
9.660	132442.000	16379.800	1548.000	132361.000
9.670	132610.000	16505.860	1188.000	132555.000
9.680	132780.000	16654.102	755.000	132750.000
9.690	132951.000	16787.872	301.000	132946.000
9.700	133121.000	16851.510	-98.000	133142.000
9.710	133292.000	16926.057	-541.000	133337.000
9.720	133462.000	16948.240	-942.000	133532.000
9.730	133630.000	16903.768	-1276.000	133724.000
9.740	133798.000	16872.638	-1640.000	133913.000
9.750	133963.000	16760.846	-1907.000	134099.000
9.760	134125.000	16592.592	-2101.000	134281.000
9.770	134288.000	16504.815	-2392.000	134460.000
9.780	134444.000	16233.370	-2434.000	134630.000
9.790	134600.000	16043.359	-2562.000	134799.000
9.800	134754.000	15850.351	-2661.000	134961.000
9.810	134905.000	15625.246	-2689.000	135117.000
9.820	135053.000	15377.672	-2652.000	135268.000
9.830	135199.000	15144.371	-2594.000	135412.000
9.840	135342.000	14891.059	-2466.000	135550.000
9.850	135483.000	14653.742	-2312.000	135682.000
9.860	135622.000	14427.619	-2123.000	135808.000
9.870	135759.000	14209.333	-1894.000	135929.000
9.880	135895.000	14026.533	-1659.000	136045.000
9.890	136028.000	13808.573	-1327.000	136157.000
9.900	136160.000	13626.001	-990.000	136265.000
9.910	136291.000	13468.201	-635.000	136371.000
9.920	136420.000	13297.741	-217.000	136474.000
9.930	136549.000	13178.418	178.000	136576.000
9.940	136675.000	13004.893	683.000	136676.000
9.950	136802.000	12913.425	1118.000	136776.000
9.960	136929.000	12849.398	1548.000	136877.000
9.970	137057.000	12834.578	1939.000	136980.000
9.980	137186.000	12854.205	2305.000	137084.000
9.990	137316.000	12897.943	2653.000	137190.000
10.000	137448.000	12988.560	2947.000	137300.000
10.010	137582.000	13111.992	3199.000	137413.000
10.020	137718.000	13258.395	3415.000	137532.000
10.030	137856.000	13420.876	3597.000	137655.000
10.040	137999.000	13684.613	3630.000	137785.000
10.050	138141.000	13839.229	3778.000	137918.000
10.060	138289.000	14127.461	3725.000	138059.000
10.070	138439.000	14389.222	3669.000	138205.000
10.080	138593.000	14692.456	3521.000	138358.000
10.090	138748.000	14934.719	3408.000	138517.000
10.100	138906.000	15194.303	3225.000	138681.000
10.110	139067.000	15466.012	2978.000	138852.000
10.120	139230.000	15716.209	2707.000	139030.000
10.130	139392.000	15861.346	2521.000	139210.000
10.140	139557.000	16052.942	2223.000	139396.000
10.150	139724.000	16247.060	1870.000	139587.000
10.160	139892.000	16412.942	1506.000	139782.000
10.170	140061.000	16559.059	1119.000	139979.000
10.180	140230.000	16661.341	746.000	140178.000
10.190	140401.000	16792.939	295.000	140378.000
10.200	140572.000	16885.057	-141.000	140578.000
10.210	140742.000	16919.540	-533.000	140778.000
10.220	140911.000	16913.678	-897.000	140976.000
10.230	141080.000	16909.575	-1283.000	141173.000
10.240	141249.000	16906.702	-1684.000	141369.000
10.250	141413.000	16754.692	-1899.000	141558.000
10.260	141576.000	16618.284	-2134.000	141745.000
10.270	141737.000	16462.799	-2338.000	141927.000
10.280	141896.000	16293.959	-2512.000	142103.000
10.290	142052.000	16085.771	-2617.000	142273.000
10.300	142206.000	15880.040	-2700.000	142438.000
10.310	142358.000	15676.028	-2754.000	142596.000
10.320	142505.000	15383.220	-2659.000	142747.000
10.330	142651.000	15148.254	-2599.000	142892.000
10.340	142796.000	14953.778	-2547.000	143031.000
10.350	142939.000	14757.644	-2446.000	143164.000
10.360	143077.000	14470.351	-2178.000	143289.000
10.370	143215.000	14269.246	-1971.000	143409.000
10.380	143350.000	14038.472	-1674.000	143523.000
10.390	143484.000	13846.930	-1376.000	143633.000
10.400	143617.000	13682.851	-1063.000	143739.000
10.410	143750.000	13567.996	-763.000	143842.000
10.420	143880.000	13397.597	-346.000	143941.000
10.430	144009.000	13248.318	88.000	144039.000
10.440	144137.000	13113.823	543.000	144137.000
10.450	144265.000	13019.676	981.000	144235.000
10.460	144395.000	13013.773	1336.000	144334.000
10.470	144523.000	12949.641	1791.000	144434.000
10.480	144652.000	12934.749	2201.000	144537.000
10.490	144785.000	13044.324	2465.000	144644.000
10.500	144916.000	13061.027	2854.000	144753.000
10.510	145050.000	13162.719	3134.000	144869.000
10.520	145186.000	13293.903	3369.000	144988.000
10.530	145324.000	13445.732	3565.000	145113.000
10.540	145465.000	13642.013	3685.000	145244.000
10.550	145609.000	13869.409	3740.000	145380.000
10.560	145756.000	14118.586	3736.000	145524.000
10.570	145905.000	14353.010	3716.000	145672.000
10.580	146058.000	14637.107	3592.000	145828.000
10.590	146213.000	14895.975	3458.000	145989.000
10.600	146370.000	15137.183	3299.000	146157.000
10.610	146529.000	15366.028	3106.000	146331.000
10.620	146691.000	15616.219	2836.000	146511.000
10.630	146854.000	15821.354	2572.000	146695.000
10.640	147020.000	16054.948	2220.000	146884.000
10.650	147186.000	16218.463	1907.000	147075.000
10.660	147353.000	16362.924	1570.000	147270.000
10.670	147522.000	16524.047	1164.000	147466.000
10.680	147690.000	16606.833	816.000	147664.000
10.690	147860.000	16724.783	382.000	147863.000
10.700	148029.000	16777.348	-2.000	148062.000
10.710	148198.000	16814.144	-397.000	148260.000
10.720	148367.000	16839.901	-802.000	148457.000
10.730	148535.000	16827.930	-1178.000	148649.000
10.740	148702.000	16789.551	-1533.000	148839.000
10.750	148868.000	16732.686	-1871.000	149025.000
10.760	149032.000	16632.880	-2153.000	149207.000
10.770	149195.000	16533.016	-2429.000	149384.000
10.780	149355.000	16373.111	-2614.000	149556.000
10.790	149513.000	16201.178	-2765.000	149723.000
10.800	149668.000	15990.825	-2842.000	149883.000
10.810	149821.000	15783.577	-2893.000	150037.000
10.820	149971.000	15548.504	-2872.000	150185.000
10.830	150118.000	15293.953	-2786.000	150328.000
10.840	150261.000	14995.767	-2601.000	150464.000
10.850	150403.000	14757.037	-2445.000	150596.000
10.860	150541.000	14469.926	-2178.000	150721.000
10.870	150677.000	14208.948	-1894.000	150843.000
10.880	150810.000	13936.264	-1543.000	150959.000
10.890	150942.000	13715.385	-1207.000	151071.000
10.900	151072.000	13500.769	-828.000	151180.000
10.910	151201.000	13320.538	-445.000	151285.000
10.920	151330.000	13194.377	-84.000	151389.000
10.930	151458.000	13076.064	310.000	151491.000
10.940	151586.000	12993.245	698.000	151591.000
10.950	151714.000	12935.271	1090.000	151692.000
10.960	151843.000	12924.690	1451.000	151793.000
10.970	151973.000	12947.283	1794.000	151896.000
10.980	152103.000	12963.098	2165.000	152001.000
10.990	152234.000	13004.169	2516.000	152108.000
11.000	152368.000	13122.918	2774.000	152219.000
11.010	152502.000	13206.043	3078.000	152333.000
11.020	152641.000	13414.230	3214.000	152455.000
11.030	152777.000	13469.961	3534.000	152578.000
11.040	152918.000	13658.973	3663.000	152708.000
11.050	153061.000	13851.281	3763.000	152844.000
11.060	153208.000	14105.897	3752.000	152985.000
11.070	153356.000	14314.128	3766.000	153133.000
11.080	153507.000	14549.889	3705.000	153286.000
11.090	153661.000	14804.923	3575.000	153446.000
11.100	153817.000	15043.446	3419.000	153611.000
11.110	153976.000	15300.412	3191.000	153782.000
11.120	154138.000	15570.288	2895.000	153959.000
11.130	154299.000	15729.202	2691.000	154139.000
11.140	154465.000	15990.441	2303.000	154325.000
11.150	154632.000	16203.309	1927.000	154513.000
11.160	154801.000	16412.316	1506.000	154705.000
11.170	154971.000	16588.621	1081.000	154900.000
11.180	155141.000	16712.035	681.000	155096.000
11.190	155311.000	16798.424	288.000	155294.000
11.200	155482.000	16888.897	-146.000	155491.000
11.210	155652.000	16922.228	-536.000	155690.000
11.220	155822.000	16945.560	-938.000	155887.000
11.230	155990.000	16901.892	-1274.000	156082.000
11.240	156156.000	16811.324	-1561.000	156274.000
11.250	156322.000	16747.927	-1890.000	156463.000
11.260	156486.000	16643.549	-2167.000	156648.000
11.270	156647.000	16480.484	-2361.000	156828.000
11.280	156806.000	16306.339	-2528.000	157003.000
11.290	156963.000	16124.437	-2667.000	157173.000
11.300	157117.000	15907.106	-2734.000	157338.000
11.310	157270.000	15724.974	-2817.000	157496.000
11.320	157420.000	15507.482	-2819.000	157649.000
11.330	157567.000	15265.237	-2749.000	157795.000
11.340	157712.000	15035.666	-2652.000	157935.000
11.350	157853.000	14754.966	-2442.000	158069.000
11.360	157992.000	14498.476	-2215.000	158196.000
11.370	158129.000	14258.933	-1958.000	158319.000
11.380	158263.000	14001.253	-1626.000	158436.000
11.390	158396.000	13790.877	-1304.000	158549.000
11.400	158527.000	13583.614	-935.000	158657.000
11.410	158657.000	13408.530	-558.000	158762.000
11.420	158786.000	13255.971	-164.000	158864.000
11.430	158915.000	13149.180	216.000	158964.000
11.440	159044.000	13074.426	593.000	159063.000
11.450	159172.000	12992.098	1016.000	159161.000
11.460	159304.000	13054.469	1284.000	159260.000
11.470	159433.000	13008.128	1716.000	159358.000
11.480	159563.000	13005.690	2110.000	159459.000
11.490	159695.000	13063.983	2439.000	159564.000
11.500	159829.000	13164.788	2720.000	159672.000
11.510	159965.000	13295.352	2963.000	159783.000
11.520	160102.000	13416.746	3211.000	159900.000
11.530	160241.000	13561.722	3416.000	160021.000
11.540	160383.000	13753.206	3542.000	160150.000
11.550	160526.000	13917.244	3678.000	160285.000
11.560	160671.000	14092.071	3770.000	160426.000
11.570	160819.000	14304.450	3779.000	160574.000
11.580	160969.000	14513.115	3752.000	160729.000
11.590	161124.000	14809.180	3569.000	160893.000
11.600	161278.000	14986.426	3493.000	161058.000
11.610	161437.000	15260.498	3242.000	161233.000
11.620	161597.000	15482.349	3008.000	161411.000
11.630	161760.000	15727.644	2693.000	161594.000
11.640	161927.000	16019.351	2266.000	161783.000
11.650	162094.000	16223.546	1901.000	161975.000
11.660	162263.000	16426.482	1488.000	162170.000
11.670	162433.000	16598.537	1068.000	162368.000
11.680	162602.000	16688.976	710.000	162567.000
11.690	162773.000	16812.283	270.000	162768.000
11.700	162944.000	16898.598	-158.000	162968.000
11.710	163113.000	16899.019	-506.000	163166.000
11.720	163282.000	16899.313	-879.000	163363.000
11.730	163449.000	16839.519	-1193.000	163558.000
11.740	163616.000	16797.663	-1544.000	163751.000
11.750	163780.000	16678.364	-1801.000	163940.000
11.760	163942.000	16534.855	-2027.000	164123.000
11.770	164103.000	16404.399	-2263.000	164302.000
11.780	164261.000	16223.079	-2421.000	164475.000
11.790	164416.000	16006.155	-2514.000	164641.000
11.800	164570.000	15824.309	-2628.000	164802.000
11.810	164721.000	15607.016	-2665.000	164956.000
11.820	164870.000	15394.911	-2674.000	165104.000
11.830	165017.000	15186.438	-2648.000	165246.000
11.840	165161.000	14950.507	-2542.000	165381.000
11.850	165304.000	14755.355	-2443.000	165511.000
11.860	165444.000	14528.748	-2253.000	165634.000
11.870	165582.000	14310.124	-2024.000	165752.000
11.880	165717.000	14067.087	-1711.000	165865.000
11.890	165852.000	13896.961	-1441.000	165975.000
11.900	165984.000	13687.872	-1069.000	166081.000
11.910	166114.000	13481.511	-652.000	166184.000
11.920	166243.000	13307.057	-229.000	166285.000
11.930	166372.000	13184.940	170.000	166386.000
11.940	166499.000	13039.458	638.000	166485.000
11.950	166627.000	12967.621	1048.000	166585.000
11.960	166755.000	12917.335	1460.000	166686.000
11.970	166884.000	12912.134	1839.000	166790.000
11.980	167015.000	12968.494	2158.000	166896.000
11.990	167145.000	12977.946	2550.000	167005.000
12.000	167278.000	13074.562	2836.000	167117.000
12.010	167413.000	13202.193	0.000	167234.000
12.020	167546.000	13231.535	0.000	167356.000
12.030	167675.000	13132.075	0.000	167483.000
12.040	167799.000	12912.452	0.000	167614.000
12.050	167918.000	12608.717	0.000	167750.000
12.060	168032.000	12246.102	0.000	167891.000
12.070	168143.000	11902.271	0.000	168036.000
12.080	168250.000	11541.590	0.000	168183.000
12.090	168355.000	11229.113	0.000	168333.000
12.100	168459.000	10980.379	0.000	168482.000
12.110	168562.000	10776.265	0.000	168631.000
12.120	168664.000	10603.386	0.000	168777.000
12.130	168769.000	10572.370	0.000	168921.000
12.140	168875.000	10580.659	0.000	169059.000
12.150	168983.000	10646.461	0.000	169192.000
12.160	169095.000	10812.523	0.000	169320.000
12.170	169210.000	11018.766	0.000	169441.000
12.180	169328.000	11253.136	0.000	169555.000
12.190	169451.000	11567.195	0.000	169664.000
12.200	169577.000	11877.037	0.000	169766.000
12.210	169706.000	12183.926	0.000	169864.000
12.220	169836.000	12428.748	0.000	169956.000
12.230	169968.000	12660.124	0.000	170046.000
12.240	170101.000	12852.087	0.000	170133.000
12.250	170234.000	12986.461	0.000	170219.000
12.260	170368.000	13110.522	0.000	170306.000
12.270	170497.000	13047.366	0.000	170393.000
12.280	170622.000	12883.156	0.000	170482.000
12.290	170746.000	12738.209	0.000	170578.000
12.300	170863.000	12426.746	0.000	170674.000
12.310	170977.000	12118.722	0.000	170777.000
12.320	171086.000	11753.106	0.000	170886.000
12.330	171189.000	11317.174	0.000	170999.000
12.340	171289.000	10922.022	0.000	171118.000
12.350	171384.000	10495.415	0.000	171242.000
12.360	171476.000	10106.791	0.000	171369.000
12.370	171564.000	9714.753	0.000	171499.000
12.380	171651.000	9410.327	0.000	171630.000
12.390	171736.000	9137.229	0.000	171762.000
12.400	171823.000	9006.060	0.000	171894.000
12.410	171908.000	8854.242	0.000	172021.000
12.420	171997.000	8867.970	0.000	172147.000
12.430	172087.000	8907.579	0.000	172268.000
12.440	172181.000	9055.305	0.000	172384.000
12.450	172278.000	9248.714	0.000	172494.000
12.460	172380.000	9534.100	0.000	172598.000
12.470	172485.000	9823.870	0.000	172695.000
12.480	172594.000	10146.709	0.000	172787.000
12.490	172706.000	10462.696	0.000	172874.000
12.500	172822.000	10803.887	0.000	172956.000
12.510	172939.000	11072.721	0.000	173034.000
12.520	173058.000	11320.905	0.000	173109.000
12.530	173177.000	11494.633	0.000	173183.000
12.540	173295.000	11586.243	0.000	173256.000
12.550	173412.000	11620.370	0.000	173331.000
12.560	173526.000	11554.259	0.000	173408.000
12.570	173635.000	11357.981	0.000	173488.000
12.580	173741.000	11130.587	0.000	173572.000
12.590	173842.000	10821.411	0.000	173660.000
12.600	173939.000	10484.988	0.000	173754.000
12.610	174031.000	10099.491	0.000	173853.000
12.620	174118.000	9679.644	0.000	173957.000
12.630	174199.000	9205.751	0.000	174064.000
12.640	174276.000	8754.026	0.000	174174.000
12.650	174351.000	8377.818	0.000	174288.000
12.660	174423.000	8024.473	0.000	174404.000
12.670	174493.000	7717.131	0.000	174519.000
12.680	174561.000	7441.992	0.000	174633.000
12.690	174631.000	7309.394	0.000	174746.000
12.700	174703.000	7276.576	0.000	174856.000
12.710	174776.000	7283.603	0.000	174961.000
12.720	174852.000	7378.522	0.000	175061.000
12.730	174931.000	7534.966	0.000	175156.000
12.740	175014.000	7764.476	0.000	175244.000
12.750	175100.000	8015.133	0.000	175326.000
12.760	175191.000	8340.593	0.000	175401.000
12.770	175284.000	8628.415	0.000	175471.000
12.780	175380.000	8919.891	0.000	175535.000
12.790	175479.000	9213.923	0.000	175596.000
12.800	175579.000	9449.746	0.000	175653.000
12.810	175681.000	9674.822	0.000	175708.000
12.820	175781.000	9772.376	0.000	175763.000
12.830	175881.000	9840.663	0.000	175818.000
12.840	175979.000	9828.464	0.000	175875.000
12.850	176073.000	9699.925	0.000	175935.000
12.860	176163.000	9489.947	0.000	175999.000
12.870	176250.000	9252.963	0.000	176068.000
12.880	176332.000	8937.074	0.000	176142.000
12.890	176410.000	8595.952	0.000	176221.000
12.900	176483.000	8207.166	0.000	176305.000
12.910	176551.000	7785.016	0.000	176394.000
12.920	176615.000	7369.512	0.000	176487.000
12.930	176676.000	6988.658	0.000	176584.000
12.940	176734.000	6632.061	0.000	176683.000
12.950	176791.000	6352.442	0.000	176784.000
12.960	176847.000	6126.710	0.000	176884.000
12.970	176902.000	5938.697	0.000	176984.000
12.980	176959.000	5867.088	0.000	177081.000
12.990	177017.000	5846.961	0.000	177175.000
13.000	177078.000	5922.873	0.000	177264.000
13.010	177143.000	6096.011	0.000	177350.000
13.020	177210.000	6277.208	0.000	177428.000
13.030	177281.000	6524.045	0.000	177501.000
13.040	177356.000	6816.832	0.000	177567.000
13.050	177435.000	7141.782	0.000	177629.000
13.060	177515.000	7399.248	0.000	177685.000
13.070	177599.000	7699.473	0.000	177736.000
13.080	177686.000	7999.631	0.000	177784.000
13.090	177772.000	8179.742	0.000	177829.000
13.100	177859.000	8335.819	0.000	177872.000
13.110	177946.000	8445.074	0.000	177916.000
13.120	178031.000	8461.551	0.000	177959.000
13.130	178113.000	8383.086	0.000	178006.000
13.140	178192.000	8238.160	0.000	178054.000
13.150	178268.000	8046.712	0.000	178108.000
13.160	178338.000	7732.699	0.000	178164.000
13.170	178405.000	7422.889	0.000	178227.000
13.180	178465.000	6996.022	0.000	178293.000
13.190	178521.000	6577.216	0.000	178365.000
13.200	178573.000	6164.051	0.000	178440.000
13.210	178621.000	5754.836	0.000	178520.000
13.220	178666.000	5378.385	0.000	178602.000
13.230	178709.000	5054.869	0.000	178686.000
13.240	178750.000	4768.409	0.000	178770.000
13.250	178789.000	4507.886	0.000	178853.000
13.260	178829.000	4355.520	0.000	178935.000
13.270	178871.000	4308.864	0.000	179014.000
13.280	178913.000	4276.205	0.000	179089.000
13.290	178958.000	4343.343	0.000	179158.000
13.300	179006.000	4480.340	0.000	179223.000
13.310	179058.000	4696.238	0.000	179282.000
13.320	179112.000	4907.367	0.000	179334.000
13.330	179170.000	5175.157	0.000	179380.000
13.340	179231.000	5452.610	0.000	179420.000
13.350	179294.000	5706.827	0.000	179455.000
13.360	179359.000	5944.779	0.000	179486.000
13.370	179426.000	6171.345	0.000	179514.000
13.380	179493.000	6329.942	0.000	179539.000
13.390	179559.000	6410.959	0.000	179563.000
13.400	179623.000	6407.671	0.000	179588.000
13.410	179686.000	6375.370	0.000	179613.000
13.420	179746.000	6262.759	0.000	179640.000
13.430	179802.000	6063.931	0.000	179670.000
13.440	179853.000	5774.752	0.000	179704.000
13.450	179900.000	5452.326	0.000	179742.000
13.460	179942.000	5076.628	0.000	179785.000
13.470	179980.000	4693.640	0.000	179831.000
13.480	180013.000	4275.548	0.000	179882.000
13.490	180042.000	3862.884	0.000	179937.000
13.500	180067.000	3454.018	0.000	179994.000
13.510	180089.000	3077.813	0.000	180053.000
13.520	180109.000	2754.469	0.000	180113.000
13.530	180128.000	2498.128	0.000	180173.000
13.540	180147.000	2318.690	0.000	180231.000
13.550	180166.000	2193.083	0.000	180287.000
13.560	180186.000	2135.158	0.000	180340.000
13.570	180209.000	2184.611	0.000	180389.000
13.580	180234.000	2279.227	0.000	180433.000
13.590	180263.000	2465.459	0.000	180471.000
13.600	180293.000	2625.821	0.000	180503.000
13.610	180327.000	2858.075	0.000	180530.000
13.620	180364.000	3110.653	0.000	180552.000
13.630	180403.000	3347.457	0.000	180568.000
13.640	180444.000	3573.220	0.000	180580.000
13.650	180487.000	3791.254	0.000	180588.000
13.660	180531.000	3973.878	0.000	180593.000
13.670	180575.000	4101.714	0.000	180597.000
13.680	180618.000	4161.200	0.000	180601.000
13.690	180659.000	4142.840	0.000	180605.000
13.700	180698.000	4069.988	0.000	180610.000
13.710	180734.000	3928.992	0.000	180618.000
13.720	180767.000	3740.294	0.000	180630.000
13.730	180795.000	3458.206	0.000	180645.000
13.740	180820.000	3170.744	0.000	180664.000
13.750	180839.000	2789.521	0.000	180688.000
13.760	180855.000	2432.665	0.000	180716.000
13.770	180866.000	2032.865	0.000	180747.000
13.780	180874.000	1663.006	0.000	180782.000
13.790	180878.000	1284.104	0.000	180820.000
13.800	180881.000	988.873	0.000	180859.000
13.810	180881.000	692.211	0.000	180899.000
13.820	180882.000	514.548	0.000	180938.000
13.830	180882.000	360.183	0.000	180975.000
13.840	180883.000	282.128	0.000	181010.000
13.850	180886.000	287.490	0.000	181042.000
13.860	180891.000	351.243	0.000	181069.000
13.870	180899.000	485.870	0.000	181091.000
13.880	180910.000	670.109	0.000	181108.000
13.890	180925.000	919.076	0.000	181120.000
13.900	180942.000	1153.353	0.000	181126.000
13.910	180962.000	1407.347	0.000	181127.000
13.920	180985.000	1675.143	0.000	181125.000
13.930	181010.000	1922.600	0.000	181118.000
13.940	181036.000	2125.820	0.000	181107.000
13.950	181063.000	2298.074	0.000	181095.000
13.960	181090.000	2418.652	0.000	181082.000
13.970	181115.000	2443.056	0.000	181070.000
13.980	181138.000	2400.139	0.000	181059.000
13.990	181159.000	2310.098	0.000	181050.000
14.000	181175.000	2097.068	0.000	181044.000
14.010	181189.000	1887.948	0.000	181042.000
14.020	181198.000	1591.563	0.000	181043.000
14.030	181203.000	1264.094	0.000	181049.000
14.040	181205.000	944.866	0.000	181060.000
14.050	181204.000	631.406	0.000	181074.000
14.060	181198.000	261.984	0.000	181093.000
14.070	181190.000	-56.611	0.000	181114.000
14.080	181179.000	-369.628	0.000	181137.000
14.090	181168.000	-588.739	0.000	181161.000
14.100	181156.000	-772.118	0.000	181185.000
14.110	181144.000	-900.482	0.000	181208.000
14.120	181134.000	-930.338	0.000	181229.000
14.130	181125.000	-921.236	0.000	181248.000
14.140	181119.000	-824.865	0.000	181263.000
14.150	181116.000	-667.406	0.000	181274.000
14.160	181116.000	-467.184	0.000	181280.000
14.170	181118.000	-267.029	0.000	181282.000
14.180	181124.000	-6.920	0.000	181281.000
14.190	181134.000	295.156	0.000	181275.000
14.200	181145.000	536.609	0.000	181264.000
14.210	181159.000	795.626	0.000	181250.000
14.220	181173.000	976.938	0.000	181234.000
14.230	181189.000	1163.857	0.000	181216.000
14.240	181203.000	1234.700	0.000	181197.000
14.250	181217.000	1284.290	0.000	181179.000
14.260	181229.000	1259.003	0.000	181162.000
14.270	181239.000	1181.302	0.000	181147.000
14.280	181247.000	1066.911	0.000	181135.000
14.290	181251.000	866.838	0.000	181126.000
14.300	181252.000	636.787	0.000	181120.000
14.310	181251.000	415.751	0.000	181118.000
14.320	181245.000	111.025	0.000	181118.000
14.330	181235.000	-222.282	0.000	181123.000
14.340	181223.000	-515.598	0.000	181132.000
14.350	181210.000	-750.918	0.000	181142.000
14.360	181194.000	-1005.643	0.000	181155.000
14.370	181178.000	-1183.950	0.000	181169.000
14.380	181162.000	-1308.765	0.000	181182.000
14.390	181146.000	-1396.135	0.000	181195.000
14.400	181131.000	-1427.295	0.000	181207.000
14.410	181118.000	-1389.106	0.000	181216.000
14.420	181107.000	-1302.374	0.000	181223.000
14.430	181099.000	-1151.662	0.000	181226.000
14.440	181093.000	-986.163	0.000	181227.000
14.450	181090.000	-780.314	0.000	181224.000
14.460	181090.000	-546.220	0.000	181216.000
14.470	181091.000	-352.354	0.000	181205.000
14.480	181096.000	-96.648	0.000	181191.000
14.490	181103.000	142.347	0.000	181174.000
14.500	181111.000	339.643	0.000	181155.000
14.510	181120.000	507.750	0.000	181136.000
14.520	181128.000	595.425	0.000	181116.000
14.530	181136.000	656.797	0.000	181096.000
14.540	181141.000	609.758	0.000	181078.000
14.550	181145.000	546.831	0.000	181062.000
14.560	181147.000	442.782	0.000	181048.000
14.570	181147.000	309.947	0.000	181037.000
14.580	181143.000	96.963	0.000	181029.000
14.590	181136.000	-142.126	0.000	181024.000
14.600	181126.000	-399.488	0.000	181022.000
14.610	181114.000	-639.642	0.000	181022.000
14.620	181100.000	-867.749	0.000	181026.000
14.630	181084.000	-1087.424	0.000	181032.000
14.640	181067.000	-1271.197	0.000	181039.000
14.650	181050.000	-1399.838	0.000	181047.000
14.660	181034.000	-1459.887	0.000	181056.000
14.670	181018.000	-1501.921	0.000	181063.000
14.680	181004.000	-1471.344	0.000	181069.000
14.690	180991.000	-1419.941	0.000	181074.000
14.700	180981.000	-1293.959	0.000	181076.000
14.710	180973.000	-1145.771	0.000	181076.000
14.720	180968.000	-952.040	0.000	181073.000
14.730	180965.000	-756.428	0.000	181067.000
14.740	180965.000	-529.500	0.000	181058.000
14.750	180965.000	-370.650	0.000	181046.000
14.760	180970.000	-109.455	0.000	181032.000
14.770	180975.000	73.382	0.000	181017.000
14.780	180982.000	261.367	0.000	181000.000
14.790	180989.000	392.957	0.000	180984.000
14.800	180996.000	485.070	0.000	180967.000
14.810	181001.000	489.549	0.000	180952.000
14.820	181006.000	492.684	0.000	180938.000
14.830	181009.000	434.879	0.000	180926.000
14.840	181010.000	334.415	0.000	180917.000
14.850	181010.000	234.091	0.000	180910.000
14.860	181007.000	73.863	0.000	180906.000
14.870	181001.000	-128.296	0.000	180905.000
14.880	180993.000	-329.807	0.000	180905.000
14.890	180983.000	-530.865	0.000	180909.000
14.900	180973.000	-671.605	0.000	180916.000
14.910	180961.000	-830.124	0.000	180924.000
14.920	180949.000	-941.087	0.000	180933.000
14.930	180938.000	-988.761	0.000	180942.000
14.940	180926.000	-1052.132	0.000	180952.000
14.950	180916.000	-1036.493	0.000	180960.000
14.960	180907.000	-995.545	0.000	180967.000
14.970	180900.000	-906.881	0.000	180973.000
14.980	180895.000	-784.817	0.000	180977.000
14.990	180892.000	-639.372	0.000	180978.000
15.000	180891.000	-477.560	0.000	180978.000
