0.000	0.000	0.000	0.000	-1.000
0.010	1.000	30.000	-39.000	6.000
0.020	1.000	21.000	-27.000	9.000
0.030	1.000	14.700	-19.000	11.000
0.040	1.000	10.290	-13.000	13.000
0.050	1.000	7.203	-9.000	14.000
0.060	1.000	5.042	-6.000	15.000
0.070	1.000	3.529	-5.000	15.000
0.080	1.000	2.471	-3.000	16.000
0.090	0.000	-28.271	36.000	16.000
0.100	0.000	-19.789	25.000	16.000
0.110	0.000	-13.853	18.000	15.000
0.120	0.000	-9.697	12.000	13.000
0.130	0.000	-6.788	9.000	11.000
0.140	0.000	-4.751	6.000	8.000
0.150	0.000	-3.326	4.000	6.000
0.160	0.000	-2.328	3.000	3.000
0.170	0.000	-1.630	2.000	0.000
0.180	0.000	-1.141	1.000	-3.000
0.190	-1.000	-30.799	40.000	-6.000
0.200	-2.000	-51.559	66.000	-8.000
0.210	-3.000	-66.091	85.000	-10.000
0.220	-5.000	-106.264	137.000	-12.000
0.230	-6.000	-104.385	134.000	-14.000
0.240	-7.000	-103.069	133.000	-16.000
0.250	-9.000	-132.149	170.000	-17.000
0.260	-10.000	-122.504	158.000	-18.000
0.270	-11.000	-115.753	149.000	-18.000
0.280	-12.000	-111.027	143.000	-19.000
0.290	-13.000	-107.719	139.000	-19.000
0.300	-13.000	-75.403	97.000	-19.000
0.310	-13.000	-52.782	68.000	-19.000
0.320	-14.000	-66.948	86.000	-19.000
0.330	-14.000	-46.863	60.000	-19.000
0.340	-14.000	-32.804	42.000	-19.000
0.350	-14.000	-22.963	30.000	-18.000
0.360	-14.000	-16.074	21.000	-17.000
0.370	-14.000	-11.252	14.000	-16.000
0.380	-14.000	-7.876	10.000	-15.000
0.390	-14.000	-5.513	7.000	-14.000
0.400	-14.000	-3.859	5.000	-13.000
0.410	-14.000	-2.702	3.000	-12.000
0.420	-14.000	-1.891	2.000	-11.000
0.430	-14.000	-1.324	2.000	-10.000
0.440	-14.000	-0.927	1.000	-10.000
0.450	-14.000	-0.649	1.000	-9.000
0.460	-14.000	-0.454	1.000	-9.000
0.470	-14.000	-0.318	0.000	-9.000
0.480	-14.000	-0.222	0.000	-9.000
0.490	-13.000	29.844	-38.000	-9.000
0.500	-13.000	20.891	-27.000	-9.000
0.510	-13.000	14.624	374.000	-9.000
0.520	-12.000	40.237	735.000	-9.000
0.530	-11.000	58.166	1105.000	-9.000
0.540	-7.000	160.716	1366.000	-9.000
0.550	-1.000	292.501	1590.000	-9.000
0.560	8.000	474.751	1748.000	-9.000
0.570	20.000	692.326	1862.000	-9.000
0.580	35.000	934.628	1943.000	-9.000
0.590	53.000	1194.240	2002.000	-6.000
0.600	73.000	1435.968	2084.000	-2.000
0.610	96.000	1695.177	2144.000	4.000
0.620	120.000	1906.624	2265.000	13.000
0.630	146.000	2114.637	2391.000	25.000
0.640	174.000	2320.246	2519.000	40.000
0.650	204.000	2524.172	2650.000	60.000
0.660	236.000	2726.920	2782.000	82.000
0.670	271.000	2958.844	2877.000	110.000
0.680	307.000	3151.191	3023.000	141.000
0.690	347.000	3405.834	3088.000	177.000
0.700	390.000	3674.084	3136.000	218.000
0.710	436.000	3951.859	3172.000	263.000
0.720	486.000	4266.301	3161.000	314.000
0.730	536.000	4486.411	3271.000	368.000
0.740	589.000	4730.487	3350.000	428.000
0.750	645.000	4991.341	3407.000	492.000
0.760	703.000	5233.939	3488.000	559.000
0.770	767.000	5583.757	3432.000	632.000
0.780	834.000	5918.630	3394.000	708.000
0.790	906.000	6303.041	3292.000	787.000
0.800	982.000	6692.129	3185.000	869.000
0.810	1062.000	7084.490	3073.000	956.000
0.820	1144.000	7419.143	3036.000	1043.000
0.830	1231.000	7803.400	2935.000	1134.000
0.840	1322.000	8192.380	2827.000	1227.000
0.850	1418.000	8614.666	2677.000	1324.000
0.860	1514.000	8910.266	2690.000	1423.000
0.870	1613.000	9207.186	2701.000	1524.000
0.880	1717.000	9565.030	2634.000	1627.000
0.890	1824.000	9905.521	2589.000	1734.000
0.900	1932.000	10173.865	2637.000	1841.000
0.910	2043.000	10451.705	2673.000	1952.000
0.920	2158.000	10766.194	2661.000	2066.000
0.930	2274.000	11016.336	2732.000	2180.000
0.940	2393.000	11281.435	2784.000	2298.000
0.950	2517.000	11617.004	2746.000	2420.000
0.960	2641.000	11851.903	2837.000	2542.000
0.970	2770.000	12166.332	2825.000	2667.000
0.980	2904.000	12536.433	2742.000	2797.000
0.990	3037.000	12765.503	2841.000	2926.000
1.000	3176.000	13105.852	2796.000	3062.000
1.010	3316.000	13374.096	2451.000	3198.000
1.020	3459.000	13651.867	2094.000	3339.000
1.030	3605.000	13936.307	1728.000	3484.000
1.040	3751.000	14135.415	1471.000	3631.000
1.050	3897.000	14274.791	1292.000	3780.000
1.060	4044.000	14402.353	1128.000	3933.000
1.070	4190.000	14461.647	1052.000	4089.000
1.080	4335.000	14473.153	1037.000	4249.000
1.090	4481.000	14511.207	988.000	4412.000
1.100	4625.000	14477.845	1031.000	4574.000
1.110	4771.000	14514.492	984.000	4740.000
1.120	4916.000	14510.144	989.000	4903.000
1.130	5065.000	14627.101	839.000	5071.000
1.140	5216.000	14768.971	656.000	5240.000
1.150	5363.000	14748.279	683.000	5402.000
1.160	5517.000	14943.796	431.000	5567.000
1.170	5670.000	15050.657	294.000	5730.000
1.180	5824.000	15155.460	159.000	5891.000
1.190	5979.000	15258.822	26.000	6051.000
1.200	6134.000	15331.175	-67.000	6208.000
1.210	6290.000	15411.823	-171.000	6363.000
1.220	6447.000	15498.276	-282.000	6516.000
1.230	6605.000	15588.793	-399.000	6670.000
1.240	6761.000	15592.155	-403.000	6818.000
1.250	6915.000	15534.509	-329.000	6966.000
1.260	7069.000	15494.156	-277.000	7112.000
1.270	7224.000	15495.909	-279.000	7259.000
1.280	7374.000	15347.136	-88.000	7402.000
1.290	7523.000	15212.996	85.000	7544.000
1.300	7672.000	15119.097	206.000	7686.000
1.310	7822.000	15083.368	252.000	7830.000
1.320	7968.000	14938.357	438.000	7971.000
1.330	8114.000	14836.850	569.000	8112.000
1.340	8262.000	14825.795	583.000	8254.000
1.350	8409.000	14788.057	632.000	8396.000
1.360	8556.000	14761.640	666.000	8538.000
1.370	8705.000	14803.148	612.000	8682.000
1.380	8851.000	14742.203	691.000	8824.000
1.390	8998.000	14729.542	707.000	8968.000
1.400	9146.000	14750.680	680.000	9112.000
1.410	9294.000	14765.476	661.000	9258.000
1.420	9442.000	14775.833	647.000	9406.000
1.430	9588.000	14723.083	715.000	9552.000
1.440	9735.000	14716.158	724.000	9701.000
1.450	9884.000	14771.311	653.000	9853.000
1.460	10030.000	14719.918	719.000	10002.000
1.470	10179.000	14773.942	650.000	10154.000
1.480	10328.000	14811.760	601.000	10307.000
1.490	10474.000	14748.232	683.000	10458.000
1.500	10623.000	14793.762	624.000	10612.000
1.510	10770.000	14765.634	660.000	10763.000
1.520	10920.000	14835.943	570.000	10917.000
1.530	11068.000	14825.160	584.000	11069.000
1.540	11220.000	14937.612	439.000	11223.000
1.550	11370.000	14956.329	415.000	11376.000
1.560	11521.000	14999.430	360.000	11530.000
1.570	11671.000	14999.601	359.000	11682.000
1.580	11821.000	14999.721	359.000	11834.000
1.590	11971.000	14999.804	359.000	11985.000
1.600	12122.000	15029.863	320.000	12136.000
1.610	12272.000	15020.904	332.000	12286.000
1.620	12423.000	15044.633	301.000	12437.000
1.630	12571.000	14971.243	396.000	12586.000
1.640	12720.000	14949.870	423.000	12735.000
1.650	12868.000	14904.909	481.000	12883.000
1.660	13016.000	14873.436	522.000	13032.000
1.670	13166.000	14911.405	473.000	13180.000
1.680	13316.000	14937.984	439.000	13329.000
1.690	13463.000	14866.589	530.000	13474.000
1.700	13614.000	14936.612	440.000	13621.000
1.710	13761.000	14865.628	532.000	13765.000
1.720	13911.000	14905.940	480.000	13911.000
1.730	14060.000	14904.158	482.000	14057.000
1.740	14209.000	14902.911	484.000	14203.000
1.750	14358.000	14902.037	485.000	14349.000
1.760	14510.000	14991.426	370.000	14498.000
1.770	14657.000	14903.998	482.000	14642.000
1.780	14805.000	14872.799	522.000	14790.000
1.790	14954.000	14880.959	512.000	14937.000
1.800	15102.000	14856.671	543.000	15085.000
1.810	15250.000	14839.670	565.000	15233.000
1.820	15398.000	14827.769	580.000	15382.000
1.830	15547.000	14849.438	553.000	15532.000
1.840	15695.000	14834.607	572.000	15680.000
1.850	15844.000	14854.225	546.000	15831.000
1.860	15992.000	14837.957	567.000	15980.000
1.870	16143.000	14916.570	466.000	16132.000
1.880	16291.000	14881.599	511.000	16281.000
1.890	16440.000	14887.119	504.000	16431.000
1.900	16589.000	14890.984	499.000	16581.000
1.910	16738.000	14893.688	496.000	16731.000
1.920	16889.000	14955.582	416.000	16882.000
1.930	17036.000	14878.907	515.000	17030.000
1.940	17186.000	14915.235	468.000	17180.000
1.950	17335.000	14910.665	474.000	17330.000
1.960	17484.000	14907.465	478.000	17480.000
1.970	17633.000	14905.226	481.000	17629.000
1.980	17784.000	14963.658	406.000	17781.000
1.990	17930.000	14854.561	546.000	17928.000
2.000	18078.000	14838.192	567.000	18077.000
2.010	18226.000	14826.735	1594.000	18226.000
2.020	18375.000	14848.714	2479.000	18374.000
2.030	18527.000	14954.100	3069.000	18523.000
2.040	18684.000	15177.870	3246.000	18672.000
2.050	18847.000	15514.509	2973.000	18821.000
2.060	19017.000	15960.156	2240.000	18972.000
2.070	19187.000	16272.109	1373.000	19121.000
2.080	19362.000	16640.477	174.000	19273.000
2.090	19538.000	16928.334	-1110.000	19430.000
2.100	19705.000	16859.834	-2034.000	19585.000
2.110	19867.000	16661.883	-2792.000	19745.000
2.120	20021.000	16283.318	-3219.000	19908.000
2.130	20165.000	15718.323	-3216.000	20074.000
2.140	20300.000	15052.826	-2826.000	20242.000
2.150	20426.000	14316.978	-2039.000	20412.000
2.160	20546.000	13621.885	-984.000	20583.000
2.170	20663.000	13045.319	223.000	20751.000
2.180	20781.000	12671.724	1429.000	20919.000
2.190	20901.000	12470.206	2601.000	21080.000
2.200	21032.000	12659.145	3371.000	21239.000
2.210	21170.000	13001.401	3943.000	21388.000
2.220	21323.000	13690.981	3969.000	21533.000
2.230	21488.000	14533.687	3610.000	21672.000
2.240	21665.000	15483.581	2853.000	21806.000
2.250	21852.000	16448.506	1772.000	21935.000
2.260	22046.000	17333.954	472.000	22064.000
2.270	22239.000	17923.768	-752.000	22190.000
2.280	22431.000	18306.638	-1970.000	22317.000
2.290	22619.000	18454.646	-3074.000	22451.000
2.300	22792.000	18108.252	-3641.000	22585.000
2.310	22954.000	17535.777	-3917.000	22726.000
2.320	23102.000	16715.044	-3774.000	22874.000
2.330	23235.000	15690.531	-3181.000	23028.000
2.340	23356.000	14613.371	-2260.000	23188.000
2.350	23463.000	13439.360	-910.000	23349.000
2.360	23565.000	12467.552	501.000	23517.000
2.370	23662.000	11637.286	2035.000	23684.000
2.380	23763.000	11176.100	3353.000	23852.000
2.390	23869.000	11003.270	4489.000	24015.000
2.400	23988.000	11272.289	5155.000	24176.000
2.410	24120.000	11850.602	5424.000	24331.000
2.420	24268.000	12735.422	5199.000	24481.000
2.430	24429.000	13744.795	4625.000	24624.000
2.440	24606.000	14931.357	3563.000	24762.000
2.450	24798.000	16211.950	2076.000	24898.000
2.460	24991.000	17138.365	724.000	25027.000
2.470	25188.000	17906.855	-731.000	25156.000
2.480	25386.000	18474.799	-2186.000	25287.000
2.490	25577.000	18662.359	-3341.000	25421.000
2.500	25757.000	18463.651	-4098.000	25559.000
2.510	25928.000	18054.556	-4584.000	25705.000
2.520	26078.000	17138.189	-4319.000	25853.000
2.530	26215.000	16106.732	-3716.000	26010.000
2.540	26337.000	14934.713	-2674.000	26172.000
2.550	26447.000	13754.299	-1315.000	26336.000
2.560	26550.000	12718.009	179.000	26505.000
2.570	26649.000	11872.606	1732.000	26673.000
2.580	26752.000	11400.825	3064.000	26843.000
2.590	26861.000	11250.577	4171.000	27011.000
2.600	26979.000	11415.404	4971.000	27172.000
2.610	27112.000	11980.783	5256.000	27329.000
2.620	27259.000	12796.548	5120.000	27481.000
2.630	27423.000	13877.584	4454.000	27627.000
2.640	27601.000	15054.309	3405.000	27768.000
2.650	27790.000	16208.016	2081.000	27904.000
2.660	27985.000	17195.611	650.000	28035.000
2.670	28184.000	18006.928	-859.000	28166.000
2.680	28383.000	18574.849	-2315.000	28299.000
2.690	28570.000	18612.395	-3277.000	28431.000
2.700	28750.000	18428.676	-4053.000	28568.000
2.710	28918.000	17940.073	-4437.000	28713.000
2.720	29066.000	16998.051	-4138.000	28859.000
2.730	29204.000	16038.636	-3629.000	29015.000
2.740	29322.000	14767.045	-2458.000	29172.000
2.750	29432.000	13636.932	-1164.000	29336.000
2.760	29535.000	12635.852	285.000	29502.000
2.770	29635.000	11845.096	1767.000	29668.000
2.780	29737.000	11351.568	3127.000	29833.000
2.790	29845.000	11186.097	4254.000	29996.000
2.800	29964.000	11400.268	4991.000	30154.000
2.810	30096.000	11940.188	5309.000	30307.000
2.820	30243.000	12768.131	5157.000	30455.000
2.830	30407.000	13857.692	4480.000	30598.000
2.840	30584.000	15010.384	3462.000	30735.000
2.850	30772.000	16147.269	2159.000	30866.000
2.860	30971.000	17273.088	550.000	30999.000
2.870	31168.000	18001.162	-852.000	31127.000
2.880	31362.000	18420.813	-2117.000	31255.000
2.890	31552.000	18594.569	-3254.000	31389.000
2.900	31731.000	18386.199	-3998.000	31527.000
2.910	31896.000	17820.339	-4283.000	31670.000
2.920	32046.000	16974.237	-4108.000	31820.000
2.930	32183.000	15991.966	-3569.000	31978.000
2.940	32303.000	14794.376	-2493.000	32138.000
2.950	32412.000	13626.063	-1150.000	32302.000
2.960	32514.000	12598.244	333.000	32471.000
2.970	32614.000	11818.771	1801.000	32640.000
2.980	32716.000	11333.140	3151.000	32811.000
2.990	32823.000	11143.198	4309.000	32975.000
3.000	32942.000	11370.238	5029.000	33137.000
3.010	33076.000	11979.167	5258.000	33295.000
3.020	33223.000	12795.417	5122.000	33445.000
3.030	33385.000	13816.792	4532.000	33587.000
3.040	33565.000	15071.754	3383.000	33728.000
3.050	33752.000	16160.228	2143.000	33861.000
3.060	33948.000	17192.160	654.000	33992.000
3.070	34147.000	18004.512	-856.000	34122.000
3.080	34343.000	18483.158	-2197.000	34252.000
3.090	34532.000	18608.211	-3272.000	34385.000
3.100	34712.000	18425.748	-4049.000	34522.000
3.110	34878.000	17878.023	-4357.000	34663.000
3.120	35030.000	17074.616	-4237.000	34812.000
3.130	35163.000	15942.231	-3505.000	34964.000
3.140	35286.000	14849.562	-2564.000	35126.000
3.150	35396.000	13694.693	-1238.000	35288.000
3.160	35497.000	12616.285	310.000	35452.000
3.170	35596.000	11801.400	1824.000	35619.000
3.180	35699.000	11350.980	3128.000	35786.000
3.190	35806.000	11155.686	4293.000	35948.000
3.200	35925.000	11378.980	5018.000	36108.000
3.210	36060.000	12015.286	5212.000	36264.000
3.220	36206.000	12790.700	5128.000	36412.000
3.230	36370.000	13873.490	4459.000	36557.000
3.240	36546.000	14991.443	3486.000	36696.000
3.250	36731.000	16044.010	2292.000	36828.000
3.260	36929.000	17170.807	682.000	36962.000
3.270	37125.000	17899.565	-721.000	37092.000
3.280	37322.000	18439.695	-2141.000	37224.000
3.290	37516.000	18727.787	-3425.000	37361.000
3.300	37694.000	18449.451	-4080.000	37499.000
3.310	37860.000	17894.616	-4378.000	37642.000
3.320	38011.000	17056.231	-4213.000	37792.000
3.330	38148.000	16049.362	-3642.000	37950.000
3.340	38271.000	14924.553	-2660.000	38112.000
3.350	38382.000	13777.187	-1344.000	38278.000
3.360	38486.000	12764.031	120.000	38448.000
3.370	38588.000	11994.822	1575.000	38618.000
3.380	38691.000	11486.375	2954.000	38788.000
3.390	38799.000	11280.463	4132.000	38955.000
3.400	38917.000	11436.324	4944.000	39117.000
3.410	39050.000	11995.427	5238.000	39275.000
3.420	39196.000	12776.799	5146.000	39424.000
3.430	39361.000	13893.759	4433.000	39571.000
3.440	39536.000	14975.631	3506.000	39709.000
3.450	39722.000	16062.942	2268.000	39842.000
3.460	39920.000	17184.059	665.000	39975.000
3.470	40115.000	17878.842	-695.000	40103.000
3.480	40314.000	18485.189	-2200.000	40234.000
3.490	40505.000	18669.632	-3351.000	40366.000
3.500	40683.000	18408.743	-4027.000	40499.000
3.510	40853.000	17986.120	-4496.000	40642.000
3.520	41004.000	17120.284	-4295.000	40787.000
3.530	41140.000	16064.199	-3661.000	40937.000
3.540	41264.000	14964.939	-2712.000	41095.000
3.550	41375.000	13805.457	-1381.000	41257.000
3.560	41478.000	12753.820	133.000	41422.000
3.570	41578.000	11927.674	1661.000	41588.000
3.580	41680.000	11409.372	3053.000	41755.000
3.590	41788.000	11226.560	4202.000	41920.000
3.600	41906.000	11398.592	4993.000	42080.000
3.610	42036.000	11879.015	5387.000	42236.000
3.620	42182.000	12695.310	5250.000	42387.000
3.630	42345.000	13776.717	4584.000	42532.000
3.640	42519.000	14863.702	3651.000	42670.000
3.650	42707.000	16044.591	2291.000	42805.000
3.660	42903.000	17111.214	758.000	42937.000
3.670	43102.000	17947.850	-783.000	43069.000
3.680	43302.000	18563.495	-2301.000	43202.000
3.690	43490.000	18634.446	-3305.000	43336.000
3.700	43670.000	18444.112	-4073.000	43476.000
3.710	43837.000	17920.879	-4412.000	43621.000
3.720	43989.000	17104.615	-4275.000	43772.000
3.730	44124.000	16023.231	-3609.000	43928.000
3.740	44247.000	14906.261	-2637.000	44091.000
3.750	44356.000	13704.383	-1251.000	44255.000
3.760	44459.000	12683.068	224.000	44425.000
3.770	44556.000	11788.148	1841.000	44592.000
3.780	44656.000	11251.703	3256.000	44760.000
3.790	44762.000	11056.192	4421.000	44927.000
3.800	44880.000	11279.335	5146.000	45087.000
3.810	45012.000	11855.534	5418.000	45244.000
3.820	45157.000	12648.874	5310.000	45392.000
3.830	45319.000	13714.212	4664.000	45534.000
3.840	45495.000	14879.948	3630.000	45670.000
3.850	45683.000	16055.964	2277.000	45801.000
3.860	45878.000	17089.175	787.000	45929.000
3.870	46080.000	18022.422	-879.000	46058.000
3.880	46276.000	18495.696	-2213.000	46185.000
3.890	46467.000	18676.987	-3360.000	46315.000
3.900	46648.000	18503.891	-4150.000	46450.000
3.910	46815.000	17962.724	-4466.000	46589.000
3.920	46968.000	17163.907	-4352.000	46735.000
3.930	47106.000	16154.735	-3778.000	46889.000
3.940	47227.000	14938.314	-2678.000	47045.000
3.950	47338.000	13786.820	-1357.000	47208.000
3.960	47441.000	12740.774	150.000	47374.000
3.970	47540.000	11888.542	1712.000	47542.000
3.980	47642.000	11381.979	3088.000	47710.000
3.990	47750.000	11207.385	4226.000	47877.000
4.000	47866.000	11325.170	5087.000	48038.000
4.010	48000.000	11947.619	5299.000	48198.000
4.020	48145.000	12713.333	5227.000	48347.000
4.030	48307.000	13759.333	4606.000	48493.000
4.040	48482.000	14881.533	3628.000	48632.000
4.050	48671.000	16087.073	2237.000	48769.000
4.060	48866.000	17110.951	759.000	48903.000
4.070	49065.000	17947.666	-783.000	49035.000
4.080	49261.000	18443.366	-2146.000	49168.000
4.090	49452.000	18640.356	-3313.000	49304.000
4.100	49632.000	18448.249	-4078.000	49444.000
4.110	49798.000	17893.775	-4377.000	49588.000
4.120	49950.000	17085.642	-4251.000	49739.000
4.130	50088.000	16099.950	-3707.000	49896.000
4.140	50209.000	14899.965	-2629.000	50057.000
4.150	50317.000	13669.975	-1206.000	50219.000
4.160	50420.000	12658.983	255.000	50385.000
4.170	50520.000	11861.288	1747.000	50553.000
4.180	50622.000	11362.902	3113.000	50721.000
4.190	50730.000	11194.031	4244.000	50883.000
4.200	50849.000	11405.822	4984.000	51043.000
4.210	50981.000	11944.075	5304.000	51196.000
4.220	51128.000	12770.853	5153.000	51344.000
4.230	51293.000	13889.597	4439.000	51487.000
4.240	51473.000	15122.718	3317.000	51625.000
4.250	51658.000	16135.902	2174.000	51754.000
4.260	51856.000	17235.132	599.000	51884.000
4.270	52055.000	18034.592	-895.000	52012.000
4.280	52250.000	18474.215	-2186.000	52139.000
4.290	52444.000	18751.950	-3457.000	52273.000
4.300	52621.000	18436.365	-4063.000	52408.000
4.310	52787.000	17885.456	-4367.000	52549.000
4.320	52939.000	17079.819	-4243.000	52699.000
4.330	53073.000	15975.873	-3548.000	52852.000
4.340	53194.000	14813.111	-2517.000	53012.000
4.350	53304.000	13669.178	-1205.000	53178.000
4.360	53407.000	12658.425	256.000	53346.000
4.370	53507.000	11860.897	1747.000	53515.000
4.380	53608.000	11332.628	3152.000	53684.000
4.390	53717.000	11202.840	4232.000	53850.000
4.400	53836.000	11411.988	4976.000	54013.000
4.410	53968.000	11948.391	5298.000	54170.000
4.420	54114.000	12743.874	5188.000	54322.000
4.430	54277.000	13810.712	4540.000	54468.000
4.440	54454.000	14977.498	3504.000	54609.000
4.450	54642.000	16124.249	2189.000	54746.000
4.460	54840.000	17226.974	610.000	54880.000
4.470	55035.000	17908.882	-733.000	55011.000
4.480	55234.000	18506.217	-2227.000	55144.000
4.490	55423.000	18624.352	-3292.000	55278.000
4.500	55603.000	18437.046	-4064.000	55417.000
4.510	55770.000	17915.933	-4406.000	55561.000
4.520	55924.000	17161.153	-4348.000	55713.000
4.530	56058.000	16032.807	-3621.000	55867.000
4.540	56180.000	14882.965	-2607.000	56029.000
4.550	56290.000	13718.075	-1268.000	56192.000
4.560	56394.000	12722.653	173.000	56361.000
4.570	56494.000	11905.857	1689.000	56530.000
4.580	56596.000	11394.100	3073.000	56695.000
4.590	56705.000	11245.870	4177.000	56859.000
4.600	56827.000	11532.109	4821.000	57022.000
4.610	56959.000	12032.476	5190.000	57175.000
4.620	57107.000	12862.733	5035.000	57323.000
4.630	57270.000	13893.913	4433.000	57467.000
4.640	57448.000	15065.739	3391.000	57604.000
4.650	57639.000	16276.018	1994.000	57740.000
4.660	57836.000	17303.212	511.000	57871.000
4.670	58033.000	18022.249	-879.000	58000.000
4.680	58232.000	18585.574	-2329.000	58132.000
4.690	58421.000	18679.902	-3364.000	58264.000
4.700	58599.000	18415.931	-4037.000	58401.000
4.710	58765.000	17871.152	-4348.000	58544.000
4.720	58916.000	17039.806	-4192.000	58693.000
4.730	59051.000	15977.864	-3550.000	58848.000
4.740	59173.000	14844.505	-2557.000	59009.000
4.750	59283.000	13691.154	-1234.000	59175.000
4.760	59386.000	12673.807	236.000	59343.000
4.770	59486.000	11871.665	1733.000	59513.000
4.780	59588.000	11370.166	3104.000	59683.000
4.790	59697.000	11229.116	4198.000	59850.000
4.800	59816.000	11430.381	4952.000	60011.000
4.810	59946.000	11901.267	5359.000	60165.000
4.820	60095.000	12800.887	5115.000	60316.000
4.830	60258.000	13850.621	4489.000	60460.000
4.840	60431.000	14885.435	3623.000	60596.000
4.850	60619.000	16059.804	2272.000	60730.000
4.860	60813.000	17061.863	822.000	60861.000
4.870	61011.000	17883.304	-700.000	60991.000
4.880	61208.000	18428.313	-2127.000	61121.000
4.890	61398.000	18599.819	-3261.000	61255.000
4.900	61576.000	18359.873	-3965.000	61391.000
4.910	61743.000	17861.911	-4336.000	61532.000
4.920	61893.000	17003.338	-4145.000	61679.000
4.930	62029.000	15982.337	-3556.000	61832.000
4.940	62151.000	14847.636	-2561.000	61990.000
4.950	62261.000	13693.345	-1237.000	62153.000
4.960	62365.000	12705.341	195.000	62321.000
4.970	62464.000	11863.739	1744.000	62486.000
4.980	62566.000	11364.617	3111.000	62653.000
4.990	62676.000	11255.232	4165.000	62819.000
5.000	62794.000	11418.662	4967.000	62977.000
5.010	62924.000	11893.064	5369.000	63132.000
5.020	63070.000	12705.145	5238.000	63281.000
5.030	63232.000	13753.601	4614.000	63424.000
5.040	63408.000	14907.521	3594.000	63563.000
5.050	63595.000	16045.265	2290.000	63697.000
5.060	63790.000	17081.685	796.000	63829.000
5.070	63990.000	17957.180	-795.000	63961.000
5.080	64186.000	18450.026	-2155.000	64091.000
5.090	64377.000	18645.018	-3319.000	64225.000
5.100	64560.000	18541.513	-4198.000	64364.000
5.110	64725.000	17929.059	-4423.000	64505.000
5.120	64877.000	17110.341	-4283.000	64654.000
5.130	65015.000	16117.239	-3730.000	64811.000
5.140	65136.000	14912.067	-2644.000	64970.000
5.150	65248.000	13798.447	-1372.000	65136.000
5.160	65349.000	12688.913	216.000	65303.000
5.170	65448.000	11852.239	1758.000	65472.000
5.180	65549.000	11326.567	3160.000	65642.000
5.190	65657.000	11168.597	4276.000	65808.000
5.200	65772.000	11268.018	5161.000	65967.000
5.210	65903.000	11817.613	5466.000	66123.000
5.220	66049.000	12652.329	5306.000	66272.000
5.230	66211.000	13716.630	4661.000	66416.000
5.240	66391.000	15001.641	3473.000	66556.000
5.250	66574.000	15991.149	2360.000	66687.000
5.260	66769.000	17043.804	845.000	66817.000
5.270	66968.000	17900.663	-723.000	66946.000
5.280	67166.000	18470.464	-2181.000	67077.000
5.290	67356.000	18629.325	-3299.000	67209.000
5.300	67535.000	18410.527	-4030.000	67344.000
5.310	67703.000	17927.369	-4421.000	67486.000
5.320	67855.000	17109.158	-4281.000	67632.000
5.330	67991.000	16056.411	-3651.000	67785.000
5.340	68114.000	14929.488	-2667.000	67945.000
5.350	68225.000	13780.641	-1349.000	68108.000
5.360	68329.000	12766.449	117.000	68275.000
5.370	68429.000	11936.514	1650.000	68443.000
5.380	68532.000	11445.560	3007.000	68613.000
5.390	68638.000	11191.892	4246.000	68776.000
5.400	68755.000	11344.324	5063.000	68938.000
5.410	68889.000	11961.027	5282.000	69097.000
5.420	69034.000	12722.719	5215.000	69245.000
5.430	69196.000	13765.903	4598.000	69391.000
5.440	69375.000	15006.132	3467.000	69532.000
5.450	69562.000	16114.293	2202.000	69667.000
5.460	69761.000	17250.005	580.000	69801.000
5.470	69959.000	18015.003	-870.000	69932.000
5.480	70156.000	18520.502	-2245.000	70065.000
5.490	70348.000	18724.352	-3421.000	70200.000
5.500	70531.000	18597.046	-4270.000	70341.000
5.510	70697.000	17997.932	-4511.000	70484.000
5.520	70849.000	17158.553	-4345.000	70635.000
5.530	70985.000	16090.987	-3696.000	70791.000
5.540	71107.000	14923.691	-2659.000	70954.000
5.550	71216.000	13716.584	-1266.000	71118.000
5.560	71317.000	12631.608	290.000	71286.000
5.570	71416.000	11812.126	1810.000	71455.000
5.580	71517.000	11298.488	3196.000	71623.000
5.590	71625.000	11148.942	4302.000	71789.000
5.600	71742.000	11314.259	5101.000	71948.000
5.610	71873.000	11849.981	5425.000	72103.000
5.620	72019.000	12674.987	5277.000	72251.000
5.630	72184.000	13822.491	4525.000	72395.000
5.640	72359.000	14925.744	3571.000	72530.000
5.650	72546.000	16058.021	2274.000	72661.000
5.660	72745.000	17210.614	631.000	72791.000
5.670	72941.000	17927.430	-757.000	72916.000
5.680	73141.000	18549.201	-2282.000	73044.000
5.690	73332.000	18714.441	-3408.000	73174.000
5.700	73512.000	18500.109	-4145.000	73308.000
5.710	73680.000	17990.076	-4501.000	73448.000
5.720	73833.000	17183.053	-4376.000	73595.000
5.730	73970.000	16138.137	-3757.000	73749.000
5.740	74093.000	14986.696	-2740.000	73908.000
5.750	74204.000	13820.687	-1400.000	74072.000
5.760	74307.000	12764.481	119.000	74240.000
5.770	74407.000	11935.137	1652.000	74412.000
5.780	74508.000	11384.596	3085.000	74580.000
5.790	74614.000	11149.217	4301.000	74745.000
5.800	74732.000	11344.452	5063.000	74908.000
5.810	74863.000	11871.116	5397.000	75067.000
5.820	75010.000	12719.781	5219.000	75220.000
5.830	75174.000	13823.847	4523.000	75369.000
5.840	75349.000	14926.693	3569.000	75510.000
5.850	75536.000	16058.685	2273.000	75648.000
5.860	75731.000	17091.080	784.000	75782.000
5.870	75930.000	17933.756	-765.000	75915.000
5.880	76129.000	18523.629	-2249.000	76050.000
5.890	76317.000	18606.540	-3269.000	76183.000
5.900	76498.000	18454.578	-4086.000	76322.000
5.910	76667.000	17988.205	-4499.000	76468.000
5.920	76816.000	17061.743	-4220.000	76615.000
5.930	76952.000	16023.220	-3609.000	76770.000
5.940	77073.000	14846.254	-2560.000	76929.000
5.950	77184.000	13722.378	-1274.000	77093.000
5.960	77287.000	12695.665	208.000	77259.000
5.970	77387.000	11886.965	1714.000	77425.000
5.980	77489.000	11380.876	3090.000	77590.000
5.990	77596.000	11176.613	4266.000	77752.000
6.000	77715.000	11393.629	4999.000	77909.000
6.010	77847.000	11935.540	5315.000	78062.000
6.020	77996.000	12824.878	5084.000	78210.000
6.030	78156.000	13777.415	4583.000	78349.000
6.040	78332.000	14924.190	3573.000	78484.000
6.050	78521.000	16116.933	2198.000	78616.000
6.060	78716.000	17131.853	732.000	78744.000
6.070	78913.000	17902.297	-725.000	78872.000
6.080	79110.000	18441.608	-2144.000	79001.000
6.090	79300.000	18609.126	-3273.000	79133.000
6.100	79480.000	18426.388	-4050.000	79270.000
6.110	79645.000	17848.472	-4319.000	79412.000
6.120	79796.000	17023.930	-4172.000	79560.000
6.130	79934.000	16056.751	-3652.000	79718.000
6.140	80052.000	14779.726	-2474.000	79876.000
6.150	80161.000	13615.808	-1137.000	80042.000
6.160	80265.000	12651.066	265.000	80213.000
6.170	80363.000	11795.746	1831.000	80380.000
6.180	80464.000	11287.022	3211.000	80549.000
6.190	80573.000	11170.916	4273.000	80716.000
6.200	80690.000	11329.641	5082.000	80876.000
6.210	80822.000	11890.749	5372.000	81034.000
6.220	80969.000	12733.524	5201.000	81184.000
6.230	81132.000	13803.467	4549.000	81329.000
6.240	81309.000	14972.427	3511.000	81469.000
6.250	81498.000	16150.699	2155.000	81604.000
6.260	81695.000	17215.489	624.000	81736.000
6.270	81896.000	18080.842	-955.000	81868.000
6.280	82091.000	18506.590	-2227.000	81998.000
6.290	82281.000	18654.613	-3331.000	82131.000
6.300	82464.000	18548.229	-4207.000	82270.000
6.310	82629.000	17933.760	-4429.000	82411.000
6.320	82779.000	17053.632	-4210.000	82558.000
6.330	82916.000	16047.543	-3640.000	82713.000
6.340	83037.000	14863.280	-2582.000	82872.000
6.350	83149.000	13764.296	-1328.000	83039.000
6.360	83251.000	12695.007	208.000	83203.000
6.370	83353.000	11946.505	1637.000	83374.000
6.380	83454.000	11392.553	3075.000	83537.000
6.390	83563.000	11244.787	4178.000	83702.000
6.400	83683.000	11471.351	4899.000	83861.000
6.410	83817.000	12049.946	5167.000	84018.000
6.420	83963.000	12814.962	5096.000	84165.000
6.430	84126.000	13860.473	4476.000	84309.000
6.440	84306.000	15102.331	3343.000	84449.000
6.450	84492.000	16151.632	2154.000	84582.000
6.460	84688.000	17186.142	662.000	84714.000
6.470	84888.000	18030.300	-890.000	84846.000
6.480	85082.000	18441.210	-2143.000	84975.000
6.490	85274.000	18668.847	-3350.000	85111.000
6.500	85451.000	18378.193	-3988.000	85248.000
6.510	85618.000	17874.735	-4353.000	85392.000
6.520	85771.000	17102.314	-4272.000	85544.000
6.530	85906.000	16021.620	-3607.000	85700.000
6.540	86027.000	14845.134	-2558.000	85859.000
6.550	86139.000	13751.594	-1312.000	86026.000
6.560	86242.000	12716.116	181.000	86194.000
6.570	86342.000	11901.281	1695.000	86364.000
6.580	86444.000	11390.897	3077.000	86534.000
6.590	86552.000	11213.628	4218.000	86700.000
6.600	86671.000	11419.539	4966.000	86862.000
6.610	86803.000	11953.678	5291.000	87019.000
6.620	86950.000	12777.574	5145.000	87169.000
6.630	87114.000	13864.302	4471.000	87315.000
6.640	87290.000	14985.011	3494.000	87453.000
6.650	87478.000	16129.508	2182.000	87588.000
6.660	87673.000	17140.656	721.000	87719.000
6.670	87871.000	17938.459	-771.000	87849.000
6.680	88068.000	18466.921	-2176.000	87981.000
6.690	88260.000	18686.845	-3373.000	88116.000
6.700	88436.000	18360.791	-3966.000	88252.000
6.710	88603.000	17862.554	-4337.000	88395.000
6.720	88756.000	17093.788	-4261.000	88544.000
6.730	88892.000	16045.651	-3638.000	88697.000
6.740	89016.000	14951.956	-2696.000	88858.000
6.750	89126.000	13766.369	-1331.000	89019.000
6.760	89230.000	12756.458	129.000	89186.000
6.770	89331.000	11959.521	1620.000	89355.000
6.780	89433.000	11431.665	3024.000	89520.000
6.790	89541.000	11242.165	4182.000	89684.000
6.800	89658.000	11379.516	5017.000	89845.000
6.810	89791.000	11955.661	5289.000	90001.000
6.820	89938.000	12778.963	5143.000	90150.000
6.830	90100.000	13805.274	4547.000	90294.000
6.840	90277.000	14973.692	3509.000	90432.000
6.850	90465.000	16121.584	2192.000	90566.000
6.860	90660.000	17135.109	728.000	90697.000
6.870	90858.000	17934.576	-766.000	90827.000
6.880	91059.000	18584.203	-2327.000	90960.000
6.890	91247.000	18648.942	-3324.000	91092.000
6.900	91427.000	18454.260	-4086.000	91230.000
6.910	91597.000	18017.982	-4537.000	91376.000
6.920	91746.000	17082.587	-4247.000	91524.000
6.930	91883.000	16067.811	-3666.000	91680.000
6.940	92003.000	14847.468	-2561.000	91841.000
6.950	92112.000	13663.227	-1198.000	92006.000
6.960	92214.000	12624.259	299.000	92175.000
6.970	92313.000	11806.981	1817.000	92344.000
6.980	92413.000	11264.887	3239.000	92512.000
6.990	92520.000	11095.421	4370.000	92678.000
7.000	92637.000	11276.795	5150.000	92839.000
7.010	92769.000	11853.756	5420.000	92996.000
7.020	92916.000	12707.629	5235.000	93146.000
7.030	93076.000	13695.341	4688.000	93288.000
7.040	93252.000	14866.738	3647.000	93426.000
7.050	93440.000	16046.717	2289.000	93559.000
7.060	93636.000	17112.702	757.000	93689.000
7.070	93834.000	17918.891	-746.000	93816.000
7.080	94031.000	18453.224	-2159.000	93945.000
7.090	94223.000	18677.257	-3360.000	94076.000
7.100	94403.000	18474.080	-4112.000	94211.000
7.110	94573.000	18031.856	-4555.000	94354.000
7.120	94722.000	17092.299	-4259.000	94498.000
7.130	94860.000	16104.609	-3713.000	94653.000
7.140	94981.000	14903.227	-2633.000	94810.000
7.150	95091.000	13732.259	-1287.000	94973.000
7.160	95194.000	12702.581	199.000	95139.000
7.170	95293.000	11861.807	1746.000	95306.000
7.180	95394.000	11333.265	3151.000	95474.000
7.190	95503.000	11203.285	4232.000	95640.000
7.200	95619.000	11322.300	5091.000	95798.000
7.210	95750.000	11855.610	5417.000	95955.000
7.220	95896.000	12678.927	5271.000	96105.000
7.230	96059.000	13765.249	4599.000	96250.000
7.240	96235.000	14915.674	3584.000	96389.000
7.250	96424.000	16110.972	2206.000	96524.000
7.260	96620.000	17157.680	699.000	96656.000
7.270	96820.000	18010.376	-864.000	96787.000
7.280	97017.000	18517.263	-2241.000	96919.000
7.290	97208.000	18692.084	-3379.000	97053.000
7.300	97388.000	18484.459	-4125.000	97192.000
7.310	97555.000	17949.121	-4449.000	97336.000
7.320	97705.000	17064.385	-4224.000	97486.000
7.330	97840.000	15995.069	-3573.000	97642.000
7.340	97961.000	14826.549	-2534.000	97803.000
7.350	98070.000	13648.584	-1179.000	97968.000
7.360	98173.000	12644.009	274.000	98139.000
7.370	98272.000	11820.806	1799.000	98307.000
7.380	98370.000	11214.564	3304.000	98472.000
7.390	98476.000	11030.195	4454.000	98636.000
7.400	98593.000	11231.137	5208.000	98796.000
7.410	98727.000	11881.796	5384.000	98953.000
7.420	98872.000	12667.257	5286.000	99099.000
7.430	99034.000	13727.080	4648.000	99241.000
7.440	99213.000	14978.956	3502.000	99379.000
7.450	99399.000	16065.269	2265.000	99510.000
7.460	99594.000	17095.688	778.000	99638.000
7.470	99794.000	17966.982	-808.000	99766.000
7.480	99992.000	18516.887	-2241.000	99894.000
7.490	100185.000	18751.821	-3456.000	100026.000
7.500	100366.000	18556.275	-4217.000	100162.000
7.510	100535.000	18059.392	-4590.000	100304.000
7.520	100687.000	17201.575	-4400.000	100451.000
7.530	100824.000	16151.102	-3773.000	100606.000
7.540	100947.000	14995.772	-2752.000	100766.000
7.550	101057.000	13797.040	-1370.000	100932.000
7.560	101160.000	12747.928	140.000	101101.000
7.570	101259.000	11893.550	1705.000	101271.000
7.580	101361.000	11385.485	3084.000	101440.000
7.590	101469.000	11209.839	4223.000	101608.000
7.600	101587.000	11386.888	5008.000	101771.000
7.610	101719.000	11930.821	5321.000	101930.000
7.620	101866.000	12761.575	5165.000	102082.000
7.630	102028.000	13793.102	4563.000	102230.000
7.640	102203.000	14905.172	3597.000	102370.000
7.650	102391.000	16073.620	2254.000	102507.000
7.660	102587.000	17131.534	732.000	102641.000
7.670	102787.000	17992.074	-840.000	102773.000
7.680	102985.000	18534.452	-2263.000	102906.000
7.690	103178.000	18764.116	-3472.000	103042.000
7.700	103356.000	18474.881	-4113.000	103178.000
7.710	103525.000	18002.417	-4517.000	103323.000
7.720	103675.000	17101.692	-4272.000	103470.000
7.730	103811.000	16051.184	-3645.000	103625.000
7.740	103933.000	14895.829	-2623.000	103784.000
7.750	104043.000	13727.080	-1280.000	103948.000
7.760	104145.000	12668.956	242.000	104115.000
7.770	104246.000	11898.269	1699.000	104281.000
7.780	104348.000	11388.789	3080.000	104447.000
7.790	104457.000	11242.152	4182.000	104611.000
7.800	104575.000	11409.506	4979.000	104769.000
7.810	104708.000	11976.654	5262.000	104923.000
7.820	104855.000	12793.658	5124.000	105069.000
7.830	105019.000	13875.561	4457.000	105212.000
7.840	105195.000	14992.892	3484.000	105346.000
7.850	105383.000	16135.025	2175.000	105478.000
7.860	105579.000	17174.517	677.000	105608.000
7.870	105777.000	17962.162	-802.000	105737.000
7.880	105975.000	18513.513	-2236.000	105868.000
7.890	106168.000	18749.459	-3453.000	106002.000
7.900	106345.000	18434.622	-4061.000	106138.000
7.910	106513.000	17944.235	-4442.000	106283.000
7.920	106661.000	17000.965	-4142.000	106430.000
7.930	106797.000	15980.675	-3554.000	106586.000
7.940	106919.000	14846.473	-2560.000	106748.000
7.950	107028.000	13662.531	-1197.000	106912.000
7.960	107130.000	12623.772	300.000	107081.000
7.970	107229.000	11806.640	1817.000	107251.000
7.980	107330.000	11294.648	3201.000	107421.000
7.990	107438.000	11146.254	4305.000	107588.000
8.000	107557.000	11372.378	5027.000	107750.000
8.010	107690.000	11950.664	5295.000	107908.000
8.020	107836.000	12745.465	5186.000	108058.000
8.030	107999.000	13811.826	4539.000	108202.000
8.040	108177.000	15008.278	3464.000	108341.000
8.050	108367.000	16205.794	2084.000	108478.000
8.060	108562.000	17194.056	652.000	108609.000
8.070	108760.000	17975.839	-819.000	108739.000
8.080	108956.000	18463.088	-2171.000	108870.000
8.090	109146.000	18624.161	-3292.000	109004.000
8.100	109325.000	18406.913	-4025.000	109141.000
8.110	109491.000	17864.839	-4340.000	109284.000
8.120	109643.000	17065.387	-4225.000	109432.000
8.130	109779.000	16025.771	-3612.000	109585.000
8.140	109900.000	14848.040	-2562.000	109743.000
8.150	110011.000	13723.628	-1276.000	109905.000
8.160	110114.000	12696.539	206.000	110071.000
8.170	110215.000	11917.578	1674.000	110238.000
8.180	110317.000	11402.304	3062.000	110404.000
8.190	110428.000	11311.613	4092.000	110571.000
8.200	110544.000	11398.129	4994.000	110727.000
8.210	110679.000	12028.690	5195.000	110884.000
8.220	110825.000	12800.083	5116.000	111031.000
8.230	110988.000	13850.058	4489.000	111175.000
8.240	111163.000	14945.041	3546.000	111312.000
8.250	111350.000	16071.529	2257.000	111446.000
8.260	111544.000	17070.070	811.000	111577.000
8.270	111743.000	17919.049	-746.000	111707.000
8.280	111940.000	18453.334	-2159.000	111839.000
8.290	112131.000	18647.334	-3322.000	111973.000
8.300	112311.000	18453.134	-4085.000	112111.000
8.310	112477.000	17897.194	-4382.000	112255.000
8.320	112627.000	17028.036	-4177.000	112404.000
8.330	112764.000	16029.625	-3617.000	112559.000
8.340	112885.000	14850.737	-2565.000	112718.000
8.350	112995.000	13695.516	-1239.000	112882.000
8.360	113099.000	12706.861	193.000	113052.000
8.370	113198.000	11864.803	1742.000	113219.000
8.380	113299.000	11335.362	3148.000	113387.000
8.390	113407.000	11174.753	4268.000	113551.000
8.400	113524.000	11332.327	5078.000	113712.000
8.410	113656.000	11892.629	5370.000	113867.000
8.420	113806.000	12824.840	5084.000	114019.000
8.430	113966.000	13777.388	4583.000	114160.000
8.440	114141.000	14894.172	3611.000	114298.000
8.450	114329.000	16065.920	2264.000	114431.000
8.460	114524.000	17096.144	778.000	114562.000
8.470	114722.000	17907.301	-731.000	114691.000
8.480	114919.000	18445.111	-2148.000	114821.000
8.490	115108.000	18581.577	-3237.000	114953.000
8.500	115288.000	18407.104	-4025.000	115090.000
8.510	115456.000	17924.973	-4417.000	115232.000
8.520	115607.000	17077.481	-4240.000	115379.000
8.530	115744.000	16064.237	-3662.000	115534.000
8.540	115867.000	14934.966	-2674.000	115693.000
8.550	115977.000	13754.476	-1315.000	115856.000
8.560	116080.000	12718.133	179.000	116023.000
8.570	116180.000	11902.693	1693.000	116191.000
8.580	116281.000	11361.885	3114.000	116358.000
8.590	116390.000	11223.320	4206.000	116524.000
8.600	116508.000	11396.324	4996.000	116685.000
8.610	116641.000	11967.427	5274.000	116842.000
8.620	116787.000	12757.199	5171.000	116992.000
8.630	116949.000	13790.039	4567.000	117136.000
8.640	117128.000	15023.027	3445.000	117277.000
8.650	117314.000	16096.119	2225.000	117411.000
8.660	117510.000	17147.283	712.000	117542.000
8.670	117711.000	18033.098	-893.000	117675.000
8.680	117909.000	18563.169	-2300.000	117807.000
8.690	118101.000	18754.218	-3459.000	117943.000
8.700	118279.000	18467.953	-4104.000	118079.000
8.710	118449.000	18027.567	-4550.000	118225.000
8.720	118598.000	17089.297	-4256.000	118374.000
8.730	118736.000	16102.508	-3711.000	118533.000
8.740	118857.000	14901.755	-2631.000	118694.000
8.750	118966.000	13701.229	-1247.000	118860.000
8.760	119068.000	12650.860	265.000	119028.000
8.770	119168.000	11855.602	1754.000	119198.000
8.780	119269.000	11328.921	3157.000	119368.000
8.790	119376.000	11140.245	4313.000	119534.000
8.800	119493.000	11308.172	5109.000	119695.000
8.810	119625.000	11875.720	5392.000	119850.000
8.820	119772.000	12723.004	5215.000	120001.000
8.830	119933.000	13736.103	4636.000	120144.000
8.840	120111.000	14955.272	3533.000	120283.000
8.850	120300.000	16138.690	2170.000	120416.000
8.860	120495.000	17147.083	712.000	120546.000
8.870	120695.000	18002.958	-854.000	120674.000
8.880	120893.000	18542.071	-2273.000	120803.000
8.890	121087.000	18799.450	-3518.000	120935.000
8.900	121265.000	18499.615	-4144.000	121069.000
8.910	121432.000	17959.730	-4462.000	121210.000
8.920	121584.000	17131.811	-4310.000	121356.000
8.930	121722.000	16132.268	-3749.000	121511.000
8.940	121843.000	14922.587	-2658.000	121668.000
8.950	121954.000	13775.811	-1343.000	121832.000
8.960	122056.000	12703.068	198.000	121998.000
8.970	122156.000	11892.148	1707.000	122166.000
8.980	122257.000	11354.503	3124.000	122334.000
8.990	122364.000	11158.152	4290.000	122500.000
9.000	122481.000	11320.707	5093.000	122661.000
9.010	122612.000	11854.495	5419.000	122817.000
9.020	122759.000	12708.146	5234.000	122968.000
9.030	122922.000	13785.702	4572.000	123115.000
9.040	123099.000	14959.992	3527.000	123256.000
9.050	123287.000	16111.994	2205.000	123392.000
9.060	123483.000	17158.396	698.000	123525.000
9.070	123682.000	17980.877	-826.000	123658.000
9.080	123880.000	18526.614	-2253.000	123791.000
9.090	124071.000	18698.630	-3388.000	123927.000
9.100	124251.000	18489.041	-4131.000	124066.000
9.110	124417.000	17922.329	-4414.000	124210.000
9.120	124568.000	17075.630	-4238.000	124361.000
9.130	124703.000	16002.941	-3583.000	124516.000
9.140	124824.000	14832.059	-2541.000	124677.000
9.150	124933.000	13652.441	-1184.000	124842.000
9.160	125034.000	12586.709	348.000	125009.000
9.170	125135.000	11840.696	1773.000	125180.000
9.180	125234.000	11258.487	3247.000	125344.000
9.190	125342.000	11120.941	4338.000	125508.000
9.200	125460.000	11324.659	5088.000	125666.000
9.210	125591.000	11857.261	5415.000	125818.000
9.220	125739.000	12740.083	5193.000	125967.000
9.230	125901.000	13778.058	4582.000	126106.000
9.240	126077.000	14924.641	3572.000	126241.000
9.250	126265.000	16087.248	2236.000	126372.000
9.260	126461.000	17141.074	720.000	126500.000
9.270	126660.000	17968.752	-810.000	126627.000
9.280	126858.000	18518.126	-2242.000	126755.000
9.290	127050.000	18722.688	-3419.000	126886.000
9.300	127230.000	18505.882	-4152.000	127021.000
9.310	127397.000	17964.117	-4468.000	127161.000
9.320	127548.000	17104.882	-4276.000	127308.000
9.330	127683.000	16023.417	-3609.000	127462.000
9.340	127806.000	14906.392	-2637.000	127624.000
9.350	127914.000	13674.475	-1212.000	127785.000
9.360	128016.000	12632.132	289.000	127955.000
9.370	128115.000	11812.493	1809.000	128127.000
9.380	128214.000	11238.745	3273.000	128294.000
9.390	128322.000	11107.121	4355.000	128463.000
9.400	128439.000	11284.985	5139.000	128624.000
9.410	128570.000	11829.489	5451.000	128781.000
9.420	128716.000	12660.643	5295.000	128934.000
9.430	128878.000	13722.450	4654.000	129080.000
9.440	129055.000	14915.715	3584.000	129220.000
9.450	129243.000	16081.000	2245.000	129356.000
9.460	129439.000	17136.700	726.000	129489.000
9.470	129638.000	17965.690	-806.000	129621.000
9.480	129835.000	18485.983	-2201.000	129752.000
9.490	130028.000	18730.188	-3429.000	129887.000
9.500	130210.000	18571.132	-4236.000	130027.000
9.510	130373.000	17889.792	-4372.000	130167.000
9.520	130525.000	17082.855	-4247.000	130316.000
9.530	130661.000	16037.998	-3628.000	130470.000
9.540	130783.000	14886.599	-2612.000	130628.000
9.550	130894.000	13750.619	-1310.000	130790.000
9.560	130999.000	12775.433	105.000	130958.000
9.570	131098.000	11912.803	1680.000	131124.000
9.580	131200.000	11398.962	3066.000	131291.000
9.590	131308.000	11219.274	4211.000	131455.000
9.600	131424.000	11333.492	5077.000	131613.000
9.610	131556.000	11893.444	5369.000	131767.000
9.620	131704.000	12765.411	5160.000	131915.000
9.630	131866.000	13795.788	4559.000	132057.000
9.640	132043.000	14967.051	3518.000	132195.000
9.650	132231.000	16116.936	2198.000	132328.000
9.660	132427.000	17161.855	693.000	132459.000
9.670	132626.000	17983.299	-829.000	132588.000
9.680	132822.000	18468.309	-2178.000	132719.000
9.690	133013.000	18657.816	-3335.000	132853.000
9.700	133193.000	18460.471	-4094.000	132991.000
9.710	133361.000	17962.330	-4466.000	133136.000
9.720	133512.000	17103.631	-4274.000	133286.000
9.730	133647.000	16022.542	-3608.000	133441.000
9.740	133769.000	14875.779	-2598.000	133603.000
9.750	133879.000	13713.045	-1262.000	133768.000
9.760	133982.000	12689.132	216.000	133939.000
9.770	134081.000	11852.392	1758.000	134109.000
9.780	134185.000	11416.675	3044.000	134281.000
9.790	134293.000	11231.672	4195.000	134446.000
9.800	134412.000	11432.171	4950.000	134609.000
9.810	134546.000	12022.519	5203.000	134769.000
9.820	134694.000	12855.764	5044.000	134919.000
9.830	134857.000	13889.034	4439.000	135064.000
9.840	135035.000	15062.324	3395.000	135203.000
9.850	135223.000	16183.627	2112.000	135338.000
9.860	135422.000	17298.539	517.000	135472.000
9.870	135620.000	18048.977	-914.000	135602.000
9.880	135815.000	18484.284	-2199.000	135732.000
9.890	136006.000	18668.999	-3350.000	135866.000
9.900	136184.000	18408.299	-4027.000	136003.000
9.910	136351.000	17895.809	-4380.000	136145.000
9.920	136503.000	17087.067	-4253.000	136294.000
9.930	136638.000	16010.947	-3593.000	136445.000
9.940	136761.000	14897.663	-2626.000	136604.000
9.950	136873.000	13788.364	-1359.000	136767.000
9.960	136978.000	12801.855	71.000	136932.000
9.970	137078.000	11961.298	1618.000	137098.000
9.980	137181.000	11462.909	2984.000	137263.000
9.990	137291.000	11324.036	4076.000	137427.000
10.000	137411.000	11526.825	4828.000	137587.000
10.010	137543.000	12028.778	5195.000	137742.000
10.020	137690.000	12830.144	5077.000	137893.000
10.030	137854.000	13901.101	4424.000	138038.000
10.040	138027.000	14920.771	3577.000	138176.000
10.050	138215.000	16084.540	2240.000	138310.000
10.060	138410.000	17109.178	761.000	138442.000
10.070	138608.000	17916.424	-743.000	138573.000
10.080	138805.000	18451.497	-2156.000	138705.000
10.090	138997.000	18676.048	-3359.000	138841.000
10.100	139174.000	18383.234	-3995.000	138979.000
10.110	139340.000	17848.263	-4319.000	139123.000
10.120	139492.000	17053.784	-4210.000	139273.000
10.130	139628.000	16017.649	-3602.000	139430.000
10.140	139749.000	14842.354	-2555.000	139592.000
10.150	139860.000	13719.648	-1270.000	139758.000
10.160	139962.000	12663.754	249.000	139926.000
10.170	140062.000	11864.628	1742.000	140095.000
10.180	140163.000	11335.239	3148.000	140263.000
10.190	140272.000	11204.668	4230.000	140431.000
10.200	140389.000	11353.267	5051.000	140590.000
10.210	140520.000	11877.287	5390.000	140745.000
10.220	140668.000	12754.101	5175.000	140895.000
10.230	140829.000	13757.871	4608.000	141038.000
10.240	141005.000	14910.509	3590.000	141175.000
10.250	141193.000	16077.357	2249.000	141308.000
10.260	141388.000	17104.150	768.000	141437.000
10.270	141586.000	17912.905	-739.000	141565.000
10.280	141785.000	18509.033	-2230.000	141695.000
10.290	141976.000	18686.323	-3372.000	141826.000
10.300	142151.000	18330.426	-3927.000	141958.000
10.310	142319.000	17871.298	-4348.000	142099.000
10.320	142470.000	17039.909	-4192.000	142245.000
10.330	142606.000	16007.936	-3589.000	142398.000
10.340	142728.000	14865.555	-2585.000	142556.000
10.350	142838.000	13705.889	-1253.000	142719.000
10.360	142941.000	12684.122	222.000	142885.000
10.370	143043.000	11938.885	1647.000	143055.000
10.380	143143.000	11357.220	3120.000	143219.000
10.390	143251.000	11190.054	4249.000	143384.000
10.400	143367.000	11313.038	5103.000	143543.000
10.410	143497.000	11819.126	5464.000	143699.000
10.420	143646.000	12743.388	5189.000	143851.000
10.430	143806.000	13720.372	4656.000	143995.000
10.440	143983.000	14914.260	3585.000	144134.000
10.450	144172.000	16109.982	2207.000	144270.000
10.460	144368.000	17156.988	700.000	144402.000
10.470	144567.000	17979.891	-825.000	144533.000
10.480	144767.000	18585.924	-2329.000	144666.000
10.490	144955.000	18650.147	-3326.000	144798.000
10.500	145135.000	18455.103	-4087.000	144936.000
10.510	145302.000	17928.572	-4422.000	145080.000
10.520	145454.000	17110.000	-4282.000	145230.000
10.530	145589.000	16027.000	-3614.000	145385.000
10.540	145711.000	14878.900	-2602.000	145546.000
10.550	145820.000	13685.230	-1226.000	145711.000
10.560	145922.000	12639.661	280.000	145879.000
10.570	146020.000	11787.763	1841.000	146047.000
10.580	146121.000	11281.434	3218.000	146215.000
10.590	146230.000	11167.004	4278.000	146382.000
10.600	146347.000	11326.903	5085.000	146540.000
10.610	146478.000	11858.832	5413.000	146695.000
10.620	146625.000	12711.182	5230.000	146844.000
10.630	146787.000	13757.828	4608.000	146986.000
10.640	146966.000	15000.479	3475.000	147126.000
10.650	147152.000	16080.336	2245.000	147256.000
10.660	147348.000	17136.235	726.000	147386.000
10.670	147548.000	17995.364	-845.000	147515.000
10.680	147747.000	18566.755	-2305.000	147644.000
10.690	147938.000	18726.729	-3424.000	147776.000
10.700	148120.000	18568.710	-4233.000	147913.000
10.710	148285.000	17948.097	-4447.000	148053.000
10.720	148436.000	17093.668	-4261.000	148201.000
10.730	148575.000	16135.568	-3753.000	148358.000
10.740	148695.000	14894.897	-2622.000	148514.000
10.750	148805.000	13726.428	-1279.000	148679.000
10.760	148908.000	12698.500	204.000	148847.000
10.770	149007.000	11858.950	1750.000	149016.000
10.780	149109.000	11361.265	3115.000	149186.000
10.790	149217.000	11192.885	4245.000	149352.000
10.800	149334.000	11345.020	5062.000	149512.000
10.810	149469.000	11991.514	5243.000	149671.000
10.820	149615.000	12774.060	5149.000	149820.000
10.830	149781.000	13921.842	4397.000	149969.000
10.840	149954.000	14935.289	3558.000	150106.000
10.850	150143.000	16124.702	2188.000	150242.000
10.860	150339.000	17167.292	686.000	150375.000
10.870	150538.000	17987.104	-834.000	150508.000
10.880	150734.000	18470.973	-2182.000	150640.000
10.890	150925.000	18659.681	-3338.000	150776.000
10.900	151106.000	18491.777	-4134.000	150916.000
10.910	151273.000	17954.244	-4455.000	151060.000
10.920	151424.000	17097.971	-4267.000	151210.000
10.930	151559.000	16018.579	-3603.000	151365.000
10.940	151680.000	14843.006	-2556.000	151526.000
10.950	151791.000	13720.104	-1271.000	151693.000
10.960	151892.000	12634.073	287.000	151858.000
10.970	151991.000	11813.851	1808.000	152027.000
10.980	152091.000	11269.696	3233.000	152194.000
10.990	152199.000	11128.787	4328.000	152359.000
11.000	152317.000	11330.151	5081.000	152520.000
11.010	152448.000	11861.106	5410.000	152675.000
11.020	152595.000	12712.774	5228.000	152823.000
11.030	152761.000	13878.942	4452.000	152966.000
11.040	152936.000	14965.259	3520.000	153101.000
11.050	153125.000	16145.681	2161.000	153232.000
11.060	153322.000	17211.977	629.000	153362.000
11.070	153522.000	18048.384	-913.000	153489.000
11.080	153721.000	18603.869	-2353.000	153618.000
11.090	153915.000	18842.708	-3573.000	153752.000
11.100	154093.000	18529.896	-4183.000	153887.000
11.110	154263.000	18070.927	-4605.000	154030.000
11.120	154413.000	17149.649	-4333.000	154177.000
11.130	154548.000	16054.754	-3649.000	154331.000
11.140	154669.000	14868.328	-2588.000	154492.000
11.150	154778.000	13677.830	-1217.000	154657.000
11.160	154881.000	12664.481	248.000	154826.000
11.170	154979.000	11805.136	1819.000	154995.000
11.180	155081.000	11323.596	3163.000	155168.000
11.190	155188.000	11136.517	4318.000	155333.000
11.200	155306.000	11335.562	5074.000	155497.000
11.210	155437.000	11864.893	5405.000	155656.000
11.220	155583.000	12685.425	5263.000	155808.000
11.230	155746.000	13769.798	4593.000	155954.000
11.240	155921.000	14888.858	3618.000	156094.000
11.250	156110.000	16092.201	2230.000	156229.000
11.260	156305.000	17114.541	754.000	156361.000
11.270	156504.000	17950.178	-786.000	156492.000
11.280	156701.000	18475.125	-2187.000	156623.000
11.290	156892.000	18662.587	-3342.000	156756.000
11.300	157072.000	18463.811	-4098.000	156893.000
11.310	157239.000	17934.668	-4430.000	157036.000
11.320	157390.000	17084.267	-4249.000	157183.000
11.330	157526.000	16038.987	-3629.000	157336.000
11.340	157650.000	14947.291	-2690.000	157497.000
11.350	157759.000	13733.104	-1288.000	157657.000
11.360	157861.000	12673.173	237.000	157822.000
11.370	157962.000	11901.221	1695.000	157990.000
11.380	158061.000	11300.855	3193.000	158152.000
11.390	158169.000	11150.598	4299.000	158315.000
11.400	158287.000	11345.419	5061.000	158474.000
11.410	158420.000	11931.793	5319.000	158629.000
11.420	158569.000	12822.255	5087.000	158778.000
11.430	158732.000	13865.579	4469.000	158921.000
11.440	158905.000	14895.905	3609.000	159056.000
11.450	159092.000	16037.134	2301.000	159188.000
11.460	159288.000	17105.993	765.000	159319.000
11.470	159485.000	17884.195	-702.000	159448.000
11.480	159681.000	18398.937	-2089.000	159578.000
11.490	159871.000	18579.256	-3234.000	159711.000
11.500	160051.000	18405.479	-4023.000	159849.000
11.510	160217.000	17863.835	-4339.000	159993.000
11.520	160368.000	17034.685	-4185.000	160143.000
11.530	160504.000	16004.279	-3584.000	160298.000
11.540	160626.000	14862.996	-2581.000	160459.000
11.550	160737.000	13734.097	-1289.000	160625.000
11.560	160841.000	12733.868	158.000	160793.000
11.570	160941.000	11913.707	1679.000	160964.000
11.580	161042.000	11369.595	3104.000	161132.000
11.590	161150.000	11198.717	4238.000	161298.000
11.600	161269.000	11409.102	4979.000	161461.000
11.610	161401.000	11946.371	5301.000	161617.000
11.620	161549.000	12802.460	5113.000	161768.000
11.630	161711.000	13821.722	4526.000	161912.000
11.640	161888.000	14985.205	3494.000	162052.000
11.650	162075.000	16099.644	2221.000	162186.000
11.660	162271.000	17149.751	709.000	162317.000
11.670	162468.000	17914.825	-741.000	162446.000
11.680	162665.000	18450.378	-2155.000	162577.000
11.690	162855.000	18615.264	-3281.000	162709.000
11.700	163035.000	18430.685	-4056.000	162845.000
11.710	163202.000	17911.480	-4400.000	162987.000
11.720	163353.000	17068.036	-4228.000	163135.000
11.730	163490.000	16057.625	-3653.000	163289.000
11.740	163612.000	14900.337	-2629.000	163448.000
11.750	163723.000	13760.236	-1323.000	163611.000
11.760	163827.000	12752.165	135.000	163777.000
11.770	163928.000	11956.516	1624.000	163944.000
11.780	164031.000	11459.561	2988.000	164111.000
11.790	164139.000	11261.693	4157.000	164277.000
11.800	164257.000	11423.185	4961.000	164437.000
11.810	164388.000	11926.229	5327.000	164594.000
11.820	164536.000	12788.361	5131.000	164745.000
11.830	164698.000	13811.852	4539.000	164891.000
11.840	164875.000	14978.297	3503.000	165031.000
11.850	165062.000	16094.808	2227.000	165167.000
11.860	165258.000	17146.365	713.000	165300.000
11.870	165458.000	18002.456	-854.000	165432.000
11.880	165656.000	18541.719	-2273.000	165565.000
11.890	165847.000	18709.203	-3402.000	165699.000
11.900	166027.000	18496.442	-4140.000	165838.000
11.910	166194.000	17957.510	-4459.000	165983.000
11.920	166347.000	17160.257	-4347.000	166133.000
11.930	166483.000	16092.180	-3697.000	166289.000
11.940	166606.000	14954.526	-2699.000	166450.000
11.950	166717.000	13798.168	-1371.000	166616.000
11.960	166819.000	12718.718	178.000	166785.000
11.970	166918.000	11873.102	1731.000	166954.000
11.980	167018.000	11311.172	3179.000	167122.000
11.990	167127.000	11187.820	4252.000	167287.000
12.000	167244.000	11341.474	5066.000	167447.000
12.010	167376.000	11899.032	0.000	167602.000
12.020	167516.000	12529.322	0.000	167751.000
12.030	167660.000	13090.526	0.000	167893.000
12.040	167809.000	13633.368	0.000	168029.000
12.050	167959.000	14043.358	0.000	168159.000
12.060	168113.000	14450.350	0.000	168284.000
12.070	168272.000	14885.245	0.000	168405.000
12.080	168428.000	15099.672	0.000	168519.000
12.090	168586.000	15309.770	0.000	168633.000
12.100	168746.000	15516.839	0.000	168746.000
12.110	168903.000	15571.787	0.000	168857.000
12.120	169060.000	15610.251	0.000	168972.000
12.130	169211.000	15457.176	0.000	169086.000
12.140	169361.000	15320.023	0.000	169206.000
12.150	169506.000	15074.016	0.000	169329.000
12.160	169648.000	14811.811	0.000	169459.000
12.170	169783.000	14418.268	0.000	169591.000
12.180	169916.000	14082.788	0.000	169732.000
12.190	170042.000	13637.951	0.000	169875.000
12.200	170164.000	13206.566	0.000	170024.000
12.210	170282.000	12784.596	0.000	170176.000
12.220	170398.000	12429.217	0.000	170332.000
12.230	170512.000	12120.452	0.000	170490.000
12.240	170623.000	11814.316	0.000	170646.000
12.250	170735.000	11630.022	0.000	170802.000
12.260	170847.000	11501.015	0.000	170958.000
12.270	170961.000	11470.711	0.000	171109.000
12.280	171079.000	11569.497	0.000	171259.000
12.290	171197.000	11638.648	0.000	171400.000
12.300	171318.000	11777.054	0.000	171537.000
12.310	171444.000	12023.938	0.000	171668.000
12.320	171573.000	12286.756	0.000	171793.000
12.330	171706.000	12590.729	0.000	171911.000
12.340	171844.000	12953.511	0.000	172026.000
12.350	171981.000	13177.457	0.000	172132.000
12.360	172124.000	13514.220	0.000	172238.000
12.370	172263.000	13629.954	0.000	172336.000
12.380	172405.000	13800.968	0.000	172435.000
12.390	172546.000	13890.678	0.000	172533.000
12.400	172687.000	13953.474	0.000	172633.000
12.410	172822.000	13817.432	0.000	172731.000
12.420	172956.000	13692.202	0.000	172835.000
12.430	173084.000	13424.542	0.000	172939.000
12.440	173211.000	13207.179	0.000	173050.000
12.450	173330.000	12815.025	0.000	173163.000
12.460	173446.000	12450.518	0.000	173283.000
12.470	173556.000	12015.362	0.000	173404.000
12.480	173662.000	11590.754	0.000	173531.000
12.490	173764.000	11173.528	0.000	173661.000
12.500	173864.000	10821.469	0.000	173795.000
12.510	173961.000	10485.029	0.000	173931.000
12.520	174055.000	10159.520	0.000	174065.000
12.530	174149.000	9931.664	0.000	174200.000
12.540	174245.000	9832.165	0.000	174336.000
12.550	174339.000	9702.515	0.000	174467.000
12.560	174437.000	9731.761	0.000	174596.000
12.570	174536.000	9782.233	0.000	174719.000
12.580	174638.000	9907.563	0.000	174837.000
12.590	174744.000	10115.294	0.000	174950.000
12.600	174854.000	10380.706	0.000	175058.000
12.610	174965.000	10596.494	0.000	175159.000
12.620	175082.000	10927.546	0.000	175256.000
12.630	175199.000	11159.282	0.000	175346.000
12.640	175318.000	11381.497	0.000	175432.000
12.650	175439.000	11597.048	0.000	175517.000
12.660	175562.000	11807.934	0.000	175599.000
12.670	175683.000	11895.554	0.000	175679.000
12.680	175805.000	11986.888	0.000	175760.000
12.690	175923.000	11930.821	0.000	175842.000
12.700	176040.000	11861.575	0.000	175927.000
12.710	176154.000	11723.102	0.000	176014.000
12.720	176263.000	11476.172	0.000	176104.000
12.730	176370.000	11243.320	0.000	176201.000
12.740	176469.000	10840.324	0.000	176300.000
12.750	176566.000	10498.227	0.000	176404.000
12.760	176659.000	10138.759	0.000	176514.000
12.770	176747.000	9737.131	0.000	176625.000
12.780	176832.000	9365.992	0.000	176741.000
12.790	176916.000	9076.194	0.000	176860.000
12.800	176995.000	8723.336	0.000	176978.000
12.810	177075.000	8506.335	0.000	177098.000
12.820	177154.000	8324.435	0.000	177217.000
12.830	177233.000	8197.104	0.000	177335.000
12.840	177313.000	8137.973	0.000	177448.000
12.850	177396.000	8186.581	0.000	177558.000
12.860	177480.000	8250.607	0.000	177664.000
12.870	177568.000	8415.425	0.000	177764.000
12.880	177659.000	8620.797	0.000	177860.000
12.890	177751.000	8794.558	0.000	177948.000
12.900	177847.000	9036.191	0.000	178032.000
12.910	177946.000	9295.333	0.000	178110.000
12.920	178047.000	9536.733	0.000	178184.000
12.930	178149.000	9735.713	0.000	178254.000
12.940	178252.000	9904.999	0.000	178321.000
12.950	178355.000	10023.500	0.000	178386.000
12.960	178459.000	10136.450	0.000	178450.000
12.970	178559.000	10095.515	0.000	178514.000
12.980	178659.000	10066.860	0.000	178580.000
12.990	178754.000	9896.802	0.000	178647.000
13.000	178846.000	9687.762	0.000	178717.000
13.010	178934.000	9421.433	0.000	178790.000
13.020	179019.000	9145.003	0.000	178867.000
13.030	179099.000	8801.502	0.000	178948.000
13.040	179175.000	8441.052	0.000	179033.000
13.050	179248.000	8098.736	0.000	179122.000
13.060	179317.000	7739.115	0.000	179214.000
13.070	179384.000	7427.381	0.000	179308.000
13.080	179447.000	7089.166	0.000	179404.000
13.090	179510.000	6852.417	0.000	179502.000
13.100	179571.000	6626.692	0.000	179599.000
13.110	179633.000	6498.684	0.000	179695.000
13.120	179695.000	6409.079	0.000	179790.000
13.130	179759.000	6406.355	0.000	179881.000
13.140	179825.000	6464.449	0.000	179969.000
13.150	179893.000	6565.114	0.000	180053.000
13.160	179964.000	6725.580	0.000	180132.000
13.170	180039.000	6957.906	0.000	180206.000
13.180	180117.000	7210.534	0.000	180276.000
13.190	180196.000	7417.374	0.000	180340.000
13.200	180279.000	7682.162	0.000	180401.000
13.210	180364.000	7927.513	0.000	180459.000
13.220	180449.000	8099.259	0.000	180513.000
13.230	180537.000	8309.481	0.000	180565.000
13.240	180624.000	8426.637	0.000	180617.000
13.250	180710.000	8478.646	0.000	180668.000
13.260	180795.000	8485.052	0.000	180721.000
13.270	180878.000	8429.537	0.000	180775.000
13.280	180958.000	8300.676	0.000	180832.000
13.290	181036.000	8150.473	0.000	180894.000
13.300	181108.000	7865.331	0.000	180957.000
13.310	181178.000	7605.732	0.000	181025.000
13.320	181244.000	7304.012	0.000	181098.000
13.330	181306.000	6972.809	0.000	181174.000
13.340	181365.000	6650.966	0.000	181253.000
13.350	181422.000	6365.676	0.000	181337.000
13.360	181476.000	6075.973	0.000	181421.000
13.370	181528.000	5813.181	0.000	181507.000
13.380	181579.000	5599.227	0.000	181593.000
13.390	181630.000	5449.459	0.000	181679.000
13.400	181681.000	5344.621	0.000	181763.000
13.410	181733.000	5301.235	0.000	181845.000
13.420	181787.000	5330.864	0.000	181924.000
13.430	181843.000	5411.605	0.000	181998.000
13.440	181901.000	5528.124	0.000	182068.000
13.450	181963.000	5729.686	0.000	182133.000
13.460	182028.000	5960.781	0.000	182194.000
13.470	182093.000	6122.546	0.000	182249.000
13.480	182163.000	6385.782	0.000	182300.000
13.490	182234.000	6600.048	0.000	182347.000
13.500	182307.000	6810.033	0.000	182391.000
13.510	182381.000	6987.023	0.000	182433.000
13.520	182455.000	7110.916	0.000	182474.000
13.530	182527.000	7137.641	0.000	182513.000
13.540	182600.000	7186.349	0.000	182553.000
13.550	182669.000	7100.444	0.000	182594.000
13.560	182736.000	6980.311	0.000	182637.000
13.570	182799.000	6776.218	0.000	182682.000
13.580	182860.000	6573.352	0.000	182732.000
13.590	182915.000	6251.347	0.000	182784.000
13.600	182969.000	5995.943	0.000	182841.000
13.610	183016.000	5607.160	0.000	182900.000
13.620	183060.000	5245.012	0.000	182963.000
13.630	183101.000	4901.508	0.000	183028.000
13.640	183140.000	4601.056	0.000	183096.000
13.650	183176.000	4300.739	0.000	183163.000
13.660	183211.000	4060.517	0.000	183232.000
13.670	183245.000	3862.362	0.000	183298.000
13.680	183279.000	3723.654	0.000	183364.000
13.690	183313.000	3626.557	0.000	183428.000
13.700	183348.000	3588.590	0.000	183488.000
13.710	183385.000	3622.013	0.000	183544.000
13.720	183424.000	3705.409	0.000	183597.000
13.730	183465.000	3823.786	0.000	183643.000
13.740	183509.000	3996.651	0.000	183686.000
13.750	183555.000	4177.655	0.000	183722.000
13.760	183603.000	4364.359	0.000	183755.000
13.770	183653.000	4555.051	0.000	183784.000
13.780	183705.000	4748.536	0.000	183808.000
13.790	183757.000	4883.975	0.000	183830.000
13.800	183811.000	5038.783	0.000	183851.000
13.810	183863.000	5087.148	0.000	183870.000
13.820	183915.000	5121.003	0.000	183889.000
13.830	183965.000	5084.702	0.000	183909.000
13.840	184013.000	4999.292	0.000	183930.000
13.850	184057.000	4819.504	0.000	183954.000
13.860	184098.000	4603.653	0.000	183981.000
13.870	184136.000	4362.557	0.000	184011.000
13.880	184170.000	4073.790	0.000	184044.000
13.890	184200.000	3751.653	0.000	184081.000
13.900	184227.000	3436.157	0.000	184121.000
13.910	184251.000	3125.310	0.000	184165.000
13.920	184272.000	2817.717	0.000	184210.000
13.930	184290.000	2512.402	0.000	184258.000
13.940	184307.000	2268.681	0.000	184306.000
13.950	184322.000	2038.077	0.000	184354.000
13.960	184337.000	1876.654	0.000	184402.000
13.970	184352.000	1763.658	0.000	184447.000
13.980	184369.000	1744.560	0.000	184491.000
13.990	184386.000	1731.192	0.000	184530.000
14.000	184406.000	1811.835	0.000	184566.000
14.010	184428.000	1928.284	0.000	184598.000
14.020	184452.000	2069.799	0.000	184624.000
14.030	184480.000	2288.859	0.000	184646.000
14.040	184510.000	2502.201	0.000	184664.000
14.050	184542.000	2711.541	0.000	184678.000
14.060	184577.000	2948.079	0.000	184688.000
14.070	184612.000	3113.655	0.000	184695.000
14.080	184648.000	3259.559	0.000	184699.000
14.090	184684.000	3361.691	0.000	184703.000
14.100	184719.000	3403.184	0.000	184706.000
14.110	184754.000	3432.229	0.000	184710.000
14.120	184786.000	3362.560	0.000	184714.000
14.130	184817.000	3283.792	0.000	184721.000
14.140	184844.000	3108.654	0.000	184731.000
14.150	184868.000	2896.058	0.000	184744.000
14.160	184888.000	2627.241	0.000	184760.000
14.170	184905.000	2349.068	0.000	184780.000
14.180	184918.000	2034.348	0.000	184803.000
14.190	184927.000	1694.044	0.000	184829.000
14.200	184935.000	1425.830	0.000	184859.000
14.210	184940.000	1148.081	0.000	184890.000
14.220	184943.000	893.657	0.000	184922.000
14.230	184945.000	685.560	0.000	184956.000
14.240	184947.000	539.892	0.000	184988.000
14.250	184949.000	437.924	0.000	185020.000
14.260	184952.000	396.547	0.000	185050.000
14.270	184957.000	427.583	0.000	185078.000
14.280	184964.000	509.308	0.000	185102.000
14.290	184973.000	626.516	0.000	185122.000
14.300	184984.000	768.561	0.000	185138.000
14.310	184998.000	957.993	0.000	185150.000
14.320	185015.000	1180.595	0.000	185158.000
14.330	185034.000	1396.416	0.000	185162.000
14.340	185055.000	1607.491	0.000	185163.000
14.350	185077.000	1785.244	0.000	185163.000
14.360	185100.000	1939.671	0.000	185159.000
14.370	185124.000	2077.770	0.000	185153.000
14.380	185147.000	2144.439	0.000	185147.000
14.390	185169.000	2161.107	0.000	185142.000
14.400	185190.000	2142.775	0.000	185137.000
14.410	185208.000	2039.942	0.000	185134.000
14.420	185224.000	1907.960	0.000	185133.000
14.430	185238.000	1755.572	0.000	185133.000
14.440	185249.000	1558.900	0.000	185138.000
14.450	185257.000	1331.230	0.000	185146.000
14.460	185262.000	1081.861	0.000	185157.000
14.470	185264.000	817.303	0.000	185172.000
14.480	185264.000	572.112	0.000	185189.000
14.490	185262.000	340.478	0.000	185208.000
14.500	185258.000	118.335	0.000	185230.000
14.510	185253.000	-67.166	0.000	185251.000
14.520	185247.000	-227.016	0.000	185273.000
14.530	185242.000	-308.911	0.000	185295.000
14.540	185237.000	-366.238	0.000	185315.000
14.550	185235.000	-316.366	0.000	185333.000
14.560	185234.000	-251.457	0.000	185349.000
14.570	185234.000	-176.020	0.000	185361.000
14.580	185237.000	-33.214	0.000	185370.000
14.590	185244.000	186.750	0.000	185375.000
14.600	185252.000	370.725	0.000	185377.000
14.610	185263.000	589.508	0.000	185377.000
14.620	185277.000	832.655	0.000	185373.000
14.630	185290.000	972.859	0.000	185366.000
14.640	185305.000	1131.001	0.000	185358.000
14.650	185320.000	1241.701	0.000	185348.000
14.660	185335.000	1319.191	0.000	185338.000
14.670	185348.000	1313.433	0.000	185328.000
14.680	185361.000	1309.403	0.000	185318.000
14.690	185372.000	1246.582	0.000	185310.000
14.700	185380.000	1112.608	0.000	185304.000
14.710	185385.000	928.825	0.000	185301.000
14.720	185388.000	740.178	0.000	185300.000
14.730	185388.000	518.124	0.000	185300.000
14.740	185387.000	332.687	0.000	185305.000
14.750	185382.000	82.881	0.000	185311.000
14.760	185374.000	-181.983	0.000	185320.000
14.770	185365.000	-397.388	0.000	185331.000
14.780	185355.000	-578.172	0.000	185343.000
14.790	185345.000	-704.720	0.000	185355.000
14.800	185334.000	-823.304	0.000	185367.000
14.810	185324.000	-876.313	0.000	185378.000
14.820	185315.000	-883.419	0.000	185388.000
14.830	185308.000	-828.393	0.000	185395.000
14.840	185302.000	-759.875	0.000	185401.000
14.850	185299.000	-621.913	0.000	185403.000
14.860	185298.000	-465.339	0.000	185404.000
14.870	185298.000	-325.737	0.000	185402.000
14.880	185300.000	-168.016	0.000	185396.000
14.890	185305.000	32.389	0.000	185388.000
14.900	185312.000	232.672	0.000	185378.000
14.910	185319.000	372.870	0.000	185366.000
14.920	185327.000	501.009	0.000	185353.000
14.930	185335.000	590.707	0.000	185340.000
14.940	185342.000	623.495	0.000	185326.000
14.950	185349.000	646.446	0.000	185314.000
14.960	185354.000	602.512	0.000	185302.000
14.970	185356.000	481.759	0.000	185293.000
14.980	185357.000	367.231	0.000	185285.000
14.990	185357.000	257.062	0.000	185280.000
15.000	185354.000	89.943	0.000	185278.000
