0.000	1.000	30.000	-39.000	1.000
0.010	4.000	111.000	-143.000	10.000
0.020	5.000	107.700	-139.000	13.000
0.030	5.000	75.390	-97.000	16.000
0.040	5.000	52.773	-68.000	19.000
0.050	5.000	36.941	-48.000	21.000
0.060	5.000	25.859	-33.000	23.000
0.070	5.000	18.101	-23.000	24.000
0.080	5.000	12.671	-16.000	25.000
0.090	5.000	8.870	-11.000	25.000
0.100	5.000	6.209	-8.000	25.000
0.110	5.000	4.346	-6.000	25.000
0.120	5.000	3.042	-4.000	24.000
0.130	5.000	2.130	-3.000	22.000
0.140	5.000	1.491	-2.000	20.000
0.150	6.000	31.043	-40.000	18.000
0.160	6.000	21.730	-28.000	15.000
0.170	7.000	45.211	-58.000	12.000
0.180	7.000	31.648	-41.000	9.000
0.190	7.000	22.154	-29.000	7.000
0.200	7.000	15.507	-20.000	4.000
0.210	6.000	-19.145	25.000	2.000
0.220	5.000	-43.401	56.000	0.000
0.230	3.000	-90.381	116.000	-2.000
0.240	1.000	-123.267	159.000	-4.000
0.250	0.000	-116.287	150.000	-5.000
0.260	-1.000	-111.401	143.000	-6.000
0.270	-3.000	-137.980	178.000	-7.000
0.280	-3.000	-96.586	124.000	-8.000
0.290	-4.000	-97.610	126.000	-8.000
0.300	-5.000	-98.327	127.000	-8.000
0.310	-5.000	-68.829	89.000	-8.000
0.320	-5.000	-48.180	62.000	-8.000
0.330	-5.000	-33.726	43.000	-8.000
0.340	-5.000	-23.608	30.000	-8.000
0.350	-5.000	-16.526	21.000	-8.000
0.360	-5.000	-11.568	15.000	-7.000
0.370	-5.000	-8.098	10.000	-6.000
0.380	-5.000	-5.668	7.000	-5.000
0.390	-5.000	-3.968	5.000	-4.000
0.400	-5.000	-2.778	4.000	-2.000
0.410	-5.000	-1.944	3.000	-1.000
0.420	-5.000	-1.361	2.000	0.000
0.430	-5.000	-0.953	1.000	1.000
0.440	-5.000	-0.667	1.000	2.000
0.450	-4.000	29.533	-38.000	3.000
0.460	-4.000	20.673	-27.000	4.000
0.470	-3.000	44.471	-57.000	4.000
0.480	-3.000	31.130	-40.000	5.000
0.490	-3.000	21.791	-28.000	5.000
0.500	-2.000	45.254	-58.000	5.000
0.510	-2.000	31.678	352.000	5.000
0.520	-2.000	22.174	758.000	5.000
0.530	0.000	75.522	1082.000	5.000
0.540	4.000	172.865	1350.000	5.000
0.550	11.000	331.006	1540.000	5.000
0.560	20.000	501.704	1714.000	5.000
0.570	33.000	741.193	1799.000	5.000
0.580	48.000	968.835	1899.000	6.000
0.590	67.000	1248.184	1933.000	9.000
0.600	88.000	1503.729	1997.000	13.000
0.610	111.000	1742.610	2083.000	20.000
0.620	136.000	1969.827	2184.000	29.000
0.630	163.000	2188.879	2295.000	40.000
0.640	191.000	2372.215	2452.000	56.000
0.650	220.000	2530.551	2642.000	75.000
0.660	252.000	2731.386	2777.000	98.000
0.670	286.000	2931.970	2912.000	125.000
0.680	322.000	3132.379	3047.000	157.000
0.690	362.000	3392.665	3105.000	193.000
0.700	405.000	3664.866	3148.000	235.000
0.710	451.000	3945.406	3180.000	280.000
0.720	501.000	4261.784	3167.000	332.000
0.730	555.000	4603.249	3120.000	387.000
0.740	610.000	4872.274	3167.000	447.000
0.750	669.000	5180.592	3164.000	511.000
0.760	730.000	5456.414	3202.000	580.000
0.770	796.000	5799.490	3154.000	653.000
0.780	866.000	6159.643	3084.000	730.000
0.790	939.000	6501.750	3037.000	811.000
0.800	1017.000	6891.225	2929.000	896.000
0.810	1098.000	7253.858	2855.000	984.000
0.820	1182.000	7597.700	2806.000	1075.000
0.830	1269.000	7928.390	2774.000	1169.000
0.840	1359.000	8249.873	2753.000	1265.000
0.850	1454.000	8624.911	2664.000	1365.000
0.860	1553.000	9007.438	2565.000	1467.000
0.870	1654.000	9335.206	2536.000	1571.000
0.880	1759.000	9684.645	2480.000	1678.000
0.890	1868.000	10049.251	2404.000	1787.000
0.900	1979.000	10364.476	2392.000	1898.000
0.910	2093.000	10675.133	2385.000	2011.000
0.920	2210.000	10982.593	2383.000	2126.000
0.930	2330.000	11287.815	2383.000	2244.000
0.940	2453.000	11591.471	2386.000	2364.000
0.950	2579.000	11894.029	2389.000	2486.000
0.960	2709.000	12225.821	2356.000	2612.000
0.970	2840.000	12488.074	2411.000	2740.000
0.980	2975.000	12791.652	2414.000	2871.000
0.990	3110.000	13004.156	2534.000	3003.000
1.000	3249.000	13272.910	2581.000	3138.000
1.010	3390.000	13521.037	2262.000	3278.000
1.020	3533.000	13754.726	1961.000	3419.000
1.030	3677.000	13948.308	1712.000	3563.000
1.040	3825.000	14203.816	1383.000	3714.000
1.050	3970.000	14292.671	1269.000	3863.000
1.060	4115.000	14354.870	1189.000	4016.000
1.070	4260.000	14398.409	1133.000	4172.000
1.080	4404.000	14398.886	1132.000	4330.000
1.090	4550.000	14459.220	1055.000	4491.000
1.100	4693.000	14411.454	1116.000	4650.000
1.110	4838.000	14438.018	1082.000	4813.000
1.120	4983.000	14456.613	1058.000	4976.000
1.130	5130.000	14529.629	964.000	5139.000
1.140	5278.000	14610.740	860.000	5301.000
1.150	5428.000	14727.518	709.000	5463.000
1.160	5580.000	14869.263	527.000	5623.000
1.170	5734.000	15028.484	322.000	5782.000
1.180	5888.000	15139.939	179.000	5940.000
1.190	6043.000	15247.957	40.000	6095.000
1.200	6200.000	15383.570	-135.000	6249.000
1.210	6356.000	15448.499	-218.000	6402.000
1.220	6512.000	15493.949	-277.000	6553.000
1.230	6667.000	15495.764	-279.000	6702.000
1.240	6822.000	15497.035	-281.000	6851.000
1.250	6976.000	15467.925	-243.000	6999.000
1.260	7129.000	15417.547	-178.000	7146.000
1.270	7281.000	15352.283	-95.000	7292.000
1.280	7432.000	15276.598	3.000	7437.000
1.290	7582.000	15193.619	110.000	7582.000
1.300	7733.000	15165.533	146.000	7727.000
1.310	7884.000	15145.873	171.000	7872.000
1.320	8034.000	15102.111	227.000	8018.000
1.330	8181.000	14981.478	383.000	8161.000
1.340	8329.000	14927.034	453.000	8306.000
1.350	8478.000	14918.924	463.000	8452.000
1.360	8626.000	14883.247	509.000	8599.000
1.370	8773.000	14828.273	580.000	8746.000
1.380	8920.000	14789.791	629.000	8893.000
1.390	9067.000	14762.854	664.000	9041.000
1.400	9214.000	14743.998	688.000	9190.000
1.410	9362.000	14760.798	667.000	9339.000
1.420	9509.000	14742.559	690.000	9489.000
1.430	9655.000	14699.791	745.000	9638.000
1.440	9803.000	14729.854	706.000	9789.000
1.450	9949.000	14690.898	757.000	9939.000
1.460	10096.000	14693.628	753.000	10090.000
1.470	10244.000	14725.540	712.000	10240.000
1.480	10393.000	14777.878	645.000	10391.000
1.490	10542.000	14814.515	597.000	10542.000
1.500	10691.000	14840.160	564.000	10693.000
1.510	10841.000	14888.112	503.000	10843.000
1.520	10991.000	14921.678	460.000	10993.000
1.530	11141.000	14945.175	429.000	11143.000
1.540	11294.000	15051.622	292.000	11295.000
1.550	11443.000	15006.136	351.000	11442.000
1.560	11593.000	15004.295	353.000	11592.000
1.570	11744.000	15033.007	316.000	11742.000
1.580	11894.000	15023.105	329.000	11891.000
1.590	12045.000	15046.173	299.000	12041.000
1.600	12195.000	15032.321	317.000	12191.000
1.610	12345.000	15022.625	330.000	12341.000
1.620	12494.000	14985.837	377.000	12490.000
1.630	12643.000	14960.086	410.000	12639.000
1.640	12794.000	15002.060	356.000	12790.000
1.650	12943.000	14971.442	396.000	12938.000
1.660	13091.000	14920.010	462.000	13087.000
1.670	13241.000	14944.007	431.000	13236.000
1.680	13390.000	14930.805	448.000	13386.000
1.690	13541.000	14981.563	383.000	13537.000
1.700	13691.000	14987.094	375.000	13687.000
1.710	13842.000	15020.966	332.000	13839.000
1.720	13990.000	14954.676	417.000	13988.000
1.730	14140.000	14968.273	400.000	14137.000
1.740	14288.000	14917.791	465.000	14287.000
1.750	14437.000	14912.454	471.000	14437.000
1.760	14586.000	14908.718	476.000	14587.000
1.770	14736.000	14936.102	441.000	14738.000
1.780	14882.000	14835.272	571.000	14886.000
1.790	15029.000	14794.690	623.000	15034.000
1.800	15177.000	14796.283	621.000	15184.000
1.810	15324.000	14767.398	658.000	15333.000
1.820	15473.000	14807.179	607.000	15481.000
1.830	15621.000	14805.025	610.000	15630.000
1.840	15769.000	14803.518	612.000	15777.000
1.850	15919.000	14862.462	536.000	15926.000
1.860	16066.000	14813.724	598.000	16071.000
1.870	16217.000	14899.607	488.000	16220.000
1.880	16366.000	14899.725	488.000	16366.000
1.890	16514.000	14869.807	526.000	16511.000
1.900	16664.000	14908.865	476.000	16657.000
1.910	16814.000	14936.206	441.000	16805.000
1.920	16964.000	14955.344	416.000	16951.000
1.930	17114.000	14968.741	399.000	17099.000
1.940	17263.000	14948.118	426.000	17246.000
1.950	17412.000	14933.683	444.000	17393.000
1.960	17561.000	14923.578	457.000	17541.000
1.970	17710.000	14916.505	466.000	17689.000
1.980	17859.000	14911.553	473.000	17838.000
1.990	18007.000	14878.087	516.000	17987.000
2.000	18155.000	14854.661	546.000	18137.000
2.010	18306.000	14928.263	1065.000	18289.000
2.020	18453.000	14859.784	1745.000	18438.000
2.030	18605.000	14961.849	2164.000	18588.000
2.040	18763.000	15213.294	2327.000	18742.000
2.050	18918.000	15299.306	2625.000	18890.000
2.060	19081.000	15599.514	2552.000	19043.000
2.070	19248.000	15929.660	2336.000	19196.000
2.080	19417.000	16220.762	2058.000	19350.000
2.090	19590.000	16544.533	1622.000	19506.000
2.100	19763.000	16771.173	1196.000	19664.000
2.110	19937.000	16959.821	708.000	19825.000
2.120	20109.000	17031.875	269.000	19988.000
2.130	20278.000	16992.312	-116.000	20155.000
2.140	20444.000	16874.619	-475.000	20325.000
2.150	20605.000	16642.233	-742.000	20498.000
2.160	20761.000	16329.563	-941.000	20673.000
2.170	20912.000	15960.694	-1083.000	20851.000
2.180	21058.000	15552.486	-1167.000	21030.000
2.190	21200.000	15146.740	-1225.000	21209.000
2.200	21339.000	14772.718	-1275.000	21390.000
2.210	21475.000	14420.903	-1285.000	21568.000
2.220	21609.000	14114.632	-1269.000	21743.000
2.230	21741.000	13840.242	-1195.000	21915.000
2.240	21873.000	13648.170	-1120.000	22081.000
2.250	22007.000	13573.719	-1083.000	22242.000
2.260	22144.000	13611.603	-1073.000	22398.000
2.270	22279.000	13578.122	-858.000	22544.000
2.280	22419.000	13704.686	-741.000	22684.000
2.290	22561.000	13853.280	-554.000	22817.000
2.300	22708.000	14107.296	-419.000	22946.000
2.310	22854.000	14255.107	-78.000	23064.000
2.320	23005.000	14508.575	176.000	23178.000
2.330	23159.000	14776.002	441.000	23288.000
2.340	23316.000	15053.202	701.000	23395.000
2.350	23474.000	15277.241	1015.000	23499.000
2.360	23635.000	15524.069	1263.000	23602.000
2.370	23797.000	15726.848	1512.000	23707.000
2.380	23959.000	15868.794	1766.000	23814.000
2.390	24121.000	15968.156	1984.000	23925.000
2.400	24282.000	16007.709	2178.000	24042.000
2.410	24441.000	15975.396	2355.000	24165.000
2.420	24600.000	15952.777	2403.000	24295.000
2.430	24757.000	15876.944	2404.000	24434.000
2.440	24912.000	15763.861	2341.000	24581.000
2.450	25065.000	15624.703	2206.000	24738.000
2.460	25217.000	15497.292	1962.000	24906.000
2.470	25362.000	15198.104	1860.000	25078.000
2.480	25506.000	14958.673	1618.000	25259.000
2.490	25649.000	14761.071	1280.000	25448.000
2.500	25788.000	14502.750	999.000	25639.000
2.510	25927.000	14321.925	617.000	25835.000
2.520	26064.000	14135.347	265.000	26034.000
2.530	26201.000	14004.743	-116.000	26234.000
2.540	26336.000	13853.320	-409.000	26430.000
2.550	26474.000	13837.324	-796.000	26627.000
2.560	26613.000	13856.127	-1134.000	26819.000
2.570	26753.000	13899.289	-1399.000	27005.000
2.580	26894.000	13959.502	-1573.000	27183.000
2.590	27036.000	14031.652	-1646.000	27351.000
2.600	27182.000	14202.156	-1731.000	27514.000
2.610	27329.000	14351.509	-1678.000	27666.000
2.620	27478.000	14516.056	-1543.000	27809.000
2.630	27631.000	14751.240	-1410.000	27943.000
2.640	27784.000	14915.868	-1112.000	28069.000
2.650	27941.000	15151.107	-848.000	28188.000
2.660	28100.000	15375.775	-535.000	28299.000
2.670	28260.000	15563.043	-160.000	28405.000
2.680	28422.000	15754.130	203.000	28508.000
2.690	28585.000	15917.891	573.000	28608.000
2.700	28748.000	16032.524	956.000	28707.000
2.710	28910.000	16082.767	1354.000	28807.000
2.720	29075.000	16207.937	1571.000	28912.000
2.730	29233.000	16085.556	2009.000	29017.000
2.740	29395.000	16119.889	2136.000	29131.000
2.750	29551.000	15963.922	2395.000	29251.000
2.760	29707.000	15854.746	2478.000	29380.000
2.770	29861.000	15718.322	2481.000	29517.000
2.780	30012.000	15532.825	2440.000	29663.000
2.790	30161.000	15342.978	2306.000	29821.000
2.800	30305.000	15060.084	2207.000	29985.000
2.810	30433.000	14382.059	2549.000	30140.000
2.820	30574.000	14297.441	2078.000	30320.000
2.830	30714.000	14208.209	1583.000	30507.000
2.840	30852.000	14085.746	1125.000	30698.000
2.850	30989.000	13970.022	672.000	30895.000
2.860	31125.000	13859.016	248.000	31093.000
2.870	31260.000	13751.311	-123.000	31293.000
2.880	31394.000	13645.918	-424.000	31490.000
2.890	31529.000	13602.142	-714.000	31686.000
2.900	31665.000	13601.500	-958.000	31876.000
2.910	31801.000	13601.050	-1092.000	32059.000
2.920	31940.000	13690.735	-1227.000	32237.000
2.930	32081.000	13813.514	-1288.000	32406.000
2.940	32224.000	13959.460	-1267.000	32566.000
2.950	32372.000	14211.622	-1278.000	32717.000
2.960	32521.000	14418.135	-1136.000	32858.000
2.970	32675.000	14712.695	-1027.000	32990.000
2.980	32831.000	14978.886	-820.000	33114.000
2.990	32990.000	15255.220	-584.000	33230.000
3.000	33152.000	15538.654	-334.000	33339.000
3.010	33315.000	15767.058	-14.000	33442.000
3.020	33480.000	15986.941	295.000	33544.000
3.030	33644.000	16110.858	685.000	33642.000
3.040	33810.000	16257.601	984.000	33742.000
3.050	33975.000	16330.321	1298.000	33843.000
3.060	34138.000	16321.224	1624.000	33947.000
3.070	34300.000	16284.857	1879.000	34056.000
3.080	34461.000	16229.400	2047.000	34173.000
3.090	34619.000	16100.580	2193.000	34296.000
3.100	34774.000	15920.406	2291.000	34428.000
3.110	34926.000	15704.284	2324.000	34570.000
3.120	35076.000	15492.999	2249.000	34721.000
3.130	35222.000	15225.099	2158.000	34880.000
3.140	35365.000	14947.569	2005.000	35049.000
3.150	35506.000	14693.299	1766.000	35225.000
3.160	35644.000	14425.309	1509.000	35410.000
3.170	35780.000	14177.716	1211.000	35600.000
3.180	35915.000	13974.401	864.000	35795.000
3.190	36048.000	13772.081	544.000	35993.000
3.200	36181.000	13630.457	195.000	36190.000
3.210	36314.000	13531.320	-140.000	36388.000
3.220	36447.000	13461.924	-429.000	36583.000
3.230	36581.000	13443.347	-685.000	36774.000
3.240	36718.000	13520.343	-956.000	36959.000
3.250	36856.000	13604.240	-1122.000	37138.000
3.260	36998.000	13782.968	-1294.000	37310.000
3.270	37143.000	13998.078	-1399.000	37473.000
3.280	37288.000	14148.654	-1312.000	37624.000
3.290	37437.000	14374.058	-1224.000	37768.000
3.300	37591.000	14681.841	-1158.000	37903.000
3.310	37748.000	14987.288	-1020.000	38030.000
3.320	37905.000	15201.102	-715.000	38146.000
3.330	38066.000	15470.771	-453.000	38257.000
3.340	38229.000	15719.540	-156.000	38363.000
3.350	38392.000	15893.678	221.000	38464.000
3.360	38556.000	16045.575	592.000	38564.000
3.370	38721.000	16181.902	927.000	38664.000
3.380	38885.000	16247.332	1279.000	38765.000
3.390	39048.000	16263.132	1605.000	38869.000
3.400	39210.000	16244.192	1874.000	38978.000
3.410	39370.000	16170.935	2103.000	39094.000
3.420	39529.000	16089.654	2227.000	39216.000
3.430	39686.000	15972.758	2281.000	39347.000
3.440	39841.000	15830.931	2254.000	39487.000
3.450	39992.000	15611.651	2223.000	39636.000
3.460	40141.000	15398.156	2090.000	39794.000
3.470	40286.000	15128.709	1949.000	39961.000
3.480	40429.000	14880.096	1719.000	40137.000
3.490	40569.000	14616.068	1467.000	40320.000
3.500	40707.000	14371.247	1168.000	40511.000
3.510	40843.000	14139.873	852.000	40705.000
3.520	40979.000	13977.911	468.000	40905.000
3.530	41112.000	13774.538	180.000	41105.000
3.540	41246.000	13662.176	-163.000	41305.000
3.550	41380.000	13583.524	-469.000	41503.000
3.560	41515.000	13558.466	-751.000	41698.000
3.570	41650.000	13540.927	-937.000	41887.000
3.580	41788.000	13618.649	-1134.000	42069.000
3.590	41927.000	13703.054	-1223.000	42244.000
3.600	42069.000	13852.138	-1281.000	42410.000
3.610	42215.000	14076.496	-1324.000	42567.000
3.620	42363.000	14293.548	-1257.000	42716.000
3.630	42514.000	14535.483	-1132.000	42853.000
3.640	42669.000	14824.838	-994.000	42982.000
3.650	42825.000	15057.387	-728.000	43101.000
3.660	42986.000	15370.171	-528.000	43214.000
3.670	43148.000	15619.120	-232.000	43320.000
3.680	43313.000	15883.384	37.000	43423.000
3.690	43478.000	16068.369	379.000	43521.000
3.700	43643.000	16197.858	743.000	43620.000
3.710	43809.000	16318.501	1051.000	43718.000
3.720	43974.000	16372.950	1359.000	43820.000
3.730	44138.000	16381.065	1628.000	43925.000
3.740	44300.000	16326.746	1870.000	44037.000
3.750	44460.000	16228.722	2054.000	44157.000
3.760	44617.000	16070.105	2200.000	44283.000
3.770	44771.000	15869.074	2287.000	44419.000
3.780	44923.000	15668.352	2265.000	44564.000
3.790	45071.000	15407.846	2223.000	44719.000
3.800	45217.000	15165.492	2072.000	44882.000
3.810	45359.000	14875.845	1914.000	45054.000
3.820	45500.000	14643.091	1633.000	45235.000
3.830	45638.000	14390.164	1349.000	45423.000
3.840	45774.000	14153.115	1038.000	45617.000
3.850	45908.000	13927.180	727.000	45815.000
3.860	46042.000	13769.026	364.000	46015.000
3.870	46175.000	13628.318	35.000	46216.000
3.880	46309.000	13559.823	-313.000	46414.000
3.890	46443.000	13511.876	-598.000	46609.000
3.900	46578.000	13508.313	-838.000	46800.000
3.910	46715.000	13565.819	-1047.000	46984.000
3.920	46853.000	13636.073	-1156.000	47161.000
3.930	46995.000	13805.251	-1278.000	47330.000
3.940	47139.000	13983.676	-1298.000	47490.000
3.950	47285.000	14168.573	-1222.000	47640.000
3.960	47435.000	14418.001	-1135.000	47781.000
3.970	47590.000	14742.601	-1066.000	47913.000
3.980	47744.000	14939.821	-770.000	48033.000
3.990	47902.000	15197.874	-510.000	48147.000
4.000	48063.000	15468.512	-244.000	48255.000
4.010	48225.000	15687.958	88.000	48357.000
4.020	48388.000	15871.571	444.000	48456.000
4.030	48553.000	16060.100	750.000	48554.000
4.040	48718.000	16192.070	1068.000	48652.000
4.050	48883.000	16284.449	1357.000	48752.000
4.060	49046.000	16289.114	1665.000	48855.000
4.070	49208.000	16262.380	1908.000	48964.000
4.080	49367.000	16153.666	2145.000	49079.000
4.090	49525.000	16047.566	2262.000	49201.000
4.100	49679.000	15853.296	2377.000	49332.000
4.110	49831.000	15657.307	2384.000	49472.000
4.120	49981.000	15460.115	2291.000	49623.000
4.130	50126.000	15172.081	2226.000	49782.000
4.140	50269.000	14910.456	2053.000	49950.000
4.150	50412.000	14727.320	1722.000	50130.000
4.160	50550.000	14449.124	1478.000	50314.000
4.170	50686.000	14194.387	1190.000	50504.000
4.180	50822.000	14016.071	810.000	50699.000
4.190	50957.000	13861.249	429.000	50897.000
4.200	51091.000	13722.875	76.000	51097.000
4.210	51226.000	13656.012	-300.000	51298.000
4.220	51360.000	13579.209	-580.000	51494.000
4.230	51495.000	13555.446	-829.000	51687.000
4.240	51632.000	13598.812	-1057.000	51875.000
4.250	51771.000	13689.169	-1231.000	52055.000
4.260	51912.000	13812.418	-1332.000	52228.000
4.270	52055.000	13958.693	-1348.000	52393.000
4.280	52201.000	14151.085	-1315.000	52547.000
4.290	52350.000	14375.759	-1227.000	52693.000
4.300	52501.000	14593.032	-1044.000	52829.000
4.310	52656.000	14865.122	-863.000	52955.000
4.320	52815.000	15175.585	-682.000	53075.000
4.330	52973.000	15362.910	-314.000	53185.000
4.340	53136.000	15644.037	-59.000	53291.000
4.350	53299.000	15840.826	289.000	53392.000
4.360	53463.000	16008.578	640.000	53491.000
4.370	53628.000	16156.005	960.000	53590.000
4.380	53793.000	16259.203	1263.000	53689.000
4.390	53958.000	16331.442	1517.000	53791.000
4.400	54122.000	16352.010	1735.000	53898.000
4.410	54284.000	16306.407	1929.000	54011.000
4.420	54443.000	16184.485	2105.000	54131.000
4.430	54600.000	16039.139	2195.000	54259.000
4.440	54753.000	15817.398	2272.000	54397.000
4.450	54904.000	15602.178	2235.000	54544.000
4.460	55052.000	15361.525	2137.000	54703.000
4.470	55196.000	15073.067	2021.000	54867.000
4.480	55338.000	14811.147	1808.000	55043.000
4.490	55477.000	14537.803	1568.000	55226.000
4.500	55615.000	14316.462	1238.000	55416.000
4.510	55751.000	14101.523	901.000	55612.000
4.520	55886.000	13921.066	541.000	55810.000
4.530	56019.000	13734.746	231.000	56009.000
4.540	56154.000	13664.323	-166.000	56210.000
4.550	56287.000	13555.026	-433.000	56408.000
4.560	56422.000	13538.518	-725.000	56604.000
4.570	56560.000	13616.963	-1035.000	56794.000
4.580	56699.000	13701.874	-1241.000	56978.000
4.590	56840.000	13821.312	-1375.000	57154.000
4.600	56984.000	13994.918	-1464.000	57321.000
4.610	57130.000	14176.443	-1453.000	57479.000
4.620	57279.000	14393.510	-1386.000	57627.000
4.630	57430.000	14605.457	-1222.000	57766.000
4.640	57584.000	14843.820	-1019.000	57897.000
4.650	57740.000	15070.674	-745.000	58018.000
4.660	57900.000	15349.472	-502.000	58132.000
4.670	58059.000	15514.630	-98.000	58240.000
4.680	58222.000	15750.241	208.000	58343.000
4.690	58384.000	15885.169	615.000	58442.000
4.700	58549.000	16069.618	908.000	58540.000
4.710	58714.000	16198.733	1205.000	58638.000
4.720	58880.000	16319.113	1428.000	58740.000
4.730	59042.000	16283.379	1754.000	58844.000
4.740	59204.000	16258.365	1958.000	58954.000
4.750	59364.000	16180.856	2116.000	59070.000
4.760	59521.000	16036.599	2244.000	59193.000
4.770	59678.000	15935.619	2201.000	59327.000
4.780	59829.000	15684.934	2244.000	59468.000
4.790	59979.000	15479.453	2130.000	59622.000
4.800	60123.000	15155.617	2085.000	59782.000
4.810	60265.000	14868.932	1923.000	59952.000
4.820	60404.000	14578.253	1716.000	60132.000
4.830	60543.000	14374.777	1369.000	60319.000
4.840	60678.000	14112.344	1090.000	60511.000
4.850	60812.000	13898.641	763.000	60707.000
4.860	60946.000	13749.048	390.000	60905.000
4.870	61080.000	13644.334	15.000	61104.000
4.880	61214.000	13571.034	-327.000	61303.000
4.890	61349.000	13549.724	-646.000	61498.000
4.900	61484.000	13534.807	-872.000	61690.000
4.910	61622.000	13614.365	-1109.000	61876.000
4.920	61762.000	13730.055	-1277.000	62055.000
4.930	61905.000	13901.039	-1401.000	62225.000
4.940	62050.000	14080.727	-1423.000	62387.000
4.950	62197.000	14266.509	-1348.000	62539.000
4.960	62347.000	14486.556	-1224.000	62681.000
4.970	62500.000	14730.589	-1050.000	62816.000
4.980	62656.000	14991.413	-836.000	62941.000
4.990	62814.000	15233.989	-556.000	63059.000
5.000	62974.000	15463.792	-238.000	63170.000
5.010	63136.000	15684.655	92.000	63276.000
5.020	63299.000	15869.258	447.000	63378.000
5.030	63463.000	16028.481	791.000	63478.000
5.040	63627.000	16139.936	1135.000	63578.000
5.050	63791.000	16217.956	1442.000	63679.000
5.060	63954.000	16242.569	1725.000	63783.000
5.070	64116.000	16229.798	1950.000	63892.000
5.080	64277.000	16190.859	2097.000	64006.000
5.090	64435.000	16073.601	2228.000	64128.000
5.100	64591.000	15931.521	2276.000	64257.000
5.110	64745.000	15772.065	2237.000	64397.000
5.120	64895.000	15540.445	2188.000	64545.000
5.130	65043.000	15318.312	2038.000	64703.000
5.140	65187.000	15042.818	1882.000	64869.000
5.150	65328.000	14759.973	1680.000	65044.000
5.160	65466.000	14471.981	1449.000	65226.000
5.170	65602.000	14210.387	1169.000	65415.000
5.180	65736.000	13967.271	873.000	65608.000
5.190	65871.000	13827.089	473.000	65807.000
5.200	66002.000	13608.963	223.000	66001.000
5.210	66134.000	13486.274	-82.000	66198.000
5.220	66269.000	13490.392	-465.000	66394.000
5.230	66404.000	13493.274	-749.000	66586.000
5.240	66541.000	13555.292	-1001.000	66772.000
5.250	66680.000	13658.704	-1192.000	66951.000
5.260	66821.000	13791.093	-1304.000	67122.000
5.270	66965.000	13973.765	-1367.000	67285.000
5.280	67112.000	14191.636	-1368.000	67440.000
5.290	67261.000	14404.145	-1263.000	67585.000
5.300	67414.000	14672.901	-1146.000	67722.000
5.310	67571.000	14981.031	-1012.000	67851.000
5.320	67726.000	15136.722	-632.000	67970.000
5.330	67887.000	15425.705	-395.000	68084.000
5.340	68048.000	15627.994	-39.000	68192.000
5.350	68210.000	15799.596	342.000	68295.000
5.360	68374.000	15979.717	677.000	68397.000
5.370	68537.000	16075.802	1063.000	68497.000
5.380	68700.000	16143.061	1413.000	68598.000
5.390	68863.000	16190.143	1699.000	68702.000
5.400	69024.000	16163.100	1978.000	68810.000
5.410	69185.000	16144.170	2137.000	68924.000
5.420	69343.000	16040.919	2290.000	69044.000
5.430	69499.000	15908.643	2363.000	69173.000
5.440	69654.000	15786.050	2312.000	69310.000
5.450	69805.000	15580.235	2263.000	69456.000
5.460	69954.000	15376.165	2118.000	69610.000
5.470	70103.000	15233.315	1814.000	69778.000
5.480	70244.000	14893.321	1702.000	69948.000
5.490	70385.000	14655.324	1416.000	70128.000
5.500	70524.000	14428.727	1094.000	70315.000
5.510	70661.000	14210.109	761.000	70509.000
5.520	70794.000	13937.076	520.000	70702.000
5.530	70929.000	13805.953	140.000	70900.000
5.540	71063.000	13684.167	-191.000	71099.000
5.550	71197.000	13598.917	-489.000	71296.000
5.560	71332.000	13569.242	-765.000	71490.000
5.570	71469.000	13608.469	-1024.000	71679.000
5.580	71607.000	13665.929	-1195.000	71861.000
5.590	71748.000	13796.150	-1343.000	72037.000
5.600	71891.000	13947.305	-1403.000	72205.000
5.610	72037.000	14143.114	-1410.000	72363.000
5.620	72185.000	14340.179	-1317.000	72513.000
5.630	72337.000	14598.126	-1213.000	72654.000
5.640	72492.000	14868.688	-1051.000	72786.000
5.650	72648.000	15088.082	-767.000	72910.000
5.660	72809.000	15391.657	-556.000	73027.000
5.670	72970.000	15604.160	-213.000	73137.000
5.680	73132.000	15782.912	166.000	73243.000
5.690	73296.000	15968.038	508.000	73347.000
5.700	73460.000	16097.627	872.000	73447.000
5.710	73625.000	16218.339	1180.000	73550.000
5.720	73788.000	16242.837	1526.000	73654.000
5.730	73950.000	16229.986	1823.000	73761.000
5.740	74110.000	16160.990	2084.000	73873.000
5.750	74270.000	16112.693	2204.000	73992.000
5.760	74428.000	16018.885	2266.000	74120.000
5.770	74582.000	15833.220	2333.000	74254.000
5.780	74734.000	15643.254	2298.000	74398.000
5.790	74883.000	15420.278	2207.000	74551.000
5.800	75031.000	15234.194	1983.000	74713.000
5.810	75177.000	15043.936	1697.000	74884.000
5.820	75317.000	14730.755	1520.000	75061.000
5.830	75456.000	14481.529	1232.000	75245.000
5.840	75593.000	14247.070	917.000	75435.000
5.850	75729.000	14052.949	565.000	75628.000
5.860	75863.000	13857.064	251.000	75825.000
5.870	75997.000	13719.945	-83.000	76022.000
5.880	76131.000	13623.962	-395.000	76220.000
5.890	76266.000	13586.773	-694.000	76413.000
5.900	76401.000	13560.741	-906.000	76602.000
5.910	76539.000	13632.519	-1132.000	76786.000
5.920	76678.000	13712.763	-1255.000	76963.000
5.930	76819.000	13828.934	-1308.000	77131.000
5.940	76963.000	14000.254	-1320.000	77292.000
5.950	77111.000	14240.178	-1314.000	77444.000
5.960	77261.000	14468.124	-1200.000	77586.000
5.970	77414.000	14717.687	-1034.000	77720.000
5.980	77571.000	15012.381	-863.000	77846.000
5.990	77731.000	15308.667	-652.000	77964.000
6.000	77892.000	15546.067	-344.000	78076.000
6.010	78054.000	15742.247	18.000	78183.000
6.020	78218.000	15939.573	356.000	78286.000
6.030	78383.000	16107.701	689.000	78387.000
6.040	78547.000	16195.391	1064.000	78488.000
6.050	78710.000	16226.773	1431.000	78591.000
6.060	78873.000	16248.741	1717.000	78697.000
6.070	79033.000	16174.119	2022.000	78807.000
6.080	79193.000	16121.883	2185.000	78924.000
6.090	79350.000	15995.318	2329.000	79048.000
6.100	79505.000	15846.723	2386.000	79180.000
6.110	79657.000	15652.706	2390.000	79322.000
6.120	79807.000	15456.894	2296.000	79472.000
6.130	79953.000	15199.826	2190.000	79631.000
6.140	80098.000	14989.878	1950.000	79799.000
6.150	80240.000	14752.915	1689.000	79974.000
6.160	80379.000	14497.040	1417.000	80156.000
6.170	80516.000	14257.928	1108.000	80344.000
6.180	80652.000	14060.550	753.000	80536.000
6.190	80788.000	13922.385	350.000	80733.000
6.200	80922.000	13765.669	21.000	80931.000
6.210	81057.000	13685.969	-339.000	81128.000
6.220	81192.000	13630.178	-645.000	81322.000
6.230	81327.000	13591.125	-875.000	81512.000
6.240	81464.000	13623.787	-1089.000	81697.000
6.250	81603.000	13706.651	-1254.000	81876.000
6.260	81743.000	13794.656	-1309.000	82046.000
6.270	81887.000	13976.259	-1370.000	82210.000
6.280	82033.000	14163.381	-1331.000	82365.000
6.290	82181.000	14354.367	-1199.000	82509.000
6.300	82333.000	14608.057	-1063.000	82645.000
6.310	82487.000	14845.640	-838.000	82772.000
6.320	82645.000	15131.948	-626.000	82892.000
6.330	82804.000	15362.363	-313.000	83004.000
6.340	82966.000	15613.654	-20.000	83111.000
6.350	83129.000	15819.558	317.000	83214.000
6.360	83293.000	15993.691	659.000	83315.000
6.370	83458.000	16145.583	973.000	83415.000
6.380	83623.000	16251.908	1273.000	83516.000
6.390	83786.000	16266.336	1601.000	83620.000
6.400	83948.000	16246.435	1871.000	83729.000
6.410	84108.000	16172.505	2101.000	83844.000
6.420	84266.000	16060.753	2264.000	83966.000
6.430	84421.000	15892.527	2384.000	84095.000
6.440	84574.000	15714.769	2404.000	84233.000
6.450	84724.000	15500.338	2366.000	84381.000
6.460	84870.000	15230.237	2306.000	84537.000
6.470	85014.000	14981.166	2139.000	84702.000
6.480	85156.000	14746.816	1891.000	84875.000
6.490	85296.000	14522.771	1587.000	85056.000
6.500	85433.000	14275.940	1290.000	85243.000
6.510	85569.000	14073.158	937.000	85436.000
6.520	85705.000	13931.211	528.000	85634.000
6.530	85837.000	13711.847	261.000	85828.000
6.540	85971.000	13618.293	-106.000	86025.000
6.550	86106.000	13582.805	-469.000	86219.000
6.560	86241.000	13557.964	-750.000	86411.000
6.570	86379.000	13630.575	-1053.000	86599.000
6.580	86518.000	13711.402	-1253.000	86779.000
6.590	86658.000	13797.982	-1345.000	86953.000
6.600	86801.000	13948.587	-1405.000	87119.000
6.610	86947.000	14144.011	-1411.000	87276.000
6.620	87096.000	14370.808	-1356.000	87424.000
6.630	87248.000	14619.565	-1240.000	87563.000
6.640	87402.000	14853.696	-1032.000	87694.000
6.650	87559.000	15107.587	-792.000	87816.000
6.660	87718.000	15345.311	-496.000	87932.000
6.670	87880.000	15601.718	-210.000	88043.000
6.680	88043.000	15811.202	130.000	88148.000
6.690	88208.000	16017.842	444.000	88252.000
6.700	88372.000	16132.489	828.000	88354.000
6.710	88537.000	16242.742	1148.000	88456.000
6.720	88706.000	16439.920	1273.000	88564.000
6.730	88865.000	16277.944	1761.000	88670.000
6.740	89028.000	16284.561	1925.000	88784.000
6.750	89187.000	16169.192	2131.000	88905.000
6.760	89344.000	16028.435	2254.000	89033.000
6.770	89499.000	15869.904	2286.000	89171.000
6.780	89650.000	15638.933	2303.000	89316.000
6.790	89799.000	15417.253	2211.000	89470.000
6.800	89944.000	15142.077	2102.000	89633.000
6.810	90087.000	14889.454	1896.000	89804.000
6.820	90228.000	14652.618	1621.000	89983.000
6.830	90366.000	14396.832	1341.000	90168.000
6.840	90502.000	14157.783	1032.000	90358.000
6.850	90638.000	13990.448	645.000	90552.000
6.860	90773.000	13843.314	269.000	90748.000
6.870	90907.000	13710.319	-70.000	90945.000
6.880	91042.000	13647.224	-425.000	91140.000
6.890	91178.000	13633.057	-754.000	91331.000
6.900	91314.000	13623.140	-986.000	91518.000
6.910	91452.000	13676.198	-1189.000	91700.000
6.920	91592.000	13773.338	-1333.000	91874.000
6.930	91735.000	13931.337	-1440.000	92042.000
6.940	91881.000	14131.936	-1489.000	92203.000
6.950	92026.000	14242.355	-1317.000	92351.000
6.960	92176.000	14469.649	-1202.000	92492.000
6.970	92329.000	14718.754	-1035.000	92625.000
6.980	92484.000	14953.128	-787.000	92749.000
6.990	92642.000	15207.189	-522.000	92866.000
7.000	92802.000	15445.033	-214.000	92977.000
7.010	92964.000	15671.523	109.000	93083.000
7.020	93128.000	15890.066	420.000	93186.000
7.030	93293.000	16073.046	734.000	93288.000
7.040	93457.000	16171.132	1095.000	93389.000
7.050	93621.000	16239.793	1414.000	93492.000
7.060	93785.000	16287.855	1666.000	93599.000
7.070	93947.000	16261.498	1909.000	93712.000
7.080	94107.000	16183.049	2107.000	93830.000
7.090	94265.000	16068.134	2235.000	93956.000
7.100	94420.000	15897.694	2320.000	94090.000
7.110	94572.000	15688.386	2344.000	94233.000
7.120	94722.000	15481.870	2263.000	94384.000
7.130	94868.000	15217.309	2168.000	94545.000
7.140	95011.000	14942.116	2012.000	94714.000
7.150	95151.000	14659.481	1810.000	94891.000
7.160	95289.000	14401.637	1539.000	95076.000
7.170	95424.000	14131.146	1271.000	95266.000
7.180	95559.000	13941.802	906.000	95460.000
7.190	95692.000	13749.261	573.000	95656.000
7.200	95825.000	13614.483	216.000	95853.000
7.210	95959.000	13550.138	-164.000	96048.000
7.220	96093.000	13505.097	-484.000	96241.000
7.230	96229.000	13533.568	-801.000	96429.000
7.240	96366.000	13583.497	-1037.000	96612.000
7.250	96506.000	13708.448	-1256.000	96789.000
7.260	96648.000	13855.914	-1388.000	96957.000
7.270	96793.000	14049.140	-1464.000	97117.000
7.280	96942.000	14304.398	-1513.000	97269.000
7.290	97091.000	14483.078	-1365.000	97409.000
7.300	97244.000	14728.155	-1217.000	97543.000
7.310	97398.000	14929.708	-946.000	97667.000
7.320	97556.000	15190.796	-702.000	97785.000
7.330	97715.000	15403.557	-366.000	97896.000
7.340	97876.000	15612.490	-19.000	98002.000
7.350	98039.000	15818.743	318.000	98105.000
7.360	98203.000	15993.120	659.000	98206.000
7.370	98367.000	16115.184	1012.000	98307.000
7.380	98532.000	16230.629	1300.000	98410.000
7.390	98694.000	16221.440	1658.000	98515.000
7.400	98856.000	16215.008	1912.000	98627.000
7.410	99015.000	16120.506	2168.000	98743.000
7.420	99173.000	16024.354	2311.000	98866.000
7.430	99329.000	15897.048	2378.000	98997.000
7.440	99482.000	15717.933	2400.000	99137.000
7.450	99632.000	15502.553	2363.000	99286.000
7.460	99780.000	15291.787	2226.000	99445.000
7.470	99926.000	15084.251	2006.000	99613.000
7.480	100066.000	14758.976	1875.000	99787.000
7.490	100206.000	14531.283	1576.000	99970.000
7.500	100343.000	14281.898	1283.000	100159.000
7.510	100479.000	14077.329	932.000	100352.000
7.520	100614.000	13904.130	563.000	100549.000
7.530	100747.000	13722.891	246.000	100746.000
7.540	100880.000	13596.024	-78.000	100942.000
7.550	101015.000	13567.217	-448.000	101138.000
7.560	101150.000	13547.052	-736.000	101329.000
7.570	101287.000	13592.936	-1004.000	101515.000
7.580	101427.000	13715.055	-1258.000	101697.000
7.590	101567.000	13800.539	-1349.000	101867.000
7.600	101711.000	13980.377	-1446.000	102031.000
7.610	101857.000	14166.264	-1440.000	102185.000
7.620	102006.000	14386.385	-1376.000	102330.000
7.630	102158.000	14630.469	-1254.000	102466.000
7.640	102313.000	14891.329	-1080.000	102594.000
7.650	102469.000	15103.930	-787.000	102714.000
7.660	102628.000	15342.751	-493.000	102827.000
7.670	102789.000	15569.926	-169.000	102935.000
7.680	102951.000	15758.948	197.000	103039.000
7.690	103115.000	15951.264	530.000	103140.000
7.700	103278.000	16055.885	926.000	103239.000
7.710	103441.000	16129.119	1295.000	103340.000
7.720	103607.000	16270.383	1491.000	103446.000
7.730	103769.000	16249.268	1798.000	103552.000
7.740	103930.000	16204.488	2028.000	103666.000
7.750	104090.000	16143.142	2165.000	103787.000
7.760	104248.000	16040.199	2239.000	103915.000
7.770	104402.000	15848.139	2314.000	104053.000
7.780	104556.000	15713.698	2207.000	104200.000
7.790	104704.000	15439.588	2182.000	104355.000
7.800	104851.000	15217.712	2005.000	104521.000
7.810	104994.000	14942.398	1828.000	104695.000
7.820	105135.000	14689.679	1573.000	104877.000
7.830	105273.000	14422.775	1307.000	105066.000
7.840	105410.000	14205.943	970.000	105260.000
7.850	105545.000	13994.160	641.000	105457.000
7.860	105679.000	13815.912	304.000	105657.000
7.870	105813.000	13691.138	-46.000	105857.000
7.880	105947.000	13603.797	-369.000	106057.000
7.890	106081.000	13542.658	-637.000	106250.000
7.900	106217.000	13559.860	-904.000	106442.000
7.910	106355.000	13631.902	-1132.000	106626.000
7.920	106495.000	13742.332	-1293.000	106803.000
7.930	106638.000	13909.632	-1412.000	106971.000
7.940	106784.000	14116.742	-1470.000	107131.000
7.950	106933.000	14351.720	-1458.000	107280.000
7.960	107085.000	14606.204	-1378.000	107420.000
7.970	107242.000	14934.343	-1312.000	107552.000
7.980	107398.000	15134.040	-1020.000	107674.000
7.990	107556.000	15333.828	-685.000	107788.000
8.000	107718.000	15593.680	-405.000	107897.000
8.010	107881.000	15805.576	-64.000	108000.000
8.020	108045.000	15983.903	299.000	108101.000
8.030	108210.000	16138.732	649.000	108201.000
8.040	108375.000	16247.112	997.000	108301.000
8.050	108539.000	16292.979	1346.000	108403.000
8.060	108702.000	16295.085	1657.000	108508.000
8.070	108864.000	16266.560	1903.000	108619.000
8.080	109022.000	16126.592	2179.000	108736.000
8.090	109180.000	16028.614	2286.000	108861.000
8.100	109334.000	15840.030	2394.000	108994.000
8.110	109487.000	15678.021	2358.000	109136.000
8.120	109636.000	15444.615	2311.000	109288.000
8.130	109783.000	15221.230	2163.000	109450.000
8.140	109926.000	14944.861	2008.000	109620.000
8.150	110067.000	14691.403	1768.000	109798.000
8.160	110205.000	14423.982	1511.000	109983.000
8.170	110342.000	14206.787	1174.000	110174.000
8.180	110478.000	14024.751	799.000	110372.000
8.190	110613.000	13867.326	421.000	110571.000
8.200	110743.000	13607.128	225.000	110765.000
8.210	110876.000	13514.990	-119.000	110963.000
8.220	111010.000	13480.493	-453.000	111159.000
8.230	111146.000	13516.345	-779.000	111352.000
8.240	111280.000	13481.441	-906.000	111535.000
8.250	111421.000	13667.009	-1203.000	111717.000
8.260	111560.000	13736.906	-1235.000	111884.000
8.270	111703.000	13905.834	-1280.000	112045.000
8.280	111850.000	14144.084	-1306.000	112198.000
8.290	111998.000	14340.859	-1182.000	112338.000
8.300	112150.000	14598.601	-1051.000	112472.000
8.310	112305.000	14869.021	-868.000	112596.000
8.320	112464.000	15178.315	-686.000	112715.000
8.330	112622.000	15364.820	-316.000	112823.000
8.340	112785.000	15645.374	-61.000	112928.000
8.350	112948.000	15841.762	288.000	113028.000
8.360	113113.000	16039.233	600.000	113127.000
8.370	113277.000	16147.463	971.000	113225.000
8.380	113442.000	16253.224	1271.000	113325.000
8.390	113604.000	16237.257	1638.000	113427.000
8.400	113766.000	16226.080	1897.000	113535.000
8.410	113925.000	16128.256	2158.000	113648.000
8.420	114083.000	16029.779	2304.000	113769.000
8.430	114240.000	15930.845	2335.000	113900.000
8.440	114392.000	15711.592	2408.000	114038.000
8.450	114542.000	15498.114	2369.000	114187.000
8.460	114689.000	15258.680	2269.000	114344.000
8.470	114835.000	15061.076	2036.000	114512.000
8.480	114977.000	14802.753	1819.000	114687.000
8.490	115117.000	14561.927	1536.000	114870.000
8.500	115256.000	14363.349	1178.000	115062.000
8.510	115390.000	14074.344	936.000	115254.000
8.520	115525.000	13902.041	565.000	115452.000
8.530	115659.000	13751.429	210.000	115652.000
8.540	115792.000	13616.000	-103.000	115851.000
8.550	115926.000	13551.200	-428.000	116049.000
8.560	116061.000	13535.840	-722.000	116243.000
8.570	116197.000	13555.088	-956.000	116431.000
8.580	116335.000	13628.562	-1147.000	116614.000
8.590	116475.000	13739.993	-1271.000	116788.000
8.600	116617.000	13877.995	-1314.000	116953.000
8.610	116762.000	14064.597	-1309.000	117109.000
8.620	116910.000	14285.218	-1246.000	117255.000
8.630	117062.000	14559.652	-1163.000	117393.000
8.640	117216.000	14811.757	-978.000	117521.000
8.650	117373.000	15078.230	-754.000	117641.000
8.660	117533.000	15354.761	-508.000	117754.000
8.670	117694.000	15578.333	-180.000	117860.000
8.680	117857.000	15794.833	151.000	117963.000
8.690	118022.000	16006.383	459.000	118062.000
8.700	118187.000	16154.468	799.000	118160.000
8.710	118351.000	16228.128	1167.000	118259.000
8.720	118516.000	16309.689	1440.000	118361.000
8.730	118678.000	16276.783	1762.000	118468.000
8.740	118839.000	16223.748	2003.000	118580.000
8.750	119000.000	16186.623	2109.000	118700.000
8.760	119155.000	15980.636	2316.000	118826.000
8.770	119310.000	15836.445	2329.000	118962.000
8.780	119462.000	15645.512	2295.000	119109.000
8.790	119611.000	15421.858	2205.000	119263.000
8.800	119757.000	15175.301	2059.000	119427.000
8.810	119901.000	14942.711	1828.000	119601.000
8.820	120042.000	14689.897	1573.000	119782.000
8.830	120182.000	14482.928	1230.000	119969.000
8.840	120317.000	14188.050	993.000	120163.000
8.850	120452.000	13981.635	657.000	120360.000
8.860	120588.000	13867.144	238.000	120560.000
8.870	120722.000	13727.001	-92.000	120760.000
8.880	120858.000	13688.901	-479.000	120961.000
8.890	120993.000	13632.231	-753.000	121156.000
8.900	121129.000	13622.561	-985.000	121348.000
8.910	121267.000	13675.793	-1188.000	121532.000
8.920	121407.000	13773.055	-1333.000	121711.000
8.930	121548.000	13871.139	-1362.000	121879.000
8.940	121692.000	14029.797	-1358.000	122040.000
8.950	121839.000	14230.858	-1302.000	122191.000
8.960	121989.000	14461.601	-1191.000	122333.000
8.970	122141.000	14683.120	-989.000	122465.000
8.980	122297.000	14958.184	-794.000	122588.000
8.990	122454.000	15180.729	-488.000	122703.000
9.000	122615.000	15456.510	-229.000	122812.000
9.010	122777.000	15679.557	98.000	122916.000
9.020	122941.000	15895.690	412.000	123015.000
9.030	123107.000	16106.983	690.000	123113.000
9.040	123272.000	16224.888	1026.000	123210.000
9.050	123438.000	16337.422	1289.000	123309.000
9.060	123603.000	16386.195	1540.000	123411.000
9.070	123766.000	16360.337	1782.000	123519.000
9.080	123928.000	16312.236	1941.000	123634.000
9.090	124085.000	16128.565	2157.000	123756.000
9.100	124241.000	15969.995	2227.000	123887.000
9.110	124393.000	15738.997	2279.000	124028.000
9.120	124543.000	15517.298	2218.000	124180.000
9.130	124690.000	15272.108	2097.000	124339.000
9.140	124833.000	14980.476	1962.000	124510.000
9.150	124975.000	14746.333	1698.000	124688.000
9.160	125113.000	14462.433	1461.000	124874.000
9.170	125250.000	14233.703	1139.000	125065.000
9.180	125385.000	14013.592	813.000	125261.000
9.190	125519.000	13829.515	470.000	125461.000
9.200	125653.000	13700.660	105.000	125663.000
9.210	125787.000	13610.462	-242.000	125864.000
9.220	125920.000	13517.324	-500.000	126061.000
9.230	126055.000	13512.126	-773.000	126255.000
9.240	126192.000	13568.489	-1018.000	126443.000
9.250	126331.000	13667.942	-1204.000	126623.000
9.260	126472.000	13797.559	-1313.000	126796.000
9.270	126615.000	13948.292	-1335.000	126960.000
9.280	126761.000	14143.804	-1306.000	127114.000
9.290	126911.000	14400.663	-1259.000	127260.000
9.300	127063.000	14640.464	-1105.000	127395.000
9.310	127217.000	14868.325	-867.000	127521.000
9.320	127375.000	15147.827	-646.000	127640.000
9.330	127533.000	15343.479	-289.000	127750.000
9.340	127695.000	15600.435	-3.000	127854.000
9.350	127858.000	15810.305	329.000	127954.000
9.360	128022.000	15987.213	667.000	128052.000
9.370	128186.000	16111.049	1018.000	128149.000
9.380	128350.000	16197.735	1342.000	128246.000
9.390	128515.000	16288.414	1572.000	128348.000
9.400	128678.000	16291.890	1813.000	128453.000
9.410	128838.000	16204.323	2060.000	128565.000
9.420	128997.000	16113.026	2197.000	128684.000
9.430	129154.000	15989.118	2260.000	128812.000
9.440	129306.000	15752.383	2356.000	128948.000
9.450	129456.000	15526.668	2332.000	129094.000
9.460	129603.000	15278.668	2243.000	129249.000
9.470	129747.000	15015.067	2095.000	129414.000
9.480	129888.000	14740.547	1899.000	129588.000
9.490	130027.000	14488.383	1631.000	129769.000
9.500	130164.000	14251.868	1321.000	129957.000
9.510	130300.000	14056.308	959.000	130152.000
9.520	130434.000	13859.415	620.000	130349.000
9.530	130568.000	13721.591	248.000	130549.000
9.540	130702.000	13625.114	-115.000	130748.000
9.550	130838.000	13617.579	-513.000	130946.000
9.560	130973.000	13582.306	-782.000	131139.000
9.570	131110.000	13617.614	-1036.000	131328.000
9.580	131248.000	13672.330	-1203.000	131510.000
9.590	131388.000	13770.631	-1310.000	131686.000
9.600	131531.000	13929.442	-1380.000	131853.000
9.610	131677.000	14130.609	-1394.000	132011.000
9.620	131824.000	14301.426	-1267.000	132159.000
9.630	131976.000	14570.998	-1178.000	132298.000
9.640	132130.000	14819.699	-988.000	132429.000
9.650	132285.000	15023.789	-684.000	132550.000
9.660	132444.000	15286.652	-421.000	132664.000
9.670	132604.000	15500.657	-80.000	132772.000
9.680	132766.000	15710.460	259.000	132875.000
9.690	132930.000	15917.322	574.000	132976.000
9.700	133095.000	16092.125	879.000	133076.000
9.710	133259.000	16184.488	1223.000	133176.000
9.720	133424.000	16279.141	1479.000	133278.000
9.730	133588.000	16315.399	1713.000	133384.000
9.740	133751.000	16310.779	1891.000	133495.000
9.750	133912.000	16247.545	2030.000	133612.000
9.760	134071.000	16143.282	2106.000	133738.000
9.770	134226.000	15950.297	2183.000	133872.000
9.780	134379.000	15755.208	2154.000	134016.000
9.790	134528.000	15498.646	2106.000	134168.000
9.800	134674.000	15229.052	1990.000	134331.000
9.810	134816.000	14920.336	1856.000	134502.000
9.820	134957.000	14674.235	1593.000	134682.000
9.830	135095.000	14411.965	1321.000	134870.000
9.840	135231.000	14168.375	1018.000	135061.000
9.850	135365.000	13937.863	713.000	135258.000
9.860	135499.000	13776.504	355.000	135457.000
9.870	135633.000	13663.553	-10.000	135657.000
9.880	135768.000	13614.487	-383.000	135857.000
9.890	135902.000	13550.141	-647.000	136051.000
9.900	136038.000	13565.099	-911.000	136242.000
9.910	136176.000	13635.569	-1136.000	136427.000
9.920	136316.000	13744.898	-1296.000	136606.000
9.930	136460.000	13941.429	-1453.000	136777.000
9.940	136605.000	14109.000	-1460.000	136939.000
9.950	136753.000	14316.300	-1412.000	137091.000
9.960	136903.000	14521.410	-1268.000	137234.000
9.970	137056.000	14754.987	-1082.000	137368.000
9.980	137213.000	15038.491	-897.000	137494.000
9.990	137371.000	15266.944	-599.000	137611.000
10.000	137530.000	15456.861	-229.000	137721.000
10.010	137692.000	15679.802	98.000	137827.000
10.020	137855.000	15865.862	451.000	137929.000
10.030	138018.000	15996.103	833.000	138029.000
10.040	138182.000	16117.272	1164.000	138128.000
10.050	138347.000	16232.091	1424.000	138229.000
10.060	138511.000	16282.463	1673.000	138335.000
10.070	138672.000	16227.724	1953.000	138444.000
10.080	138832.000	16159.407	2137.000	138560.000
10.090	138990.000	16051.585	2257.000	138682.000
10.100	139146.000	15916.109	2296.000	138814.000
10.110	139300.000	15761.277	2251.000	138954.000
10.120	139450.000	15532.894	2198.000	139103.000
10.130	139598.000	15313.026	2045.000	139262.000
10.140	139743.000	15069.118	1848.000	139429.000
10.150	139884.000	14778.383	1657.000	139604.000
10.160	140023.000	14514.868	1394.000	139788.000
10.170	140160.000	14270.407	1092.000	139977.000
10.180	140295.000	14039.285	780.000	140172.000
10.190	140431.000	13907.500	369.000	140372.000
10.200	140563.000	13695.250	112.000	140568.000
10.210	140696.000	13576.675	-198.000	140765.000
10.220	140830.000	13523.672	-508.000	140961.000
10.230	140965.000	13516.571	-779.000	141152.000
10.240	141102.000	13571.599	-1022.000	141339.000
10.250	141243.000	13730.120	-1284.000	141523.000
10.260	141382.000	13781.084	-1291.000	141693.000
10.270	141526.000	13966.759	-1358.000	141857.000
10.280	141674.000	14216.731	-1400.000	142013.000
10.290	141824.000	14451.712	-1324.000	142159.000
10.300	141976.000	14676.198	-1151.000	142295.000
10.310	142133.000	14983.339	-1015.000	142423.000
10.320	142290.000	15198.337	-711.000	142543.000
10.330	142450.000	15438.836	-412.000	142656.000
10.340	142611.000	15637.185	-50.000	142764.000
10.350	142774.000	15836.030	296.000	142867.000
10.360	142937.000	15975.221	682.000	142968.000
10.370	143100.000	16072.655	1067.000	143068.000
10.380	143264.000	16170.858	1377.000	143170.000
10.390	143426.000	16179.601	1712.000	143274.000
10.400	143588.000	16185.721	1949.000	143382.000
10.410	143749.000	16160.004	2117.000	143496.000
10.420	143907.000	16052.003	2275.000	143616.000
10.430	144063.000	15916.402	2353.000	143744.000
10.440	144216.000	15731.481	2382.000	143881.000
10.450	144367.000	15542.037	2312.000	144026.000
10.460	144515.000	15319.426	2191.000	144181.000
10.470	144661.000	15103.598	1981.000	144345.000
10.480	144804.000	14862.519	1742.000	144516.000
10.490	144944.000	14603.763	1483.000	144696.000
10.500	145083.000	14392.634	1140.000	144884.000
10.510	145218.000	14124.844	871.000	145075.000
10.520	145352.000	13907.391	558.000	145270.000
10.530	145486.000	13755.174	205.000	145467.000
10.540	145619.000	13618.621	-107.000	145664.000
10.550	145752.000	13523.035	-392.000	145859.000
10.560	145886.000	13486.125	-658.000	146051.000
10.570	146021.000	13490.287	-872.000	146240.000
10.580	146159.000	13583.201	-1088.000	146423.000
10.590	146299.000	13708.241	-1230.000	146597.000
10.600	146440.000	13825.768	-1247.000	146762.000
10.610	146586.000	14058.038	-1301.000	146920.000
10.620	146735.000	14310.627	-1279.000	147068.000
10.630	146887.000	14577.439	-1186.000	147207.000
10.640	147042.000	14854.207	-1032.000	147337.000
10.650	147200.000	15137.945	-831.000	147459.000
10.660	147360.000	15396.561	-562.000	147574.000
10.670	147523.000	15667.593	-294.000	147684.000
10.680	147685.000	15827.315	109.000	147789.000
10.690	147849.000	15999.121	468.000	147891.000
10.700	148013.000	16119.384	844.000	147992.000
10.710	148176.000	16173.569	1237.000	148093.000
10.720	148339.000	16211.498	1567.000	148197.000
10.730	148500.000	16178.049	1890.000	148305.000
10.740	148660.000	16124.634	2130.000	148417.000
10.750	148819.000	16057.244	2275.000	148537.000
10.760	148974.000	15890.071	2432.000	148663.000
10.770	149127.000	15713.050	2488.000	148798.000
10.780	149278.000	15529.135	2445.000	148941.000
10.790	149427.000	15340.394	2309.000	149094.000
10.800	149573.000	15118.276	2133.000	149256.000
10.810	149716.000	14872.793	1918.000	149426.000
10.820	149857.000	14640.955	1636.000	149603.000
10.830	149997.000	14448.669	1274.000	149788.000
10.840	150135.000	14254.068	908.000	149978.000
10.850	150272.000	14087.848	520.000	150171.000
10.860	150408.000	13941.493	142.000	150367.000
10.870	150542.000	13779.045	-159.000	150563.000
10.880	150677.000	13695.332	-487.000	150760.000
10.890	150812.000	13636.732	-758.000	150954.000
10.900	150949.000	13655.713	-1028.000	151144.000
10.910	151086.000	13668.999	-1179.000	151328.000
10.920	151226.000	13768.299	-1327.000	151507.000
10.930	151368.000	13897.809	-1397.000	151677.000
10.940	151515.000	14138.467	-1497.000	151840.000
10.950	151660.000	14246.927	-1323.000	151991.000
10.960	151810.000	14472.849	-1206.000	152134.000
10.970	151964.000	14750.994	-1077.000	152269.000
10.980	152120.000	15005.696	-855.000	152396.000
10.990	152278.000	15243.987	-569.000	152516.000
11.000	152439.000	15500.791	-286.000	152628.000
11.010	152602.000	15740.554	20.000	152736.000
11.020	152766.000	15938.388	358.000	152841.000
11.030	152934.000	16196.871	574.000	152945.000
11.040	153098.000	16257.810	983.000	153046.000
11.050	153263.000	16330.467	1298.000	153150.000
11.060	153426.000	16321.327	1623.000	153257.000
11.070	153588.000	16284.929	1879.000	153368.000
11.080	153748.000	16199.450	2086.000	153484.000
11.090	153905.000	16049.615	2259.000	153608.000
11.100	154060.000	15884.731	2337.000	153740.000
11.110	154212.000	15679.311	2356.000	153881.000
11.120	154361.000	15445.518	2310.000	154030.000
11.130	154508.000	15221.863	2162.000	154188.000
11.140	154654.000	15035.304	1892.000	154355.000
11.150	154795.000	14754.713	1687.000	154530.000
11.160	154935.000	14528.299	1376.000	154711.000
11.170	155072.000	14279.809	1080.000	154900.000
11.180	155209.000	14105.866	694.000	155092.000
11.190	155345.000	13954.107	309.000	155288.000
11.200	155478.000	13757.875	31.000	155481.000
11.210	155611.000	13620.512	-255.000	155677.000
11.220	155747.000	13614.359	-625.000	155871.000
11.230	155881.000	13550.051	-822.000	156061.000
11.240	156018.000	13595.036	-1052.000	156247.000
11.250	156157.000	13686.525	-1228.000	156426.000
11.260	156298.000	13810.567	-1329.000	156598.000
11.270	156441.000	13957.397	-1346.000	156760.000
11.280	156587.000	14150.178	-1314.000	156914.000
11.290	156736.000	14375.125	-1226.000	157059.000
11.300	156890.000	14682.587	-1159.000	157196.000
11.310	157043.000	14867.811	-866.000	157323.000
11.320	157201.000	15147.468	-646.000	157443.000
11.330	157361.000	15403.227	-366.000	157556.000
11.340	157522.000	15612.259	-18.000	157665.000
11.350	157686.000	15848.581	279.000	157770.000
11.360	157850.000	16014.007	633.000	157873.000
11.370	158015.000	16159.805	955.000	157975.000
11.380	158180.000	16261.863	1260.000	158078.000
11.390	158344.000	16303.304	1553.000	158184.000
11.400	158506.000	16272.313	1838.000	158294.000
11.410	158667.000	16220.619	2039.000	158409.000
11.420	158825.000	16094.433	2221.000	158532.000
11.430	158981.000	15946.103	2315.000	158662.000
11.440	159134.000	15752.272	2356.000	158802.000
11.450	159284.000	15526.591	2332.000	158949.000
11.460	159431.000	15278.613	2243.000	159107.000
11.470	159576.000	15045.029	2057.000	159273.000
11.480	159719.000	14821.521	1795.000	159447.000
11.490	159859.000	14575.064	1520.000	159628.000
11.500	159996.000	14312.545	1243.000	159814.000
11.510	160133.000	14128.782	866.000	160005.000
11.520	160267.000	13910.147	555.000	160198.000
11.530	160403.000	13817.103	125.000	160395.000
11.540	160537.000	13691.972	-201.000	160592.000
11.550	160672.000	13634.380	-535.000	160786.000
11.560	160808.000	13624.066	-836.000	160977.000
11.570	160945.000	13646.846	-1074.000	161163.000
11.580	161084.000	13722.792	-1268.000	161343.000
11.590	161225.000	13835.955	-1394.000	161515.000
11.600	161368.000	13975.168	-1439.000	161680.000
11.610	161513.000	14132.618	-1396.000	161835.000
11.620	161661.000	14332.832	-1307.000	161982.000
11.630	161811.000	14532.983	-1129.000	162120.000
11.640	161965.000	14793.088	-954.000	162250.000
11.650	162121.000	15035.162	-699.000	162372.000
11.660	162280.000	15294.613	-431.000	162487.000
11.670	162440.000	15506.229	-87.000	162597.000
11.680	162603.000	15744.360	216.000	162702.000
11.690	162765.000	15881.052	620.000	162804.000
11.700	162930.000	16066.737	912.000	162905.000
11.710	163093.000	16136.716	1285.000	163005.000
11.720	163257.000	16215.701	1561.000	163108.000
11.730	163419.000	16210.991	1847.000	163215.000
11.740	163581.000	16207.693	2023.000	163328.000
11.750	163741.000	16145.385	2162.000	163448.000
11.760	163898.000	16011.770	2276.000	163575.000
11.770	164052.000	15828.239	2340.000	163711.000
11.780	164204.000	15639.767	2302.000	163856.000
11.790	164352.000	15387.837	2248.000	164009.000
11.800	164497.000	15121.486	2128.000	164172.000
11.810	164640.000	14875.040	1915.000	164343.000
11.820	164779.000	14582.528	1711.000	164522.000
11.830	164917.000	14347.770	1404.000	164707.000
11.840	165053.000	14123.439	1076.000	164898.000
11.850	165189.000	13966.407	676.000	165094.000
11.860	165321.000	13736.485	406.000	165289.000
11.870	165455.000	13635.539	26.000	165487.000
11.880	165589.000	13564.878	-319.000	165682.000
11.890	165725.000	13575.414	-679.000	165876.000
11.900	165863.000	13642.790	-1011.000	166066.000
11.910	166000.000	13659.953	-1168.000	166247.000
11.920	166140.000	13761.967	-1318.000	166423.000
11.930	166283.000	13923.377	-1430.000	166590.000
11.940	166428.000	14096.364	-1443.000	166749.000
11.950	166576.000	14307.455	-1401.000	166899.000
11.960	166726.000	14515.218	-1260.000	167041.000
11.970	166880.000	14780.653	-1115.000	167173.000
11.980	167036.000	15026.457	-881.000	167297.000
11.990	167194.000	15258.520	-588.000	167414.000
12.000	167356.000	15540.964	-337.000	167526.000
12.010	167517.000	15708.675	0.000	167631.000
12.020	167680.000	15886.072	0.000	167734.000
12.030	167845.000	16070.251	0.000	167835.000
12.040	168007.000	16109.175	0.000	167936.000
12.050	168168.000	16106.423	0.000	168039.000
12.060	168326.000	16014.496	0.000	168146.000
12.070	168478.000	15770.147	0.000	168257.000
12.080	168626.000	15479.103	0.000	168374.000
12.090	168767.000	15065.372	0.000	168498.000
12.100	168903.000	14625.760	0.000	168629.000
12.110	169031.000	14078.032	0.000	168767.000
12.120	169152.000	13484.623	0.000	168913.000
12.130	169269.000	12949.236	0.000	169065.000
12.140	169379.000	12364.465	0.000	169222.000
12.150	169485.000	11835.126	0.000	169382.000
12.160	169588.000	11374.588	0.000	169545.000
12.170	169689.000	10992.212	0.000	169710.000
12.180	169789.000	10694.548	0.000	169873.000
12.190	169890.000	10516.184	0.000	170034.000
12.200	169994.000	10481.329	0.000	170192.000
12.210	170098.000	10456.930	0.000	170342.000
12.220	170209.000	10649.851	0.000	170487.000
12.230	170323.000	10874.896	0.000	170624.000
12.240	170443.000	11212.427	0.000	170752.000
12.250	170567.000	11568.699	0.000	170872.000
12.260	170697.000	11998.089	0.000	170984.000
12.270	170832.000	12448.662	0.000	171088.000
12.280	170972.000	12914.064	0.000	171185.000
12.290	171115.000	13329.845	0.000	171276.000
12.300	171260.000	13680.891	0.000	171363.000
12.310	171407.000	13986.624	0.000	171447.000
12.320	171553.000	14170.637	0.000	171530.000
12.330	171698.000	14269.446	0.000	171614.000
12.340	171840.000	14248.612	0.000	171700.000
12.350	171978.000	14114.028	0.000	171790.000
12.360	172112.000	13899.820	0.000	171885.000
12.370	172240.000	13569.874	0.000	171986.000
12.380	172362.000	13158.912	0.000	172095.000
12.390	172477.000	12661.238	0.000	172210.000
12.400	172586.000	12132.867	0.000	172332.000
12.410	172689.000	11583.007	0.000	172462.000
12.420	172787.000	11048.105	0.000	172597.000
12.430	172879.000	10493.673	0.000	172737.000
12.440	172967.000	9985.571	0.000	172881.000
12.450	173054.000	9599.900	0.000	173028.000
12.460	173139.000	9269.930	0.000	173174.000
12.470	173224.000	9038.951	0.000	173320.000
12.480	173310.000	8907.266	0.000	173463.000
12.490	173399.000	8905.086	0.000	173603.000
12.500	173493.000	9053.560	0.000	173737.000
12.510	173589.000	9217.492	0.000	173863.000
12.520	173691.000	9512.244	0.000	173982.000
12.530	173797.000	9838.571	0.000	174092.000
12.540	173909.000	10247.000	0.000	174195.000
12.550	174027.000	10712.900	0.000	174289.000
12.560	174148.000	11129.030	0.000	174376.000
12.570	174273.000	11540.321	0.000	174457.000
12.580	174400.000	11888.225	0.000	174533.000
12.590	174529.000	12191.757	0.000	174606.000
12.600	174658.000	12404.230	0.000	174676.000
12.610	174785.000	12492.961	0.000	174745.000
12.620	174911.000	12525.073	0.000	174816.000
12.630	175032.000	12397.551	0.000	174889.000
12.640	175150.000	12218.286	0.000	174967.000
12.650	175262.000	11912.800	0.000	175049.000
12.660	175368.000	11518.960	0.000	175137.000
12.670	175468.000	11063.272	0.000	175232.000
12.680	175561.000	10534.290	0.000	175332.000
12.690	175648.000	9984.003	0.000	175439.000
12.700	175730.000	9448.802	0.000	175552.000
12.710	175806.000	8894.162	0.000	175669.000
12.720	175881.000	8475.913	0.000	175793.000
12.730	175949.000	7973.139	0.000	175913.000
12.740	176016.000	7591.197	0.000	176036.000
12.750	176083.000	7323.838	0.000	176160.000
12.760	176150.000	7136.687	0.000	176280.000
12.770	176220.000	7095.681	0.000	176397.000
12.780	176292.000	7126.977	0.000	176509.000
12.790	176367.000	7238.884	0.000	176615.000
12.800	176447.000	7467.218	0.000	176714.000
12.810	176531.000	7747.053	0.000	176807.000
12.820	176621.000	8122.937	0.000	176892.000
12.830	176715.000	8506.056	0.000	176969.000
12.840	176814.000	8924.239	0.000	177040.000
12.850	176918.000	9366.967	0.000	177104.000
12.860	177022.000	9676.877	0.000	177163.000
12.870	177130.000	10013.814	0.000	177219.000
12.880	177239.000	10279.670	0.000	177272.000
12.890	177347.000	10435.769	0.000	177324.000
12.900	177456.000	10575.038	0.000	177378.000
12.910	177559.000	10492.527	0.000	177432.000
12.920	177660.000	10374.769	0.000	177491.000
12.930	177757.000	10172.338	0.000	177555.000
12.940	177850.000	9910.637	0.000	177624.000
12.950	177936.000	9517.446	0.000	177699.000
12.960	178016.000	9062.212	0.000	177780.000
12.970	178092.000	8623.548	0.000	177867.000
12.980	178161.000	8106.484	0.000	177960.000
12.990	178226.000	7624.539	0.000	178059.000
13.000	178288.000	7197.177	0.000	178162.000
13.010	178345.000	6748.024	0.000	178269.000
13.020	178400.000	6373.617	0.000	178377.000
13.030	178454.000	6081.532	0.000	178486.000
13.040	178508.000	5877.072	0.000	178593.000
13.050	178564.000	5793.951	0.000	178698.000
13.060	178621.000	5765.765	0.000	178799.000
13.070	178681.000	5836.036	0.000	178895.000
13.080	178745.000	6005.225	0.000	178984.000
13.090	178813.000	6243.658	0.000	179069.000
13.100	178887.000	6590.560	0.000	179146.000
13.110	178963.000	6893.392	0.000	179214.000
13.120	179044.000	7255.375	0.000	179277.000
13.130	179129.000	7628.762	0.000	179332.000
13.140	179217.000	7980.134	0.000	179382.000
13.150	179307.000	8286.093	0.000	179427.000
13.160	179399.000	8560.265	0.000	179470.000
13.170	179492.000	8782.186	0.000	179510.000
13.180	179584.000	8907.530	0.000	179549.000
13.190	179673.000	8905.271	0.000	179589.000
13.200	179760.000	8843.690	0.000	179632.000
13.210	179843.000	8680.583	0.000	179678.000
13.220	179921.000	8416.408	0.000	179729.000
13.230	179993.000	8051.486	0.000	179785.000
13.240	180061.000	7676.040	0.000	179846.000
13.250	180122.000	7203.228	0.000	179913.000
13.260	180178.000	6722.260	0.000	179985.000
13.270	180228.000	6205.582	0.000	180063.000
13.280	180274.000	5723.907	0.000	180145.000
13.290	180315.000	5236.735	0.000	180230.000
13.300	180354.000	4835.715	0.000	180317.000
13.310	180391.000	4495.000	0.000	180405.000
13.320	180427.000	4226.500	0.000	180493.000
13.330	180463.000	4038.550	0.000	180578.000
13.340	180500.000	3936.985	0.000	180661.000
13.350	180539.000	3925.890	0.000	180739.000
13.360	180581.000	4008.123	0.000	180811.000
13.370	180627.000	4185.686	0.000	180877.000
13.380	180677.000	4429.980	0.000	180936.000
13.390	180731.000	4720.986	0.000	180987.000
13.400	180789.000	5044.690	0.000	181032.000
13.410	180851.000	5391.283	0.000	181070.000
13.420	180916.000	5723.898	0.000	181101.000
13.430	180985.000	6076.729	0.000	181127.000
13.440	181055.000	6353.710	0.000	181150.000
13.450	181125.000	6547.597	0.000	181169.000
13.460	181196.000	6713.318	0.000	181188.000
13.470	181266.000	6799.323	0.000	181206.000
13.480	181332.000	6739.526	0.000	181226.000
13.490	181396.000	6637.668	0.000	181249.000
13.500	181455.000	6416.368	0.000	181276.000
13.510	181510.000	6141.457	0.000	181307.000
13.520	181560.000	5799.020	0.000	181345.000
13.530	181604.000	5379.314	0.000	181387.000
13.540	181642.000	4905.520	0.000	181436.000
13.550	181676.000	4453.864	0.000	181490.000
13.560	181705.000	3987.705	0.000	181549.000
13.570	181729.000	3511.393	0.000	181613.000
13.580	181751.000	3117.975	0.000	181680.000
13.590	181770.000	2752.583	0.000	181748.000
13.600	181788.000	2466.808	0.000	181818.000
13.610	181806.000	2266.766	0.000	181886.000
13.620	181824.000	2126.736	0.000	181952.000
13.630	181844.000	2088.715	0.000	182014.000
13.640	181867.000	2152.101	0.000	182072.000
13.650	181894.000	2316.470	0.000	182124.000
13.660	181924.000	2521.529	0.000	182170.000
13.670	181959.000	2815.070	0.000	182209.000
13.680	181999.000	3170.549	0.000	182242.000
13.690	182042.000	3509.385	0.000	182268.000
13.700	182090.000	3896.569	0.000	182287.000
13.710	182141.000	4257.598	0.000	182301.000
13.720	182194.000	4570.319	0.000	182310.000
13.730	182249.000	4849.223	0.000	182316.000
13.740	182305.000	5074.456	0.000	182320.000
13.750	182360.000	5202.119	0.000	182324.000
13.760	182414.000	5261.484	0.000	182329.000
13.770	182464.000	5183.038	0.000	182335.000
13.780	182511.000	5038.127	0.000	182345.000
13.790	182555.000	4846.689	0.000	182360.000
13.800	182593.000	4532.682	0.000	182380.000
13.810	182625.000	4132.878	0.000	182405.000
13.820	182653.000	3733.014	0.000	182436.000
13.830	182675.000	3273.110	0.000	182474.000
13.840	182692.000	2801.177	0.000	182516.000
13.850	182704.000	2320.824	0.000	182564.000
13.860	182713.000	1894.577	0.000	182615.000
13.870	182720.000	1536.204	0.000	182669.000
13.880	182725.000	1225.343	0.000	182725.000
13.890	182729.000	977.740	0.000	182780.000
13.900	182734.000	834.418	0.000	182834.000
13.910	182741.000	794.093	0.000	182885.000
13.920	182750.000	825.865	0.000	182932.000
13.930	182762.000	938.105	0.000	182974.000
13.940	182778.000	1136.674	0.000	183011.000
13.950	182798.000	1395.672	0.000	183040.000
13.960	182822.000	1696.970	0.000	183062.000
13.970	182851.000	2057.879	0.000	183078.000
13.980	182884.000	2430.515	0.000	183088.000
13.990	182919.000	2751.361	0.000	183092.000
14.000	182958.000	3095.953	0.000	183092.000
14.010	182999.000	3397.167	0.000	183089.000
14.020	183040.000	3608.017	0.000	183083.000
14.030	183082.000	3785.612	0.000	183075.000
14.040	183123.000	3879.928	0.000	183068.000
14.050	183161.000	3855.950	0.000	183062.000
14.060	183197.000	3779.165	0.000	183059.000
14.070	183229.000	3605.415	0.000	183059.000
14.080	183257.000	3363.791	0.000	183064.000
14.090	183280.000	3044.654	0.000	183075.000
14.100	183298.000	2671.257	0.000	183091.000
14.110	183311.000	2259.880	0.000	183113.000
14.120	183320.000	1851.916	0.000	183141.000
14.130	183324.000	1416.341	0.000	183173.000
14.140	183324.000	991.439	0.000	183210.000
14.150	183323.000	664.007	0.000	183249.000
14.160	183319.000	344.805	0.000	183291.000
14.170	183313.000	61.364	0.000	183333.000
14.180	183308.000	-107.046	0.000	183375.000
14.190	183304.000	-194.932	0.000	183415.000
14.200	183302.000	-196.452	0.000	183451.000
14.210	183302.000	-137.517	0.000	183484.000
14.220	183306.000	23.738	0.000	183511.000
14.230	183314.000	256.617	0.000	183533.000
14.240	183327.000	569.632	0.000	183549.000
14.250	183344.000	908.742	0.000	183559.000
14.260	183364.000	1236.120	0.000	183563.000
14.270	183388.000	1585.284	0.000	183563.000
14.280	183415.000	1919.699	0.000	183557.000
14.290	183444.000	2213.789	0.000	183548.000
14.300	183473.000	2419.652	0.000	183535.000
14.310	183504.000	2623.757	0.000	183521.000
14.320	183534.000	2736.630	0.000	183506.000
14.330	183563.000	2785.641	0.000	183493.000
14.340	183590.000	2759.949	0.000	183482.000
14.350	183613.000	2621.964	0.000	183474.000
14.360	183634.000	2465.375	0.000	183470.000
14.370	183649.000	2175.762	0.000	183470.000
14.380	183661.000	1883.034	0.000	183475.000
14.390	183667.000	1498.124	0.000	183486.000
14.400	183670.000	1138.686	0.000	183502.000
14.410	183670.000	797.081	0.000	183523.000
14.420	183664.000	377.956	0.000	183547.000
14.430	183656.000	24.569	0.000	183575.000
14.440	183646.000	-282.801	0.000	183605.000
14.450	183634.000	-557.961	0.000	183636.000
14.460	183623.000	-720.573	0.000	183667.000
14.470	183613.000	-804.401	0.000	183696.000
14.480	183604.000	-833.081	0.000	183723.000
14.490	183598.000	-763.156	0.000	183747.000
14.500	183595.000	-624.209	0.000	183766.000
14.510	183595.000	-436.947	0.000	183780.000
14.520	183599.000	-185.863	0.000	183790.000
14.530	183607.000	109.896	0.000	183794.000
14.540	183620.000	466.927	0.000	183794.000
14.550	183635.000	776.849	0.000	183789.000
14.560	183653.000	1083.794	0.000	183780.000
14.570	183673.000	1358.656	0.000	183767.000
14.580	183695.000	1611.059	0.000	183751.000
14.590	183717.000	1787.741	0.000	183734.000
14.600	183739.000	1911.419	0.000	183717.000
14.610	183759.000	1937.993	0.000	183701.000
14.620	183777.000	1896.595	0.000	183686.000
14.630	183793.000	1807.617	0.000	183674.000
14.640	183806.000	1655.332	0.000	183666.000
14.650	183815.000	1428.732	0.000	183661.000
14.660	183821.000	1180.113	0.000	183661.000
14.670	183822.000	856.079	0.000	183663.000
14.680	183822.000	599.255	0.000	183672.000
14.690	183816.000	239.479	0.000	183685.000
14.700	183807.000	-102.365	0.000	183701.000
14.710	183796.000	-401.655	0.000	183720.000
14.720	183783.000	-671.159	0.000	183742.000
14.730	183770.000	-859.811	0.000	183764.000
14.740	183756.000	-1021.868	0.000	183786.000
14.750	183743.000	-1105.307	0.000	183807.000
14.760	183732.000	-1103.715	0.000	183827.000
14.770	183722.000	-1072.601	0.000	183844.000
14.780	183715.000	-960.820	0.000	183857.000
14.790	183712.000	-762.574	0.000	183866.000
14.800	183712.000	-533.802	0.000	183871.000
14.810	183713.000	-343.661	0.000	183872.000
14.820	183720.000	-30.563	0.000	183870.000
14.830	183729.000	248.606	0.000	183862.000
14.840	183742.000	564.024	0.000	183851.000
14.850	183756.000	814.817	0.000	183837.000
14.860	183771.000	1020.372	0.000	183821.000
14.870	183787.000	1194.260	0.000	183803.000
14.880	183803.000	1315.982	0.000	183786.000
14.890	183817.000	1341.188	0.000	183769.000
14.900	183830.000	1328.831	0.000	183753.000
14.910	183842.000	1290.182	0.000	183740.000
14.920	183850.000	1143.127	0.000	183730.000
14.930	183855.000	950.189	0.000	183723.000
14.940	183857.000	725.132	0.000	183720.000
14.950	183857.000	507.593	0.000	183720.000
14.960	183853.000	235.315	0.000	183724.000
14.970	183845.000	-75.280	0.000	183732.000
14.980	183835.000	-352.696	0.000	183743.000
14.990	183822.000	-636.887	0.000	183758.000
15.000	183809.000	-835.821	0.000	183773.000
