0.000	0.000	0.000	0.000
0.010	4.000	120.000	-1.000
0.020	4.000	84.000	-3.000
0.030	4.000	58.800	-4.000
0.040	4.000	41.160	-5.000
0.050	3.000	-1.188	-5.000
0.060	1.000	-60.832	-4.000
0.070	0.000	-72.582	-2.000
0.080	-3.000	-140.807	0.000
0.090	-5.000	-158.565	3.000
0.100	-8.000	-200.996	6.000
0.110	-11.000	-230.697	10.000
0.120	-14.000	-251.488	14.000
0.130	-17.000	-266.042	18.000
0.140	-20.000	-276.229	22.000
0.150	-23.000	-283.360	25.000
0.160	-26.000	-288.352	29.000
0.170	-28.000	-261.847	32.000
0.180	-31.000	-273.293	35.000
0.190	-33.000	-251.305	37.000
0.200	-35.000	-235.913	39.000
0.210	-38.000	-255.139	41.000
0.220	-39.000	-208.598	42.000
0.230	-41.000	-206.018	43.000
0.240	-42.000	-174.213	43.000
0.250	-43.000	-151.949	43.000
0.260	-44.000	-136.364	43.000
0.270	-44.000	-95.455	42.000
0.280	-45.000	-96.818	41.000
0.290	-45.000	-67.773	39.000
0.300	-45.000	-47.441	38.000
0.310	-45.000	-33.209	36.000
0.320	-45.000	-23.246	34.000
0.330	-45.000	-16.272	33.000
0.340	-44.000	18.609	31.000
0.350	-43.000	43.027	28.000
0.360	-42.000	60.119	26.000
0.370	-41.000	72.083	23.000
0.380	-40.000	80.458	21.000
0.390	-38.000	116.321	18.000
0.400	-37.000	111.424	15.000
0.410	-36.000	107.997	13.000
0.420	-35.000	105.598	11.000
0.430	-34.000	103.919	9.000
0.440	-33.000	102.743	7.000
0.450	-32.000	101.920	6.000
0.460	-31.000	101.344	4.000
0.470	-31.000	70.941	3.000
0.480	-31.000	49.659	3.000
0.490	-30.000	64.761	3.000
0.500	-30.000	45.333	2.000
0.510	-30.000	31.733	5.000
0.520	-30.000	22.213	15.000
0.530	-30.000	15.549	29.000
0.540	-30.000	10.884	49.000
0.550	-30.000	7.619	73.000
0.560	-30.000	5.333	101.000
0.570	-31.000	-26.267	133.000
0.580	-31.000	-18.387	169.000
0.590	-31.000	-12.871	208.000
0.600	-31.000	-9.009	249.000
0.610	-31.000	-6.307	293.000
0.620	-30.000	25.585	340.000
0.630	-28.000	77.910	388.000
0.640	-26.000	114.537	437.000
0.650	-22.000	200.176	487.000
0.660	-18.000	260.123	538.000
0.670	-13.000	332.086	590.000
0.680	-7.000	412.460	642.000
0.690	0.000	498.722	695.000
0.700	8.000	589.106	749.000
0.710	17.000	682.374	803.000
0.720	28.000	807.662	857.000
0.730	40.000	925.363	911.000
0.740	53.000	1037.754	965.000
0.750	68.000	1176.428	1019.000
0.760	85.000	1333.500	1073.000
0.770	102.000	1443.450	1126.000
0.780	122.000	1610.415	1180.000
0.790	143.000	1757.290	1233.000
0.800	165.000	1890.103	1286.000
0.810	189.000	2043.072	1339.000
0.820	214.000	2180.151	1393.000
0.830	241.000	2336.105	1446.000
0.840	270.000	2505.274	1500.000
0.850	300.000	2653.692	1553.000
0.860	333.000	2847.584	1606.000
0.870	369.000	3073.309	1658.000
0.880	407.000	3291.316	1709.000
0.890	447.000	3503.921	1759.000
0.900	490.000	3742.745	1809.000
0.910	536.000	3999.921	1857.000
0.920	584.000	4239.945	1904.000
0.930	636.000	4527.962	1950.000
0.940	689.000	4759.573	1996.000
0.950	745.000	5011.701	2040.000
0.960	804.000	5278.191	2084.000
0.970	867.000	5584.734	2127.000
0.980	934.000	5919.313	2168.000
0.990	1003.000	6213.519	2207.000
1.000	1077.000	6569.464	2245.000
1.010	1153.000	6878.625	2278.000
1.020	1232.000	7185.037	2305.000
1.030	1315.000	7519.526	2326.000
1.040	1403.000	7903.668	2339.000
1.050	1495.000	8292.568	2347.000
1.060	1590.000	8654.797	2349.000
1.070	1689.000	9028.358	2345.000
1.080	1792.000	9409.851	2337.000
1.090	1900.000	9826.896	2324.000
1.100	2014.000	10298.827	2306.000
1.110	2127.000	10599.179	2283.000
1.120	2246.000	10989.425	2259.000
1.130	2369.000	11382.598	2230.000
1.140	2497.000	11807.818	2198.000
1.150	2631.000	12285.473	2162.000
1.160	2765.000	12619.831	2123.000
1.170	2904.000	13003.882	2082.000
1.180	3047.000	13392.717	2039.000
1.190	3195.000	13814.902	1994.000
1.200	3346.000	14200.431	1946.000
1.210	3501.000	14590.302	1896.000
1.220	3657.000	14893.211	1844.000
1.230	3818.000	15255.248	1793.000
1.240	3981.000	15568.674	1740.000
1.250	4151.000	15998.072	1686.000
1.260	4319.000	16238.650	1630.000
1.270	4492.000	16557.055	1576.000
1.280	4667.000	16839.939	1520.000
1.290	4845.000	17127.957	1465.000
1.300	5025.000	17389.570	1410.000
1.310	5206.000	17602.699	1356.000
1.320	5390.000	17841.889	1302.000
1.330	5575.000	18039.322	1249.000
1.340	5761.000	18207.526	1198.000
1.350	5950.000	18415.268	1148.000
1.360	6140.000	18590.688	1098.000
1.370	6328.000	18653.481	1051.000
1.380	6521.000	18847.437	1005.000
1.390	6710.000	18863.206	961.000
1.400	6902.000	18964.244	919.000
1.410	7092.000	18974.971	880.000
1.420	7288.000	19162.480	842.000
1.430	7483.000	19263.736	805.000
1.440	7678.000	19334.615	768.000
1.450	7875.000	19444.231	733.000
1.460	8073.000	19550.961	697.000
1.470	8269.000	19565.673	664.000
1.480	8467.000	19635.971	632.000
1.490	8667.000	19745.180	600.000
1.500	8869.000	19881.626	568.000
1.510	9067.000	19857.138	537.000
1.520	9267.000	19899.997	508.000
1.530	9468.000	19959.998	479.000
1.540	9669.000	20001.998	451.000
1.550	9872.000	20091.399	424.000
1.560	10074.000	20123.979	397.000
1.570	10275.000	20116.785	371.000
1.580	10477.000	20141.750	346.000
1.590	10679.000	20159.225	322.000
1.600	10885.000	20291.457	298.000
1.610	11085.000	20204.020	274.000
1.620	11283.000	20082.814	254.000
1.630	11483.000	20057.970	236.000
1.640	11682.000	20010.579	219.000
1.650	11881.000	19977.405	203.000
1.660	12079.000	19924.184	188.000
1.670	12275.000	19826.929	176.000
1.680	12472.000	19788.850	164.000
1.690	12669.000	19762.195	153.000
1.700	12869.000	19833.536	141.000
1.710	13061.000	19643.476	131.000
1.720	13259.000	19690.433	122.000
1.730	13449.000	19483.303	114.000
1.740	13643.000	19458.312	108.000
1.750	13836.000	19410.818	102.000
1.760	14029.000	19377.573	96.000
1.770	14222.000	19354.301	90.000
1.780	14414.000	19308.011	85.000
1.790	14606.000	19275.608	79.000
1.800	14800.000	19312.925	73.000
1.810	14987.000	19129.048	68.000
1.820	15175.000	19030.333	65.000
1.830	15364.000	18991.233	62.000
1.840	15551.000	18903.863	60.000
1.850	15741.000	18932.704	58.000
1.860	15925.000	18772.893	56.000
1.870	16108.000	18631.025	57.000
1.880	16291.000	18531.718	59.000
1.890	16473.000	18432.202	61.000
1.900	16654.000	18332.542	64.000
1.910	16834.000	18232.779	69.000
1.920	17012.000	18102.945	74.000
1.930	17188.000	17952.062	80.000
1.940	17363.000	17816.443	88.000
1.950	17538.000	17721.510	97.000
1.960	17711.000	17595.057	106.000
1.970	17883.000	17476.540	116.000
1.980	18054.000	17363.578	126.000
1.990	18224.000	17254.505	138.000
2.000	18394.000	17178.153	149.000
2.010	18563.000	17094.707	160.000
2.020	18731.000	17006.295	171.000
2.030	18899.000	16944.407	182.000
2.040	19066.000	16871.085	193.000
2.050	19235.000	16879.759	203.000
2.060	19398.000	16705.831	212.000
2.070	19563.000	16644.082	223.000
2.080	19728.000	16600.857	234.000
2.090	19893.000	16570.600	243.000
2.100	20059.000	16579.420	252.000
2.110	20222.000	16495.594	260.000
2.120	20385.000	16436.916	268.000
2.130	20548.000	16395.841	277.000
2.140	20711.000	16367.089	284.000
2.150	20874.000	16346.962	291.000
2.160	21035.000	16272.873	298.000
2.170	21196.000	16221.011	306.000
2.180	21357.000	16184.708	313.000
2.190	21517.000	16129.296	320.000
2.200	21677.000	16090.507	327.000
2.210	21836.000	16033.355	334.000
2.220	21994.000	15963.348	342.000
2.230	22152.000	15914.344	350.000
2.240	22309.000	15850.041	358.000
2.250	22470.000	15925.028	365.000
2.260	22623.000	15737.520	372.000
2.270	22779.000	15696.264	381.000
2.280	22934.000	15637.385	389.000
2.290	23089.000	15596.169	398.000
2.300	23245.000	15597.319	406.000
2.310	23400.000	15568.123	414.000
2.320	23556.000	15577.686	421.000
2.330	23713.000	15614.380	427.000
2.340	23868.000	15580.066	432.000
2.350	24024.000	15586.046	437.000
2.360	24178.000	15530.232	441.000
2.370	24334.000	15551.163	446.000
2.380	24489.000	15535.814	450.000
2.390	24645.000	15555.070	454.000
2.400	24800.000	15538.549	457.000
2.410	24956.000	15556.984	460.000
2.420	25112.000	15569.889	463.000
2.430	25268.000	15578.922	464.000
2.440	25424.000	15585.246	466.000
2.450	25581.000	15619.672	467.000
2.460	25738.000	15643.770	467.000
2.470	25895.000	15660.639	467.000
2.480	26053.000	15702.447	466.000
2.490	26211.000	15731.713	465.000
2.500	26372.000	15842.199	462.000
2.510	26528.000	15769.539	459.000
2.520	26686.000	15778.678	457.000
2.530	26845.000	15815.074	455.000
2.540	27003.000	15810.552	453.000
2.550	27164.000	15897.386	449.000
2.560	27319.000	15778.171	447.000
2.570	27475.000	15724.719	446.000
2.580	27635.000	15807.304	446.000
2.590	27789.000	15685.112	445.000
2.600	27945.000	15659.579	446.000
2.610	28102.000	15671.705	447.000
2.620	28256.000	15590.194	449.000
2.630	28414.000	15653.136	450.000
2.640	28564.000	15457.195	453.000
2.650	28722.000	15560.036	456.000
2.660	28879.000	15602.025	458.000
2.670	29033.000	15541.418	460.000
2.680	29188.000	15528.992	462.000
2.690	29346.000	15610.295	463.000
2.700	29501.000	15577.206	464.000
2.710	29656.000	15554.044	465.000
2.720	29814.000	15627.831	466.000
2.730	29969.000	15589.482	466.000
2.740	30126.000	15622.637	466.000
2.750	30284.000	15675.846	465.000
2.760	30444.000	15773.092	463.000
2.770	30599.000	15691.165	461.000
2.780	30758.000	15753.815	459.000
2.790	30915.000	15737.671	457.000
2.800	31077.000	15876.369	454.000
2.810	31233.000	15793.459	450.000
2.820	31392.000	15825.421	448.000
2.830	31552.000	15877.795	445.000
2.840	31711.000	15884.456	441.000
2.850	31871.000	15919.119	437.000
2.860	32029.000	15883.384	434.000
2.870	32187.000	15858.369	431.000
2.880	32347.000	15900.858	429.000
2.890	32504.000	15840.601	427.000
2.900	32663.000	15858.420	425.000
2.910	32818.000	15750.894	424.000
2.920	32975.000	15735.626	425.000
2.930	33131.000	15694.938	426.000
2.940	33286.000	15636.457	428.000
2.950	33444.000	15685.520	429.000
2.960	33598.000	15599.864	431.000
2.970	33753.000	15569.905	434.000
2.980	33909.000	15578.933	437.000
2.990	34064.000	15555.253	440.000
3.000	34220.000	15568.677	442.000
3.010	34373.000	15488.074	445.000
3.020	34528.000	15491.652	448.000
3.030	34683.000	15494.156	451.000
3.040	34839.000	15525.909	453.000
3.050	34993.000	15488.137	456.000
3.060	35149.000	15521.696	458.000
3.070	35304.000	15515.187	459.000
3.080	35459.000	15510.631	461.000
3.090	35615.000	15537.442	462.000
3.100	35771.000	15556.209	462.000
3.110	35928.000	15599.346	462.000
3.120	36082.000	15539.542	462.000
3.130	36238.000	15557.680	463.000
3.140	36394.000	15570.376	463.000
3.150	36552.000	15639.263	462.000
3.160	36711.000	15717.484	460.000
3.170	36865.000	15622.239	459.000
3.180	37022.000	15645.567	458.000
3.190	37179.000	15661.897	457.000
3.200	37336.000	15673.328	455.000
3.210	37492.000	15651.330	454.000
3.220	37648.000	15635.931	453.000
3.230	37804.000	15625.151	453.000
3.240	37960.000	15617.606	453.000
3.250	38117.000	15642.324	453.000
3.260	38271.000	15569.627	453.000
3.270	38425.000	15518.739	454.000
3.280	38581.000	15543.117	456.000
3.290	38734.000	15470.182	458.000
3.300	38888.000	15449.127	460.000
3.310	39042.000	15434.389	463.000
3.320	39196.000	15424.072	466.000
3.330	39350.000	15416.851	469.000
3.340	39504.000	15411.795	471.000
3.350	39659.000	15438.257	473.000
3.360	39814.000	15456.780	475.000
3.370	39969.000	15469.746	476.000
3.380	40124.000	15478.822	477.000
3.390	40281.000	15545.175	477.000
3.400	40437.000	15561.623	476.000
3.410	40595.000	15633.136	474.000
3.420	40750.000	15593.195	473.000
3.430	40906.000	15595.237	472.000
3.440	41064.000	15656.666	470.000
3.450	41222.000	15699.666	467.000
3.460	41379.000	15699.766	465.000
3.470	41537.000	15729.836	462.000
3.480	41695.000	15750.885	459.000
3.490	41854.000	15795.620	455.000
3.500	42012.000	15796.934	452.000
3.510	42169.000	15767.854	449.000
3.520	42327.000	15777.498	446.000
3.530	42485.000	15784.248	444.000
3.540	42642.000	15758.974	441.000
3.550	42803.000	15861.282	439.000
3.560	42959.000	15782.897	436.000
3.570	43115.000	15728.028	435.000
3.580	43271.000	15689.620	435.000
3.590	43429.000	15722.734	434.000
3.600	43583.000	15625.914	435.000
3.610	43738.000	15588.140	437.000
3.620	43893.000	15561.698	439.000
3.630	44048.000	15543.188	441.000
3.640	44201.000	15470.232	444.000
3.650	44356.000	15479.162	448.000
3.660	44512.000	15515.414	450.000
3.670	44664.000	15420.790	453.000
3.680	44819.000	15444.553	457.000
3.690	44973.000	15431.187	460.000
3.700	45128.000	15451.831	462.000
3.710	45282.000	15436.282	465.000
3.720	45437.000	15455.397	467.000
3.730	45592.000	15468.778	468.000
3.740	45747.000	15478.145	470.000
3.750	45906.000	15604.701	469.000
3.760	46058.000	15483.291	469.000
3.770	46214.000	15518.304	470.000
3.780	46370.000	15542.813	470.000
3.790	46528.000	15619.969	469.000
3.800	46685.000	15643.978	467.000
3.810	46843.000	15690.785	465.000
3.820	46998.000	15633.549	463.000
3.830	47158.000	15743.484	460.000
3.840	47314.000	15700.439	457.000
3.850	47471.000	15700.307	455.000
3.860	47629.000	15730.215	453.000
3.870	47787.000	15751.151	450.000
3.880	47946.000	15795.805	447.000
3.890	48104.000	15797.064	444.000
3.900	48260.000	15737.945	442.000
3.910	48417.000	15726.561	440.000
3.920	48576.000	15778.593	439.000
3.930	48731.000	15695.015	437.000
3.940	48887.000	15666.511	437.000
3.950	49044.000	15676.557	437.000
3.960	49199.000	15623.590	438.000
3.970	49355.000	15616.513	439.000
3.980	49511.000	15611.559	440.000
3.990	49667.000	15608.091	441.000
4.000	49825.000	15665.664	441.000
4.010	49978.000	15555.965	442.000
4.020	50134.000	15569.175	443.000
4.030	50291.000	15608.423	444.000
4.040	50446.000	15575.896	445.000
4.050	50602.000	15583.127	446.000
4.060	50760.000	15648.189	446.000
4.070	50913.000	15543.732	447.000
4.080	51070.000	15590.613	448.000
4.090	51225.000	15563.429	448.000
4.100	51381.000	15574.400	449.000
4.110	51537.000	15582.080	450.000
4.120	51693.000	15587.456	450.000
4.130	51850.000	15621.219	450.000
4.140	52006.000	15614.853	450.000
4.150	52162.000	15610.397	449.000
4.160	52319.000	15637.278	449.000
4.170	52476.000	15656.095	448.000
4.180	52633.000	15669.266	447.000
4.190	52789.000	15648.486	446.000
4.200	52947.000	15693.940	445.000
4.210	53103.000	15665.758	444.000
4.220	53260.000	15676.031	443.000
4.230	53417.000	15683.222	442.000
4.240	53574.000	15688.255	441.000
4.250	53733.000	15751.779	439.000
4.260	53886.000	15616.245	438.000
4.270	54041.000	15581.372	439.000
4.280	54196.000	15556.960	441.000
4.290	54350.000	15509.872	443.000
4.300	54504.000	15476.910	445.000
4.310	54658.000	15453.837	448.000
4.320	54808.000	15317.686	452.000
4.330	54960.000	15282.380	458.000
4.340	55112.000	15257.666	464.000
4.350	55263.000	15210.366	469.000
4.360	55415.000	15207.256	475.000
4.370	55566.000	15175.080	481.000
4.380	55718.000	15182.556	487.000
4.390	55870.000	15187.789	491.000
4.400	56021.000	15161.452	496.000
4.410	56173.000	15173.017	501.000
4.420	56325.000	15181.112	505.000
4.430	56476.000	15156.778	509.000
4.440	56630.000	15229.745	512.000
4.450	56784.000	15280.821	513.000
4.460	56936.000	15256.575	515.000
4.470	57089.000	15269.602	516.000
4.480	57243.000	15308.722	517.000
4.490	57397.000	15336.105	517.000
4.500	57555.000	15475.274	516.000
4.510	57708.000	15422.692	514.000
4.520	57862.000	15415.884	512.000
4.530	58018.000	15471.119	511.000
4.540	58173.000	15479.783	509.000
4.550	58330.000	15545.848	507.000
4.560	58488.000	15622.094	503.000
4.570	58641.000	15525.466	500.000
4.580	58798.000	15577.826	498.000
4.590	58953.000	15554.478	495.000
4.600	59109.000	15568.135	494.000
4.610	59266.000	15607.694	491.000
4.620	59420.000	15545.386	490.000
4.630	59575.000	15531.770	489.000
4.640	59729.000	15492.239	489.000
4.650	59885.000	15524.567	489.000
4.660	60039.000	15487.197	489.000
4.670	60193.000	15461.038	489.000
4.680	60348.000	15472.727	490.000
4.690	60503.000	15480.909	491.000
4.700	60661.000	15576.636	490.000
4.710	60813.000	15463.645	490.000
4.720	60968.000	15474.552	491.000
4.730	61125.000	15542.186	491.000
4.740	61279.000	15499.530	491.000
4.750	61438.000	15619.671	490.000
4.760	61591.000	15523.770	489.000
4.770	61747.000	15546.639	488.000
4.780	61904.000	15592.647	487.000
4.790	62061.000	15624.853	486.000
4.800	62220.000	15707.397	483.000
4.810	62378.000	15735.178	480.000
4.820	62535.000	15724.625	477.000
4.830	62693.000	15747.237	474.000
4.840	62851.000	15763.066	471.000
4.850	63011.000	15834.146	467.000
4.860	63169.000	15823.902	463.000
4.870	63329.000	15876.732	459.000
4.880	63489.000	15913.712	454.000
4.890	63649.000	15939.599	449.000
4.900	63809.000	15957.719	444.000
4.910	63969.000	15970.403	439.000
4.920	64129.000	15979.282	435.000
4.930	64289.000	15985.498	430.000
4.940	64448.000	15959.848	426.000
4.950	64610.000	16031.894	422.000
4.960	64766.000	15902.326	419.000
4.970	64925.000	15901.628	417.000
4.980	65084.000	15901.140	416.000
4.990	65241.000	15840.798	415.000
5.000	65402.000	15918.558	414.000
5.010	65556.000	15762.991	415.000
5.020	65714.000	15774.094	420.000
5.030	65870.000	15721.866	427.000
5.040	66028.000	15745.306	436.000
5.050	66186.000	15761.714	447.000
5.060	66343.000	15743.200	459.000
5.070	66501.000	15760.240	473.000
5.080	66659.000	15772.168	487.000
5.090	66818.000	15810.518	502.000
5.100	66977.000	15837.362	517.000
5.110	67136.000	15856.154	533.000
5.120	67295.000	15869.308	549.000
5.130	67455.000	15908.515	566.000
5.140	67616.000	15965.961	582.000
5.150	67777.000	16006.172	598.000
5.160	67937.000	16004.321	614.000
5.170	68099.000	16063.025	630.000
5.180	68261.000	16104.117	645.000
5.190	68423.000	16132.882	661.000
5.200	68586.000	16183.017	675.000
5.210	68749.000	16218.112	690.000
5.220	68912.000	16242.679	704.000
5.230	69076.000	16289.875	717.000
5.240	69240.000	16322.912	730.000
5.250	69405.000	16376.039	742.000
5.260	69569.000	16383.227	753.000
5.270	69734.000	16418.259	765.000
5.280	69899.000	16442.781	775.000
5.290	70064.000	16459.947	785.000
5.300	70230.000	16501.963	794.000
5.310	70396.000	16531.374	802.000
5.320	70562.000	16551.962	809.000
5.330	70728.000	16566.373	816.000
5.340	70895.000	16606.461	822.000
5.350	71063.000	16664.523	826.000
5.360	71233.000	16765.166	829.000
5.370	71399.000	16715.616	830.000
5.380	71569.000	16800.931	831.000
5.390	71738.000	16830.652	830.000
5.400	71909.000	16911.456	827.000
5.410	72081.000	16998.019	823.000
5.420	72255.000	17118.614	815.000
5.430	72428.000	17173.030	806.000
5.440	72603.000	17271.121	795.000
5.450	72778.000	17339.784	783.000
5.460	72954.000	17417.849	768.000
5.470	73132.000	17532.494	752.000
5.480	73309.000	17582.746	734.000
5.490	73489.000	17707.922	714.000
5.500	73669.000	17795.546	692.000
5.510	73850.000	17886.882	668.000
5.520	74031.000	17950.817	643.000
5.530	74212.000	17995.572	617.000
5.540	74394.000	18056.900	590.000
5.550	74578.000	18159.830	562.000
5.560	74762.000	18231.881	532.000
5.570	74943.000	18192.317	501.000
5.580	75127.000	18254.622	471.000
5.590	75310.000	18268.235	440.000
5.600	75493.000	18277.765	409.000
5.610	75675.000	18254.435	378.000
5.620	75857.000	18238.105	348.000
5.630	76039.000	18226.673	318.000
5.640	76220.000	18188.671	287.000
5.650	76403.000	18222.070	257.000
5.660	76583.000	18155.449	227.000
5.670	76764.000	18138.814	197.000
5.680	76944.000	18097.170	168.000
5.690	77123.000	18038.019	139.000
5.700	77303.000	18026.613	111.000
5.710	77481.000	17958.629	82.000
5.720	77659.000	17911.041	55.000
5.730	77835.000	17817.728	28.000
5.740	78013.000	17812.410	2.000
5.750	78190.000	17778.687	-24.000
5.760	78366.000	17725.081	-50.000
5.770	78537.000	17537.557	-74.000
5.780	78710.000	17466.290	-96.000
5.790	78882.000	17386.403	-117.000
5.800	79054.000	17330.482	-137.000
5.810	79224.000	17231.337	-157.000
5.820	79393.000	17131.936	-175.000
5.830	79561.000	17032.355	-193.000
5.840	79728.000	16932.649	-208.000
5.850	79893.000	16802.854	-223.000
5.860	80056.000	16651.998	-235.000
5.870	80218.000	16516.399	-245.000
5.880	80379.000	16391.479	-254.000
5.890	80537.000	16214.035	-260.000
5.900	80694.000	16059.825	-264.000
5.910	80848.000	15861.877	-266.000
5.920	81000.000	15663.314	-265.000
5.930	81150.000	15464.320	-261.000
5.940	81298.000	15265.024	-255.000
5.950	81445.000	15095.517	-246.000
5.960	81590.000	14916.862	-236.000
5.970	81730.000	14641.803	-222.000
5.980	81870.000	14449.262	-206.000
5.990	82008.000	14254.484	-187.000
6.000	82146.000	14118.138	-167.000
6.010	82281.000	13932.697	-145.000
6.020	82416.000	13802.888	-122.000
6.030	82549.000	13652.022	-98.000
6.040	82681.000	13516.415	-72.000
6.050	82815.000	13481.491	-47.000
6.060	82944.000	13307.043	-20.000
6.070	83072.000	13154.930	8.000
6.080	83200.000	13048.451	37.000
6.090	83327.000	12943.916	67.000
6.100	83453.000	12840.741	98.000
6.110	83579.000	12768.519	130.000
6.120	83705.000	12717.963	161.000
6.130	83830.000	12652.574	193.000
6.140	83954.000	12576.802	226.000
6.150	84079.000	12553.761	258.000
6.160	84203.000	12507.633	291.000
6.170	84326.000	12445.343	324.000
6.180	84449.000	12401.740	357.000
6.190	84571.000	12341.218	392.000
6.200	84694.000	12328.853	426.000
6.210	84816.000	12290.197	461.000
6.220	84939.000	12293.138	495.000
6.230	85061.000	12265.196	530.000
6.240	85184.000	12275.638	564.000
6.250	85306.000	12252.946	599.000
6.260	85428.000	12237.062	634.000
6.270	85550.000	12225.944	669.000
6.280	85672.000	12218.161	704.000
6.290	85795.000	12242.712	739.000
6.300	85918.000	12259.899	774.000
6.310	86042.000	12301.929	808.000
6.320	86165.000	12301.350	842.000
6.330	86288.000	12300.945	876.000
6.340	86413.000	12360.662	910.000
6.350	86538.000	12402.463	942.000
6.360	86664.000	12461.724	974.000
6.370	86791.000	12533.207	1005.000
6.380	86919.000	12613.245	1034.000
6.390	87048.000	12699.271	1063.000
6.400	87178.000	12789.490	1090.000
6.410	87310.000	12912.643	1115.000
6.420	87443.000	13028.850	1139.000
6.430	87578.000	13170.195	1160.000
6.440	87714.000	13299.137	1180.000
6.450	87853.000	13479.396	1198.000
6.460	87992.000	13605.577	1213.000
6.470	88133.000	13753.904	1227.000
6.480	88277.000	13947.733	1238.000
6.490	88422.000	14113.413	1247.000
6.500	88569.000	14289.389	1254.000
6.510	88718.000	14472.572	1258.000
6.520	88869.000	14660.801	1261.000
6.530	89021.000	14822.560	1261.000
6.540	89176.000	15025.792	1259.000
6.550	89333.000	15228.055	1255.000
6.560	89492.000	15429.638	1248.000
6.570	89654.000	15660.747	1239.000
6.580	89816.000	15822.523	1228.000
6.590	89982.000	16055.766	1214.000
6.600	90150.000	16279.036	1198.000
6.610	90318.000	16435.325	1180.000
6.620	90489.000	16634.728	1160.000
6.630	90661.000	16804.309	1139.000
6.640	90835.000	16983.017	1115.000
6.650	91013.000	17228.112	1090.000
6.660	91187.000	17279.678	1064.000
6.670	91365.000	17435.775	1037.000
6.680	91544.000	17575.042	1009.000
6.690	91723.000	17672.530	981.000
6.700	91908.000	17920.771	950.000
6.710	92087.000	17914.540	919.000
6.720	92271.000	18060.178	888.000
6.730	92455.000	18162.124	856.000
6.740	92640.000	18263.487	823.000
6.750	92828.000	18424.441	788.000
6.760	93017.000	18567.109	752.000
6.770	93206.000	18666.976	715.000
6.780	93395.000	18736.883	677.000
6.790	93586.000	18845.818	639.000
6.800	93778.000	18952.073	600.000
6.810	93970.000	19026.451	559.000
6.820	94164.000	19138.516	518.000
6.830	94357.000	19186.961	477.000
6.840	94551.000	19250.873	435.000
6.850	94745.000	19295.611	394.000
6.860	94938.000	19296.928	352.000
6.870	95132.000	19327.849	311.000
6.880	95326.000	19349.495	270.000
6.890	95519.000	19334.646	230.000
6.900	95712.000	19324.252	190.000
6.910	95903.000	19256.977	152.000
6.920	96094.000	19209.884	115.000
6.930	96284.000	19146.919	79.000
6.940	96473.000	19072.843	44.000
6.950	96662.000	19020.990	11.000
6.960	96846.000	18834.693	-20.000
6.970	97031.000	18734.285	-49.000
6.980	97214.000	18604.000	-76.000
6.990	97396.000	18482.800	-102.000
7.000	97575.000	18307.960	-125.000
7.010	97754.000	18185.572	-146.000
7.020	97931.000	18039.900	-166.000
7.030	98106.000	17877.930	-184.000
7.040	98280.000	17734.551	-200.000
7.050	98452.000	17574.186	-215.000
7.060	98625.000	17491.930	-228.000
7.070	98793.000	17284.351	-240.000
7.080	98961.000	17139.046	-250.000
7.090	99127.000	16977.332	-258.000
7.100	99292.000	16834.132	-265.000
7.110	99456.000	16703.893	-271.000
7.120	99617.000	16522.725	-275.000
7.130	99776.000	16335.907	-277.000
7.140	99935.000	16205.135	-278.000
7.150	100093.000	16083.595	-277.000
7.160	100248.000	15908.516	-276.000
7.170	100401.000	15725.961	-272.000
7.180	100554.000	15598.173	-266.000
7.190	100705.000	15448.721	-260.000
7.200	100854.000	15284.105	-252.000
7.210	101002.000	15138.873	-242.000
7.220	101148.000	14977.211	-231.000
7.230	101292.000	14804.048	-218.000
7.240	101435.000	14652.834	-203.000
7.250	101576.000	14486.983	-186.000
7.260	101716.000	14340.888	-168.000
7.270	101852.000	14118.622	-148.000
7.280	101987.000	13933.035	-125.000
7.290	102121.000	13773.125	-100.000
7.300	102253.000	13601.187	-74.000
7.310	102384.000	13450.831	-46.000
7.320	102513.000	13285.582	-16.000
7.330	102641.000	13139.907	15.000
7.340	102768.000	13007.935	48.000
7.350	102893.000	12855.555	82.000
7.360	103018.000	12748.888	116.000
7.370	103142.000	12644.222	152.000
7.380	103265.000	12540.955	188.000
7.390	103387.000	12438.669	225.000
7.400	103509.000	12367.068	263.000
7.410	103629.000	12256.948	301.000
7.420	103750.000	12209.863	339.000
7.430	103871.000	12176.904	378.000
7.440	103992.000	12153.833	416.000
7.450	104112.000	12107.683	454.000
7.460	104234.000	12135.378	491.000
7.470	104355.000	12124.765	528.000
7.480	104475.000	12087.335	565.000
7.490	104597.000	12121.135	601.000
7.500	104720.000	12174.794	636.000
7.510	104842.000	12182.356	671.000
7.520	104965.000	12217.649	705.000
7.530	105090.000	12302.354	738.000
7.540	105214.000	12331.648	770.000
7.550	105339.000	12382.154	802.000
7.560	105467.000	12507.508	832.000
7.570	105595.000	12595.255	861.000
7.580	105724.000	12686.679	888.000
7.590	105855.000	12810.675	914.000
7.600	105987.000	12927.473	938.000
7.610	106118.000	12979.231	962.000
7.620	106252.000	13105.462	985.000
7.630	106388.000	13253.823	1006.000
7.640	106524.000	13357.676	1025.000
7.650	106664.000	13550.373	1043.000
7.660	106803.000	13655.261	1059.000
7.670	106944.000	13788.683	1074.000
7.680	107086.000	13912.078	1088.000
7.690	107229.000	14028.455	1101.000
7.700	107375.000	14199.918	1112.000
7.710	107518.000	14229.943	1123.000
7.720	107664.000	14340.960	1133.000
7.730	107812.000	14478.672	1142.000
7.740	107960.000	14575.070	1151.000
7.750	108110.000	14702.549	1158.000
7.760	108261.000	14821.784	1164.000
7.770	108413.000	14935.249	1168.000
7.780	108567.000	15074.674	1171.000
7.790	108723.000	15232.272	1173.000
7.800	108881.000	15402.590	1172.000
7.810	109039.000	15521.813	1170.000
7.820	109199.000	15665.269	1166.000
7.830	109363.000	15885.689	1160.000
7.840	109527.000	16039.982	1151.000
7.850	109692.000	16177.987	1141.000
7.860	109860.000	16364.591	1129.000
7.870	110030.000	16555.214	1114.000
7.880	110203.000	16778.650	1096.000
7.890	110376.000	16935.055	1077.000
7.900	110550.000	17074.538	1056.000
7.910	110728.000	17292.177	1033.000
7.920	110905.000	17414.524	1007.000
7.930	111085.000	17590.167	981.000
7.940	111266.000	17743.117	953.000
7.950	111449.000	17910.182	923.000
7.960	111635.000	18117.127	891.000
7.970	111816.000	18111.989	858.000
7.980	112002.000	18258.392	826.000
7.990	112188.000	18360.875	792.000
8.000	112374.000	18432.612	758.000
8.010	112564.000	18602.829	723.000
8.020	112748.000	18541.980	687.000
8.030	112936.000	18619.386	653.000
8.040	113124.000	18673.570	618.000
8.050	113312.000	18711.499	583.000
8.060	113499.000	18708.049	548.000
8.070	113687.000	18735.635	514.000
8.080	113875.000	18754.944	480.000
8.090	114064.000	18798.461	445.000
8.100	114252.000	18798.923	410.000
8.110	114439.000	18769.246	376.000
8.120	114627.000	18778.472	342.000
8.130	114815.000	18784.930	309.000
8.140	115002.000	18759.451	275.000
8.150	115189.000	18741.616	241.000
8.160	115375.000	18699.131	209.000
8.170	115562.000	18699.392	176.000
8.180	115747.000	18639.574	144.000
8.190	115932.000	18597.702	112.000
8.200	116118.000	18598.391	81.000
8.210	116301.000	18508.874	50.000
8.220	116484.000	18446.212	21.000
8.230	116666.000	18372.348	-8.000
8.240	116848.000	18320.644	-36.000
8.250	117029.000	18254.451	-63.000
8.260	117207.000	18118.115	-89.000
8.270	117384.000	17992.681	-113.000
8.280	117560.000	17874.877	-135.000
8.290	117736.000	17792.414	-156.000
8.300	117910.000	17674.690	-175.000
8.310	118080.000	17472.283	-193.000
8.320	118250.000	17330.598	-208.000
8.330	118418.000	17171.419	-221.000
8.340	118584.000	16999.993	-232.000
8.350	118749.000	16849.995	-241.000
8.360	118911.000	16654.997	-248.000
8.370	119072.000	16488.498	-253.000
8.380	119232.000	16341.948	-256.000
8.390	119390.000	16179.364	-258.000
8.400	119547.000	16035.555	-258.000
8.410	119702.000	15874.888	-256.000
8.420	119856.000	15732.422	-253.000
8.430	120009.000	15602.695	-249.000
8.440	120160.000	15451.887	-244.000
8.450	120310.000	15316.321	-237.000
8.460	120459.000	15191.424	-228.000
8.470	120605.000	15013.997	-218.000
8.480	120751.000	14889.798	-207.000
8.490	120895.000	14742.859	-194.000
8.500	121039.000	14640.001	-180.000
8.510	121180.000	14478.001	-164.000
8.520	121320.000	14334.600	-147.000
8.530	121460.000	14234.220	-129.000
8.540	121598.000	14103.954	-109.000
8.550	121735.000	13982.768	-88.000
8.560	121870.000	13837.938	-66.000
8.570	122004.000	13706.556	-42.000
8.580	122137.000	13584.589	-16.000
8.590	122269.000	13469.213	11.000
8.600	122401.000	13388.449	38.000
8.610	122530.000	13241.914	67.000
8.620	122659.000	13139.340	98.000
8.630	122787.000	13037.538	129.000
8.640	122914.000	12936.277	162.000
8.650	123042.000	12895.394	195.000
8.660	123165.000	12716.776	229.000
8.670	123289.000	12621.743	266.000
8.680	123412.000	12525.220	303.000
8.690	123534.000	12427.654	341.000
8.700	123657.000	12389.358	380.000
8.710	123779.000	12332.550	419.000
8.720	123899.000	12232.785	458.000
8.730	124020.000	12192.950	498.000
8.740	124140.000	12135.065	539.000
8.750	124261.000	12124.545	579.000
8.760	124382.000	12117.182	619.000
8.770	124503.000	12112.027	659.000
8.780	124624.000	12108.419	698.000
8.790	124746.000	12135.893	736.000
8.800	124870.000	12215.125	773.000
8.810	124994.000	12270.588	809.000
8.820	125118.000	12309.411	843.000
8.830	125243.000	12366.588	877.000
8.840	125369.000	12436.612	910.000
8.850	125498.000	12575.628	940.000
8.860	125626.000	12642.940	970.000
8.870	125756.000	12750.058	997.000
8.880	125887.000	12855.040	1024.000
8.890	126021.000	13018.528	1048.000
8.900	126157.000	13192.970	1069.000
8.910	126291.000	13255.079	1090.000
8.920	126429.000	13418.555	1109.000
8.930	126568.000	13562.989	1125.000
8.940	126709.000	13724.092	1140.000
8.950	126853.000	13926.864	1153.000
8.960	126999.000	14128.805	1163.000
8.970	127144.000	14240.164	1171.000
8.980	127293.000	14438.115	1178.000
8.990	127443.000	14606.680	1182.000
9.000	127596.000	14814.676	1185.000
9.010	127751.000	15020.273	1184.000
9.020	127905.000	15134.191	1183.000
9.030	128062.000	15303.934	1180.000
9.040	128221.000	15482.754	1176.000
9.050	128381.000	15637.928	1170.000
9.060	128543.000	15806.549	1162.000
9.070	128705.000	15924.585	1153.000
9.080	128870.000	16097.209	1143.000
9.090	129036.000	16248.046	1131.000
9.100	129203.000	16383.632	1118.000
9.110	129370.000	16478.543	1105.000
9.120	129541.000	16664.980	1089.000
9.130	129712.000	16795.486	1073.000
9.140	129884.000	16916.840	1055.000
9.150	130057.000	17031.788	1036.000
9.160	130235.000	17262.252	1014.000
9.170	130409.000	17303.576	992.000
9.180	130587.000	17452.503	969.000
9.190	130767.000	17616.752	944.000
9.200	130947.000	17731.727	917.000
9.210	131128.000	17842.209	889.000
9.220	131311.000	17979.546	861.000
9.230	131494.000	18075.682	830.000
9.240	131679.000	18202.978	799.000
9.250	131864.000	18292.084	767.000
9.260	132051.000	18414.459	733.000
9.270	132236.000	18440.121	700.000
9.280	132424.000	18548.085	665.000
9.290	132612.000	18623.659	630.000
9.300	132803.000	18766.562	594.000
9.310	132990.000	18746.593	557.000
9.320	133179.000	18792.615	520.000
9.330	133368.000	18824.831	484.000
9.340	133558.000	18877.381	447.000
9.350	133747.000	18884.167	410.000
9.360	133935.000	18858.917	374.000
9.370	134122.000	18811.242	339.000
9.380	134310.000	18807.869	304.000
9.390	134495.000	18715.508	271.000
9.400	134680.000	18650.856	239.000
9.410	134863.000	18545.599	208.000
9.420	135046.000	18471.919	179.000
9.430	135228.000	18390.344	151.000
9.440	135409.000	18303.241	124.000
9.450	135590.000	18242.268	98.000
9.460	135772.000	18229.588	72.000
9.470	135948.000	18040.711	47.000
9.480	136127.000	17998.498	24.000
9.490	136304.000	17908.949	1.000
9.500	136481.000	17846.264	-22.000
9.510	136656.000	17742.385	-44.000
9.520	136831.000	17669.669	-64.000
9.530	137005.000	17588.769	-85.000
9.540	137177.000	17472.138	-104.000
9.550	137352.000	17480.497	-123.000
9.560	137520.000	17276.348	-141.000
9.570	137692.000	17253.443	-158.000
9.580	137859.000	17087.410	-173.000
9.590	138025.000	16941.187	-187.000
9.600	138191.000	16838.831	-199.000
9.610	138355.000	16707.182	-209.000
9.620	138517.000	16555.027	-218.000
9.630	138679.000	16448.519	-225.000
9.640	138839.000	16313.963	-231.000
9.650	138999.000	16219.774	-236.000
9.660	139153.000	15973.842	-239.000
9.670	139307.000	15801.689	-238.000
9.680	139460.000	15651.183	-235.000
9.690	139610.000	15455.828	-231.000
9.700	139759.000	15289.079	-224.000
9.710	139906.000	15112.356	-215.000
9.720	140051.000	14928.649	-203.000
9.730	140193.000	14710.054	-190.000
9.740	140336.000	14587.038	-174.000
9.750	140477.000	14440.927	-157.000
9.760	140615.000	14248.649	-139.000
9.770	140753.000	14114.054	-118.000
9.780	140889.000	13959.838	-96.000
9.790	141025.000	13851.886	-73.000
9.800	141159.000	13716.321	-49.000
9.810	141292.000	13591.424	-24.000
9.820	141424.000	13473.997	2.000
9.830	141556.000	13391.798	29.000
9.840	141687.000	13304.259	57.000
9.850	141818.000	13242.981	85.000
9.860	141945.000	13080.087	114.000
9.870	142074.000	13026.061	144.000
9.880	142203.000	12988.242	175.000
9.890	142331.000	12931.770	205.000
9.900	142458.000	12862.239	236.000
9.910	142585.000	12813.567	268.000
9.920	142713.000	12809.497	300.000
9.930	142839.000	12746.648	331.000
9.940	142967.000	12762.654	363.000
9.950	143095.000	12773.857	394.000
9.960	143223.000	12781.700	425.000
9.970	143351.000	12787.190	456.000
9.980	143477.000	12731.033	487.000
9.990	143605.000	12751.723	519.000
10.000	143734.000	12796.206	550.000
10.010	143862.000	12797.344	580.000
10.020	143991.000	12828.141	611.000
10.030	144120.000	12849.699	641.000
10.040	144252.000	12954.789	670.000
10.050	144380.000	12908.352	699.000
10.060	144510.000	12935.847	729.000
10.070	144640.000	12955.093	759.000
10.080	144772.000	13028.565	788.000
10.090	144903.000	13049.995	816.000
10.100	145037.000	13154.997	844.000
10.110	145167.000	13108.498	872.000
10.120	145302.000	13225.948	899.000
10.130	145435.000	13248.164	926.000
10.140	145570.000	13323.715	952.000
10.150	145707.000	13436.600	976.000
10.160	145844.000	13515.620	999.000
10.170	145982.000	13600.934	1022.000
10.180	146123.000	13750.654	1042.000
10.190	146264.000	13855.458	1061.000
10.200	146407.000	13988.820	1078.000
10.210	146554.000	14202.174	1092.000
10.220	146699.000	14291.522	1104.000
10.230	146847.000	14444.065	1115.000
10.240	146997.000	14610.846	1124.000
10.250	147150.000	14817.592	1130.000
10.260	147303.000	14962.314	1134.000
10.270	147458.000	15123.620	1136.000
10.280	147615.000	15296.534	1136.000
10.290	147774.000	15477.574	1134.000
10.300	147934.000	15634.302	1130.000
10.310	148096.000	15804.011	1125.000
10.320	148259.000	15952.808	1117.000
10.330	148424.000	16116.965	1108.000
10.340	148590.000	16261.876	1098.000
10.350	148759.000	16453.313	1085.000
10.360	148927.000	16557.319	1071.000
10.370	149096.000	16660.123	1056.000
10.380	149267.000	16792.086	1041.000
10.390	149439.000	16914.460	1024.000
10.400	149612.000	17030.122	1006.000
10.410	149786.000	17141.086	986.000
10.420	149961.000	17248.760	966.000
10.430	150136.000	17324.132	945.000
10.440	150312.000	17406.892	924.000
10.450	150490.000	17524.825	901.000
10.460	150667.000	17577.377	878.000
10.470	150844.000	17614.164	854.000
10.480	151023.000	17699.915	830.000
10.490	151203.000	17789.940	805.000
10.500	151387.000	17972.958	778.000
10.510	151565.000	17921.071	749.000
10.520	151746.000	17974.750	722.000
10.530	151929.000	18072.325	693.000
10.540	152111.000	18110.627	664.000
10.550	152295.000	18197.439	633.000
10.560	152478.000	18228.207	602.000
10.570	152664.000	18339.745	570.000
10.580	152847.000	18327.822	537.000
10.590	153031.000	18349.475	504.000
10.600	153218.000	18454.633	471.000
10.610	153401.000	18408.243	437.000
10.620	153587.000	18465.770	403.000
10.630	153773.000	18506.039	368.000
10.640	153958.000	18504.227	333.000
10.650	154144.000	18532.959	299.000
10.660	154331.000	18583.071	263.000
10.670	154514.000	18498.150	228.000
10.680	154698.000	18468.705	194.000
10.690	154882.000	18448.093	161.000
10.700	155065.000	18403.665	128.000
10.710	155249.000	18402.566	96.000
10.720	155428.000	18251.796	65.000
10.730	155608.000	18176.257	36.000
10.740	155790.000	18183.380	7.000
10.750	155965.000	17978.366	-20.000
10.760	156143.000	17924.856	-45.000
10.770	156319.000	17827.399	-69.000
10.780	156493.000	17699.180	-92.000
10.790	156666.000	17579.426	-112.000
10.800	156839.000	17495.598	-132.000
10.810	157010.000	17376.919	-150.000
10.820	157181.000	17293.843	-168.000
10.830	157348.000	17115.690	-183.000
10.840	157516.000	17020.983	-197.000
10.850	157682.000	16894.688	-209.000
10.860	157846.000	16746.282	-220.000
10.870	158013.000	16732.397	-230.000
10.880	158173.000	16512.678	-239.000
10.890	158334.000	16388.875	-245.000
10.900	158493.000	16242.212	-250.000
10.910	158651.000	16109.549	-253.000
10.920	158808.000	15986.684	-254.000
10.930	158964.000	15870.679	-255.000
10.940	159118.000	15729.475	-253.000
10.950	159272.000	15630.633	-251.000
10.960	159424.000	15501.443	-247.000
10.970	159575.000	15381.010	-241.000
10.980	159724.000	15236.707	-234.000
10.990	159872.000	15105.695	-226.000
11.000	160019.000	14983.986	-215.000
11.010	160163.000	14808.790	-203.000
11.020	160306.000	14656.153	-188.000
11.030	160447.000	14489.307	-172.000
11.040	160586.000	14312.515	-153.000
11.050	160725.000	14188.761	-132.000
11.060	160859.000	13952.132	-109.000
11.070	160993.000	13786.493	-83.000
11.080	161124.000	13580.545	-54.000
11.090	161255.000	13436.381	-24.000
11.100	161385.000	13305.467	8.000
11.110	161513.000	13153.827	41.000
11.120	161637.000	12927.679	77.000
11.130	161762.000	12799.375	114.000
11.140	161886.000	12679.563	153.000
11.150	162009.000	12565.694	192.000
11.160	162131.000	12455.986	232.000
11.170	162254.000	12409.190	273.000
11.180	162374.000	12286.433	314.000
11.190	162496.000	12260.503	355.000
11.200	162617.000	12212.352	395.000
11.210	162739.000	12208.647	435.000
11.220	162860.000	12176.053	475.000
11.230	162981.000	12153.237	514.000
11.240	163102.000	12137.266	554.000
11.250	163225.000	12186.086	592.000
11.260	163348.000	12220.260	629.000
11.270	163471.000	12244.182	665.000
11.280	163594.000	12260.928	701.000
11.290	163719.000	12332.649	735.000
11.300	163845.000	12412.854	768.000
11.310	163969.000	12408.998	801.000
11.320	164095.000	12466.299	833.000
11.330	164223.000	12566.409	864.000
11.340	164351.000	12636.486	894.000
11.350	164483.000	12805.540	921.000
11.360	164613.000	12863.878	947.000
11.370	164743.000	12904.715	973.000
11.380	164876.000	13023.300	998.000
11.390	165011.000	13166.310	1021.000
11.400	165145.000	13236.417	1043.000
11.410	165281.000	13345.492	1064.000
11.420	165419.000	13481.844	1083.000
11.430	165557.000	13577.291	1101.000
11.440	165696.000	13674.104	1118.000
11.450	165838.000	13831.873	1134.000
11.460	165979.000	13912.311	1148.000
11.470	166121.000	13998.618	1162.000
11.480	166265.000	14119.032	1174.000
11.490	166411.000	14263.323	1185.000
11.500	166557.000	14364.326	1195.000
11.510	166704.000	14465.028	1203.000
11.520	166853.000	14595.520	1211.000
11.530	167004.000	14746.864	1216.000
11.540	167157.000	14912.805	1219.000
11.550	167310.000	15028.963	1221.000
11.560	167466.000	15200.274	1220.000
11.570	167623.000	15350.192	1218.000
11.580	167784.000	15575.134	1213.000
11.590	167943.000	15672.594	1206.000
11.600	168109.000	15950.816	1196.000
11.610	168270.000	15995.571	1185.000
11.620	168436.000	16176.900	1173.000
11.630	168604.000	16363.830	1158.000
11.640	168774.000	16554.681	1141.000
11.650	168945.000	16718.277	1121.000
11.660	169119.000	16922.794	1100.000
11.670	169293.000	17065.956	1076.000
11.680	169471.000	17286.169	1051.000
11.690	169650.000	17470.318	1023.000
11.700	169830.000	17629.223	993.000
11.710	170012.000	17800.456	961.000
11.720	170193.000	17890.319	929.000
11.730	170378.000	18073.223	895.000
11.740	170563.000	18201.256	859.000
11.750	170751.000	18380.879	823.000
11.760	170939.000	18506.616	784.000
11.770	171126.000	18564.631	745.000
11.780	171315.000	18665.242	706.000
11.790	171504.000	18735.669	667.000
11.800	171696.000	18874.968	627.000
11.810	171883.000	18822.478	587.000
11.820	172071.000	18815.735	549.000
11.830	172260.000	18841.014	512.000
11.840	172452.000	18948.710	474.000
11.850	172642.000	18964.097	435.000
11.860	172831.000	18944.868	397.000
11.870	173022.000	18991.408	359.000
11.880	173212.000	18993.985	321.000
11.890	173403.000	19025.790	283.000
11.900	173595.000	19078.053	245.000
11.910	173784.000	19024.637	207.000
11.920	173974.000	19017.246	170.000
11.930	174165.000	19042.072	133.000
11.940	174355.000	19029.450	95.000
11.950	174544.000	18990.615	59.000
11.960	174734.000	18993.431	23.000
11.970	174923.000	18965.402	-13.000
11.980	175108.000	18825.781	-47.000
11.990	175294.000	18758.047	-79.000
12.000	175481.000	18740.633	-110.000
12.010	175662.000	18548.443	0.000
12.020	175844.000	18443.910	0.000
12.030	176023.000	18280.737	0.000
12.040	176202.000	18166.516	0.000
12.050	176381.000	18086.561	0.000
12.060	176557.000	17940.593	0.000
12.070	176733.000	17838.415	0.000
12.080	176906.000	17676.890	0.000
12.090	177078.000	17533.823	0.000
12.100	177249.000	17403.676	0.000
12.110	177418.000	17252.573	0.000
12.120	177586.000	17116.801	0.000
12.130	177753.000	16991.761	0.000
12.140	177919.000	16874.233	0.000
12.150	178084.000	16761.963	0.000
12.160	178247.000	16623.374	0.000
12.170	178410.000	16526.362	0.000
12.180	178571.000	16398.453	0.000
12.190	178732.000	16308.917	0.000
12.200	178891.000	16186.242	0.000
12.210	179051.000	16130.369	0.000
12.220	179208.000	16001.259	0.000
12.230	179365.000	15910.881	0.000
12.240	179521.000	15817.617	0.000
12.250	179679.000	15812.332	0.000
12.260	179831.000	15628.632	0.000
12.270	179984.000	15530.043	0.000
12.280	180136.000	15431.030	0.000
12.290	180288.000	15361.721	0.000
12.300	180438.000	15253.205	0.000
12.310	180587.000	15147.243	0.000
12.320	180735.000	15043.070	0.000
12.330	180881.000	14910.149	0.000
12.340	181027.000	14817.104	0.000
12.350	181172.000	14721.973	0.000
12.360	181317.000	14655.381	0.000
12.370	181458.000	14488.767	0.000
12.380	181599.000	14372.137	0.000
12.390	181739.000	14260.496	0.000
12.400	181878.000	14152.347	0.000
12.410	182016.000	14046.643	0.000
12.420	182152.000	13912.650	0.000
12.430	182286.000	13758.855	0.000
12.440	182419.000	13621.199	0.000
12.450	182552.000	13524.839	0.000
12.460	182682.000	13367.387	0.000
12.470	182813.000	13287.171	0.000
12.480	182940.000	13111.020	0.000
12.490	183068.000	13017.714	0.000
12.500	183194.000	12892.400	0.000
12.510	183320.000	12804.680	0.000
12.520	183445.000	12713.276	0.000
12.530	183569.000	12619.293	0.000
12.540	183692.000	12523.505	0.000
12.550	183815.000	12456.454	0.000
12.560	183935.000	12319.518	0.000
12.570	184056.000	12253.662	0.000
12.580	184175.000	12147.564	0.000
12.590	184293.000	12043.295	0.000
12.600	184410.000	11940.306	0.000
12.610	184526.000	11838.214	0.000
12.620	184641.000	11736.750	0.000
12.630	184756.000	11665.725	0.000
12.640	184869.000	11556.008	0.000
12.650	184983.000	11509.205	0.000
12.660	185096.000	11446.444	0.000
12.670	185206.000	11312.511	0.000
12.680	185316.000	11218.757	0.000
12.690	185426.000	11153.130	0.000
12.700	185536.000	11107.191	0.000
12.710	185643.000	10985.034	0.000
12.720	185751.000	10929.524	0.000
12.730	185856.000	10800.667	0.000
12.740	185962.000	10740.467	0.000
12.750	186069.000	10728.327	0.000
12.760	186171.000	10569.829	0.000
12.770	186276.000	10548.880	0.000
12.780	186377.000	10414.216	0.000
12.790	186478.000	10319.951	0.000
12.800	186579.000	10253.966	0.000
12.810	186679.000	10177.776	0.000
12.820	186777.000	10064.443	0.000
12.830	186874.000	9955.110	0.000
12.840	186971.000	9878.577	0.000
12.850	187066.000	9765.004	0.000
12.860	187160.000	9655.503	0.000
12.870	187251.000	9488.852	0.000
12.880	187342.000	9372.196	0.000
12.890	187432.000	9260.537	0.000
12.900	187520.000	9122.376	0.000
12.910	187606.000	8965.663	0.000
12.920	187691.000	8825.964	0.000
12.930	187775.000	8698.175	0.000
12.940	187857.000	8548.723	0.000
12.950	187939.000	8444.106	0.000
12.960	188019.000	8310.874	0.000
12.970	188097.000	8157.612	0.000
12.980	188174.000	8020.328	0.000
12.990	188250.000	7894.230	0.000
13.000	188325.000	7775.961	0.000
13.010	188399.000	7663.173	0.000
13.020	188470.000	7494.221	0.000
13.030	188542.000	7405.955	0.000
13.040	188612.000	7284.168	0.000
13.050	188682.000	7198.918	0.000
13.060	188750.000	7079.242	0.000
13.070	188817.000	6965.470	0.000
13.080	188884.000	6885.829	0.000
13.090	188950.000	6800.080	0.000
13.100	189014.000	6680.056	0.000
13.110	189079.000	6626.039	0.000
13.120	189143.000	6558.227	0.000
13.130	189206.000	6480.759	0.000
13.140	189269.000	6426.531	0.000
13.150	189331.000	6358.572	0.000
13.160	189394.000	6341.000	0.000
13.170	189454.000	6238.700	0.000
13.180	189514.000	6167.090	0.000
13.190	189574.000	6116.963	0.000
13.200	189635.000	6111.874	0.000
13.210	189692.000	5988.312	0.000
13.220	189749.000	5901.818	0.000
13.230	189806.000	5841.273	0.000
13.240	189863.000	5798.891	0.000
13.250	189919.000	5739.224	0.000
13.260	189975.000	5697.457	0.000
13.270	190029.000	5608.220	0.000
13.280	190083.000	5545.754	0.000
13.290	190136.000	5472.028	0.000
13.300	190190.000	5450.419	0.000
13.310	190241.000	5345.294	0.000
13.320	190292.000	5271.705	0.000
13.330	190342.000	5190.194	0.000
13.340	190392.000	5133.136	0.000
13.350	190441.000	5063.195	0.000
13.360	190489.000	4984.236	0.000
13.370	190537.000	4928.966	0.000
13.380	190584.000	4860.276	0.000
13.390	190630.000	4782.193	0.000
13.400	190676.000	4727.535	0.000
13.410	190720.000	4629.275	0.000
13.420	190765.000	4590.492	0.000
13.430	190808.000	4503.345	0.000
13.440	190851.000	4442.341	0.000
13.450	190893.000	4369.639	0.000
13.460	190935.000	4318.747	0.000
13.470	190975.000	4223.123	0.000
13.480	191016.000	4186.186	0.000
13.490	191055.000	4100.330	0.000
13.500	191093.000	4010.231	0.000
13.510	191131.000	3947.162	0.000
13.520	191167.000	3843.013	0.000
13.530	191203.000	3770.109	0.000
13.540	191238.000	3689.077	0.000
13.550	191272.000	3602.354	0.000
13.560	191306.000	3541.647	0.000
13.570	191339.000	3469.153	0.000
13.580	191370.000	3358.407	0.000
13.590	191401.000	3280.885	0.000
13.600	191431.000	3196.620	0.000
13.610	191461.000	3137.634	0.000
13.620	191488.000	3006.344	0.000
13.630	191516.000	2944.441	0.000
13.640	191542.000	2841.108	0.000
13.650	191568.000	2768.776	0.000
13.660	191593.000	2688.143	0.000
13.670	191616.000	2571.700	0.000
13.680	191639.000	2490.190	0.000
13.690	191660.000	2373.133	0.000
13.700	191681.000	2291.193	0.000
13.710	191701.000	2203.835	0.000
13.720	191719.000	2082.685	0.000
13.730	191737.000	1997.879	0.000
13.740	191754.000	1908.515	0.000
13.750	191770.000	1815.961	0.000
13.760	191785.000	1721.173	0.000
13.770	191799.000	1624.821	0.000
13.780	191812.000	1527.375	0.000
13.790	191825.000	1459.162	0.000
13.800	191836.000	1351.414	0.000
13.810	191847.000	1275.989	0.000
13.820	191856.000	1163.193	0.000
13.830	191865.000	1084.235	0.000
13.840	191872.000	968.964	0.000
13.850	191879.000	888.275	0.000
13.860	191884.000	771.793	0.000
13.870	191888.000	660.255	0.000
13.880	191892.000	582.178	0.000
13.890	191894.000	467.525	0.000
13.900	191895.000	357.267	0.000
13.910	191895.000	250.087	0.000
13.920	191895.000	175.061	0.000
13.930	191894.000	92.543	0.000
13.940	191892.000	4.780	0.000
13.950	191888.000	-116.654	0.000
13.960	191884.000	-201.658	0.000
13.970	191879.000	-291.160	0.000
13.980	191873.000	-383.812	0.000
13.990	191867.000	-448.669	0.000
14.000	191860.000	-524.068	0.000
14.010	191853.000	-576.848	0.000
14.020	191845.000	-643.793	0.000
14.030	191838.000	-660.655	0.000
14.040	191829.000	-732.459	0.000
14.050	191821.000	-752.721	0.000
14.060	191812.000	-796.905	0.000
14.070	191803.000	-827.833	0.000
14.080	191795.000	-819.483	0.000
14.090	191786.000	-843.638	0.000
14.100	191777.000	-860.547	0.000
14.110	191768.000	-872.383	0.000
14.120	191759.000	-880.668	0.000
14.130	191750.000	-886.468	0.000
14.140	191741.000	-890.527	0.000
14.150	191732.000	-893.369	0.000
14.160	191723.000	-895.358	0.000
14.170	191714.000	-896.751	0.000
14.180	191706.000	-867.726	0.000
14.190	191697.000	-877.408	0.000
14.200	191688.000	-884.186	0.000
14.210	191680.000	-858.930	0.000
14.220	191672.000	-841.251	0.000
14.230	191663.000	-858.876	0.000
14.240	191655.000	-841.213	0.000
14.250	191647.000	-828.849	0.000
14.260	191639.000	-820.194	0.000
14.270	191631.000	-814.136	0.000
14.280	191623.000	-809.895	0.000
14.290	191615.000	-806.927	0.000
14.300	191607.000	-804.849	0.000
14.310	191600.000	-773.394	0.000
14.320	191592.000	-781.376	0.000
14.330	191585.000	-756.963	0.000
14.340	191577.000	-769.874	0.000
14.350	191570.000	-748.912	0.000
14.360	191563.000	-734.238	0.000
14.370	191556.000	-723.967	0.000
14.380	191549.000	-716.777	0.000
14.390	191542.000	-711.744	0.000
14.400	191536.000	-678.221	0.000
14.410	191529.000	-684.754	0.000
14.420	191523.000	-659.328	0.000
14.430	191517.000	-641.530	0.000
14.440	191511.000	-629.071	0.000
14.450	191506.000	-590.350	0.000
14.460	191500.000	-593.245	0.000
14.470	191495.000	-565.271	0.000
14.480	191490.000	-545.690	0.000
14.490	191485.000	-531.983	0.000
14.500	191481.000	-492.388	0.000
14.510	191477.000	-464.672	0.000
14.520	191473.000	-445.270	0.000
14.530	191469.000	-431.689	0.000
14.540	191465.000	-422.182	0.000
14.550	191462.000	-385.528	0.000
14.560	191459.000	-359.869	0.000
14.570	191456.000	-341.909	0.000
14.580	191453.000	-329.336	0.000
14.590	191451.000	-290.535	0.000
14.600	191449.000	-263.375	0.000
14.610	191447.000	-244.362	0.000
14.620	191445.000	-231.054	0.000
14.630	191444.000	-191.737	0.000
14.640	191443.000	-164.216	0.000
14.650	191442.000	-144.951	0.000
14.660	191441.000	-131.466	0.000
14.670	191441.000	-92.026	0.000
14.680	191441.000	-64.418	0.000
14.690	191441.000	-45.093	0.000
14.700	191441.000	-31.565	0.000
14.710	191441.000	-22.095	0.000
14.720	191441.000	-15.467	0.000
14.730	191442.000	19.173	0.000
14.740	191444.000	73.421	0.000
14.750	191445.000	81.395	0.000
14.760	191446.000	86.976	0.000
14.770	191448.000	120.883	0.000
14.780	191449.000	114.618	0.000
14.790	191450.000	110.233	0.000
14.800	191452.000	137.163	0.000
14.810	191453.000	126.014	0.000
14.820	191454.000	118.210	0.000
14.830	191455.000	112.747	0.000
14.840	191456.000	108.923	0.000
14.850	191457.000	106.246	0.000
14.860	191457.000	74.372	0.000
14.870	191458.000	82.061	0.000
14.880	191458.000	57.442	0.000
14.890	191459.000	70.210	0.000
14.900	191459.000	49.147	0.000
14.910	191459.000	34.403	0.000
14.920	191459.000	24.082	0.000
14.930	191459.000	16.857	0.000
14.940	191459.000	11.800	0.000
14.950	191459.000	8.260	0.000
14.960	191459.000	5.782	0.000
14.970	191458.000	-25.953	0.000
14.980	191458.000	-18.167	0.000
14.990	191457.000	-42.717	0.000
15.000	191456.000	-59.902	0.000
