0.000	0.000	0.000	0.000
0.010	7.000	210.000	0.000
0.020	9.000	207.000	-2.000
0.030	11.000	204.900	-4.000
0.040	12.000	173.430	-6.000
0.050	13.000	151.401	-8.000
0.060	14.000	135.981	-9.000
0.070	14.000	95.186	-10.000
0.080	14.000	66.631	-10.000
0.090	14.000	46.641	-11.000
0.100	14.000	32.649	-11.000
0.110	14.000	22.854	-10.000
0.120	12.000	-44.002	-10.000
0.130	10.000	-90.801	-9.000
0.140	8.000	-123.561	-8.000
0.150	6.000	-146.493	-6.000
0.160	4.000	-162.545	-5.000
0.170	2.000	-173.781	-3.000
0.180	-1.000	-211.647	-1.000
0.190	-3.000	-208.153	1.000
0.200	-6.000	-235.707	3.000
0.210	-8.000	-224.995	5.000
0.220	-10.000	-217.496	7.000
0.230	-13.000	-242.248	9.000
0.240	-15.000	-229.573	11.000
0.250	-17.000	-220.701	13.000
0.260	-18.000	-184.491	15.000
0.270	-20.000	-189.144	16.000
0.280	-21.000	-162.401	17.000
0.290	-22.000	-143.680	18.000
0.300	-23.000	-130.576	19.000
0.310	-24.000	-121.403	19.000
0.320	-24.000	-84.982	19.000
0.330	-25.000	-89.488	19.000
0.340	-25.000	-62.641	19.000
0.350	-25.000	-43.849	19.000
0.360	-25.000	-30.694	19.000
0.370	-25.000	-21.486	18.000
0.380	-24.000	14.960	18.000
0.390	-23.000	40.472	17.000
0.400	-22.000	58.330	16.000
0.410	-21.000	70.831	14.000
0.420	-19.000	109.582	13.000
0.430	-18.000	106.707	12.000
0.440	-17.000	104.695	10.000
0.450	-15.000	133.287	9.000
0.460	-14.000	123.301	7.000
0.470	-13.000	116.310	5.000
0.480	-12.000	111.417	4.000
0.490	-11.000	107.992	3.000
0.500	-10.000	105.594	2.000
0.510	-9.000	103.916	1.000
0.520	-8.000	102.741	3.000
0.530	-8.000	71.919	8.000
0.540	-8.000	50.343	16.000
0.550	-8.000	35.240	28.000
0.560	-8.000	24.668	42.000
0.570	-8.000	17.268	59.000
0.580	-8.000	12.087	78.000
0.590	-8.000	8.461	99.000
0.600	-8.000	5.923	123.000
0.610	-7.000	34.146	149.000
0.620	-7.000	23.902	176.000
0.630	-7.000	16.732	206.000
0.640	-6.000	41.712	237.000
0.650	-5.000	59.198	270.000
0.660	-3.000	101.439	305.000
0.670	-1.000	131.007	340.000
0.680	1.000	151.705	377.000
0.690	4.000	196.194	415.000
0.700	8.000	257.335	455.000
0.710	13.000	330.135	495.000
0.720	18.000	381.094	536.000
0.730	24.000	446.766	578.000
0.740	31.000	522.736	620.000
0.750	38.000	575.915	663.000
0.760	47.000	673.141	707.000
0.770	57.000	771.199	752.000
0.780	68.000	869.839	797.000
0.790	80.000	968.887	842.000
0.800	93.000	1068.221	887.000
0.810	108.000	1197.755	933.000
0.820	123.000	1288.428	979.000
0.830	141.000	1441.900	1025.000
0.840	159.000	1549.330	1071.000
0.850	179.000	1684.531	1117.000
0.860	202.000	1869.172	1164.000
0.870	226.000	2028.420	1210.000
0.880	252.000	2199.894	1255.000
0.890	280.000	2379.926	1301.000
0.900	311.000	2595.948	1346.000
0.910	344.000	2807.164	1390.000
0.920	380.000	3045.015	1434.000
0.930	418.000	3271.510	1477.000
0.940	459.000	3520.057	1520.000
0.950	502.000	3754.040	1562.000
0.960	548.000	4007.828	1603.000
0.970	596.000	4245.480	1643.000
0.980	646.000	4471.836	1683.000
0.990	699.000	4720.285	1722.000
1.000	755.000	4984.200	1761.000
1.010	814.000	5258.940	1799.000
1.020	875.000	5511.258	1833.000
1.030	941.000	5837.880	1863.000
1.040	1009.000	6126.516	1890.000
1.050	1081.000	6448.561	1913.000
1.060	1155.000	6733.993	1932.000
1.070	1232.000	7023.795	1949.000
1.080	1313.000	7346.657	1962.000
1.090	1398.000	7692.660	1972.000
1.100	1485.000	7994.862	1979.000
1.110	1573.000	8236.403	1983.000
1.120	1667.000	8585.482	1985.000
1.130	1765.000	8949.838	1984.000
1.140	1865.000	9264.886	1980.000
1.150	1969.000	9605.420	1974.000
1.160	2075.000	9903.794	1966.000
1.170	2184.000	10202.656	1955.000
1.180	2297.000	10531.859	1942.000
1.190	2412.000	10822.301	1928.000
1.200	2530.000	11115.611	1912.000
1.210	2652.000	11440.928	1894.000
1.220	2778.000	11788.649	1874.000
1.230	2905.000	12062.055	1852.000
1.240	3035.000	12343.438	1829.000
1.250	3169.000	12660.407	1805.000
1.260	3306.000	12972.285	1779.000
1.270	3447.000	13310.599	1752.000
1.280	3591.000	13637.420	1724.000
1.290	3737.000	13926.194	1693.000
1.300	3884.000	14158.336	1662.000
1.310	4037.000	14500.835	1630.000
1.320	4192.000	14800.584	1597.000
1.330	4350.000	15100.409	1563.000
1.340	4510.000	15370.286	1528.000
1.350	4673.000	15649.200	1492.000
1.360	4837.000	15874.440	1455.000
1.370	5005.000	16152.108	1418.000
1.380	5175.000	16406.476	1380.000
1.390	5347.000	16644.533	1342.000
1.400	5522.000	16901.173	1303.000
1.410	5698.000	17110.821	1264.000
1.420	5877.000	17347.575	1225.000
1.430	6058.000	17573.302	1186.000
1.440	6239.000	17731.312	1146.000
1.450	6423.000	17931.918	1107.000
1.460	6608.000	18102.343	1068.000
1.470	6795.000	18281.640	1029.000
1.480	6982.000	18407.148	990.000
1.490	7170.000	18525.004	952.000
1.500	7359.000	18637.502	915.000
1.510	7549.000	18746.252	878.000
1.520	7739.000	18822.376	842.000
1.530	7930.000	18905.663	807.000
1.540	8122.000	18993.964	773.000
1.550	8315.000	19085.775	739.000
1.560	8508.000	19150.043	707.000
1.570	8702.000	19225.030	675.000
1.580	8896.000	19277.521	644.000
1.590	9092.000	19374.265	614.000
1.600	9287.000	19411.985	584.000
1.610	9483.000	19468.390	555.000
1.620	9678.000	19477.873	527.000
1.630	9874.000	19514.511	500.000
1.640	10070.000	19540.158	474.000
1.650	10266.000	19558.110	449.000
1.660	10461.000	19540.677	424.000
1.670	10657.000	19558.474	401.000
1.680	10853.000	19570.932	379.000
1.690	11049.000	19579.652	357.000
1.700	11246.000	19615.757	336.000
1.710	11440.000	19551.030	316.000
1.720	11636.000	19565.721	297.000
1.730	11831.000	19546.005	279.000
1.740	12025.000	19502.203	262.000
1.750	12219.000	19471.542	245.000
1.760	12412.000	19420.080	230.000
1.770	12604.000	19354.056	216.000
1.780	12795.000	19277.839	202.000
1.790	12985.000	19194.487	190.000
1.800	13174.000	19106.141	180.000
1.810	13363.000	19044.299	170.000
1.820	13549.000	18911.009	162.000
1.830	13735.000	18817.706	154.000
1.840	13921.000	18752.394	148.000
1.850	14105.000	18646.676	143.000
1.860	14292.000	18662.673	139.000
1.870	14473.000	18493.871	135.000
1.880	14656.000	18435.710	132.000
1.890	14839.000	18394.997	130.000
1.900	15020.000	18306.498	128.000
1.910	15202.000	18274.549	127.000
1.920	15383.000	18222.184	126.000
1.930	15564.000	18185.529	126.000
1.940	15744.000	18129.870	126.000
1.950	15924.000	18090.909	126.000
1.960	16104.000	18063.636	126.000
1.970	16283.000	18014.545	126.000
1.980	16461.000	17950.182	127.000
1.990	16639.000	17905.127	128.000
2.000	16815.000	17813.589	129.000
2.010	16992.000	17779.512	131.000
2.020	17168.000	17725.659	133.000
2.030	17344.000	17687.961	135.000
2.040	17519.000	17631.573	138.000
2.050	17692.000	17532.101	140.000
2.060	17865.000	17462.471	144.000
2.070	18036.000	17353.729	148.000
2.080	18207.000	17277.611	152.000
2.090	18377.000	17194.327	157.000
2.100	18546.000	17106.029	162.000
2.110	18713.000	16984.220	168.000
2.120	18881.000	16928.954	175.000
2.130	19048.000	16860.268	182.000
2.140	19213.000	16752.188	189.000
2.150	19379.000	16706.531	196.000
2.160	19545.000	16674.572	204.000
2.170	19709.000	16592.200	211.000
2.180	19873.000	16534.540	219.000
2.190	20037.000	16494.178	227.000
2.200	20201.000	16465.925	235.000
2.210	20364.000	16416.147	242.000
2.220	20526.000	16351.303	250.000
2.230	20689.000	16335.912	257.000
2.240	20853.000	16355.139	265.000
2.250	21012.000	16218.597	272.000
2.260	21174.000	16213.018	280.000
2.270	21335.000	16179.113	287.000
2.280	21496.000	16155.379	294.000
2.290	21657.000	16138.765	301.000
2.300	21817.000	16097.136	308.000
2.310	21977.000	16067.995	315.000
2.320	22138.000	16077.596	322.000
2.330	22299.000	16084.318	328.000
2.340	22456.000	15969.022	334.000
2.350	22615.000	15948.316	341.000
2.360	22773.000	15903.821	347.000
2.370	22932.000	15902.675	354.000
2.380	23089.000	15841.872	360.000
2.390	23246.000	15799.311	367.000
2.400	23403.000	15769.517	373.000
2.410	23558.000	15688.662	380.000
2.420	23714.000	15662.064	387.000
2.430	23869.000	15613.444	394.000
2.440	24024.000	15579.411	401.000
2.450	24179.000	15555.588	408.000
2.460	24333.000	15508.911	415.000
2.470	24487.000	15476.238	422.000
2.480	24642.000	15483.367	429.000
2.490	24796.000	15458.357	435.000
2.500	24950.000	15440.850	442.000
2.510	25104.000	15428.595	448.000
2.520	25258.000	15420.016	454.000
2.530	25413.000	15444.011	460.000
2.540	25569.000	15490.808	466.000
2.550	25721.000	15403.566	471.000
2.560	25876.000	15432.496	476.000
2.570	26031.000	15452.747	481.000
2.580	26186.000	15466.923	485.000
2.590	26341.000	15476.846	489.000
2.600	26497.000	15513.792	493.000
2.610	26652.000	15509.655	496.000
2.620	26808.000	15536.758	499.000
2.630	26964.000	15555.731	502.000
2.640	27120.000	15569.012	504.000
2.650	27277.000	15608.308	507.000
2.660	27432.000	15575.816	508.000
2.670	27589.000	15613.071	510.000
2.680	27745.000	15609.150	512.000
2.690	27901.000	15606.405	513.000
2.700	28057.000	15604.483	514.000
2.710	28213.000	15603.138	516.000
2.720	28369.000	15602.197	517.000
2.730	28525.000	15601.538	519.000
2.740	28680.000	15571.076	520.000
2.750	28836.000	15579.754	521.000
2.760	28991.000	15555.827	523.000
2.770	29146.000	15539.079	524.000
2.780	29301.000	15527.355	526.000
2.790	29456.000	15519.149	528.000
2.800	29611.000	15513.404	530.000
2.810	29766.000	15509.383	532.000
2.820	29921.000	15506.568	533.000
2.830	30077.000	15534.598	535.000
2.840	30234.000	15584.218	537.000
2.850	30390.000	15588.953	537.000
2.860	30546.000	15592.267	538.000
2.870	30704.000	15654.587	539.000
2.880	30860.000	15638.211	539.000
2.890	31018.000	15686.748	539.000
2.900	31175.000	15690.723	539.000
2.910	31333.000	15723.506	539.000
2.920	31491.000	15746.454	538.000
2.930	31650.000	15792.518	538.000
2.940	31809.000	15824.763	537.000
2.950	31968.000	15847.334	535.000
2.960	32128.000	15893.134	534.000
2.970	32289.000	15955.194	532.000
2.980	32449.000	15968.636	529.000
2.990	32611.000	16038.045	527.000
3.000	32772.000	16056.631	524.000
3.010	32933.000	16069.642	521.000
3.020	33096.000	16138.749	518.000
3.030	33258.000	16157.125	514.000
3.040	33420.000	16169.987	511.000
3.050	33582.000	16178.991	507.000
3.060	33745.000	16215.294	504.000
3.070	33907.000	16210.706	500.000
3.080	34070.000	16237.494	497.000
3.090	34232.000	16226.246	493.000
3.100	34394.000	16218.372	490.000
3.110	34556.000	16212.860	487.000
3.120	34719.000	16239.002	484.000
3.130	34882.000	16257.302	481.000
3.140	35044.000	16240.111	478.000
3.150	35207.000	16258.078	475.000
3.160	35370.000	16270.654	473.000
3.170	35534.000	16309.458	470.000
3.180	35697.000	16306.621	467.000
3.190	35860.000	16304.634	464.000
3.200	36024.000	16333.244	461.000
3.210	36187.000	16323.271	458.000
3.220	36351.000	16346.290	456.000
3.230	36515.000	16362.403	453.000
3.240	36679.000	16373.682	450.000
3.250	36843.000	16381.577	447.000
3.260	37007.000	16387.104	444.000
3.270	37171.000	16390.973	441.000
3.280	37335.000	16393.681	439.000
3.290	37500.000	16425.577	436.000
3.300	37664.000	16417.904	433.000
3.310	37829.000	16442.533	431.000
3.320	37994.000	16459.773	428.000
3.330	38158.000	16441.841	425.000
3.340	38323.000	16459.289	422.000
3.350	38488.000	16471.502	420.000
3.360	38652.000	16450.051	417.000
3.370	38816.000	16435.036	415.000
3.380	38981.000	16454.525	412.000
3.390	39142.000	16348.168	410.000
3.400	39303.000	16273.717	409.000
3.410	39465.000	16251.602	409.000
3.420	39626.000	16206.122	409.000
3.430	39787.000	16174.285	409.000
3.440	39947.000	16122.000	410.000
3.450	40106.000	16055.400	411.000
3.460	40265.000	16008.780	412.000
3.470	40423.000	15946.146	414.000
3.480	40581.000	15902.302	417.000
3.490	40739.000	15871.611	420.000
3.500	40897.000	15850.128	423.000
3.510	41055.000	15835.090	426.000
3.520	41215.000	15884.563	429.000
3.530	41371.000	15799.194	431.000
3.540	41527.000	15739.436	434.000
3.550	41687.000	15817.605	438.000
3.560	41844.000	15782.324	441.000
3.570	42003.000	15817.626	443.000
3.580	42160.000	15782.339	446.000
3.590	42318.000	15787.637	448.000
3.600	42476.000	15791.346	451.000
3.610	42633.000	15763.942	453.000
3.620	42792.000	15804.759	455.000
3.630	42951.000	15833.332	457.000
3.640	43110.000	15853.332	459.000
3.650	43269.000	15867.333	460.000
3.660	43428.000	15877.133	461.000
3.670	43587.000	15883.993	461.000
3.680	43746.000	15888.795	462.000
3.690	43905.000	15892.157	463.000
3.700	44064.000	15894.510	463.000
3.710	44221.000	15836.157	464.000
3.720	44381.000	15885.310	465.000
3.730	44539.000	15859.717	465.000
3.740	44698.000	15871.802	466.000
3.750	44855.000	15820.261	467.000
3.760	45012.000	15784.183	468.000
3.770	45172.000	15848.928	469.000
3.780	45327.000	15744.250	470.000
3.790	45484.000	15730.975	472.000
3.800	45642.000	15751.682	473.000
3.810	45799.000	15736.178	475.000
3.820	45956.000	15725.324	476.000
3.830	46113.000	15717.727	478.000
3.840	46270.000	15712.409	480.000
3.850	46428.000	15738.686	481.000
3.860	46585.000	15727.080	482.000
3.870	46744.000	15778.956	484.000
3.880	46902.000	15785.269	484.000
3.890	47060.000	15789.689	485.000
3.900	47218.000	15792.782	486.000
3.910	47377.000	15824.947	486.000
3.920	47536.000	15847.463	486.000
3.930	47695.000	15863.224	486.000
3.940	47855.000	15904.257	486.000
3.950	48015.000	15932.980	485.000
3.960	48176.000	15983.086	484.000
3.970	48338.000	16048.160	483.000
3.980	48497.000	16003.712	481.000
3.990	48658.000	16032.598	480.000
4.000	48819.000	16052.819	478.000
4.010	48982.000	16126.973	476.000
4.020	49142.000	16088.881	474.000
4.030	49304.000	16122.217	472.000
4.040	49467.000	16175.552	470.000
4.050	49629.000	16182.886	467.000
4.060	49792.000	16218.020	465.000
4.070	49952.000	16152.614	462.000
4.080	50113.000	16136.830	460.000
4.090	50274.000	16125.781	458.000
4.100	50435.000	16118.047	456.000
4.110	50596.000	16112.633	455.000
4.120	50755.000	16048.843	454.000
4.130	50915.000	16034.190	453.000
4.140	51076.000	16053.933	453.000
4.150	51236.000	16037.753	452.000
4.160	51395.000	15996.427	451.000
4.170	51556.000	16027.499	451.000
4.180	51715.000	15989.249	451.000
4.190	51876.000	16022.475	451.000
4.200	52036.000	16015.732	451.000
4.210	52197.000	16041.013	451.000
4.220	52357.000	16028.709	450.000
4.230	52517.000	16020.096	450.000
4.240	52678.000	16044.067	450.000
4.250	52840.000	16090.847	449.000
4.260	53000.000	16063.593	448.000
4.270	53161.000	16074.515	447.000
4.280	53322.000	16082.161	447.000
4.290	53484.000	16117.512	446.000
4.300	53645.000	16112.259	445.000
4.310	53806.000	16108.581	444.000
4.320	53967.000	16106.007	443.000
4.330	54128.000	16104.205	442.000
4.340	54288.000	16072.943	441.000
4.350	54449.000	16081.060	441.000
4.360	54609.000	16056.742	440.000
4.370	54770.000	16069.720	440.000
4.380	54928.000	15988.804	439.000
4.390	55087.000	15962.163	440.000
4.400	55246.000	15943.514	440.000
4.410	55404.000	15900.460	441.000
4.420	55562.000	15870.322	442.000
4.430	55720.000	15849.225	444.000
4.440	55876.000	15774.458	445.000
4.450	56033.000	15752.120	448.000
4.460	56189.000	15706.484	450.000
4.470	56345.000	15674.539	453.000
4.480	56501.000	15652.177	456.000
4.490	56657.000	15636.524	458.000
4.500	56813.000	15625.567	462.000
4.510	56969.000	15617.897	464.000
4.520	57125.000	15612.528	467.000
4.530	57280.000	15578.769	470.000
4.540	57437.000	15615.139	473.000
4.550	57592.000	15580.597	476.000
4.560	57749.000	15616.418	479.000
4.570	57904.000	15581.493	481.000
4.580	58060.000	15587.045	483.000
4.590	58216.000	15590.931	486.000
4.600	58373.000	15623.652	488.000
4.610	58530.000	15646.556	490.000
4.620	58687.000	15662.589	491.000
4.630	58844.000	15673.813	493.000
4.640	59001.000	15681.669	494.000
4.650	59159.000	15717.168	495.000
4.660	59316.000	15712.018	495.000
4.670	59474.000	15738.412	496.000
4.680	59632.000	15756.889	496.000
4.690	59790.000	15769.822	496.000
4.700	59948.000	15778.875	496.000
4.710	60106.000	15785.213	496.000
4.720	60265.000	15819.649	496.000
4.730	60423.000	15813.754	496.000
4.740	60581.000	15809.628	495.000
4.750	60738.000	15776.740	495.000
4.760	60896.000	15783.718	495.000
4.770	61054.000	15788.602	495.000
4.780	61211.000	15762.022	495.000
4.790	61369.000	15773.415	495.000
4.800	61527.000	15781.391	495.000
4.810	61684.000	15756.973	495.000
4.820	61842.000	15769.881	496.000
4.830	62001.000	15808.917	496.000
4.840	62160.000	15836.242	496.000
4.850	62319.000	15855.369	495.000
4.860	62477.000	15838.759	495.000
4.870	62637.000	15887.131	494.000
4.880	62796.000	15890.992	493.000
4.890	62955.000	15893.694	492.000
4.900	63114.000	15895.586	492.000
4.910	63274.000	15926.910	491.000
4.920	63433.000	15918.837	490.000
4.930	63593.000	15943.186	489.000
4.940	63752.000	15930.230	488.000
4.950	63912.000	15951.161	487.000
4.960	64073.000	15995.813	485.000
4.970	64234.000	16027.069	484.000
4.980	64395.000	16048.948	482.000
4.990	64558.000	16124.264	480.000
5.000	64717.000	16056.985	478.000
5.010	64879.000	16099.889	476.000
5.020	65040.000	16099.922	474.000
5.030	65202.000	16129.946	472.000
5.040	65363.000	16120.962	469.000
5.050	65524.000	16114.673	467.000
5.060	65686.000	16140.271	466.000
5.070	65847.000	16128.190	463.000
5.080	66008.000	16119.733	462.000
5.090	66168.000	16083.813	460.000
5.100	66327.000	16028.669	459.000
5.110	66487.000	16020.068	458.000
5.120	66647.000	16014.048	458.000
5.130	66806.000	15979.834	457.000
5.140	66966.000	15985.883	457.000
5.150	67122.000	15870.118	457.000
5.160	67282.000	15909.083	458.000
5.170	67441.000	15906.358	459.000
5.180	67600.000	15904.451	459.000
5.190	67759.000	15903.115	460.000
5.200	67918.000	15902.181	460.000
5.210	68077.000	15901.527	461.000
5.220	68237.000	15931.069	461.000
5.230	68397.000	15951.748	462.000
5.240	68557.000	15966.224	461.000
5.250	68718.000	16006.357	461.000
5.260	68879.000	16034.450	461.000
5.270	69040.000	16054.115	460.000
5.280	69201.000	16067.880	459.000
5.290	69362.000	16077.516	458.000
5.300	69523.000	16084.261	456.000
5.310	69685.000	16118.983	455.000
5.320	69849.000	16203.288	454.000
5.330	70010.000	16172.302	451.000
5.340	70173.000	16210.611	450.000
5.350	70335.000	16207.428	447.000
5.360	70498.000	16235.199	445.000
5.370	70661.000	16254.640	443.000
5.380	70822.000	16208.248	441.000
5.390	70984.000	16205.773	439.000
5.400	71145.000	16174.041	437.000
5.410	71306.000	16151.829	436.000
5.420	71467.000	16136.280	435.000
5.430	71627.000	16095.396	434.000
5.440	71787.000	16066.777	433.000
5.450	71947.000	16046.744	433.000
5.460	72107.000	16032.721	433.000
5.470	72266.000	15992.905	434.000
5.480	72425.000	15965.033	434.000
5.490	72584.000	15945.523	435.000
5.500	72743.000	15931.866	436.000
5.510	72902.000	15922.306	437.000
5.520	73061.000	15915.614	438.000
5.530	73220.000	15910.930	439.000
5.540	73379.000	15907.651	440.000
5.550	73538.000	15905.356	441.000
5.560	73696.000	15873.749	442.000
5.570	73855.000	15881.624	444.000
5.580	74014.000	15887.137	445.000
5.590	74172.000	15860.996	446.000
5.600	74331.000	15872.697	447.000
5.610	74489.000	15850.888	448.000
5.620	74648.000	15865.622	449.000
5.630	74806.000	15845.935	450.000
5.640	74965.000	15862.155	451.000
5.650	75126.000	15933.508	452.000
5.660	75284.000	15893.456	452.000
5.670	75444.000	15925.419	453.000
5.680	75603.000	15917.793	453.000
5.690	75762.000	15912.455	453.000
5.700	75922.000	15938.719	454.000
5.710	76081.000	15927.103	454.000
5.720	76240.000	15918.972	454.000
5.730	76399.000	15913.281	454.000
5.740	76559.000	15939.296	454.000
5.750	76716.000	15867.507	454.000
5.760	76874.000	15847.255	455.000
5.770	77032.000	15833.079	456.000
5.780	77189.000	15793.155	457.000
5.790	77346.000	15765.209	458.000
5.800	77503.000	15745.646	459.000
5.810	77660.000	15731.952	461.000
5.820	77816.000	15692.367	463.000
5.830	77974.000	15724.657	465.000
5.840	78131.000	15717.260	467.000
5.850	78288.000	15712.082	468.000
5.860	78445.000	15708.457	470.000
5.870	78603.000	15735.920	471.000
5.880	78762.000	15785.144	473.000
5.890	78920.000	15789.601	473.000
5.900	79079.000	15822.721	474.000
5.910	79238.000	15845.904	474.000
5.920	79397.000	15862.133	474.000
5.930	79557.000	15903.493	474.000
5.940	79716.000	15902.445	473.000
5.950	79876.000	15931.712	473.000
5.960	80037.000	15982.198	472.000
5.970	80197.000	15987.539	471.000
5.980	80358.000	16021.277	469.000
5.990	80519.000	16044.894	468.000
6.000	80679.000	16031.426	466.000
6.010	80840.000	16051.998	464.000
6.020	81002.000	16096.399	463.000
6.030	81162.000	16067.479	461.000
6.040	81323.000	16077.235	459.000
6.050	81485.000	16114.065	457.000
6.060	81646.000	16109.845	455.000
6.070	81806.000	16076.892	454.000
6.080	81966.000	16053.824	452.000
6.090	82127.000	16067.677	451.000
6.100	82286.000	16017.374	450.000
6.110	82445.000	15982.162	449.000
6.120	82607.000	16047.513	449.000
6.130	82763.000	15913.259	448.000
6.140	82922.000	15909.281	448.000
6.150	83081.000	15906.497	449.000
6.160	83223.000	15394.548	449.000
6.170	83382.000	15546.184	455.000
6.180	83540.000	15622.328	459.000
6.190	83699.000	15705.630	462.000
6.200	83858.000	15763.941	464.000
6.210	84018.000	15834.759	465.000
6.220	84177.000	15854.331	466.000
6.230	84336.000	15868.032	466.000
6.240	84495.000	15877.622	466.000
6.250	84655.000	15914.336	466.000
6.260	84815.000	15940.035	466.000
6.270	84975.000	15958.024	465.000
6.280	85138.000	16060.617	464.000
6.290	85298.000	16042.432	462.000
6.300	85457.000	15999.702	461.000
6.310	85618.000	16029.792	460.000
6.320	85779.000	16050.854	458.000
6.330	85943.000	16155.598	457.000
6.340	86103.000	16108.919	455.000
6.350	86265.000	16136.243	453.000
6.360	86426.000	16125.370	451.000
6.370	86587.000	16117.759	449.000
6.380	86748.000	16112.431	447.000
6.390	86909.000	16108.702	446.000
6.400	87070.000	16106.091	444.000
6.410	87232.000	16134.264	443.000
6.420	87391.000	16063.985	441.000
6.430	87551.000	16044.789	440.000
6.440	87710.000	16001.353	440.000
6.450	87870.000	16000.947	440.000
6.460	88029.000	15970.663	439.000
6.470	88188.000	15949.464	440.000
6.480	88347.000	15934.625	440.000
6.490	88506.000	15924.237	440.000
6.500	88665.000	15916.966	441.000
6.510	88824.000	15911.876	442.000
6.520	88983.000	15908.313	442.000
6.530	89143.000	15935.819	443.000
6.540	89301.000	15895.074	443.000
6.550	89460.000	15896.551	444.000
6.560	89619.000	15897.586	445.000
6.570	89778.000	15898.310	445.000
6.580	89936.000	15868.817	446.000
6.590	90094.000	15848.172	447.000
6.600	90253.000	15863.720	448.000
6.610	90412.000	15874.604	448.000
6.620	90570.000	15852.223	449.000
6.630	90728.000	15836.556	450.000
6.640	90887.000	15855.589	451.000
6.650	91046.000	15868.912	451.000
6.660	91204.000	15848.239	452.000
6.670	91363.000	15863.767	453.000
6.680	91522.000	15874.637	453.000
6.690	91680.000	15852.246	453.000
6.700	91839.000	15866.572	454.000
6.710	91997.000	15846.600	454.000
6.720	92156.000	15862.620	455.000
6.730	92313.000	15813.834	455.000
6.740	92472.000	15839.684	456.000
6.750	92628.000	15767.779	457.000
6.760	92786.000	15777.445	458.000
6.770	92942.000	15724.212	459.000
6.780	93098.000	15686.948	461.000
6.790	93253.000	15630.864	463.000
6.800	93408.000	15591.605	465.000
6.810	93563.000	15564.123	468.000
6.820	93717.000	15514.886	471.000
6.830	93872.000	15510.420	474.000
6.840	94027.000	15507.294	477.000
6.850	94181.000	15475.106	480.000
6.860	94337.000	15512.574	483.000
6.870	94492.000	15508.802	486.000
6.880	94648.000	15536.161	489.000
6.890	94803.000	15525.313	491.000
6.900	94959.000	15547.719	493.000
6.910	95115.000	15563.403	495.000
6.920	95272.000	15604.382	497.000
6.930	95428.000	15603.068	498.000
6.940	95585.000	15632.147	499.000
6.950	95742.000	15652.503	500.000
6.960	95899.000	15666.752	501.000
6.970	96058.000	15736.727	501.000
6.980	96218.000	15815.709	501.000
6.990	96375.000	15780.996	500.000
7.000	96534.000	15816.697	499.000
7.010	96693.000	15841.688	498.000
7.020	96853.000	15889.182	497.000
7.030	97013.000	15922.427	496.000
7.040	97173.000	15945.699	494.000
7.050	97333.000	15961.989	492.000
7.060	97494.000	16003.393	490.000
7.070	97654.000	16002.375	487.000
7.080	97814.000	16001.662	485.000
7.090	97974.000	16001.164	483.000
7.100	98133.000	15970.815	481.000
7.110	98292.000	15949.570	480.000
7.120	98454.000	16024.699	478.000
7.130	98611.000	15927.289	476.000
7.140	98773.000	16009.103	476.000
7.150	98931.000	15946.372	474.000
7.160	99090.000	15932.460	473.000
7.170	99249.000	15922.722	472.000
7.180	99411.000	16005.906	472.000
7.190	99569.000	15944.134	470.000
7.200	99730.000	15990.894	469.000
7.210	99889.000	15963.626	468.000
7.220	100050.000	16004.538	467.000
7.230	100210.000	16003.177	466.000
7.240	100371.000	16032.224	465.000
7.250	100532.000	16052.557	464.000
7.260	100694.000	16096.790	462.000
7.270	100855.000	16097.753	460.000
7.280	101016.000	16098.427	458.000
7.290	101178.000	16128.899	457.000
7.300	101339.000	16120.229	455.000
7.310	101501.000	16144.160	453.000
7.320	101663.000	16160.912	451.000
7.330	101826.000	16202.639	449.000
7.340	101989.000	16231.847	446.000
7.350	102151.000	16222.293	444.000
7.360	102314.000	16245.605	441.000
7.370	102477.000	16261.924	439.000
7.380	102639.000	16243.346	436.000
7.390	102802.000	16260.343	434.000
7.400	102964.000	16242.240	432.000
7.410	103126.000	16229.568	429.000
7.420	103287.000	16190.697	428.000
7.430	103447.000	16133.488	426.000
7.440	103608.000	16123.442	425.000
7.450	103768.000	16086.409	425.000
7.460	103928.000	16060.486	425.000
7.470	104088.000	16042.341	425.000
7.480	104246.000	15969.638	425.000
7.490	104405.000	15948.747	426.000
7.500	104564.000	15934.123	427.000
7.510	104723.000	15923.886	428.000
7.520	104881.000	15886.720	429.000
7.530	105040.000	15890.704	430.000
7.540	105200.000	15923.493	432.000
7.550	105358.000	15886.445	433.000
7.560	105516.000	15860.512	434.000
7.570	105675.000	15872.358	436.000
7.580	105833.000	15850.651	437.000
7.590	105992.000	15865.455	438.000
7.600	106150.000	15845.819	439.000
7.610	106309.000	15862.073	441.000
7.620	106467.000	15843.451	442.000
7.630	106626.000	15860.416	443.000
7.640	106785.000	15872.291	444.000
7.650	106944.000	15880.604	445.000
7.660	107104.000	15916.423	445.000
7.670	107263.000	15911.496	446.000
7.680	107421.000	15878.047	446.000
7.690	107580.000	15884.633	447.000
7.700	107739.000	15889.243	447.000
7.710	107898.000	15892.470	448.000
7.720	108056.000	15864.729	448.000
7.730	108215.000	15875.310	449.000
7.740	108372.000	15822.717	449.000
7.750	108530.000	15815.902	450.000
7.760	108688.000	15811.131	451.000
7.770	108844.000	15747.792	452.000
7.780	109001.000	15733.454	454.000
7.790	109157.000	15693.418	456.000
7.800	109312.000	15635.393	458.000
7.810	109468.000	15624.775	460.000
7.820	109624.000	15617.342	463.000
7.830	109778.000	15552.140	465.000
7.840	109934.000	15566.498	468.000
7.850	110089.000	15546.548	471.000
7.860	110244.000	15532.584	474.000
7.870	110399.000	15522.809	477.000
7.880	110555.000	15545.966	479.000
7.890	110713.000	15622.176	482.000
7.900	110867.000	15555.523	484.000
7.910	111023.000	15568.866	486.000
7.920	111179.000	15578.206	488.000
7.930	111336.000	15614.745	489.000
7.940	111493.000	15640.321	491.000
7.950	111650.000	15658.225	492.000
7.960	111808.000	15700.757	493.000
7.970	111966.000	15730.530	493.000
7.980	112125.000	15781.371	493.000
7.990	112283.000	15786.960	493.000
8.000	112443.000	15850.872	492.000
8.010	112602.000	15865.610	491.000
8.020	112761.000	15875.927	490.000
8.030	112921.000	15913.149	489.000
8.040	113082.000	15969.204	487.000
8.050	113242.000	15978.443	485.000
8.060	113403.000	16014.910	483.000
8.070	113563.000	16010.437	481.000
8.080	113724.000	16037.306	479.000
8.090	113884.000	16026.114	476.000
8.100	114044.000	16018.280	474.000
8.110	114204.000	16012.796	472.000
8.120	114364.000	16008.957	471.000
8.130	114526.000	16066.270	469.000
8.140	114684.000	15986.389	467.000
8.150	114843.000	15960.472	466.000
8.160	115004.000	16002.331	465.000
8.170	115164.000	16001.631	464.000
8.180	115325.000	16031.142	462.000
8.190	115485.000	16021.799	461.000
8.200	115645.000	16015.260	460.000
8.210	115806.000	16040.682	459.000
8.220	115967.000	16058.477	457.000
8.230	116127.000	16040.934	456.000
8.240	116288.000	16058.654	455.000
8.250	116448.000	16041.058	453.000
8.260	116609.000	16058.740	452.000
8.270	116770.000	16071.118	451.000
8.280	116932.000	16109.783	449.000
8.290	117093.000	16106.848	448.000
8.300	117255.000	16134.794	446.000
8.310	117416.000	16124.355	444.000
8.320	117577.000	16117.049	443.000
8.330	117738.000	16111.934	441.000
8.340	117900.000	16138.354	440.000
8.350	118061.000	16126.848	438.000
8.360	118224.000	16178.793	437.000
8.370	118385.000	16155.155	435.000
8.380	118546.000	16138.609	434.000
8.390	118708.000	16157.026	432.000
8.400	118868.000	16109.918	431.000
8.410	119031.000	16166.943	430.000
8.420	119189.000	16056.860	429.000
8.430	119349.000	16039.802	428.000
8.440	119508.000	15997.861	428.000
8.450	119667.000	15968.503	428.000
8.460	119825.000	15917.952	429.000
8.470	119982.000	15852.566	430.000
8.480	120139.000	15806.797	432.000
8.490	120296.000	15774.758	434.000
8.500	120451.000	15692.330	436.000
8.510	120608.000	15694.631	439.000
8.520	120764.000	15666.242	442.000
8.530	120920.000	15646.369	445.000
8.540	121076.000	15632.459	448.000
8.550	121232.000	15622.721	451.000
8.560	121389.000	15645.905	454.000
8.570	121545.000	15632.133	456.000
8.580	121701.000	15622.493	459.000
8.590	121859.000	15675.745	462.000
8.600	122013.000	15593.022	464.000
8.610	122169.000	15595.115	466.000
8.620	122326.000	15626.581	469.000
8.630	122483.000	15648.606	471.000
8.640	122640.000	15664.025	473.000
8.650	122797.000	15674.817	474.000
8.660	122955.000	15712.372	476.000
8.670	123112.000	15708.660	477.000
8.680	123269.000	15706.062	478.000
8.690	123428.000	15764.244	478.000
8.700	123585.000	15744.971	479.000
8.710	123743.000	15761.479	479.000
8.720	123900.000	15743.036	480.000
8.730	124058.000	15760.125	480.000
8.740	124217.000	15802.087	480.000
8.750	124373.000	15741.461	480.000
8.760	124530.000	15729.023	481.000
8.770	124688.000	15750.316	481.000
8.780	124844.000	15705.221	482.000
8.790	125001.000	15703.655	483.000
8.800	125158.000	15702.558	483.000
8.810	125314.000	15671.791	484.000
8.820	125471.000	15680.254	485.000
8.830	125627.000	15656.178	486.000
8.840	125784.000	15669.324	487.000
8.850	125942.000	15708.527	488.000
8.860	126098.000	15675.969	489.000
8.870	126256.000	15713.178	490.000
8.880	126413.000	15709.225	490.000
8.890	126571.000	15736.457	491.000
8.900	126730.000	15785.520	491.000
8.910	126887.000	15759.864	491.000
8.920	127046.000	15801.905	491.000
8.930	127204.000	15801.333	490.000
8.940	127363.000	15830.933	490.000
8.950	127522.000	15851.653	489.000
8.960	127681.000	15866.157	488.000
8.970	127840.000	15876.310	488.000
8.980	127999.000	15883.417	487.000
8.990	128159.000	15918.392	486.000
9.000	128319.000	15942.874	484.000
9.010	128482.000	16050.012	483.000
9.020	128640.000	15975.008	480.000
9.030	128801.000	16012.506	479.000
9.040	128961.000	16008.754	477.000
9.050	129123.000	16066.128	475.000
9.060	129284.000	16076.290	473.000
9.070	129445.000	16083.403	470.000
9.080	129605.000	16058.382	468.000
9.090	129766.000	16070.867	466.000
9.100	129927.000	16079.607	464.000
9.110	130087.000	16055.725	463.000
9.120	130247.000	16039.007	461.000
9.130	130407.000	16027.305	460.000
9.140	130567.000	16019.114	459.000
9.150	130726.000	15983.380	458.000
9.160	130887.000	16018.366	457.000
9.170	131046.000	15982.856	456.000
9.180	131206.000	15987.999	455.000
9.190	131366.000	15991.599	455.000
9.200	131526.000	15994.120	454.000
9.210	131687.000	16025.884	454.000
9.220	131847.000	16018.119	453.000
9.230	132008.000	16042.683	452.000
9.240	132169.000	16059.878	451.000
9.250	132330.000	16071.915	450.000
9.260	132492.000	16110.340	449.000
9.270	132654.000	16137.238	447.000
9.280	132816.000	16156.067	445.000
9.290	132978.000	16169.247	444.000
9.300	133144.000	16298.473	442.000
9.310	133303.000	16178.931	438.000
9.320	133465.000	16185.252	437.000
9.330	133627.000	16189.676	435.000
9.340	133792.000	16282.773	433.000
9.350	133953.000	16227.941	430.000
9.360	134115.000	16219.559	428.000
9.370	134277.000	16213.691	427.000
9.380	134439.000	16209.584	425.000
9.390	134601.000	16206.709	423.000
9.400	134763.000	16204.696	422.000
9.410	134924.000	16173.287	420.000
9.420	135084.000	16121.301	419.000
9.430	135244.000	16084.911	419.000
9.440	135404.000	16059.438	419.000
9.450	135563.000	16011.606	419.000
9.460	135722.000	15978.124	419.000
9.470	135880.000	15924.687	420.000
9.480	136040.000	15947.281	422.000
9.490	136196.000	15843.097	423.000
9.500	136352.000	15770.168	425.000
9.510	136509.000	15749.117	428.000
9.520	136666.000	15734.382	430.000
9.530	136821.000	15664.068	433.000
9.540	136978.000	15674.847	437.000
9.550	137135.000	15682.393	440.000
9.560	137292.000	15687.675	442.000
9.570	137448.000	15661.373	445.000
9.580	137604.000	15642.961	448.000
9.590	137762.000	15690.073	451.000
9.600	137916.000	15603.051	453.000
9.610	138072.000	15602.136	456.000
9.620	138228.000	15601.495	459.000
9.630	138384.000	15601.046	462.000
9.640	138540.000	15600.732	464.000
9.650	138697.000	15630.513	467.000
9.660	138853.000	15621.359	469.000
9.670	139010.000	15644.951	471.000
9.680	139168.000	15691.466	473.000
9.690	139324.000	15664.026	474.000
9.700	139481.000	15674.818	476.000
9.710	139639.000	15712.373	477.000
9.720	139796.000	15708.661	478.000
9.730	139953.000	15706.063	478.000
9.740	140110.000	15704.244	479.000
9.750	140268.000	15732.971	480.000
9.760	140425.000	15723.079	481.000
9.770	140581.000	15686.156	481.000
9.780	140736.000	15630.309	482.000
9.790	140892.000	15621.216	484.000
9.800	141048.000	15614.851	485.000
9.810	141204.000	15610.396	487.000
9.820	141360.000	15607.277	488.000
9.830	141516.000	15605.094	490.000
9.840	141672.000	15603.566	491.000
9.850	141827.000	15572.496	493.000
9.860	141983.000	15580.747	494.000
9.870	142139.000	15586.523	496.000
9.880	142296.000	15620.566	497.000
9.890	142452.000	15614.396	498.000
9.900	142609.000	15640.077	499.000
9.910	142767.000	15688.054	500.000
9.920	142924.000	15691.638	500.000
9.930	143082.000	15724.147	501.000
9.940	143239.000	15716.903	500.000
9.950	143397.000	15741.832	500.000
9.960	143555.000	15759.282	500.000
9.970	143716.000	15861.498	500.000
9.980	143872.000	15783.048	498.000
9.990	144031.000	15818.134	498.000
10.000	144190.000	15842.694	497.000
10.010	144350.000	15889.886	496.000
10.020	144510.000	15922.920	495.000
10.030	144669.000	15916.044	493.000
10.040	144829.000	15941.231	491.000
10.050	144990.000	15988.862	489.000
10.060	145149.000	15962.203	487.000
10.070	145310.000	16003.542	486.000
10.080	145471.000	16032.480	484.000
10.090	145631.000	16022.736	481.000
10.100	145791.000	16015.915	479.000
10.110	145949.000	15951.140	477.000
10.120	146108.000	15935.798	476.000
10.130	146266.000	15895.059	475.000
10.140	146425.000	15896.541	475.000
10.150	146583.000	15867.579	474.000
10.160	146739.000	15787.305	474.000
10.170	146897.000	15791.114	475.000
10.180	147054.000	15763.780	476.000
10.190	147211.000	15744.646	477.000
10.200	147368.000	15731.252	478.000
10.210	147525.000	15721.876	479.000
10.220	147684.000	15775.313	480.000
10.230	147840.000	15722.719	481.000
10.240	147998.000	15745.904	482.000
10.250	148156.000	15762.133	483.000
10.260	148314.000	15773.493	483.000
10.270	148472.000	15781.445	484.000
10.280	148632.000	15847.011	484.000
10.290	148791.000	15862.908	484.000
10.300	148951.000	15904.036	483.000
10.310	149111.000	15932.825	483.000
10.320	149271.000	15952.977	481.000
10.330	149431.000	15967.084	480.000
10.340	149591.000	15976.959	479.000
10.350	149753.000	16043.871	478.000
10.360	149913.000	16030.710	476.000
10.370	150074.000	16051.497	474.000
10.380	150236.000	16096.048	472.000
10.390	150397.000	16097.233	470.000
10.400	150558.000	16098.063	468.000
10.410	150719.000	16098.644	466.000
10.420	150880.000	16099.051	464.000
10.430	151041.000	16099.336	462.000
10.440	151202.000	16099.535	460.000
10.450	151363.000	16099.675	458.000
10.460	151523.000	16069.772	457.000
10.470	151681.000	15988.841	456.000
10.480	151841.000	15992.188	455.000
10.490	152001.000	15994.532	455.000
10.500	152160.000	15966.172	454.000
10.510	152320.000	15976.321	454.000
10.520	152479.000	15953.424	454.000
10.530	152638.000	15937.397	454.000
10.540	152797.000	15926.178	454.000
10.550	152957.000	15948.325	455.000
10.560	153115.000	15903.827	455.000
10.570	153274.000	15902.679	455.000
10.580	153434.000	15931.875	456.000
10.590	153593.000	15922.313	456.000
10.600	153751.000	15885.619	456.000
10.610	153911.000	15919.933	457.000
10.620	154070.000	15913.953	457.000
10.630	154229.000	15909.767	457.000
10.640	154388.000	15906.837	457.000
10.650	154546.000	15874.786	458.000
10.660	154706.000	15912.350	458.000
10.670	154866.000	15938.645	458.000
10.680	155025.000	15927.052	458.000
10.690	155184.000	15918.936	458.000
10.700	155344.000	15943.255	458.000
10.710	155505.000	15990.279	458.000
10.720	155663.000	15933.195	458.000
10.730	155823.000	15953.237	458.000
10.740	155983.000	15967.266	457.000
10.750	156142.000	15947.086	457.000
10.760	156301.000	15932.960	457.000
10.770	156460.000	15923.072	457.000
10.780	156619.000	15916.150	457.000
10.790	156777.000	15881.305	457.000
10.800	156934.000	15826.914	458.000
10.810	157095.000	15908.840	459.000
10.820	157251.000	15816.188	459.000
10.830	157409.000	15811.331	460.000
10.840	157566.000	15777.932	461.000
10.850	157723.000	15754.552	462.000
10.860	157881.000	15768.187	464.000
10.870	158040.000	15807.731	465.000
10.880	158198.000	15805.411	466.000
10.890	158356.000	15803.788	467.000
10.900	158515.000	15832.652	468.000
10.910	158674.000	15852.856	468.000
10.920	158832.000	15836.999	469.000
10.930	158991.000	15855.900	469.000
10.940	159150.000	15869.130	469.000
10.950	159310.000	15908.391	469.000
10.960	159469.000	15905.874	469.000
10.970	159629.000	15934.111	469.000
10.980	159788.000	15923.878	468.000
10.990	159949.000	15976.715	468.000
11.000	160110.000	16013.700	467.000
11.010	160271.000	16039.590	465.000
11.020	160431.000	16027.713	464.000
11.030	160591.000	16019.399	462.000
11.040	160751.000	16013.579	461.000
11.050	160912.000	16039.506	460.000
11.060	161073.000	16057.654	459.000
11.070	161233.000	16040.358	458.000
11.080	161394.000	16058.250	456.000
11.090	161554.000	16040.775	455.000
11.100	161715.000	16058.543	454.000
11.110	161874.000	16010.980	453.000
11.120	162036.000	16067.686	452.000
11.130	162194.000	15987.380	451.000
11.140	162352.000	15931.166	451.000
11.150	162511.000	15921.816	451.000
11.160	162670.000	15915.271	451.000
11.170	162829.000	15910.690	452.000
11.180	162987.000	15877.483	452.000
11.190	163146.000	15884.238	453.000
11.200	163305.000	15888.967	453.000
11.210	163464.000	15892.277	454.000
11.220	163623.000	15894.594	454.000
11.230	163782.000	15896.216	455.000
11.240	163940.000	15867.351	455.000
11.250	164100.000	15907.146	456.000
11.260	164261.000	15965.002	456.000
11.270	164419.000	15915.501	456.000
11.280	164579.000	15940.851	456.000
11.290	164739.000	15958.596	456.000
11.300	164899.000	15971.017	455.000
11.310	165059.000	15979.712	455.000
11.320	165220.000	16015.798	454.000
11.330	165380.000	16011.059	453.000
11.340	165541.000	16037.741	453.000
11.350	165702.000	16056.419	452.000
11.360	165863.000	16069.493	450.000
11.370	166025.000	16108.645	449.000
11.380	166186.000	16106.052	448.000
11.390	166348.000	16134.236	446.000
11.400	166509.000	16123.965	444.000
11.410	166672.000	16176.776	443.000
11.420	166832.000	16123.743	441.000
11.430	166993.000	16116.620	439.000
11.440	167154.000	16111.634	438.000
11.450	167313.000	16048.144	437.000
11.460	167474.000	16063.701	436.000
11.470	167634.000	16044.590	436.000
11.480	167793.000	16001.213	435.000
11.490	167952.000	15970.849	435.000
11.500	168112.000	15979.595	436.000
11.510	168272.000	15985.716	436.000
11.520	168429.000	15900.001	436.000
11.530	168588.000	15900.001	437.000
11.540	168746.000	15870.001	438.000
11.550	168905.000	15879.000	439.000
11.560	169064.000	15885.300	440.000
11.570	169223.000	15889.710	441.000
11.580	169381.000	15862.797	442.000
11.590	169541.000	15903.958	443.000
11.600	169697.000	15812.771	444.000
11.610	169856.000	15838.939	445.000
11.620	170014.000	15827.258	446.000
11.630	170172.000	15819.080	447.000
11.640	170330.000	15813.356	449.000
11.650	170487.000	15779.349	450.000
11.660	170646.000	15815.545	451.000
11.670	170803.000	15780.881	452.000
11.680	170961.000	15786.617	454.000
11.690	171119.000	15790.632	455.000
11.700	171277.000	15793.442	456.000
11.710	171435.000	15795.410	457.000
11.720	171593.000	15796.787	458.000
11.730	171750.000	15767.751	459.000
11.740	171908.000	15777.425	460.000
11.750	172066.000	15784.198	461.000
11.760	172223.000	15758.938	462.000
11.770	172380.000	15741.257	463.000
11.780	172536.000	15698.880	464.000
11.790	172692.000	15669.216	466.000
11.800	172848.000	15648.451	468.000
11.810	173004.000	15633.916	470.000
11.820	173159.000	15593.741	472.000
11.830	173313.000	15535.619	474.000
11.840	173467.000	15494.933	477.000
11.850	173622.000	15496.453	480.000
11.860	173776.000	15467.517	483.000
11.870	173929.000	15417.262	486.000
11.880	174082.000	15382.083	490.000
11.890	174236.000	15387.458	494.000
11.900	174391.000	15421.221	497.000
11.910	174545.000	15414.855	500.000
11.920	174700.000	15440.398	503.000
11.930	174855.000	15458.279	506.000
11.940	175010.000	15470.795	508.000
11.950	175166.000	15509.557	510.000
11.960	175322.000	15536.690	512.000
11.970	175478.000	15555.683	513.000
11.980	175636.000	15628.978	514.000
11.990	175793.000	15650.285	514.000
12.000	175950.000	15665.199	515.000
12.010	176108.000	15705.639	0.000
12.020	176266.000	15733.948	0.000
12.030	176423.000	15723.763	0.000
12.040	176579.000	15686.634	0.000
12.050	176735.000	15660.644	0.000
12.060	176889.000	15582.451	0.000
12.070	177043.000	15527.716	0.000
12.080	177195.000	15429.401	0.000
12.090	177348.000	15390.581	0.000
12.100	177501.000	15363.406	0.000
12.110	177649.000	15194.385	0.000
12.120	177798.000	15106.069	0.000
12.130	177945.000	14984.248	0.000
12.140	178091.000	14868.974	0.000
12.150	178235.000	14728.282	0.000
12.160	178379.000	14629.797	0.000
12.170	178521.000	14500.858	0.000
12.180	178662.000	14380.601	0.000
12.190	178801.000	14236.420	0.000
12.200	178941.000	14165.494	0.000
12.210	179079.000	14055.846	0.000
12.220	179216.000	13949.092	0.000
12.230	179352.000	13844.365	0.000
12.240	179487.000	13741.055	0.000
12.250	179622.000	13668.739	0.000
12.260	179755.000	13558.117	0.000
12.270	179888.000	13480.682	0.000
12.280	180020.000	13396.477	0.000
12.290	180151.000	13307.534	0.000
12.300	180281.000	13215.274	0.000
12.310	180409.000	13090.692	0.000
12.320	180538.000	13033.484	0.000
12.330	180666.000	12963.439	0.000
12.340	180792.000	12854.407	0.000
12.350	180918.000	12778.085	0.000
12.360	181043.000	12694.660	0.000
12.370	181167.000	12606.262	0.000
12.380	181291.000	12544.383	0.000
12.390	181412.000	12411.068	0.000
12.400	181534.000	12347.748	0.000
12.410	181655.000	12273.423	0.000
12.420	181775.000	12191.396	0.000
12.430	181894.000	12103.977	0.000
12.440	182012.000	12012.784	0.000
12.450	182130.000	11948.949	0.000
12.460	182246.000	11844.264	0.000
12.470	182361.000	11740.985	0.000
12.480	182476.000	11668.689	0.000
12.490	182591.000	11618.083	0.000
12.500	182701.000	11432.658	0.000
12.510	182812.000	11332.860	0.000
12.520	182922.000	11233.002	0.000
12.530	183030.000	11103.102	0.000
12.540	183137.000	10982.171	0.000
12.550	183243.000	10867.520	0.000
12.560	183347.000	10727.264	0.000
12.570	183450.000	10599.085	0.000
12.580	183551.000	10449.359	0.000
12.590	183651.000	10314.552	0.000
12.600	183750.000	10190.186	0.000
12.610	183848.000	10073.130	0.000
12.620	183944.000	9931.191	0.000
12.630	184039.000	9801.834	0.000
12.640	184133.000	9681.284	0.000
12.650	184226.000	9566.899	0.000
12.660	184317.000	9426.829	0.000
12.670	184408.000	9328.780	0.000
12.680	184497.000	9200.146	0.000
12.690	184586.000	9110.102	0.000
12.700	184674.000	9017.072	0.000
12.710	184760.000	8891.950	0.000
12.720	184846.000	8804.365	0.000
12.730	184931.000	8713.056	0.000
12.740	185015.000	8619.139	0.000
12.750	185098.000	8523.397	0.000
12.760	185181.000	8456.378	0.000
12.770	185263.000	8379.465	0.000
12.780	185344.000	8295.625	0.000
12.790	185424.000	8206.938	0.000
12.800	185503.000	8114.856	0.000
12.810	185581.000	8020.399	0.000
12.820	185658.000	7924.280	0.000
12.830	185734.000	7826.996	0.000
12.840	185809.000	7728.897	0.000
12.850	185883.000	7630.228	0.000
12.860	185956.000	7531.160	0.000
12.870	186028.000	7431.812	0.000
12.880	186100.000	7362.268	0.000
12.890	186170.000	7253.588	0.000
12.900	186241.000	7207.511	0.000
12.910	186309.000	7085.258	0.000
12.920	186377.000	6999.681	0.000
12.930	186444.000	6909.776	0.000
12.940	186511.000	6846.843	0.000
12.950	186576.000	6742.790	0.000
12.960	186640.000	6639.953	0.000
12.970	186703.000	6537.967	0.000
12.980	186766.000	6466.577	0.000
12.990	186828.000	6386.604	0.000
13.000	186888.000	6270.623	0.000
13.010	186948.000	6189.436	0.000
13.020	187007.000	6102.605	0.000
13.030	187065.000	6011.824	0.000
13.040	187122.000	5918.277	0.000
13.050	187178.000	5822.794	0.000
13.060	187234.000	5755.956	0.000
13.070	187288.000	5649.169	0.000
13.080	187341.000	5544.418	0.000
13.090	187393.000	5441.093	0.000
13.100	187444.000	5338.765	0.000
13.110	187494.000	5237.135	0.000
13.120	187543.000	5135.995	0.000
13.130	187591.000	5035.196	0.000
13.140	187638.000	4934.637	0.000
13.150	187683.000	4804.246	0.000
13.160	187728.000	4712.972	0.000
13.170	187771.000	4589.081	0.000
13.180	187813.000	4472.356	0.000
13.190	187854.000	4360.650	0.000
13.200	187893.000	4222.455	0.000
13.210	187932.000	4125.718	0.000
13.220	187970.000	4028.003	0.000
13.230	188006.000	3899.602	0.000
13.240	188042.000	3809.721	0.000
13.250	188076.000	3686.805	0.000
13.260	188108.000	3540.763	0.000
13.270	188140.000	3438.534	0.000
13.280	188171.000	3336.974	0.000
13.290	188200.000	3205.882	0.000
13.300	188228.000	3084.117	0.000
13.310	188255.000	2968.882	0.000
13.320	188281.000	2858.217	0.000
13.330	188306.000	2750.752	0.000
13.340	188329.000	2615.527	0.000
13.350	188351.000	2490.869	0.000
13.360	188371.000	2343.608	0.000
13.370	188391.000	2240.526	0.000
13.380	188409.000	2108.368	0.000
13.390	188426.000	1985.858	0.000
13.400	188442.000	1870.100	0.000
13.410	188457.000	1759.070	0.000
13.420	188471.000	1651.349	0.000
13.430	188483.000	1515.944	0.000
13.440	188494.000	1391.161	0.000
13.450	188504.000	1273.813	0.000
13.460	188513.000	1161.669	0.000
13.470	188521.000	1053.168	0.000
13.480	188527.000	917.218	0.000
13.490	188532.000	792.052	0.000
13.500	188536.000	674.437	0.000
13.510	188539.000	562.106	0.000
13.520	188540.000	423.474	0.000
13.530	188540.000	296.432	0.000
13.540	188540.000	207.502	0.000
13.550	188539.000	115.252	0.000
13.560	188535.000	-39.324	0.000
13.570	188531.000	-147.527	0.000
13.580	188526.000	-253.269	0.000
13.590	188519.000	-387.288	0.000
13.600	188513.000	-451.102	0.000
13.610	188505.000	-555.771	0.000
13.620	188497.000	-629.040	0.000
13.630	188489.000	-680.328	0.000
13.640	188480.000	-746.230	0.000
13.650	188470.000	-822.361	0.000
13.660	188461.000	-845.652	0.000
13.670	188451.000	-891.957	0.000
13.680	188441.000	-924.370	0.000
13.690	188430.000	-977.059	0.000
13.700	188420.000	-983.941	0.000
13.710	188410.000	-988.759	0.000
13.720	188399.000	-1022.131	0.000
13.730	188388.000	-1045.492	0.000
13.740	188377.000	-1061.844	0.000
13.750	188366.000	-1073.291	0.000
13.760	188355.000	-1081.304	0.000
13.770	188344.000	-1086.913	0.000
13.780	188332.000	-1120.839	0.000
13.790	188321.000	-1114.587	0.000
13.800	188310.000	-1110.211	0.000
13.810	188298.000	-1137.148	0.000
13.820	188286.000	-1156.003	0.000
13.830	188275.000	-1139.202	0.000
13.840	188264.000	-1127.442	0.000
13.850	188252.000	-1149.209	0.000
13.860	188241.000	-1134.446	0.000
13.870	188230.000	-1124.112	0.000
13.880	188219.000	-1116.879	0.000
13.890	188208.000	-1111.815	0.000
13.900	188197.000	-1108.271	0.000
13.910	188187.000	-1075.789	0.000
13.920	188177.000	-1053.053	0.000
13.930	188166.000	-1067.137	0.000
13.940	188157.000	-1016.996	0.000
13.950	188147.000	-1011.897	0.000
13.960	188137.000	-1008.328	0.000
13.970	188128.000	-975.830	0.000
13.980	188118.000	-983.081	0.000
13.990	188109.000	-958.156	0.000
14.000	188101.000	-910.710	0.000
14.010	188092.000	-907.497	0.000
14.020	188083.000	-905.248	0.000
14.030	188075.000	-873.673	0.000
14.040	188067.000	-851.571	0.000
14.050	188058.000	-866.100	0.000
14.060	188051.000	-816.270	0.000
14.070	188043.000	-811.389	0.000
14.080	188036.000	-777.972	0.000
14.090	188029.000	-754.581	0.000
14.100	188022.000	-738.206	0.000
14.110	188015.000	-726.744	0.000
14.120	188009.000	-688.721	0.000
14.130	188002.000	-692.105	0.000
14.140	187996.000	-664.473	0.000
14.150	187991.000	-615.131	0.000
14.160	187985.000	-610.592	0.000
14.170	187980.000	-577.414	0.000
14.180	187975.000	-554.190	0.000
14.190	187970.000	-537.933	0.000
14.200	187966.000	-496.553	0.000
14.210	187962.000	-467.587	0.000
14.220	187958.000	-447.311	0.000
14.230	187954.000	-433.118	0.000
14.240	187951.000	-393.182	0.000
14.250	187948.000	-365.228	0.000
14.260	187946.000	-315.659	0.000
14.270	187943.000	-310.962	0.000
14.280	187941.000	-277.673	0.000
14.290	187939.000	-254.371	0.000
14.300	187938.000	-208.060	0.000
14.310	187937.000	-175.642	0.000
14.320	187935.000	-182.949	0.000
14.330	187935.000	-128.065	0.000
14.340	187934.000	-119.645	0.000
14.350	187934.000	-83.752	0.000
14.360	187934.000	-58.626	0.000
14.370	187934.000	-41.038	0.000
14.380	187934.000	-28.727	0.000
14.390	187934.000	-20.109	0.000
14.400	187935.000	15.924	0.000
14.410	187936.000	41.147	0.000
14.420	187938.000	88.803	0.000
14.430	187939.000	92.162	0.000
14.440	187941.000	124.513	0.000
14.450	187942.000	117.159	0.000
14.460	187944.000	142.012	0.000
14.470	187945.000	129.408	0.000
14.480	187947.000	150.586	0.000
14.490	187949.000	165.410	0.000
14.500	187950.000	145.787	0.000
14.510	187952.000	162.051	0.000
14.520	187953.000	143.436	0.000
14.530	187954.000	130.405	0.000
14.540	187955.000	121.283	0.000
14.550	187956.000	114.898	0.000
14.560	187957.000	110.429	0.000
14.570	187958.000	107.300	0.000
14.580	187959.000	105.110	0.000
14.590	187959.000	73.577	0.000
14.600	187960.000	81.504	0.000
14.610	187960.000	57.053	0.000
14.620	187960.000	39.937	0.000
14.630	187960.000	27.956	0.000
14.640	187960.000	19.569	0.000
14.650	187960.000	13.698	0.000
14.660	187960.000	9.589	0.000
14.670	187960.000	6.712	0.000
14.680	187959.000	-25.301	0.000
14.690	187958.000	-47.711	0.000
14.700	187957.000	-63.398	0.000
14.710	187957.000	-44.378	0.000
14.720	187956.000	-61.065	0.000
14.730	187955.000	-72.745	0.000
14.740	187954.000	-80.922	0.000
14.750	187953.000	-86.645	0.000
14.760	187953.000	-60.652	0.000
14.770	187952.000	-72.456	0.000
14.780	187951.000	-80.719	0.000
14.790	187951.000	-56.504	0.000
14.800	187950.000	-69.552	0.000
14.810	187950.000	-48.687	0.000
14.820	187949.000	-64.081	0.000
14.830	187949.000	-44.856	0.000
14.840	187949.000	-31.400	0.000
14.850	187949.000	-21.980	0.000
14.860	187949.000	-15.386	0.000
14.870	187949.000	-10.770	0.000
14.880	187949.000	-7.539	0.000
14.890	187949.000	-5.277	0.000
14.900	187949.000	-3.694	0.000
14.910	187949.000	-2.586	0.000
14.920	187949.000	-1.810	0.000
14.930	187950.000	28.733	0.000
14.940	187951.000	50.113	0.000
14.950	187951.000	35.079	0.000
14.960	187952.000	54.555	0.000
14.970	187952.000	38.189	0.000
14.980	187952.000	26.732	0.000
14.990	187953.000	48.712	0.000
15.000	187953.000	34.099	0.000
