0.000	0.000	0.000	0.000
0.010	6.000	180.000	-2.000
0.020	7.000	156.000	-5.000
0.030	8.000	139.200	-8.000
0.040	8.000	97.440	-9.000
0.050	8.000	68.208	-10.000
0.060	8.000	47.746	-10.000
0.070	8.000	33.422	-10.000
0.080	7.000	-6.605	-10.000
0.090	6.000	-34.623	-8.000
0.100	4.000	-84.236	-7.000
0.110	2.000	-118.965	-4.000
0.120	-1.000	-173.276	-1.000
0.130	-3.000	-181.293	3.000
0.140	-5.000	-186.905	6.000
0.150	-8.000	-220.834	9.000
0.160	-11.000	-244.584	13.000
0.170	-13.000	-231.208	17.000
0.180	-16.000	-251.846	20.000
0.190	-19.000	-266.292	23.000
0.200	-21.000	-246.405	26.000
0.210	-24.000	-262.483	29.000
0.220	-26.000	-243.738	32.000
0.230	-28.000	-230.617	34.000
0.240	-30.000	-221.432	35.000
0.250	-31.000	-185.002	36.000
0.260	-33.000	-189.502	37.000
0.270	-34.000	-162.651	38.000
0.280	-35.000	-143.856	38.000
0.290	-36.000	-130.699	37.000
0.300	-36.000	-91.489	37.000
0.310	-36.000	-64.043	36.000
0.320	-36.000	-44.830	34.000
0.330	-36.000	-31.381	32.000
0.340	-36.000	-21.967	31.000
0.350	-36.000	-15.377	29.000
0.360	-36.000	-10.764	27.000
0.370	-35.000	22.465	25.000
0.380	-34.000	45.726	23.000
0.390	-33.000	62.008	21.000
0.400	-32.000	73.406	19.000
0.410	-31.000	81.384	16.000
0.420	-29.000	116.969	14.000
0.430	-28.000	111.878	11.000
0.440	-27.000	108.315	9.000
0.450	-26.000	105.820	7.000
0.460	-25.000	104.074	5.000
0.470	-24.000	102.852	3.000
0.480	-23.000	101.996	2.000
0.490	-23.000	71.397	1.000
0.500	-22.000	79.978	0.000
0.510	-22.000	55.985	3.000
0.520	-22.000	39.189	12.000
0.530	-22.000	27.433	26.000
0.540	-22.000	19.203	45.000
0.550	-22.000	13.442	69.000
0.560	-22.000	9.409	98.000
0.570	-22.000	6.587	129.000
0.580	-22.000	4.611	165.000
0.590	-22.000	3.227	203.000
0.600	-22.000	2.259	245.000
0.610	-21.000	31.581	288.000
0.620	-20.000	52.107	334.000
0.630	-18.000	96.475	382.000
0.640	-16.000	127.532	431.000
0.650	-13.000	179.273	482.000
0.660	-9.000	245.491	533.000
0.670	-4.000	321.844	585.000
0.680	2.000	405.291	638.000
0.690	9.000	493.703	691.000
0.700	17.000	585.592	745.000
0.710	26.000	679.915	799.000
0.720	37.000	805.940	853.000
0.730	49.000	924.158	907.000
0.740	62.000	1036.911	962.000
0.750	77.000	1175.838	1016.000
0.760	94.000	1333.086	1069.000
0.770	113.000	1503.160	1122.000
0.780	133.000	1652.212	1175.000
0.790	155.000	1816.549	1227.000
0.800	179.000	1991.584	1279.000
0.810	204.000	2144.109	1331.000
0.820	232.000	2340.876	1382.000
0.830	262.000	2538.613	1432.000
0.840	293.000	2707.029	1482.000
0.850	327.000	2914.921	1532.000
0.860	363.000	3120.444	1581.000
0.870	401.000	3324.311	1630.000
0.880	441.000	3527.018	1678.000
0.890	484.000	3758.912	1726.000
0.900	530.000	4011.239	1773.000
0.910	581.000	4337.867	1818.000
0.920	632.000	4566.507	1861.000
0.930	687.000	4846.555	1904.000
0.940	745.000	5132.588	1946.000
0.950	805.000	5392.812	1987.000
0.960	868.000	5664.968	2027.000
0.970	935.000	5975.478	2066.000
0.980	1005.000	6282.834	2104.000
0.990	1078.000	6587.984	2140.000
1.000	1155.000	6921.589	2176.000
1.010	1235.000	7245.112	2207.000
1.020	1318.000	7561.579	2232.000
1.030	1406.000	7933.105	2249.000
1.040	1496.000	8253.173	2261.000
1.050	1591.000	8627.221	2267.000
1.060	1689.000	8979.055	2268.000
1.070	1790.000	9315.339	2264.000
1.080	1896.000	9700.737	2255.000
1.090	2006.000	10090.516	2242.000
1.100	2119.000	10453.361	2225.000
1.110	2236.000	10827.353	2204.000
1.120	2357.000	11209.147	2179.000
1.130	2482.000	11596.403	2151.000
1.140	2610.000	11957.482	2121.000
1.150	2741.000	12300.237	2087.000
1.160	2878.000	12720.166	2051.000
1.170	3017.000	13074.116	2013.000
1.180	3161.000	13471.881	1972.000
1.190	3308.000	13840.317	1928.000
1.200	3457.000	14158.222	1883.000
1.210	3611.000	14530.755	1837.000
1.220	3768.000	14881.529	1789.000
1.230	3927.000	15187.070	1740.000
1.240	4092.000	15580.949	1689.000
1.250	4256.000	15826.664	1638.000
1.260	4426.000	16178.665	1586.000
1.270	4596.000	16425.066	1534.000
1.280	4770.000	16717.546	1482.000
1.290	4947.000	17012.282	1430.000
1.300	5126.000	17278.597	1377.000
1.310	5308.000	17555.018	1324.000
1.320	5491.000	17778.513	1271.000
1.330	5675.000	17964.959	1219.000
1.340	5862.000	18185.471	1168.000
1.350	6049.000	18339.830	1118.000
1.360	6240.000	18567.881	1069.000
1.370	6430.000	18697.517	1021.000
1.380	6622.000	18848.262	974.000
1.390	6814.000	18953.783	928.000
1.400	7007.000	19057.648	885.000
1.410	7203.000	19220.354	842.000
1.420	7393.000	19154.248	802.000
1.430	7588.000	19257.973	765.000
1.440	7784.000	19360.581	729.000
1.450	7980.000	19432.407	693.000
1.460	8176.000	19482.685	659.000
1.470	8373.000	19547.879	627.000
1.480	8571.000	19623.516	595.000
1.490	8770.000	19706.461	564.000
1.500	8969.000	19764.523	533.000
1.510	9168.000	19805.166	504.000
1.520	9368.000	19863.616	475.000
1.530	9568.000	19904.531	447.000
1.540	9769.000	19963.172	420.000
1.550	9970.000	20004.220	393.000
1.560	10171.000	20032.954	367.000
1.570	10373.000	20083.068	342.000
1.580	10572.000	20028.148	318.000
1.590	10772.000	20019.703	296.000
1.600	10972.000	20013.792	275.000
1.610	11171.000	19979.655	255.000
1.620	11371.000	19985.758	236.000
1.630	11573.000	20050.031	217.000
1.640	11767.000	19855.022	200.000
1.650	11964.000	19808.515	186.000
1.660	12159.000	19715.961	174.000
1.670	12353.000	19621.172	163.000
1.680	12546.000	19524.821	154.000
1.690	12738.000	19427.374	147.000
1.700	12930.000	19359.162	141.000
1.710	13122.000	19311.413	136.000
1.720	13311.000	19187.989	131.000
1.730	13501.000	19131.593	128.000
1.740	13689.000	19032.115	126.000
1.750	13878.000	18992.480	124.000
1.760	14066.000	18934.736	122.000
1.770	14252.000	18834.315	121.000
1.780	14438.000	18764.021	120.000
1.790	14624.000	18714.815	120.000
1.800	14810.000	18680.370	120.000
1.810	14995.000	18626.259	120.000
1.820	15179.000	18558.381	119.000
1.830	15363.000	18510.867	120.000
1.840	15546.000	18447.607	120.000
1.850	15729.000	18403.325	120.000
1.860	15911.000	18342.327	121.000
1.870	16093.000	18299.629	121.000
1.880	16274.000	18239.740	122.000
1.890	16453.000	18137.818	123.000
1.900	16633.000	18096.473	125.000
1.910	16813.000	18067.531	127.000
1.920	16988.000	17897.272	129.000
1.930	17164.000	17808.090	133.000
1.940	17340.000	17745.663	138.000
1.950	17515.000	17671.964	142.000
1.960	17687.000	17530.375	148.000
1.970	17859.000	17431.262	154.000
1.980	18031.000	17361.884	162.000
1.990	18201.000	17253.319	169.000
2.000	18371.000	17177.323	177.000
2.010	18541.000	17124.126	185.000
2.020	18709.000	17026.888	193.000
2.030	18878.000	16988.822	201.000
2.040	19045.000	16902.175	209.000
2.050	19212.000	16841.523	217.000
2.060	19379.000	16799.066	225.000
2.070	19546.000	16769.346	233.000
2.080	19710.000	16658.542	240.000
2.090	19875.000	16610.980	248.000
2.100	20040.000	16577.686	256.000
2.110	20204.000	16524.380	263.000
2.120	20368.000	16487.066	271.000
2.130	20532.000	16460.946	277.000
2.140	20696.000	16442.662	284.000
2.150	20859.000	16399.864	289.000
2.160	21022.000	16369.905	295.000
2.170	21185.000	16348.933	300.000
2.180	21346.000	16274.253	306.000
2.190	21508.000	16251.977	311.000
2.200	21669.000	16206.384	317.000
2.210	21831.000	16204.469	322.000
2.220	21992.000	16173.128	327.000
2.230	22152.000	16121.190	332.000
2.240	22311.000	16054.833	337.000
2.250	22470.000	16008.383	343.000
2.260	22628.000	15945.868	349.000
2.270	22785.000	15872.108	356.000
2.280	22942.000	15820.475	363.000
2.290	23098.000	15754.333	370.000
2.300	23253.000	15678.033	378.000
2.310	23407.000	15594.623	387.000
2.320	23561.000	15536.236	396.000
2.330	23715.000	15495.365	405.000
2.340	23869.000	15466.756	414.000
2.350	24023.000	15446.729	423.000
2.360	24176.000	15402.710	431.000
2.370	24330.000	15401.897	439.000
2.380	24483.000	15371.328	446.000
2.390	24636.000	15349.930	453.000
2.400	24789.000	15334.951	460.000
2.410	24943.000	15354.466	467.000
2.420	25097.000	15368.126	472.000
2.430	25251.000	15377.688	476.000
2.440	25405.000	15384.382	480.000
2.450	25560.000	15419.067	484.000
2.460	25715.000	15443.347	486.000
2.470	25871.000	15490.343	488.000
2.480	26026.000	15493.240	488.000
2.490	26182.000	15525.268	489.000
2.500	26339.000	15577.688	488.000
2.510	26497.000	15644.381	487.000
2.520	26652.000	15601.067	485.000
2.530	26809.000	15630.747	484.000
2.540	26966.000	15651.523	482.000
2.550	27124.000	15696.066	480.000
2.560	27281.000	15697.246	477.000
2.570	27437.000	15668.072	476.000
2.580	27594.000	15677.651	474.000
2.590	27751.000	15684.355	472.000
2.600	27907.000	15659.049	471.000
2.610	28063.000	15641.334	470.000
2.620	28219.000	15628.934	470.000
2.630	28374.000	15590.254	470.000
2.640	28530.000	15593.178	471.000
2.650	28686.000	15595.224	471.000
2.660	28841.000	15566.657	472.000
2.670	28996.000	15546.660	473.000
2.680	29151.000	15532.662	474.000
2.690	29307.000	15552.863	475.000
2.700	29463.000	15567.004	476.000
2.710	29619.000	15576.903	476.000
2.720	29776.000	15613.832	476.000
2.730	29931.000	15579.682	476.000
2.740	30087.000	15585.778	476.000
2.750	30244.000	15620.044	476.000
2.760	30401.000	15644.031	475.000
2.770	30559.000	15690.822	474.000
2.780	30717.000	15723.575	472.000
2.790	30874.000	15716.503	469.000
2.800	31035.000	15831.552	466.000
2.810	31191.000	15762.086	463.000
2.820	31349.000	15773.460	461.000
2.830	31508.000	15811.422	458.000
2.840	31667.000	15837.996	455.000
2.850	31827.000	15886.597	451.000
2.860	31987.000	15920.618	447.000
2.870	32147.000	15944.432	443.000
2.880	32307.000	15961.103	438.000
2.890	32467.000	15972.772	434.000
2.900	32627.000	15980.940	430.000
2.910	32786.000	15956.658	426.000
2.920	32945.000	15939.661	423.000
2.930	33104.000	15927.763	420.000
2.940	33262.000	15889.434	418.000
2.950	33422.000	15922.604	417.000
2.960	33578.000	15825.823	416.000
2.970	33736.000	15818.076	416.000
2.980	33893.000	15782.653	416.000
2.990	34050.000	15757.857	417.000
3.000	34209.000	15800.500	418.000
3.010	34364.000	15710.350	418.000
3.020	34523.000	15767.245	419.000
3.030	34678.000	15687.071	421.000
3.040	34835.000	15690.950	422.000
3.050	34994.000	15753.665	423.000
3.060	35150.000	15707.566	424.000
3.070	35308.000	15735.296	424.000
3.080	35465.000	15724.707	425.000
3.090	35623.000	15747.295	425.000
3.100	35783.000	15823.106	424.000
3.110	35940.000	15786.175	423.000
3.120	36098.000	15790.322	422.000
3.130	36257.000	15823.226	421.000
3.140	36416.000	15846.258	419.000
3.150	36574.000	15832.381	417.000
3.160	36733.000	15852.666	415.000
3.170	36890.000	15806.866	414.000
3.180	37049.000	15834.807	413.000
3.190	37207.000	15824.365	412.000
3.200	37366.000	15847.055	410.000
3.210	37522.000	15772.939	410.000
3.220	37678.000	15721.057	410.000
3.230	37835.000	15714.740	411.000
3.240	37991.000	15680.318	412.000
3.250	38147.000	15656.223	414.000
3.260	38302.000	15609.356	416.000
3.270	38456.000	15546.549	419.000
3.280	38610.000	15502.584	423.000
3.290	38764.000	15471.809	427.000
3.300	38916.000	15390.266	432.000
3.310	39068.000	15333.186	438.000
3.320	39220.000	15293.231	444.000
3.330	39371.000	15235.261	450.000
3.340	39523.000	15224.683	457.000
3.350	39673.000	15157.278	464.000
3.360	39824.000	15140.095	471.000
3.370	39975.000	15128.066	478.000
3.380	40125.000	15089.646	485.000
3.390	40275.000	15062.752	491.000
3.400	40429.000	15163.927	497.000
3.410	40578.000	15084.749	502.000
3.420	40729.000	15089.324	507.000
3.430	40880.000	15092.527	512.000
3.440	41032.000	15124.769	516.000
3.450	41184.000	15147.338	519.000
3.460	41336.000	15163.137	522.000
3.470	41489.000	15204.196	524.000
3.480	41642.000	15232.937	525.000
3.490	41795.000	15253.056	526.000
3.500	41952.000	15387.139	525.000
3.510	42103.000	15300.997	524.000
3.520	42258.000	15360.698	523.000
3.530	42413.000	15402.489	522.000
3.540	42568.000	15431.742	520.000
3.550	42723.000	15452.219	517.000
3.560	42880.000	15526.554	515.000
3.570	43035.000	15518.588	511.000
3.580	43192.000	15573.011	508.000
3.590	43349.000	15611.108	504.000
3.600	43507.000	15667.776	500.000
3.610	43663.000	15647.443	496.000
3.620	43817.000	15573.210	493.000
3.630	43973.000	15581.247	491.000
3.640	44128.000	15556.873	489.000
3.650	44287.000	15659.811	487.000
3.660	44440.000	15551.868	485.000
3.670	44595.000	15536.307	485.000
3.680	44750.000	15525.415	484.000
3.690	44906.000	15547.791	484.000
3.700	45062.000	15563.453	484.000
3.710	45217.000	15544.417	483.000
3.720	45374.000	15591.092	483.000
3.730	45530.000	15593.765	481.000
3.740	45687.000	15625.635	480.000
3.750	45845.000	15677.945	478.000
3.760	46000.000	15624.561	476.000
3.770	46158.000	15677.193	475.000
3.780	46314.000	15654.035	473.000
3.790	46472.000	15697.825	471.000
3.800	46631.000	15758.477	468.000
3.810	46789.000	15770.934	465.000
3.820	46948.000	15809.654	462.000
3.830	47106.000	15806.758	458.000
3.840	47265.000	15834.730	455.000
3.850	47424.000	15854.311	451.000
3.860	47584.000	15898.018	447.000
3.870	47744.000	15928.613	443.000
3.880	47904.000	15950.029	439.000
3.890	48064.000	15965.020	434.000
3.900	48225.000	16005.514	429.000
3.910	48384.000	15973.860	425.000
3.920	48544.000	15981.702	421.000
3.930	48705.000	16017.191	417.000
3.940	48864.000	15982.034	413.000
3.950	49024.000	15987.424	410.000
3.960	49182.000	15931.197	408.000
3.970	49341.000	15921.838	406.000
3.980	49498.000	15855.286	405.000
3.990	49655.000	15808.700	405.000
4.000	49814.000	15836.090	406.000
4.010	49967.000	15675.263	407.000
4.020	50122.000	15622.684	411.000
4.030	50277.000	15585.879	415.000
4.040	50431.000	15530.115	419.000
4.050	50586.000	15521.081	424.000
4.060	50740.000	15484.756	429.000
4.070	50894.000	15459.330	433.000
4.080	51049.000	15471.531	438.000
4.090	51202.000	15420.071	442.000
4.100	51357.000	15444.050	447.000
4.110	51512.000	15460.835	450.000
4.120	51666.000	15442.585	453.000
4.130	51821.000	15459.809	456.000
4.140	51979.000	15561.866	457.000
4.150	52132.000	15483.306	458.000
4.160	52288.000	15518.315	460.000
4.170	52444.000	15542.820	461.000
4.180	52600.000	15559.974	461.000
4.190	52757.000	15601.982	460.000
4.200	52913.000	15601.387	460.000
4.210	53069.000	15600.971	459.000
4.220	53226.000	15630.680	458.000
4.230	53382.000	15621.476	457.000
4.240	53537.000	15585.033	456.000
4.250	53693.000	15589.523	456.000
4.260	53848.000	15562.666	456.000
4.270	54004.000	15573.866	457.000
4.280	54159.000	15551.706	457.000
4.290	54313.000	15506.195	458.000
4.300	54467.000	15474.336	460.000
4.310	54622.000	15482.035	462.000
4.320	54775.000	15427.425	464.000
4.330	54927.000	15359.197	467.000
4.340	55080.000	15341.438	471.000
4.350	55232.000	15299.007	475.000
4.360	55385.000	15299.305	479.000
4.370	55536.000	15239.513	483.000
4.380	55687.000	15197.659	488.000
4.390	55839.000	15198.362	493.000
4.400	55991.000	15198.853	498.000
4.410	56143.000	15199.197	502.000
4.420	56295.000	15199.438	506.000
4.430	56448.000	15229.607	509.000
4.440	56601.000	15250.725	512.000
4.450	56753.000	15235.507	514.000
4.460	56906.000	15254.855	516.000
4.470	57058.000	15238.399	518.000
4.480	57212.000	15286.879	520.000
4.490	57365.000	15290.815	521.000
4.500	57519.000	15323.571	522.000
4.510	57673.000	15346.499	522.000
4.520	57827.000	15362.550	521.000
4.530	57981.000	15373.785	521.000
4.540	58136.000	15411.649	520.000
4.550	58292.000	15468.155	519.000
4.560	58450.000	15567.708	516.000
4.570	58605.000	15547.396	513.000
4.580	58761.000	15563.177	510.000
4.590	58918.000	15604.224	506.000
4.600	59075.000	15632.957	503.000
4.610	59232.000	15653.070	499.000
4.620	59389.000	15667.149	496.000
4.630	59546.000	15677.004	492.000
4.640	59704.000	15713.903	489.000
4.650	59861.000	15709.732	485.000
4.660	60018.000	15706.812	482.000
4.670	60174.000	15674.769	479.000
4.680	60331.000	15682.338	477.000
4.690	60488.000	15687.637	475.000
4.700	60645.000	15691.346	473.000
4.710	60802.000	15693.942	472.000
4.720	60958.000	15665.759	470.000
4.730	61115.000	15676.032	469.000
4.740	61273.000	15713.222	468.000
4.750	61431.000	15739.255	466.000
4.760	61589.000	15757.479	464.000
4.770	61747.000	15770.235	461.000
4.780	61906.000	15809.165	459.000
4.790	62067.000	15896.415	455.000
4.800	62225.000	15867.491	451.000
4.810	62385.000	15907.243	447.000
4.820	62545.000	15935.070	443.000
4.830	62706.000	15984.549	438.000
4.840	62867.000	16019.185	433.000
4.850	63028.000	16043.429	428.000
4.860	63189.000	16060.400	423.000
4.870	63350.000	16072.280	418.000
4.880	63511.000	16080.596	413.000
4.890	63672.000	16086.417	408.000
4.900	63835.000	16150.492	403.000
4.910	63995.000	16105.344	398.000
4.920	64156.000	16103.741	394.000
4.930	64317.000	16102.619	390.000
4.940	64478.000	16101.833	387.000
4.950	64638.000	16071.283	383.000
4.960	64797.000	16019.898	381.000
4.970	64957.000	16013.929	380.000
4.980	65115.000	15949.750	379.000
4.990	65273.000	15904.825	380.000
5.000	65432.000	15903.378	380.000
5.010	65588.000	15812.364	384.000
5.020	65745.000	15778.655	392.000
5.030	65901.000	15725.059	403.000
5.040	66057.000	15687.541	419.000
5.050	66213.000	15661.279	437.000
5.060	66367.000	15582.895	458.000
5.070	66522.000	15558.027	482.000
5.080	66677.000	15540.619	507.000
5.090	66832.000	15528.433	533.000
5.100	66988.000	15549.903	561.000
5.110	67143.000	15534.932	588.000
5.120	67298.000	15524.453	616.000
5.130	67454.000	15547.117	644.000
5.140	67611.000	15592.982	671.000
5.150	67769.000	15655.087	697.000
5.160	67926.000	15668.561	722.000
5.170	68083.000	15677.993	746.000
5.180	68242.000	15744.595	768.000
5.190	68401.000	15791.216	789.000
5.200	68562.000	15883.852	807.000
5.210	68723.000	15948.696	823.000
5.220	68885.000	16024.087	837.000
5.230	69049.000	16136.861	847.000
5.240	69212.000	16185.803	855.000
5.250	69377.000	16280.062	860.000
5.260	69542.000	16346.043	863.000
5.270	69709.000	16452.230	862.000
5.280	69878.000	16586.561	859.000
5.290	70045.000	16620.593	852.000
5.300	70213.000	16674.415	843.000
5.310	70383.000	16772.091	832.000
5.320	70552.000	16810.463	818.000
5.330	70723.000	16897.324	802.000
5.340	70894.000	16958.127	783.000
5.350	71065.000	17000.689	762.000
5.360	71236.000	17030.482	739.000
5.370	71391.000	16571.338	719.000
5.380	71564.000	16789.936	700.000
5.390	71737.000	16942.955	676.000
5.400	71910.000	17050.069	647.000
5.410	72083.000	17125.048	616.000
5.420	72258.000	17237.534	582.000
5.430	72433.000	17316.274	545.000
5.440	72608.000	17371.392	507.000
5.450	72783.000	17409.974	467.000
5.460	72959.000	17466.982	426.000
5.470	73134.000	17476.887	384.000
5.480	73308.000	17453.821	343.000
5.490	73483.000	17467.675	301.000
5.500	73658.000	17477.372	260.000
5.510	73833.000	17484.161	218.000
5.520	74007.000	17458.912	177.000
5.530	74181.000	17441.239	137.000
5.540	74356.000	17458.867	97.000
5.550	74528.000	17381.207	59.000
5.560	74700.000	17326.845	23.000
5.570	74872.000	17288.791	-12.000
5.580	75042.000	17202.154	-44.000
5.590	75213.000	17171.508	-75.000
5.600	75382.000	17090.055	-103.000
5.610	75549.000	16973.039	-129.000
5.620	75717.000	16921.127	-152.000
5.630	75879.000	16704.789	-171.000
5.640	76042.000	16583.352	-186.000
5.650	76202.000	16408.347	-197.000
5.660	76361.000	16255.843	-204.000
5.670	76518.000	16089.090	-208.000
5.680	76672.000	15882.363	-207.000
5.690	76825.000	15707.654	-201.000
5.700	76977.000	15555.358	-192.000
5.710	77128.000	15418.750	-180.000
5.720	77276.000	15233.125	-164.000
5.730	77424.000	15103.188	-145.000
5.740	77569.000	14922.231	-123.000
5.750	77714.000	14795.562	-97.000
5.760	77858.000	14676.893	-69.000
5.770	78003.000	14623.825	-39.000
5.780	78144.000	14466.678	-7.000
5.790	78285.000	14356.674	28.000
5.800	78426.000	14279.672	64.000
5.810	78566.000	14195.770	103.000
5.820	78706.000	14137.039	142.000
5.830	78846.000	14095.928	183.000
5.840	78984.000	14007.149	224.000
5.850	79123.000	13975.004	267.000
5.860	79261.000	13922.503	311.000
5.870	79401.000	13945.752	354.000
5.880	79538.000	13872.027	398.000
5.890	79677.000	13880.419	442.000
5.900	79815.000	13856.293	486.000
5.910	79953.000	13839.405	530.000
5.920	80094.000	13917.584	573.000
5.930	80230.000	13822.309	616.000
5.940	80369.000	13845.616	658.000
5.950	80510.000	13921.931	699.000
5.960	80648.000	13885.352	739.000
5.970	80788.000	13919.746	778.000
5.980	80928.000	13943.822	816.000
5.990	81069.000	13990.676	852.000
6.000	81210.000	14023.473	886.000
6.010	81351.000	14046.431	918.000
6.020	81494.000	14122.502	948.000
6.030	81636.000	14145.751	976.000
6.040	81782.000	14282.026	1001.000
6.050	81925.000	14287.418	1023.000
6.060	82072.000	14411.193	1043.000
6.070	82219.000	14497.835	1059.000
6.080	82367.000	14588.484	1072.000
6.090	82517.000	14711.939	1082.000
6.100	82668.000	14828.357	1088.000
6.110	82820.000	14939.850	1090.000
6.120	82974.000	15077.895	1089.000
6.130	83129.000	15204.527	1084.000
6.140	83286.000	15353.169	1075.000
6.150	83444.000	15487.218	1063.000
6.160	83604.000	15641.053	1047.000
6.170	83765.000	15778.737	1027.000
6.180	83928.000	15935.116	1004.000
6.190	84091.000	16044.581	978.000
6.200	84257.000	16211.207	948.000
6.210	84424.000	16357.845	916.000
6.220	84591.000	16460.491	880.000
6.230	84761.000	16622.344	842.000
6.240	84931.000	16735.641	802.000
6.250	85102.000	16844.949	759.000
6.260	85274.000	16951.464	715.000
6.270	85445.000	16996.025	669.000
6.280	85619.000	17117.217	623.000
6.290	85792.000	17172.052	575.000
6.300	85965.000	17210.436	527.000
6.310	86139.000	17267.306	479.000
6.320	86312.000	17277.114	431.000
6.330	86485.000	17283.980	383.000
6.340	86657.000	17258.786	337.000
6.350	86829.000	17241.150	292.000
6.360	87001.000	17228.805	249.000
6.370	87171.000	17160.164	207.000
6.380	87341.000	17112.114	167.000
6.390	87510.000	17048.480	129.000
6.400	87678.000	16973.936	93.000
6.410	87846.000	16921.755	60.000
6.420	88015.000	16915.229	28.000
6.430	88180.000	16790.660	-1.000
6.440	88346.000	16733.462	-28.000
6.450	88513.000	16723.423	-53.000
6.460	88675.000	16566.396	-75.000
6.470	88838.000	16486.477	-93.000
6.480	89000.000	16400.534	-109.000
6.490	89161.000	16310.374	-121.000
6.500	89321.000	16217.262	-131.000
6.510	89479.000	16092.083	-137.000
6.520	89638.000	16034.458	-141.000
6.530	89794.000	15904.121	-141.000
6.540	89949.000	15782.885	-138.000
6.550	90103.000	15668.019	-131.000
6.560	90256.000	15557.613	-121.000
6.570	90407.000	15420.329	-108.000
6.580	90557.000	15294.231	-91.000
6.590	90706.000	15175.961	-71.000
6.600	90854.000	15063.173	-48.000
6.610	91000.000	14924.221	-22.000
6.620	91145.000	14796.955	7.000
6.630	91289.000	14677.868	40.000
6.640	91431.000	14534.508	75.000
6.650	91572.000	14404.155	112.000
6.660	91712.000	14282.909	153.000
6.670	91852.000	14198.036	195.000
6.680	91990.000	14078.625	239.000
6.690	92127.000	13965.038	285.000
6.700	92263.000	13855.526	333.000
6.710	92399.000	13778.868	382.000
6.720	92535.000	13725.208	431.000
6.730	92670.000	13657.646	481.000
6.740	92804.000	13580.352	531.000
6.750	92939.000	13556.246	582.000
6.760	93074.000	13539.372	631.000
6.770	93209.000	13527.561	680.000
6.780	93346.000	13579.292	727.000
6.790	93483.000	13615.505	772.000
6.800	93622.000	13700.853	815.000
6.810	93759.000	13700.597	855.000
6.820	93897.000	13730.418	894.000
6.830	94038.000	13841.293	931.000
6.840	94180.000	13948.905	964.000
6.850	94323.000	14054.233	994.000
6.860	94468.000	14187.963	1020.000
6.870	94614.000	14311.574	1043.000
6.880	94761.000	14428.102	1062.000
6.890	94911.000	14599.671	1077.000
6.900	95062.000	14749.770	1089.000
6.910	95215.000	14914.839	1096.000
6.920	95369.000	15060.387	1100.000
6.930	95526.000	15252.271	1100.000
6.940	95684.000	15416.590	1095.000
6.950	95846.000	15651.613	1086.000
6.960	96005.000	15726.129	1074.000
6.970	96167.000	15868.290	1059.000
6.980	96333.000	16087.803	1040.000
6.990	96497.000	16181.462	1018.000
7.000	96664.000	16337.024	993.000
7.010	96832.000	16475.916	966.000
7.020	97001.000	16603.142	935.000
7.030	97170.000	16692.199	902.000
7.040	97340.000	16784.539	868.000
7.050	97511.000	16879.178	831.000
7.060	97682.000	16945.424	793.000
7.070	97855.000	17051.797	754.000
7.080	98027.000	17096.258	712.000
7.090	98200.000	17157.381	670.000
7.100	98374.000	17230.166	627.000
7.110	98547.000	17251.116	583.000
7.120	98721.000	17295.782	539.000
7.130	98896.000	17357.047	494.000
7.140	99071.000	17399.933	448.000
7.150	99246.000	17429.953	402.000
7.160	99421.000	17450.967	356.000
7.170	99596.000	17465.677	310.000
7.180	99770.000	17445.974	266.000
7.190	99944.000	17432.182	222.000
7.200	100120.000	17482.527	179.000
7.210	100290.000	17337.769	137.000
7.220	100462.000	17296.438	98.000
7.230	100634.000	17267.507	61.000
7.240	100805.000	17217.255	26.000
7.250	100976.000	17182.078	-8.000
7.260	101146.000	17127.455	-39.000
7.270	101314.000	17029.218	-68.000
7.280	101482.000	16960.453	-94.000
7.290	101648.000	16852.317	-117.000
7.300	101814.000	16776.622	-138.000
7.310	101976.000	16603.635	-154.000
7.320	102138.000	16482.545	-167.000
7.330	102298.000	16337.781	-176.000
7.340	102457.000	16206.447	-181.000
7.350	102613.000	16024.513	-182.000
7.360	102767.000	15837.159	-179.000
7.370	102919.000	15646.011	-171.000
7.380	103070.000	15482.208	-160.000
7.390	103218.000	15277.546	-144.000
7.400	103364.000	15074.282	-124.000
7.410	103509.000	14901.997	-99.000
7.420	103653.000	14751.398	-72.000
7.430	103794.000	14555.979	-41.000
7.440	103934.000	14389.185	-7.000
7.450	104073.000	14242.430	30.000
7.460	104211.000	14109.701	70.000
7.470	104349.000	14016.790	111.000
7.480	104486.000	13921.753	154.000
7.490	104622.000	13825.227	199.000
7.500	104758.000	13757.659	244.000
7.510	104893.000	13680.361	291.000
7.520	105028.000	13626.253	338.000
7.530	105163.000	13588.377	386.000
7.540	105298.000	13561.864	434.000
7.550	105434.000	13573.305	481.000
7.560	105570.000	13581.313	528.000
7.570	105706.000	13586.919	574.000
7.580	105841.000	13560.844	620.000
7.590	105979.000	13632.590	664.000
7.600	106117.000	13682.813	707.000
7.610	106255.000	13717.969	748.000
7.620	106395.000	13802.579	788.000
7.630	106534.000	13831.805	826.000
7.640	106675.000	13912.263	862.000
7.650	106817.000	13998.584	895.000
7.660	106960.000	14089.009	927.000
7.670	107103.000	14152.306	956.000
7.680	107249.000	14286.614	982.000
7.690	107396.000	14410.630	1005.000
7.700	107542.000	14467.441	1026.000
7.710	107690.000	14567.209	1044.000
7.720	107840.000	14697.046	1060.000
7.730	107990.000	14787.932	1072.000
7.740	108141.000	14881.553	1081.000
7.750	108293.000	14977.087	1088.000
7.760	108447.000	15103.961	1092.000
7.770	108603.000	15252.773	1092.000
7.780	108757.000	15296.941	1090.000
7.790	108915.000	15447.859	1084.000
7.800	109074.000	15583.501	1075.000
7.810	109235.000	15738.451	1063.000
7.820	109397.000	15876.915	1046.000
7.830	109559.000	15973.841	1027.000
7.840	109723.000	16101.689	1005.000
7.850	109890.000	16281.182	980.000
7.860	110058.000	16436.827	950.000
7.870	110226.000	16545.779	918.000
7.880	110397.000	16712.045	883.000
7.890	110568.000	16828.432	845.000
7.900	110740.000	16939.902	805.000
7.910	110915.000	17107.932	762.000
7.920	111090.000	17225.552	717.000
7.930	111265.000	17307.886	671.000
7.940	111442.000	17425.521	622.000
7.950	111619.000	17507.864	573.000
7.960	111797.000	17595.505	523.000
7.970	111976.000	17686.854	471.000
7.980	112153.000	17690.797	420.000
7.990	112331.000	17723.558	370.000
8.000	112510.000	17776.491	319.000
8.010	112688.000	17783.544	269.000
8.020	112866.000	17788.480	220.000
8.030	113041.000	17701.936	173.000
8.040	113217.000	17671.355	129.000
8.050	113392.000	17619.949	86.000
8.060	113566.000	17553.964	46.000
8.070	113739.000	17477.775	8.000
8.080	113910.000	17364.442	-27.000
8.090	114080.000	17255.110	-58.000
8.100	114249.000	17148.577	-87.000
8.110	114416.000	17014.004	-112.000
8.120	114584.000	16949.803	-134.000
8.130	114750.000	16844.862	-154.000
8.140	114914.000	16711.403	-170.000
8.150	115078.000	16617.982	-183.000
8.160	115241.000	16522.588	-193.000
8.170	115405.000	16485.811	-201.000
8.180	115563.000	16280.068	-206.000
8.190	115721.000	16136.048	-206.000
8.200	115878.000	16005.233	-203.000
8.210	116034.000	15883.663	-196.000
8.220	116188.000	15738.564	-186.000
8.230	116342.000	15636.995	-173.000
8.240	116494.000	15505.897	-156.000
8.250	116644.000	15354.128	-137.000
8.260	116793.000	15217.889	-114.000
8.270	116941.000	15092.523	-88.000
8.280	117087.000	14944.766	-59.000
8.290	117231.000	14781.336	-26.000
8.300	117375.000	14666.935	9.000
8.310	117517.000	14526.855	47.000
8.320	117657.000	14368.798	88.000
8.330	117797.000	14258.159	131.000
8.340	117935.000	14120.711	176.000
8.350	118073.000	14024.498	223.000
8.360	118210.000	13927.148	271.000
8.370	118346.000	13829.004	321.000
8.380	118481.000	13730.303	371.000
8.390	118615.000	13631.212	423.000
8.400	118749.000	13561.848	475.000
8.410	118883.000	13513.294	527.000
8.420	119017.000	13479.306	579.000
8.430	119150.000	13425.514	630.000
8.440	119283.000	13387.860	681.000
8.450	119417.000	13391.502	731.000
8.460	119551.000	13394.051	779.000
8.470	119685.000	13395.836	826.000
8.480	119820.000	13427.085	870.000
8.490	119955.000	13448.960	913.000
8.500	120093.000	13554.272	953.000
8.510	120231.000	13627.990	989.000
8.520	120370.000	13709.593	1023.000
8.530	120511.000	13826.715	1052.000
8.540	120652.000	13908.701	1079.000
8.550	120795.000	14026.090	1102.000
8.560	120940.000	14168.263	1121.000
8.570	121088.000	14357.784	1136.000
8.580	121234.000	14430.449	1147.000
8.590	121383.000	14571.314	1155.000
8.600	121534.000	14729.920	1159.000
8.610	121687.000	14900.944	1158.000
8.620	121842.000	15080.661	1154.000
8.630	121999.000	15266.463	1144.000
8.640	122156.000	15396.524	1132.000
8.650	122316.000	15577.567	1115.000
8.660	122478.000	15764.297	1095.000
8.670	122641.000	15925.008	1071.000
8.680	122806.000	16097.505	1043.000
8.690	122972.000	16248.254	1012.000
8.700	123139.000	16383.778	978.000
8.710	123307.000	16508.644	942.000
8.720	123476.000	16626.051	904.000
8.730	123647.000	16768.236	863.000
8.740	123819.000	16897.765	820.000
8.750	123990.000	16958.436	776.000
8.760	124162.000	17030.905	731.000
8.770	124335.000	17111.633	684.000
8.780	124508.000	17168.143	637.000
8.790	124682.000	17237.700	590.000
8.800	124856.000	17286.390	542.000
8.810	125031.000	17350.473	493.000
8.820	125205.000	17365.331	444.000
8.830	125381.000	17435.732	396.000
8.840	125555.000	17425.012	348.000
8.850	125729.000	17417.509	301.000
8.860	125903.000	17412.256	255.000
8.870	126078.000	17438.579	211.000
8.880	126252.000	17427.005	167.000
8.890	126427.000	17448.904	124.000
8.900	126599.000	17374.233	83.000
8.910	126772.000	17351.963	45.000
8.920	126944.000	17306.374	8.000
8.930	127116.000	17274.462	-26.000
8.940	127286.000	17192.123	-57.000
8.950	127455.000	17104.486	-86.000
8.960	127623.000	17013.140	-111.000
8.970	127791.000	16949.198	-134.000
8.980	127958.000	16874.439	-153.000
8.990	128123.000	16762.107	-169.000
9.000	128287.000	16653.475	-182.000
9.010	128450.000	16547.433	-191.000
9.020	128611.000	16413.203	-197.000
9.030	128771.000	16289.242	-198.000
9.040	128928.000	16112.469	-196.000
9.050	129084.000	15958.729	-189.000
9.060	129238.000	15791.110	-178.000
9.070	129390.000	15613.777	-163.000
9.080	129540.000	15429.644	-144.000
9.090	129689.000	15270.751	-121.000
9.100	129835.000	15069.526	-94.000
9.110	129980.000	14898.668	-63.000
9.120	130124.000	14749.067	-28.000
9.130	130266.000	14584.347	9.000
9.140	130406.000	14409.043	49.000
9.150	130546.000	14286.330	92.000
9.160	130684.000	14140.431	137.000
9.170	130822.000	14038.302	184.000
9.180	130959.000	13936.811	232.000
9.190	131097.000	13895.768	281.000
9.200	131233.000	13807.038	330.000
9.210	131370.000	13774.926	380.000
9.220	131507.000	13752.448	430.000
9.230	131643.000	13706.714	479.000
9.240	131780.000	13704.700	528.000
9.250	131917.000	13703.290	576.000
9.260	132055.000	13732.303	623.000
9.270	132193.000	13752.612	668.000
9.280	132331.000	13766.828	712.000
9.290	132471.000	13836.780	755.000
9.300	132610.000	13855.746	795.000
9.310	132752.000	13959.022	833.000
9.320	132893.000	14001.315	869.000
9.330	133037.000	14120.921	902.000
9.340	133181.000	14204.645	932.000
9.350	133326.000	14293.251	960.000
9.360	133472.000	14385.276	985.000
9.370	133618.000	14449.693	1007.000
9.380	133766.000	14554.785	1026.000
9.390	133916.000	14688.350	1043.000
9.400	134065.000	14751.845	1056.000
9.410	134216.000	14856.291	1066.000
9.420	134368.000	14959.404	1074.000
9.430	134521.000	15061.583	1078.000
9.440	134674.000	15133.108	1080.000
9.450	134828.000	15213.176	1079.000
9.460	134984.000	15329.223	1075.000
9.470	135141.000	15440.456	1068.000
9.480	135298.000	15518.319	1058.000
9.490	135456.000	15602.823	1045.000
9.500	135616.000	15721.976	1029.000
9.510	135776.000	15805.383	1011.000
9.520	135937.000	15893.768	989.000
9.530	136100.000	16015.638	965.000
9.540	136265.000	16160.947	938.000
9.550	136430.000	16262.663	907.000
9.560	136598.000	16423.864	874.000
9.570	136766.000	16536.705	837.000
9.580	136935.000	16645.693	799.000
9.590	137105.000	16751.985	758.000
9.600	137279.000	16946.390	714.000
9.610	137448.000	16932.473	669.000
9.620	137620.000	17012.731	623.000
9.630	137793.000	17098.912	577.000
9.640	137967.000	17189.238	529.000
9.650	138141.000	17252.467	481.000
9.660	138316.000	17326.727	432.000
9.670	138490.000	17348.709	383.000
9.680	138665.000	17394.096	335.000
9.690	138839.000	17395.867	287.000
9.700	139014.000	17427.107	241.000
9.710	139187.000	17388.975	195.000
9.720	139362.000	17422.282	151.000
9.730	139535.000	17385.598	109.000
9.740	139708.000	17359.918	68.000
9.750	139877.000	17221.943	31.000
9.760	140047.000	17155.360	-3.000
9.770	140216.000	17078.752	-34.000
9.780	140383.000	16965.126	-62.000
9.790	140551.000	16915.588	-87.000
9.800	140712.000	16670.912	-107.000
9.810	140877.000	16619.638	-124.000
9.820	141039.000	16493.747	-137.000
9.830	141200.000	16375.623	-147.000
9.840	141362.000	16322.936	-155.000
9.850	141519.000	16136.055	-158.000
9.860	141676.000	16005.239	-158.000
9.870	141833.000	15913.667	-155.000
9.880	141989.000	15819.567	-148.000
9.890	142146.000	15783.697	-140.000
9.900	142298.000	15608.588	-128.000
9.910	142450.000	15486.011	-113.000
9.920	142603.000	15430.208	-95.000
9.930	142754.000	15331.146	-75.000
9.940	142906.000	15291.802	-52.000
9.950	143054.000	15144.261	-27.000
9.960	143202.000	15040.983	1.000
9.970	143349.000	14938.688	32.000
9.980	143495.000	14837.082	65.000
9.990	143641.000	14765.957	100.000
10.000	143786.000	14686.170	137.000
10.010	143929.000	14570.319	176.000
10.020	144073.000	14519.223	217.000
10.030	144217.000	14483.456	258.000
10.040	144358.000	14368.419	301.000
10.050	144498.000	14257.894	346.000
10.060	144640.000	14240.526	391.000
10.070	144780.000	14168.368	437.000
10.080	144919.000	14087.858	483.000
10.090	145061.000	14121.500	529.000
10.100	145199.000	14025.050	575.000
10.110	145340.000	14047.535	621.000
10.120	145478.000	13973.275	665.000
10.130	145617.000	13951.292	710.000
10.140	145758.000	13995.905	753.000
10.150	145896.000	13937.133	795.000
10.160	146037.000	13985.993	835.000
10.170	146178.000	14020.195	873.000
10.180	146319.000	14044.137	908.000
10.190	146462.000	14120.896	941.000
10.200	146605.000	14174.627	971.000
10.210	146750.000	14272.239	998.000
10.220	146896.000	14370.567	1021.000
10.230	147043.000	14469.397	1041.000
10.240	147191.000	14568.578	1057.000
10.250	147341.000	14698.005	1070.000
10.260	147492.000	14818.603	1079.000
10.270	147645.000	14963.022	1083.000
10.280	147800.000	15124.116	1084.000
10.290	147954.000	15206.881	1081.000
10.300	148111.000	15354.817	1074.000
10.310	148271.000	15548.372	1064.000
10.320	148431.000	15683.860	1049.000
10.330	148592.000	15808.702	1031.000
10.340	148755.000	15956.091	1009.000
10.350	148920.000	16119.264	984.000
10.360	149085.000	16233.485	956.000
10.370	149252.000	16373.439	925.000
10.380	149420.000	16501.408	891.000
10.390	149588.000	16590.985	855.000
10.400	149758.000	16713.690	817.000
10.410	149928.000	16799.583	776.000
10.420	150099.000	16889.708	734.000
10.430	150270.000	16952.796	691.000
10.440	150441.000	16996.957	647.000
10.450	150614.000	17087.870	603.000
10.460	150785.000	17091.509	557.000
10.470	150958.000	17154.056	511.000
10.480	151129.000	17137.839	466.000
10.490	151300.000	17126.488	421.000
10.500	151472.000	17148.541	377.000
10.510	151643.000	17133.979	334.000
10.520	151814.000	17123.785	291.000
10.530	151984.000	17086.650	249.000
10.540	152155.000	17090.655	209.000
10.550	152326.000	17093.458	170.000
10.560	152495.000	17035.421	132.000
10.570	152664.000	16994.795	96.000
10.580	152831.000	16906.356	62.000
10.590	152999.000	16874.449	31.000
10.600	153164.000	16762.115	2.000
10.610	153329.000	16683.480	-24.000
10.620	153493.000	16598.436	-47.000
10.630	153657.000	16538.905	-68.000
10.640	153818.000	16407.234	-85.000
10.650	153979.000	16315.064	-99.000
10.660	154139.000	16220.545	-110.000
10.670	154297.000	16094.381	-118.000
10.680	154455.000	16006.067	-123.000
10.690	154612.000	15914.247	-124.000
10.700	154768.000	15819.973	-123.000
10.710	154922.000	15693.981	-118.000
10.720	155076.000	15605.787	-111.000
10.730	155228.000	15484.051	-100.000
10.740	155381.000	15428.835	-86.000
10.750	155528.000	15210.185	-69.000
10.760	155676.000	15087.129	-48.000
10.770	155823.000	14970.991	-23.000
10.780	155968.000	14829.693	4.000
10.790	156112.000	14700.785	35.000
10.800	156254.000	14550.550	69.000
10.810	156396.000	14445.385	105.000
10.820	156536.000	14311.769	144.000
10.830	156675.000	14188.239	186.000
10.840	156813.000	14071.767	230.000
10.850	156950.000	13960.237	275.000
10.860	157087.000	13882.166	322.000
10.870	157224.000	13827.516	370.000
10.880	157360.000	13759.261	418.000
10.890	157498.000	13771.483	466.000
10.900	157634.000	13720.038	514.000
10.910	157773.000	13774.027	561.000
10.920	157908.000	13691.819	608.000
10.930	158046.000	13724.273	654.000
10.940	158185.000	13776.991	698.000
10.950	158325.000	13843.894	741.000
10.960	158465.000	13890.726	781.000
10.970	158606.000	13953.508	820.000
10.980	158749.000	14057.456	856.000
10.990	158895.000	14220.219	888.000
11.000	159038.000	14244.153	918.000
11.010	159184.000	14350.907	946.000
11.020	159331.000	14455.635	970.000
11.030	159480.000	14588.945	992.000
11.040	159630.000	14712.261	1010.000
11.050	159783.000	14888.583	1025.000
11.060	159936.000	15012.008	1036.000
11.070	160090.000	15128.406	1044.000
11.080	160246.000	15269.884	1048.000
11.090	160404.000	15428.919	1049.000
11.100	160562.000	15540.243	1047.000
11.110	160722.000	15678.170	1042.000
11.120	160883.000	15804.719	1033.000
11.130	161045.000	15923.303	1022.000
11.140	161207.000	16006.312	1008.000
11.150	161370.000	16094.419	992.000
11.160	161534.000	16186.093	973.000
11.170	161699.000	16280.265	952.000
11.180	161865.000	16376.186	928.000
11.190	162032.000	16473.330	902.000
11.200	162200.000	16571.331	873.000
11.210	162368.000	16639.932	843.000
11.220	162537.000	16717.952	810.000
11.230	162707.000	16802.567	775.000
11.240	162878.000	16891.797	739.000
11.250	163050.000	16984.258	700.000
11.260	163223.000	17078.980	659.000
11.270	163396.000	17145.286	617.000
11.280	163569.000	17191.700	574.000
11.290	163743.000	17254.190	530.000
11.300	163917.000	17297.933	485.000
11.310	164091.000	17328.553	440.000
11.320	164265.000	17349.987	394.000
11.330	164439.000	17364.991	349.000
11.340	164613.000	17375.494	305.000
11.350	164787.000	17382.846	260.000
11.360	164961.000	17387.992	217.000
11.370	165135.000	17391.594	174.000
11.380	165308.000	17364.116	132.000
11.390	165480.000	17314.881	93.000
11.400	165652.000	17280.417	55.000
11.410	165823.000	17226.292	19.000
11.420	165992.000	17128.404	-15.000
11.430	166160.000	17029.883	-45.000
11.440	166327.000	16930.918	-72.000
11.450	166492.000	16801.643	-96.000
11.460	166656.000	16681.150	-116.000
11.470	166818.000	16536.805	-133.000
11.480	166979.000	16405.763	-146.000
11.490	167137.000	16224.034	-155.000
11.500	167295.000	16096.824	-160.000
11.510	167449.000	15887.777	-161.000
11.520	167603.000	15741.444	-158.000
11.530	167756.000	15609.011	-151.000
11.540	167907.000	15456.307	-141.000
11.550	168057.000	15319.415	-128.000
11.560	168205.000	15163.591	-112.000
11.570	168353.000	15054.513	-92.000
11.580	168500.000	14948.159	-70.000
11.590	168646.000	14843.712	-46.000
11.600	168791.000	14740.598	-19.000
11.610	168935.000	14638.419	10.000
11.620	169078.000	14536.893	41.000
11.630	169223.000	14525.825	74.000
11.640	169363.000	14368.078	109.000
11.650	169505.000	14317.654	146.000
11.660	169646.000	14252.358	184.000
11.670	169786.000	14176.651	224.000
11.680	169926.000	14123.655	265.000
11.690	170067.000	14116.559	307.000
11.700	170206.000	14051.591	349.000
11.710	170345.000	14006.114	392.000
11.720	170484.000	13974.280	436.000
11.730	170623.000	13951.996	480.000
11.740	170762.000	13936.397	524.000
11.750	170901.000	13925.478	568.000
11.760	171039.000	13887.835	612.000
11.770	171179.000	13921.484	655.000
11.780	171319.000	13945.039	697.000
11.790	171459.000	13961.527	737.000
11.800	171599.000	13973.069	777.000
11.810	171739.000	13981.148	815.000
11.820	171880.000	14016.804	852.000
11.830	172022.000	14071.763	887.000
11.840	172163.000	14080.234	920.000
11.850	172307.000	14176.164	951.000
11.860	172450.000	14213.315	979.000
11.870	172594.000	14269.320	1005.000
11.880	172739.000	14338.524	1028.000
11.890	172886.000	14446.967	1049.000
11.900	173034.000	14552.877	1066.000
11.910	173183.000	14657.014	1079.000
11.920	173333.000	14759.910	1089.000
11.930	173486.000	14921.937	1095.000
11.940	173641.000	15095.356	1097.000
11.950	173795.000	15186.749	1095.000
11.960	173952.000	15340.724	1090.000
11.970	174110.000	15478.507	1081.000
11.980	174270.000	15634.955	1068.000
11.990	174433.000	15834.468	1051.000
12.000	174595.000	15944.128	1030.000
12.010	174760.000	16110.890	0.000
12.020	174925.000	16227.623	0.000
12.030	175090.000	16309.336	0.000
12.040	175254.000	16336.535	0.000
12.050	175418.000	16355.575	0.000
12.060	175578.000	16248.902	0.000
12.070	175739.000	16204.232	0.000
12.080	175900.000	16172.962	0.000
12.090	176060.000	16121.073	0.000
12.100	176218.000	16024.751	0.000
12.110	176376.000	15957.326	0.000
12.120	176532.000	15850.128	0.000
12.130	176688.000	15775.090	0.000
12.140	176842.000	15662.563	0.000
12.150	176995.000	15553.794	0.000
12.160	177149.000	15507.656	0.000
12.170	177298.000	15325.359	0.000
12.180	177447.000	15197.751	0.000
12.190	177597.000	15138.426	0.000
12.200	177742.000	14946.898	0.000
12.210	177887.000	14812.829	0.000
12.220	178032.000	14718.980	0.000
12.230	178175.000	14593.286	0.000
12.240	178317.000	14475.300	0.000
12.250	178457.000	14332.710	0.000
12.260	178597.000	14232.897	0.000
12.270	178736.000	14133.028	0.000
12.280	178873.000	14003.120	0.000
12.290	179011.000	13942.184	0.000
12.300	179146.000	13809.529	0.000
12.310	179281.000	13716.670	0.000
12.320	179416.000	13651.669	0.000
12.330	179549.000	13546.168	0.000
12.340	179681.000	13442.318	0.000
12.350	179813.000	13369.622	0.000
12.360	179943.000	13258.736	0.000
12.370	180072.000	13151.115	0.000
12.380	180202.000	13105.781	0.000
12.390	180329.000	12984.046	0.000
12.400	180456.000	12898.832	0.000
12.410	180581.000	12779.183	0.000
12.420	180707.000	12725.428	0.000
12.430	180830.000	12597.800	0.000
12.440	180954.000	12538.460	0.000
12.450	181075.000	12406.922	0.000
12.460	181196.000	12314.845	0.000
12.470	181316.000	12220.392	0.000
12.480	181436.000	12154.274	0.000
12.490	181554.000	12047.992	0.000
12.500	181672.000	11973.594	0.000
12.510	181790.000	11921.516	0.000
12.520	181903.000	11735.061	0.000
12.530	182018.000	11664.543	0.000
12.540	182130.000	11525.180	0.000
12.550	182243.000	11457.626	0.000
12.560	182352.000	11290.338	0.000
12.570	182460.000	11143.237	0.000
12.580	182568.000	11040.266	0.000
12.590	182673.000	10878.186	0.000
12.600	182777.000	10734.730	0.000
12.610	182880.000	10604.311	0.000
12.620	182981.000	10453.018	0.000
12.630	183080.000	10287.112	0.000
12.640	183178.000	10140.979	0.000
12.650	183274.000	9978.685	0.000
12.660	183369.000	9835.080	0.000
12.670	183463.000	9704.556	0.000
12.680	183555.000	9553.189	0.000
12.690	183646.000	9417.232	0.000
12.700	183736.000	9292.063	0.000
12.710	183825.000	9174.444	0.000
12.720	183913.000	9062.111	0.000
12.730	184000.000	8953.477	0.000
12.740	184086.000	8847.434	0.000
12.750	184172.000	8773.204	0.000
12.760	184256.000	8661.243	0.000
12.770	184339.000	8552.870	0.000
12.780	184422.000	8477.009	0.000
12.790	184503.000	8363.906	0.000
12.800	184583.000	8254.734	0.000
12.810	184663.000	8178.314	0.000
12.820	184741.000	8064.820	0.000
12.830	184819.000	7985.374	0.000
12.840	184897.000	7929.762	0.000
12.850	184974.000	7860.833	0.000
12.860	185051.000	7812.583	0.000
12.870	185126.000	7718.808	0.000
12.880	185201.000	7653.166	0.000
12.890	185275.000	7577.216	0.000
12.900	185348.000	7494.051	0.000
12.910	185420.000	7405.836	0.000
12.920	185492.000	7344.085	0.000
12.930	185563.000	7270.860	0.000
12.940	185634.000	7219.602	0.000
12.950	185702.000	7093.721	0.000
12.960	185771.000	7035.605	0.000
12.970	185838.000	6934.923	0.000
12.980	185906.000	6894.446	0.000
12.990	185972.000	6806.112	0.000
13.000	186039.000	6774.279	0.000
13.010	186103.000	6661.995	0.000
13.020	186167.000	6583.397	0.000
13.030	186230.000	6498.378	0.000
13.040	186292.000	6408.864	0.000
13.050	186354.000	6346.205	0.000
13.060	186415.000	6272.344	0.000
13.070	186475.000	6190.640	0.000
13.080	186534.000	6103.448	0.000
13.090	186593.000	6042.414	0.000
13.100	186650.000	5939.690	0.000
13.110	186706.000	5837.783	0.000
13.120	186762.000	5766.448	0.000
13.130	186816.000	5656.514	0.000
13.140	186870.000	5579.559	0.000
13.150	186922.000	5465.692	0.000
13.160	186974.000	5385.984	0.000
13.170	187025.000	5300.189	0.000
13.180	187075.000	5210.132	0.000
13.190	187123.000	5087.093	0.000
13.200	187170.000	4970.965	0.000
13.210	187217.000	4889.675	0.000
13.220	187263.000	4802.773	0.000
13.230	187307.000	4681.941	0.000
13.240	187351.000	4597.359	0.000
13.250	187393.000	4478.151	0.000
13.260	187434.000	4364.706	0.000
13.270	187473.000	4225.294	0.000
13.280	187512.000	4127.706	0.000
13.290	187550.000	4029.394	0.000
13.300	187586.000	3900.576	0.000
13.310	187621.000	3780.403	0.000
13.320	187655.000	3666.282	0.000
13.330	187687.000	3526.398	0.000
13.340	187718.000	3398.478	0.000
13.350	187748.000	3278.935	0.000
13.360	187776.000	3135.254	0.000
13.370	187804.000	3034.678	0.000
13.380	187831.000	2934.275	0.000
13.390	187856.000	2803.992	0.000
13.400	187880.000	2682.795	0.000
13.410	187902.000	2537.956	0.000
13.420	187924.000	2436.569	0.000
13.430	187944.000	2305.599	0.000
13.440	187964.000	2213.919	0.000
13.450	187982.000	2089.743	0.000
13.460	187999.000	1972.820	0.000
13.470	188015.000	1860.974	0.000
13.480	188030.000	1752.682	0.000
13.490	188044.000	1646.877	0.000
13.500	188057.000	1542.814	0.000
13.510	188068.000	1409.970	0.000
13.520	188079.000	1316.979	0.000
13.530	188088.000	1191.885	0.000
13.540	188096.000	1074.320	0.000
13.550	188103.000	962.024	0.000
13.560	188108.000	823.417	0.000
13.570	188112.000	696.392	0.000
13.580	188115.000	577.474	0.000
13.590	188116.000	434.232	0.000
13.600	188116.000	303.962	0.000
13.610	188116.000	212.774	0.000
13.620	188115.000	118.942	0.000
13.630	188111.000	-36.741	0.000
13.640	188107.000	-145.719	0.000
13.650	188101.000	-282.003	0.000
13.660	188095.000	-377.402	0.000
13.670	188088.000	-474.181	0.000
13.680	188080.000	-571.927	0.000
13.690	188072.000	-640.349	0.000
13.700	188063.000	-718.244	0.000
13.710	188053.000	-802.771	0.000
13.720	188043.000	-861.940	0.000
13.730	188033.000	-903.358	0.000
13.740	188022.000	-962.350	0.000
13.750	188011.000	-1003.645	0.000
13.760	188001.000	-1002.552	0.000
13.770	187990.000	-1031.786	0.000
13.780	187979.000	-1052.250	0.000
13.790	187968.000	-1066.575	0.000
13.800	187957.000	-1076.603	0.000
13.810	187946.000	-1083.622	0.000
13.820	187935.000	-1088.535	0.000
13.830	187924.000	-1091.975	0.000
13.840	187913.000	-1094.382	0.000
13.850	187902.000	-1096.068	0.000
13.860	187891.000	-1097.247	0.000
13.870	187880.000	-1098.073	0.000
13.880	187868.000	-1128.651	0.000
13.890	187857.000	-1120.056	0.000
13.900	187845.000	-1144.039	0.000
13.910	187834.000	-1130.827	0.000
13.920	187822.000	-1151.579	0.000
13.930	187810.000	-1166.105	0.000
13.940	187798.000	-1176.274	0.000
13.950	187787.000	-1153.392	0.000
13.960	187775.000	-1167.374	0.000
13.970	187763.000	-1177.162	0.000
13.980	187752.000	-1154.013	0.000
13.990	187741.000	-1137.809	0.000
14.000	187730.000	-1126.467	0.000
14.010	187718.000	-1148.527	0.000
14.020	187707.000	-1133.969	0.000
14.030	187696.000	-1123.778	0.000
14.040	187686.000	-1086.645	0.000
14.050	187675.000	-1090.651	0.000
14.060	187664.000	-1093.456	0.000
14.070	187653.000	-1095.419	0.000
14.080	187642.000	-1096.793	0.000
14.090	187632.000	-1067.755	0.000
14.100	187620.000	-1107.429	0.000
14.110	187610.000	-1075.200	0.000
14.120	187600.000	-1052.640	0.000
14.130	187590.000	-1036.848	0.000
14.140	187582.000	-965.794	0.000
14.150	187575.000	-886.056	0.000
14.160	187569.000	-800.239	0.000
14.170	187567.000	-620.167	0.000
14.180	187566.000	-464.117	0.000
14.190	187567.000	-294.882	0.000
14.200	187571.000	-86.417	0.000
14.210	187578.000	149.508	0.000
14.220	187586.000	344.655	0.000
14.230	187595.000	511.259	0.000
14.240	187606.000	687.881	0.000
14.250	187616.000	781.517	0.000
14.260	187627.000	877.062	0.000
14.270	187637.000	913.943	0.000
14.280	187647.000	939.760	0.000
14.290	187657.000	957.832	0.000
14.300	187666.000	940.483	0.000
14.310	187675.000	928.338	0.000
14.320	187683.000	889.836	0.000
14.330	187691.000	862.886	0.000
14.340	187698.000	814.020	0.000
14.350	187705.000	779.814	0.000
14.360	187711.000	725.870	0.000
14.370	187716.000	658.109	0.000
14.380	187721.000	610.676	0.000
14.390	187724.000	517.473	0.000
14.400	187728.000	482.231	0.000
14.410	187730.000	397.562	0.000
14.420	187733.000	368.293	0.000
14.430	187734.000	287.805	0.000
14.440	187735.000	231.464	0.000
14.450	187735.000	162.025	0.000
14.460	187735.000	113.417	0.000
14.470	187735.000	79.392	0.000
14.480	187733.000	-4.426	0.000
14.490	187731.000	-63.098	0.000
14.500	187728.000	-134.169	0.000
14.510	187724.000	-213.918	0.000
14.520	187721.000	-239.743	0.000
14.530	187717.000	-287.820	0.000
14.540	187712.000	-351.474	0.000
14.550	187707.000	-396.032	0.000
14.560	187702.000	-427.222	0.000
14.570	187697.000	-449.056	0.000
14.580	187692.000	-464.339	0.000
14.590	187686.000	-505.037	0.000
14.600	187680.000	-533.526	0.000
14.610	187674.000	-553.468	0.000
14.620	187668.000	-567.428	0.000
14.630	187661.000	-607.199	0.000
14.640	187655.000	-605.040	0.000
14.650	187648.000	-633.528	0.000
14.660	187641.000	-653.469	0.000
14.670	187635.000	-637.429	0.000
14.680	187628.000	-656.200	0.000
14.690	187620.000	-699.340	0.000
14.700	187613.000	-699.538	0.000
14.710	187606.000	-699.677	0.000
14.720	187598.000	-729.774	0.000
14.730	187591.000	-720.842	0.000
14.740	187583.000	-744.589	0.000
14.750	187576.000	-731.212	0.000
14.760	187567.000	-781.849	0.000
14.770	187558.000	-817.294	0.000
14.780	187550.000	-812.106	0.000
14.790	187540.000	-868.474	0.000
14.800	187531.000	-877.932	0.000
14.810	187520.000	-944.552	0.000
14.820	187512.000	-901.187	0.000
14.830	187504.000	-870.831	0.000
14.840	187497.000	-819.581	0.000
14.850	187490.000	-783.707	0.000
14.860	187483.000	-758.595	0.000
14.870	187477.000	-711.016	0.000
14.880	187470.000	-707.712	0.000
14.890	187465.000	-645.398	0.000
14.900	187459.000	-631.779	0.000
14.910	187453.000	-622.245	0.000
14.920	187448.000	-585.572	0.000
14.930	187442.000	-589.900	0.000
14.940	187437.000	-562.930	0.000
14.950	187433.000	-514.051	0.000
14.960	187428.000	-509.836	0.000
14.970	187424.000	-476.885	0.000
14.980	187420.000	-453.820	0.000
14.990	187416.000	-437.674	0.000
15.000	187412.000	-426.372	0.000
