0.000	0.000	0.000	0.000
0.010	1.000	30.000	0.000
0.020	1.000	21.000	-1.000
0.030	1.000	14.700	-1.000
0.040	0.000	-19.710	-1.000
0.050	-1.000	-43.797	0.000
0.060	-3.000	-90.658	1.000
0.070	-5.000	-123.461	3.000
0.080	-7.000	-146.422	6.000
0.090	-10.000	-192.496	8.000
0.100	-12.000	-194.747	12.000
0.110	-15.000	-226.323	15.000
0.120	-17.000	-218.426	18.000
0.130	-20.000	-242.898	21.000
0.140	-22.000	-230.029	24.000
0.150	-24.000	-221.020	26.000
0.160	-27.000	-244.714	29.000
0.170	-29.000	-231.300	31.000
0.180	-31.000	-221.910	33.000
0.190	-33.000	-215.337	35.000
0.200	-35.000	-210.736	36.000
0.210	-37.000	-207.515	38.000
0.220	-38.000	-175.261	39.000
0.230	-40.000	-182.682	39.000
0.240	-41.000	-157.878	40.000
0.250	-43.000	-170.514	40.000
0.260	-44.000	-149.360	40.000
0.270	-45.000	-134.552	40.000
0.280	-45.000	-94.186	39.000
0.290	-46.000	-95.931	39.000
0.300	-47.000	-97.151	38.000
0.310	-47.000	-68.006	37.000
0.320	-47.000	-47.604	36.000
0.330	-48.000	-63.323	35.000
0.340	-48.000	-44.326	34.000
0.350	-48.000	-31.028	32.000
0.360	-48.000	-21.720	31.000
0.370	-48.000	-15.204	30.000
0.380	-48.000	-10.643	28.000
0.390	-48.000	-7.450	27.000
0.400	-48.000	-5.215	26.000
0.410	-47.000	26.350	25.000
0.420	-47.000	18.445	23.000
0.430	-46.000	42.911	22.000
0.440	-45.000	60.038	20.000
0.450	-45.000	42.027	19.000
0.460	-44.000	59.419	17.000
0.470	-44.000	41.593	16.000
0.480	-44.000	29.115	15.000
0.490	-43.000	50.381	14.000
0.500	-43.000	35.266	14.000
0.510	-43.000	24.686	16.000
0.520	-43.000	17.281	25.000
0.530	-43.000	12.096	39.000
0.540	-43.000	8.467	58.000
0.550	-43.000	5.927	82.000
0.560	-43.000	4.149	109.000
0.570	-43.000	2.904	141.000
0.580	-43.000	2.033	176.000
0.590	-43.000	1.423	214.000
0.600	-42.000	30.996	255.000
0.610	-41.000	51.697	298.000
0.620	-40.000	66.188	343.000
0.630	-38.000	106.332	390.000
0.640	-36.000	134.432	439.000
0.650	-33.000	184.103	489.000
0.660	-29.000	248.872	541.000
0.670	-24.000	324.210	593.000
0.680	-19.000	376.947	646.000
0.690	-13.000	443.863	700.000
0.700	-6.000	520.704	754.000
0.710	1.000	574.493	810.000
0.720	10.000	672.145	866.000
0.730	20.000	770.502	923.000
0.740	31.000	869.351	979.000
0.750	43.000	968.546	1036.000
0.760	57.000	1097.982	1093.000
0.770	73.000	1248.587	1150.000
0.780	90.000	1384.011	1206.000
0.790	108.000	1508.808	1262.000
0.800	129.000	1686.165	1317.000
0.810	152.000	1870.316	1372.000
0.820	177.000	2059.221	1426.000
0.830	204.000	2251.455	1479.000
0.840	234.000	2476.018	1531.000
0.850	265.000	2663.213	1583.000
0.860	300.000	2914.249	1633.000
0.870	337.000	3149.974	1682.000
0.880	377.000	3404.982	1730.000
0.890	418.000	3613.487	1777.000
0.900	463.000	3879.441	1823.000
0.910	511.000	4155.609	1868.000
0.920	560.000	4378.926	1912.000
0.930	614.000	4685.248	1955.000
0.940	670.000	4959.674	1997.000
0.950	730.000	5271.772	2038.000
0.960	792.000	5550.240	2078.000
0.970	859.000	5895.168	2116.000
0.980	929.000	6226.618	2152.000
0.990	1002.000	6548.632	2188.000
1.000	1078.000	6864.043	2222.000
1.010	1159.000	7234.830	2251.000
1.020	1244.000	7614.381	2273.000
1.030	1333.000	8000.067	2288.000
1.040	1426.000	8390.047	2296.000
1.050	1522.000	8753.033	2299.000
1.060	1622.000	9127.123	2296.000
1.070	1727.000	9538.986	2288.000
1.080	1836.000	9947.290	2274.000
1.090	1948.000	10323.103	2257.000
1.100	2065.000	10736.172	2235.000
1.110	2185.000	11115.321	2210.000
1.120	2311.000	11560.724	2180.000
1.130	2438.000	11902.507	2148.000
1.140	2572.000	12351.755	2112.000
1.150	2710.000	12786.228	2073.000
1.160	2850.000	13150.360	2031.000
1.170	2995.000	13555.252	1987.000
1.180	3143.000	13928.676	1941.000
1.190	3295.000	14310.073	1893.000
1.200	3451.000	14697.051	1843.000
1.210	3610.000	15057.936	1791.000
1.220	3773.000	15430.555	1738.000
1.230	3936.000	15691.389	1684.000
1.240	4105.000	16053.972	1630.000
1.250	4276.000	16367.780	1575.000
1.260	4452.000	16737.446	1519.000
1.270	4631.000	17086.212	1462.000
1.280	4808.000	17270.349	1405.000
1.290	4990.000	17549.244	1350.000
1.300	5174.000	17804.471	1294.000
1.310	5359.000	18013.130	1239.000
1.320	5546.000	18219.191	1185.000
1.330	5737.000	18483.434	1132.000
1.340	5924.000	18548.403	1080.000
1.350	6116.000	18743.882	1030.000
1.360	6309.000	18910.718	981.000
1.370	6501.000	18997.502	934.000
1.380	6694.000	19088.252	889.000
1.390	6889.000	19211.776	846.000
1.400	7085.000	19328.243	804.000
1.410	7282.000	19439.770	763.000
1.420	7478.000	19487.839	724.000
1.430	7677.000	19611.487	686.000
1.440	7879.000	19788.041	647.000
1.450	8077.000	19791.629	610.000
1.460	8276.000	19824.140	575.000
1.470	8478.000	19936.898	542.000
1.480	8678.000	19955.829	509.000
1.490	8879.000	19999.080	477.000
1.500	9080.000	20029.356	447.000
1.510	9286.000	20200.549	417.000
1.520	9486.000	20140.384	387.000
1.530	9684.000	20038.269	361.000
1.540	9887.000	20116.788	337.000
1.550	10089.000	20141.752	312.000
1.560	10287.000	20039.226	290.000
1.570	10487.000	20027.458	270.000
1.580	10688.000	20049.221	250.000
1.590	10883.000	19884.455	233.000
1.600	11080.000	19829.118	218.000
1.610	11279.000	19850.383	204.000
1.620	11471.000	19655.268	191.000
1.630	11665.000	19578.688	182.000
1.640	11861.000	19585.081	172.000
1.650	12051.000	19409.557	165.000
1.660	12243.000	19346.690	159.000
1.670	12433.000	19242.683	154.000
1.680	12622.000	19139.878	151.000
1.690	12810.000	19037.915	149.000
1.700	12999.000	18996.540	148.000
1.710	13186.000	18907.578	147.000
1.720	13375.000	18905.305	145.000
1.730	13560.000	18783.713	145.000
1.740	13745.000	18698.599	145.000
1.750	13930.000	18639.020	146.000
1.760	14115.000	18597.314	146.000
1.770	14299.000	18538.120	147.000
1.780	14484.000	18526.684	147.000
1.790	14666.000	18428.679	148.000
1.800	14849.000	18390.075	149.000
1.810	15031.000	18333.053	149.000
1.820	15213.000	18293.137	150.000
1.830	15394.000	18235.196	151.000
1.840	15574.000	18164.637	152.000
1.850	15753.000	18085.246	154.000
1.860	15935.000	18119.672	155.000
1.870	16113.000	18023.770	156.000
1.880	16290.000	17926.639	158.000
1.890	16467.000	17858.648	161.000
1.900	16643.000	17781.053	164.000
1.910	16817.000	17666.737	167.000
1.920	16995.000	17706.716	171.000
1.930	17166.000	17524.701	175.000
1.940	17340.000	17487.291	180.000
1.950	17509.000	17311.104	186.000
1.960	17680.000	17247.773	193.000
1.970	17851.000	17203.441	200.000
1.980	18021.000	17142.409	207.000
1.990	18191.000	17099.686	213.000
2.000	18361.000	17069.780	219.000
2.010	18530.000	17018.846	225.000
2.020	18699.000	16983.192	231.000
2.030	18866.000	16898.235	236.000
2.040	19034.000	16868.764	242.000
2.050	19201.000	16818.135	248.000
2.060	19369.000	16812.694	253.000
2.070	19536.000	16778.886	257.000
2.080	19703.000	16755.220	262.000
2.090	19870.000	16738.654	266.000
2.100	20035.000	16667.058	269.000
2.110	20201.000	16646.941	274.000
2.120	20368.000	16662.858	277.000
2.130	20533.000	16614.001	280.000
2.140	20698.000	16579.801	283.000
2.150	20863.000	16555.860	286.000
2.160	21027.000	16509.102	289.000
2.170	21192.000	16506.372	292.000
2.180	21355.000	16444.460	295.000
2.190	21520.000	16461.122	298.000
2.200	21681.000	16352.785	301.000
2.210	21842.000	16276.950	305.000
2.220	22003.000	16223.865	310.000
2.230	22163.000	16156.705	316.000
2.240	22323.000	16109.694	322.000
2.250	22483.000	16076.786	327.000
2.260	22639.000	15933.750	334.000
2.270	22796.000	15863.625	342.000
2.280	22953.000	15814.537	350.000
2.290	23108.000	15720.176	359.000
2.300	23264.000	15684.123	368.000
2.310	23421.000	15688.886	377.000
2.320	23576.000	15632.220	385.000
2.330	23732.000	15622.554	392.000
2.340	23888.000	15615.788	399.000
2.350	24043.000	15581.052	406.000
2.360	24199.000	15586.736	412.000
2.370	24354.000	15560.715	418.000
2.380	24510.000	15572.501	424.000
2.390	24667.000	15610.750	428.000
2.400	24823.000	15607.525	431.000
2.410	24979.000	15605.268	435.000
2.420	25135.000	15603.687	437.000
2.430	25292.000	15632.581	440.000
2.440	25449.000	15652.807	441.000
2.450	25606.000	15666.965	442.000
2.460	25762.000	15646.875	443.000
2.470	25919.000	15662.813	444.000
2.480	26075.000	15643.969	445.000
2.490	26233.000	15690.778	445.000
2.500	26389.000	15663.545	445.000
2.510	26545.000	15644.481	446.000
2.520	26701.000	15631.137	447.000
2.530	26856.000	15591.796	448.000
2.540	27012.000	15594.257	449.000
2.550	27167.000	15565.980	451.000
2.560	27321.000	15516.186	453.000
2.570	27475.000	15481.330	456.000
2.580	27628.000	15426.931	459.000
2.590	27783.000	15448.852	463.000
2.600	27935.000	15374.196	466.000
2.610	28088.000	15351.937	470.000
2.620	28240.000	15306.356	475.000
2.630	28392.000	15274.449	480.000
2.640	28544.000	15252.115	485.000
2.650	28698.000	15296.480	490.000
2.660	28851.000	15297.536	493.000
2.670	29003.000	15268.275	497.000
2.680	29156.000	15277.793	500.000
2.690	29310.000	15314.455	503.000
2.700	29463.000	15310.118	505.000
2.710	29616.000	15307.083	507.000
2.720	29769.000	15304.958	510.000
2.730	29925.000	15393.471	511.000
2.740	30077.000	15335.429	511.000
2.750	30232.000	15384.801	512.000
2.760	30386.000	15389.360	513.000
2.770	30542.000	15452.552	512.000
2.780	30697.000	15466.787	511.000
2.790	30854.000	15536.751	510.000
2.800	31010.000	15555.725	507.000
2.810	31167.000	15599.008	504.000
2.820	31324.000	15629.305	501.000
2.830	31482.000	15680.514	498.000
2.840	31639.000	15686.360	494.000
2.850	31794.000	15630.452	491.000
2.860	31953.000	15711.316	488.000
2.870	32110.000	15707.921	484.000
2.880	32268.000	15735.545	481.000
2.890	32427.000	15784.881	477.000
2.900	32582.000	15699.417	474.000
2.910	32738.000	15669.592	473.000
2.920	32897.000	15738.714	471.000
2.930	33051.000	15637.100	469.000
2.940	33208.000	15655.970	469.000
2.950	33364.000	15639.179	468.000
2.960	33521.000	15657.425	468.000
2.970	33677.000	15640.198	468.000
2.980	33836.000	15718.138	467.000
2.990	33992.000	15682.697	465.000
3.000	34150.000	15717.888	464.000
3.010	34307.000	15712.521	463.000
3.020	34465.000	15738.765	461.000
3.030	34624.000	15787.136	459.000
3.040	34784.000	15850.995	456.000
3.050	34942.000	15835.696	452.000
3.060	35103.000	15914.987	449.000
3.070	35263.000	15940.491	444.000
3.080	35423.000	15958.344	440.000
3.090	35585.000	16030.841	435.000
3.100	35746.000	16051.588	429.000
3.110	35909.000	16126.112	423.000
3.120	36067.000	16028.278	418.000
3.130	36228.000	16049.795	413.000
3.140	36390.000	16094.856	409.000
3.150	36551.000	16096.399	404.000
3.160	36711.000	16067.480	400.000
3.170	36872.000	16077.236	396.000
3.180	37032.000	16054.065	393.000
3.190	37194.000	16097.846	390.000
3.200	37352.000	16008.492	387.000
3.210	37512.000	16005.944	386.000
3.220	37671.000	15974.161	384.000
3.230	37828.000	15891.913	384.000
3.240	37985.000	15834.339	385.000
3.250	38143.000	15824.037	387.000
3.260	38299.000	15756.826	389.000
3.270	38456.000	15739.778	392.000
3.280	38611.000	15667.845	395.000
3.290	38766.000	15617.491	399.000
3.300	38922.000	15612.244	404.000
3.310	39077.000	15578.571	408.000
3.320	39230.000	15495.000	413.000
3.330	39385.000	15496.500	418.000
3.340	39539.000	15467.550	423.000
3.350	39694.000	15477.285	427.000
3.360	39847.000	15424.099	432.000
3.370	40002.000	15446.870	436.000
3.380	40156.000	15432.809	440.000
3.390	40312.000	15482.966	443.000
3.400	40464.000	15398.076	447.000
3.410	40618.000	15398.653	450.000
3.420	40773.000	15429.057	454.000
3.430	40927.000	15420.340	456.000
3.440	41081.000	15414.238	459.000
3.450	41236.000	15439.967	461.000
3.460	41391.000	15457.977	462.000
3.470	41545.000	15440.584	464.000
3.480	41701.000	15488.409	465.000
3.490	41856.000	15491.886	465.000
3.500	42011.000	15494.320	466.000
3.510	42166.000	15496.024	466.000
3.520	42321.000	15497.217	466.000
3.530	42476.000	15498.052	466.000
3.540	42631.000	15498.636	467.000
3.550	42785.000	15469.045	467.000
3.560	42939.000	15448.332	468.000
3.570	43094.000	15463.832	469.000
3.580	43248.000	15444.683	470.000
3.590	43401.000	15401.278	472.000
3.600	43555.000	15400.894	473.000
3.610	43709.000	15400.626	475.000
3.620	43860.000	15310.438	478.000
3.630	44011.000	15247.307	482.000
3.640	44167.000	15353.115	485.000
3.650	44317.000	15247.180	488.000
3.660	44469.000	15233.026	491.000
3.670	44621.000	15223.118	495.000
3.680	44773.000	15216.183	499.000
3.690	44926.000	15241.328	502.000
3.700	45079.000	15258.930	505.000
3.710	45231.000	15241.251	507.000
3.720	45385.000	15288.876	509.000
3.730	45538.000	15292.213	511.000
3.740	45692.000	15324.549	512.000
3.750	45845.000	15317.184	512.000
3.760	45999.000	15342.029	513.000
3.770	46154.000	15389.420	513.000
3.780	46309.000	15422.594	512.000
3.790	46462.000	15385.816	511.000
3.800	46618.000	15450.071	510.000
3.810	46774.000	15495.050	509.000
3.820	46930.000	15526.535	506.000
3.830	47086.000	15548.574	504.000
3.840	47244.000	15624.002	500.000
3.850	47399.000	15586.801	497.000
3.860	47556.000	15620.761	494.000
3.870	47713.000	15644.533	491.000
3.880	47871.000	15691.173	488.000
3.890	48031.000	15783.821	483.000
3.900	48187.000	15728.675	478.000
3.910	48344.000	15720.072	475.000
3.920	48503.000	15774.051	471.000
3.930	48657.000	15661.835	469.000
3.940	48814.000	15673.285	467.000
3.950	48971.000	15681.299	466.000
3.960	49126.000	15626.910	465.000
3.970	49281.000	15588.837	465.000
3.980	49435.000	15532.186	466.000
3.990	49591.000	15552.530	467.000
4.000	49748.000	15596.771	468.000
4.010	49900.000	15477.740	469.000
4.020	50055.000	15484.418	471.000
4.030	50210.000	15489.092	473.000
4.040	50366.000	15522.365	475.000
4.050	50520.000	15485.655	476.000
4.060	50676.000	15519.959	477.000
4.070	50832.000	15543.971	478.000
4.080	50988.000	15560.780	478.000
4.090	51146.000	15632.546	477.000
4.100	51303.000	15652.782	475.000
4.110	51461.000	15696.947	473.000
4.120	51619.000	15727.863	471.000
4.130	51777.000	15749.504	468.000
4.140	51936.000	15794.653	464.000
4.150	52095.000	15826.257	461.000
4.160	52254.000	15848.380	457.000
4.170	52414.000	15893.866	452.000
4.180	52573.000	15895.706	448.000
4.190	52733.000	15926.994	443.000
4.200	52893.000	15948.896	439.000
4.210	53053.000	15964.227	434.000
4.220	53212.000	15944.959	430.000
4.230	53372.000	15961.471	426.000
4.240	53531.000	15943.030	423.000
4.250	53689.000	15900.121	420.000
4.260	53848.000	15900.085	418.000
4.270	54005.000	15840.059	417.000
4.280	54163.000	15828.041	416.000
4.290	54318.000	15729.629	416.000
4.300	54475.000	15720.740	418.000
4.310	54631.000	15684.518	420.000
4.320	54787.000	15659.163	422.000
4.330	54942.000	15611.414	424.000
4.340	55098.000	15607.990	427.000
4.350	55252.000	15545.593	430.000
4.360	55407.000	15531.915	434.000
4.370	55564.000	15582.340	437.000
4.380	55718.000	15527.638	439.000
4.390	55874.000	15549.347	442.000
4.400	56027.000	15474.543	445.000
4.410	56182.000	15482.180	448.000
4.420	56337.000	15487.526	451.000
4.430	56493.000	15521.268	453.000
4.440	56647.000	15484.888	455.000
4.450	56803.000	15519.421	457.000
4.460	56958.000	15513.595	459.000
4.470	57114.000	15539.516	460.000
4.480	57270.000	15557.662	460.000
4.490	57426.000	15570.363	460.000
4.500	57582.000	15579.254	460.000
4.510	57738.000	15585.478	460.000
4.520	57894.000	15589.835	460.000
4.530	58051.000	15622.884	459.000
4.540	58209.000	15676.019	458.000
4.550	58362.000	15563.213	457.000
4.560	58519.000	15604.249	457.000
4.570	58675.000	15602.974	457.000
4.580	58831.000	15602.082	457.000
4.590	58986.000	15571.458	457.000
4.600	59142.000	15580.020	457.000
4.610	59296.000	15526.014	458.000
4.620	59450.000	15488.210	459.000
4.630	59604.000	15461.747	461.000
4.640	59759.000	15473.223	463.000
4.650	59913.000	15451.256	465.000
4.660	60066.000	15405.879	468.000
4.670	60220.000	15404.115	470.000
4.680	60374.000	15402.881	473.000
4.690	60528.000	15402.017	475.000
4.700	60683.000	15431.412	477.000
4.710	60838.000	15451.988	478.000
4.720	60993.000	15466.392	479.000
4.730	61150.000	15536.474	479.000
4.740	61304.000	15495.532	479.000
4.750	61459.000	15496.872	479.000
4.760	61615.000	15527.811	479.000
4.770	61771.000	15549.467	478.000
4.780	61928.000	15594.627	477.000
4.790	62084.000	15596.239	475.000
4.800	62242.000	15657.367	473.000
4.810	62399.000	15670.157	471.000
4.820	62556.000	15679.110	468.000
4.830	62714.000	15715.377	465.000
4.840	62871.000	15710.764	462.000
4.850	63029.000	15737.535	460.000
4.860	63186.000	15726.274	457.000
4.870	63344.000	15748.392	454.000
4.880	63501.000	15733.874	452.000
4.890	63659.000	15753.712	450.000
4.900	63816.000	15737.598	448.000
4.910	63974.000	15756.319	446.000
4.920	64130.000	15709.423	444.000
4.930	64287.000	15706.596	443.000
4.940	64444.000	15704.617	442.000
4.950	64600.000	15673.232	442.000
4.960	64755.000	15621.263	442.000
4.970	64910.000	15584.884	444.000
4.980	65065.000	15559.419	445.000
4.990	65220.000	15541.593	447.000
5.000	65375.000	15529.115	450.000
5.010	65529.000	15490.381	454.000
5.020	65682.000	15433.266	464.000
5.030	65837.000	15453.286	477.000
5.040	65992.000	15467.301	494.000
5.050	66146.000	15447.110	513.000
5.060	66301.000	15462.977	534.000
5.070	66457.000	15504.084	557.000
5.080	66611.000	15472.859	582.000
5.090	66767.000	15511.001	608.000
5.100	66922.000	15507.701	634.000
5.110	67079.000	15565.391	661.000
5.120	67237.000	15635.773	687.000
5.130	67395.000	15685.041	712.000
5.140	67554.000	15749.529	735.000
5.150	67715.000	15854.670	757.000
5.160	67874.000	15868.269	777.000
5.170	68036.000	15967.788	795.000
5.180	68198.000	16037.452	811.000
5.190	68362.000	16146.216	824.000
5.200	68527.000	16252.351	833.000
5.210	68692.000	16326.646	840.000
5.220	68858.000	16408.652	844.000
5.230	69025.000	16496.057	844.000
5.240	69193.000	16587.240	841.000
5.250	69362.000	16681.068	835.000
5.260	69532.000	16776.747	826.000
5.270	69701.000	16813.723	813.000
5.280	69871.000	16869.606	798.000
5.290	70043.000	16968.724	780.000
5.300	70214.000	17008.107	758.000
5.310	70386.000	17065.675	734.000
5.320	70558.000	17105.972	707.000
5.330	70731.000	17164.181	678.000
5.340	70904.000	17204.927	646.000
5.350	71077.000	17233.449	613.000
5.360	71251.000	17283.414	577.000
5.370	71425.000	17318.390	539.000
5.380	71600.000	17372.873	499.000
5.390	71775.000	17411.011	458.000
5.400	71950.000	17437.708	415.000
5.410	72124.000	17426.395	371.000
5.420	72299.000	17448.477	327.000
5.430	72474.000	17463.934	283.000
5.440	72648.000	17444.754	239.000
5.450	72822.000	17431.328	195.000
5.460	72995.000	17391.929	152.000
5.470	73167.000	17334.350	111.000
5.480	73339.000	17294.045	71.000
5.490	73510.000	17235.832	33.000
5.500	73681.000	17195.082	-3.000
5.510	73853.000	17196.558	-37.000
5.520	74020.000	17047.590	-69.000
5.530	74187.000	16943.313	-96.000
5.540	74354.000	16870.319	-121.000
5.550	74519.000	16759.223	-142.000
5.560	74683.000	16651.456	-160.000
5.570	74844.000	16486.019	-173.000
5.580	75004.000	16340.214	-181.000
5.590	75162.000	16178.150	-185.000
5.600	75319.000	16034.705	-184.000
5.610	75472.000	15814.293	-179.000
5.620	75627.000	15720.005	-169.000
5.630	75775.000	15444.004	-153.000
5.640	75923.000	15250.803	-133.000
5.650	76069.000	15055.562	-107.000
5.660	76214.000	14888.893	-77.000
5.670	76357.000	14712.225	-43.000
5.680	76499.000	14558.558	-6.000
5.690	76639.000	14390.990	35.000
5.700	76778.000	14243.693	79.000
5.710	76918.000	14170.585	126.000
5.720	77056.000	14059.410	174.000
5.730	77194.000	13981.587	224.000
5.740	77331.000	13897.111	275.000
5.750	77469.000	13867.978	327.000
5.760	77607.000	13847.584	379.000
5.770	77742.000	13743.309	432.000
5.780	77880.000	13760.316	484.000
5.790	78017.000	13742.221	536.000
5.800	78155.000	13759.555	587.000
5.810	78293.000	13771.688	637.000
5.820	78432.000	13810.182	685.000
5.830	78572.000	13867.127	731.000
5.840	78714.000	13966.989	774.000
5.850	78855.000	14006.892	814.000
5.860	78998.000	14094.825	852.000
5.870	79141.000	14156.377	887.000
5.880	79285.000	14229.464	918.000
5.890	79430.000	14310.625	947.000
5.900	79577.000	14427.437	972.000
5.910	79725.000	14539.206	994.000
5.920	79875.000	14677.444	1010.000
5.930	80027.000	14834.211	1023.000
5.940	80178.000	14913.948	1031.000
5.950	80330.000	14999.763	1036.000
5.960	80483.000	15089.834	1037.000
5.970	80638.000	15212.884	1035.000
5.980	80795.000	15359.019	1028.000
5.990	80948.000	15341.313	1019.000
6.000	81108.000	15538.919	1005.000
6.010	81265.000	15587.243	988.000
6.020	81424.000	15681.070	968.000
6.030	81585.000	15806.749	944.000
6.040	81748.000	15954.725	916.000
6.050	81913.000	16118.307	884.000
6.060	82074.000	16112.815	849.000
6.070	82239.000	16228.971	813.000
6.080	82405.000	16340.279	773.000
6.090	82572.000	16448.196	731.000
6.100	82740.000	16553.737	687.000
6.110	82908.000	16627.616	640.000
6.120	83080.000	16799.331	591.000
6.130	83246.000	16739.532	542.000
6.140	83417.000	16847.672	493.000
6.150	83589.000	16953.371	442.000
6.160	83760.000	16997.359	391.000
6.170	83930.000	16998.152	341.000
6.180	84101.000	17028.706	291.000
6.190	84274.000	17110.094	243.000
6.200	84443.000	17047.066	195.000
6.210	84614.000	17062.946	150.000
6.220	84784.000	17044.062	107.000
6.230	84956.000	17090.844	66.000
6.240	85123.000	16973.591	28.000
6.250	85289.000	16861.513	-5.000
6.260	85456.000	16813.059	-35.000
6.270	85621.000	16719.142	-61.000
6.280	85785.000	16623.399	-82.000
6.290	85948.000	16526.379	-100.000
6.300	86108.000	16368.466	-112.000
6.310	86268.000	16257.926	-120.000
6.320	86425.000	16090.548	-123.000
6.330	86581.000	15943.384	-121.000
6.340	86737.000	15840.369	-114.000
6.350	86890.000	15678.258	-103.000
6.360	87042.000	15534.781	-88.000
6.370	87193.000	15404.346	-68.000
6.380	87343.000	15283.042	-44.000
6.390	87492.000	15168.130	-17.000
6.400	87641.000	15087.691	13.000
6.410	87788.000	14971.384	47.000
6.420	87935.000	14889.969	83.000
6.430	88081.000	14802.978	121.000
6.440	88227.000	14742.085	162.000
6.450	88375.000	14759.459	203.000
6.460	88516.000	14561.621	247.000
6.470	88661.000	14543.135	293.000
6.480	88805.000	14500.195	339.000
6.490	88951.000	14530.136	385.000
6.500	89092.000	14401.095	432.000
6.510	89236.000	14400.767	480.000
6.520	89381.000	14430.537	526.000
6.530	89525.000	14421.376	572.000
6.540	89670.000	14444.963	616.000
6.550	89813.000	14401.474	659.000
6.560	89958.000	14431.032	702.000
6.570	90102.000	14421.722	742.000
6.580	90247.000	14445.206	780.000
6.590	90394.000	14521.644	816.000
6.600	90539.000	14515.151	849.000
6.610	90687.000	14600.606	879.000
6.620	90834.000	14630.424	906.000
6.630	90982.000	14681.297	930.000
6.640	91130.000	14716.908	951.000
6.650	91281.000	14831.835	967.000
6.660	91431.000	14882.285	980.000
6.670	91581.000	14917.599	990.000
6.680	91735.000	15062.320	995.000
6.690	91886.000	15073.624	997.000
6.700	92039.000	15141.537	995.000
6.710	92194.000	15249.076	990.000
6.720	92350.000	15354.353	980.000
6.730	92507.000	15458.047	966.000
6.740	92665.000	15560.633	947.000
6.750	92824.000	15662.443	925.000
6.760	92987.000	15853.710	899.000
6.770	93146.000	15867.597	869.000
6.780	93309.000	15997.318	836.000
6.790	93472.000	16088.123	801.000
6.800	93635.000	16151.686	763.000
6.810	93800.000	16256.180	722.000
6.820	93967.000	16389.326	679.000
6.830	94131.000	16392.528	635.000
6.840	94298.000	16484.770	589.000
6.850	94465.000	16549.339	542.000
6.860	94633.000	16624.537	495.000
6.870	94802.000	16707.176	446.000
6.880	94970.000	16735.023	397.000
6.890	95137.000	16724.516	350.000
6.900	95305.000	16747.161	303.000
6.910	95473.000	16763.013	258.000
6.920	95641.000	16774.109	214.000
6.930	95808.000	16751.876	172.000
6.940	95974.000	16706.313	133.000
6.950	96139.000	16644.419	97.000
6.960	96304.000	16601.094	63.000
6.970	96467.000	16510.766	34.000
6.980	96630.000	16447.536	8.000
6.990	96792.000	16373.275	-14.000
7.000	96951.000	16231.293	-32.000
7.010	97112.000	16191.905	-46.000
7.020	97268.000	16014.333	-55.000
7.030	97425.000	15920.033	-60.000
7.040	97582.000	15854.023	-60.000
7.050	97735.000	15687.816	-57.000
7.060	97890.000	15631.471	-49.000
7.070	98044.000	15562.030	-38.000
7.080	98194.000	15393.421	-23.000
7.090	98345.000	15305.395	-4.000
7.100	98494.000	15183.776	19.000
7.110	98643.000	15098.643	46.000
7.120	98791.000	15009.050	76.000
7.130	98938.000	14916.335	108.000
7.140	99085.000	14851.435	144.000
7.150	99231.000	14776.004	181.000
7.160	99376.000	14693.203	221.000
7.170	99522.000	14665.242	263.000
7.180	99668.000	14645.669	305.000
7.190	99810.000	14511.969	349.000
7.200	99954.000	14478.378	395.000
7.210	100099.000	14484.865	441.000
7.220	100243.000	14459.405	486.000
7.230	100388.000	14471.584	532.000
7.240	100536.000	14570.109	575.000
7.250	100680.000	14519.076	617.000
7.260	100826.000	14543.353	659.000
7.270	100972.000	14560.347	699.000
7.280	101120.000	14632.243	737.000
7.290	101268.000	14682.570	773.000
7.300	101416.000	14717.799	806.000
7.310	101565.000	14772.459	836.000
7.320	101714.000	14810.722	864.000
7.330	101864.000	14867.505	890.000
7.340	102014.000	14907.254	912.000
7.350	102165.000	14965.077	931.000
7.360	102316.000	15005.554	948.000
7.370	102469.000	15093.888	960.000
7.380	102621.000	15125.722	970.000
7.390	102775.000	15208.005	976.000
7.400	102931.000	15325.604	977.000
7.410	103084.000	15317.923	976.000
7.420	103241.000	15432.546	970.000
7.430	103398.000	15512.782	961.000
7.440	103557.000	15628.947	948.000
7.450	103718.000	15770.263	930.000
7.460	103878.000	15839.184	909.000
7.470	104041.000	15977.429	883.000
7.480	104205.000	16104.200	854.000
7.490	104369.000	16192.940	821.000
7.500	104536.000	16345.058	785.000
7.510	104702.000	16421.541	745.000
7.520	104869.000	16505.078	704.000
7.530	105037.000	16593.555	660.000
7.540	105206.000	16685.488	615.000
7.550	105374.000	16719.842	568.000
7.560	105543.000	16773.889	521.000
7.570	105713.000	16841.723	473.000
7.580	105883.000	16889.206	424.000
7.590	106053.000	16922.444	375.000
7.600	106223.000	16945.711	327.000
7.610	106391.000	16901.998	280.000
7.620	106559.000	16871.398	236.000
7.630	106727.000	16849.979	193.000
7.640	106896.000	16864.985	152.000
7.650	107059.000	16695.490	114.000
7.660	107224.000	16636.843	80.000
7.670	107387.000	16535.790	50.000
7.680	107549.000	16435.053	23.000
7.690	107710.000	16334.537	0.000
7.700	107869.000	16204.176	-19.000
7.710	108027.000	16082.923	-34.000
7.720	108184.000	15968.046	-44.000
7.730	108338.000	15797.632	-50.000
7.740	108492.000	15678.343	-52.000
7.750	108644.000	15534.840	-49.000
7.760	108795.000	15404.388	-41.000
7.770	108945.000	15283.072	-30.000
7.780	109094.000	15168.150	-15.000
7.790	109243.000	15087.705	4.000
7.800	109391.000	15001.394	25.000
7.810	109537.000	14880.975	50.000
7.820	109683.000	14796.683	79.000
7.830	109827.000	14677.678	110.000
7.840	109972.000	14624.375	144.000
7.850	110115.000	14527.062	181.000
7.860	110259.000	14488.944	220.000
7.870	110401.000	14402.260	260.000
7.880	110543.000	14341.582	303.000
7.890	110686.000	14329.108	347.000
7.900	110828.000	14290.375	391.000
7.910	110971.000	14293.263	436.000
7.920	111114.000	14295.284	481.000
7.930	111256.000	14266.699	526.000
7.940	111398.000	14246.689	571.000
7.950	111543.000	14322.682	616.000
7.960	111686.000	14315.878	658.000
7.970	111831.000	14371.114	700.000
7.980	111976.000	14409.780	740.000
7.990	112122.000	14466.846	777.000
8.000	112267.000	14476.792	813.000
8.010	112414.000	14543.755	847.000
8.020	112561.000	14590.628	879.000
8.030	112707.000	14593.440	908.000
8.040	112856.000	14685.408	935.000
8.050	113005.000	14749.785	958.000
8.060	113156.000	14854.850	978.000
8.070	113306.000	14898.395	994.000
8.080	113458.000	14988.876	1007.000
8.090	113614.000	15172.213	1015.000
8.100	113769.000	15270.549	1018.000
8.110	113925.000	15369.385	1018.000
8.120	114084.000	15528.569	1013.000
8.130	114244.000	15669.998	1003.000
8.140	114405.000	15798.999	989.000
8.150	114568.000	15949.299	970.000
8.160	114733.000	16114.509	947.000
8.170	114899.000	16260.157	920.000
8.180	115066.000	16392.110	889.000
8.190	115235.000	16544.477	854.000
8.200	115406.000	16711.134	815.000
8.210	115579.000	16887.794	772.000
8.220	115752.000	17011.456	727.000
8.230	115922.000	17008.019	679.000
8.240	116096.000	17125.613	631.000
8.250	116270.000	17207.929	581.000
8.260	116444.000	17265.550	530.000
8.270	116619.000	17335.885	478.000
8.280	116794.000	17385.120	426.000
8.290	116971.000	17479.584	373.000
8.300	117143.000	17395.709	321.000
8.310	117317.000	17396.996	270.000
8.320	117490.000	17367.897	222.000
8.330	117662.000	17317.528	175.000
8.340	117833.000	17252.270	131.000
8.350	118003.000	17176.589	90.000
8.360	118174.000	17153.612	51.000
8.370	118340.000	16987.528	15.000
8.380	118507.000	16901.270	-16.000
8.390	118672.000	16780.889	-44.000
8.400	118835.000	16636.622	-67.000
8.410	118998.000	16535.636	-87.000
8.420	119159.000	16404.945	-102.000
8.430	119319.000	16283.461	-114.000
8.440	119479.000	16198.423	-122.000
8.450	119635.000	16018.896	-125.000
8.460	119791.000	15893.227	-124.000
8.470	119946.000	15775.259	-119.000
8.480	120099.000	15632.681	-110.000
8.490	120251.000	15502.877	-97.000
8.500	120403.000	15412.014	-80.000
8.510	120552.000	15258.410	-59.000
8.520	120701.000	15150.887	-35.000
8.530	120849.000	15045.621	-7.000
8.540	120996.000	14941.935	24.000
8.550	121142.000	14839.354	58.000
8.560	121287.000	14737.548	94.000
8.570	121431.000	14636.284	134.000
8.580	121575.000	14565.398	175.000
8.590	121718.000	14485.779	219.000
8.600	121862.000	14460.045	263.000
8.610	122002.000	14322.032	310.000
8.620	122144.000	14285.422	358.000
8.630	122285.000	14229.796	407.000
8.640	122426.000	14190.857	456.000
8.650	122568.000	14193.600	505.000
8.660	122708.000	14135.520	553.000
8.670	122848.000	14094.864	602.000
8.680	122988.000	14066.405	650.000
8.690	123130.000	14106.483	696.000
8.700	123271.000	14104.538	741.000
8.710	123413.000	14133.177	784.000
8.720	123553.000	14093.224	825.000
8.730	123694.000	14095.257	865.000
8.740	123837.000	14156.680	902.000
8.750	123983.000	14289.676	934.000
8.760	124125.000	14262.773	964.000
8.770	124270.000	14333.941	991.000
8.780	124417.000	14443.759	1013.000
8.790	124565.000	14550.631	1031.000
8.800	124721.000	14865.442	1043.000
8.810	124866.000	14755.809	1050.000
8.820	125018.000	14889.066	1056.000
8.830	125171.000	15012.347	1056.000
8.840	125326.000	15158.643	1052.000
8.850	125482.000	15291.050	1043.000
8.860	125640.000	15443.735	1029.000
8.870	125799.000	15580.614	1011.000
8.880	125959.000	15706.430	989.000
8.890	126121.000	15854.501	963.000
8.900	126284.000	15988.151	932.000
8.910	126448.000	16111.706	899.000
8.920	126614.000	16258.194	861.000
8.930	126780.000	16360.736	821.000
8.940	126948.000	16492.515	778.000
8.950	127116.000	16584.760	733.000
8.960	127286.000	16709.332	685.000
8.970	127457.000	16826.533	635.000
8.980	127627.000	16878.573	585.000
8.990	127798.000	16945.001	533.000
9.000	127970.000	17021.501	481.000
9.010	128141.000	17045.050	429.000
9.020	128312.000	17061.535	378.000
9.030	128482.000	17043.075	328.000
9.040	128653.000	17060.152	279.000
9.050	128821.000	16982.107	233.000
9.060	128990.000	16957.475	189.000
9.070	129160.000	16970.232	147.000
9.080	129324.000	16799.163	108.000
9.090	129491.000	16769.414	74.000
9.100	129654.000	16628.590	42.000
9.110	129817.000	16530.013	15.000
9.120	129983.000	16551.009	-9.000
9.130	130143.000	16385.706	-30.000
9.140	130307.000	16389.994	-47.000
9.150	130463.000	16152.996	-61.000
9.160	130622.000	16077.097	-68.000
9.170	130781.000	16023.968	-73.000
9.180	130937.000	15896.778	-74.000
9.190	131095.000	15867.744	-72.000
9.200	131250.000	15757.421	-66.000
9.210	131404.000	15650.195	-56.000
9.220	131558.000	15575.136	-42.000
9.230	131712.000	15522.595	-26.000
9.240	131863.000	15395.817	-5.000
9.250	132015.000	15337.072	18.000
9.260	132165.000	15235.950	45.000
9.270	132315.000	15165.165	75.000
9.280	132464.000	15085.616	108.000
9.290	132613.000	15029.931	143.000
9.300	132760.000	14930.952	180.000
9.310	132910.000	14951.666	219.000
9.320	133054.000	14786.166	260.000
9.330	133200.000	14730.316	303.000
9.340	133346.000	14691.221	348.000
9.350	133490.000	14603.855	393.000
9.360	133635.000	14572.699	440.000
9.370	133778.000	14490.889	487.000
9.380	133922.000	14463.622	534.000
9.390	134065.000	14414.536	581.000
9.400	134209.000	14410.175	627.000
9.410	134352.000	14377.122	672.000
9.420	134495.000	14353.986	716.000
9.430	134639.000	14367.790	759.000
9.440	134783.000	14377.453	799.000
9.450	134928.000	14414.217	836.000
9.460	135073.000	14439.952	871.000
9.470	135219.000	14487.966	903.000
9.480	135366.000	14551.576	931.000
9.490	135514.000	14626.104	955.000
9.500	135664.000	14738.272	975.000
9.510	135815.000	14846.791	991.000
9.520	135967.000	14952.754	1002.000
9.530	136119.000	15026.927	1009.000
9.540	136273.000	15138.849	1011.000
9.550	136430.000	15307.194	1009.000
9.560	136587.000	15425.036	1002.000
9.570	136746.000	15567.525	991.000
9.580	136905.000	15667.268	975.000
9.590	137066.000	15797.087	955.000
9.600	137229.000	15947.961	931.000
9.610	137392.000	16053.573	903.000
9.620	137557.000	16187.501	872.000
9.630	137723.000	16311.251	837.000
9.640	137891.000	16457.875	798.000
9.650	138059.000	16560.513	756.000
9.660	138227.000	16632.359	713.000
9.670	138396.000	16712.651	667.000
9.680	138566.000	16798.856	620.000
9.690	138737.000	16889.199	572.000
9.700	138907.000	16922.439	522.000
9.710	139077.000	16945.708	473.000
9.720	139246.000	16931.995	424.000
9.730	139416.000	16952.397	376.000
9.740	139585.000	16936.678	328.000
9.750	139753.000	16895.674	283.000
9.760	139920.000	16836.972	239.000
9.770	140087.000	16795.880	198.000
9.780	140253.000	16737.116	159.000
9.790	140419.000	16695.981	122.000
9.800	140584.000	16637.187	88.000
9.810	140747.000	16536.031	57.000
9.820	140911.000	16495.222	29.000
9.830	141073.000	16406.655	5.000
9.840	141236.000	16374.659	-17.000
9.850	141400.000	16382.261	-37.000
9.860	141557.000	16177.583	-52.000
9.870	141716.000	16094.308	-63.000
9.880	141877.000	16096.016	-70.000
9.890	142033.000	15947.211	-74.000
9.900	142190.000	15873.048	-74.000
9.910	142345.000	15761.133	-70.000
9.920	142500.000	15682.793	-62.000
9.930	142654.000	15597.955	-51.000
9.940	142806.000	15478.569	-35.000
9.950	142958.000	15394.998	-16.000
9.960	143108.000	15276.499	7.000
9.970	143257.000	15163.549	34.000
9.980	143404.000	15024.484	64.000
9.990	143553.000	14987.139	98.000
10.000	143698.000	14840.997	134.000
10.010	143844.000	14768.698	173.000
10.020	143989.000	14688.089	214.000
10.030	144132.000	14571.662	258.000
10.040	144276.000	14520.163	303.000
10.050	144419.000	14454.114	350.000
10.060	144561.000	14377.880	398.000
10.070	144701.000	14264.516	447.000
10.080	144842.000	14215.161	497.000
10.090	144983.000	14180.613	547.000
10.100	145123.000	14126.429	597.000
10.110	145263.000	14088.500	646.000
10.120	145403.000	14061.950	694.000
10.130	145544.000	14073.365	741.000
10.140	145686.000	14111.356	785.000
10.150	145828.000	14137.949	827.000
10.160	145971.000	14186.564	866.000
10.170	146115.000	14250.595	902.000
10.180	146260.000	14325.416	934.000
10.190	146406.000	14407.792	963.000
10.200	146554.000	14525.454	987.000
10.210	146703.000	14637.818	1006.000
10.220	146852.000	14716.472	1022.000
10.230	147004.000	14861.531	1033.000
10.240	147159.000	15053.072	1039.000
10.250	147312.000	15127.150	1040.000
10.260	147469.000	15299.005	1037.000
10.270	147627.000	15449.304	1029.000
10.280	147786.000	15584.512	1016.000
10.290	147946.000	15709.159	999.000
10.300	148109.000	15886.411	978.000
10.310	148273.000	16040.488	952.000
10.320	148439.000	16208.341	922.000
10.330	148604.000	16295.839	889.000
10.340	148773.000	16477.087	852.000
10.350	148941.000	16573.961	811.000
10.360	149109.000	16641.773	769.000
10.370	149279.000	16749.241	725.000
10.380	149449.000	16824.469	678.000
10.390	149621.000	16937.128	630.000
10.400	149792.000	16985.990	581.000
10.410	149963.000	17020.193	531.000
10.420	150134.000	17044.135	481.000
10.430	150304.000	17030.894	431.000
10.440	150475.000	17051.626	382.000
10.450	150646.000	17066.138	334.000
10.460	150815.000	17016.297	287.000
10.470	150985.000	17011.408	242.000
10.480	151154.000	16977.985	198.000
10.490	151323.000	16954.590	157.000
10.500	151491.000	16908.213	117.000
10.510	151658.000	16845.749	80.000
10.520	151825.000	16802.024	46.000
10.530	151991.000	16741.417	15.000
10.540	152157.000	16698.992	-14.000
10.550	152321.000	16609.294	-39.000
10.560	152484.000	16516.506	-60.000
10.570	152646.000	16421.554	-77.000
10.580	152807.000	16325.088	-91.000
10.590	152966.000	16197.562	-100.000
10.600	153125.000	16108.293	-105.000
10.610	153283.000	16015.805	-106.000
10.620	153439.000	15891.064	-103.000
10.630	153594.000	15773.745	-95.000
10.640	153750.000	15721.621	-84.000
10.650	153900.000	15505.135	-69.000
10.660	154051.000	15383.594	-48.000
10.670	154201.000	15268.516	-24.000
10.680	154350.000	15157.961	3.000
10.690	154499.000	15080.573	34.000
10.700	154645.000	14936.401	68.000
10.710	154790.000	14805.481	106.000
10.720	154937.000	14773.836	145.000
10.730	155078.000	14571.686	188.000
10.740	155220.000	14460.180	234.000
10.750	155362.000	14382.126	282.000
10.760	155502.000	14267.488	331.000
10.770	155641.000	14157.242	383.000
10.780	155780.000	14080.069	435.000
10.790	155919.000	14026.048	488.000
10.800	156056.000	13928.234	541.000
10.810	156194.000	13889.764	594.000
10.820	156332.000	13862.835	647.000
10.830	156470.000	13843.984	698.000
10.840	156608.000	13830.789	747.000
10.850	156748.000	13881.552	795.000
10.860	156888.000	13917.087	839.000
10.870	157029.000	13971.961	880.000
10.880	157171.000	14040.372	918.000
10.890	157314.000	14118.261	953.000
10.900	157458.000	14202.782	983.000
10.910	157604.000	14321.948	1009.000
10.920	157751.000	14435.363	1031.000
10.930	157899.000	14544.754	1049.000
10.940	158049.000	14681.328	1061.000
10.950	158201.000	14836.930	1069.000
10.960	158354.000	14975.851	1072.000
10.970	158509.000	15133.096	1070.000
10.980	158666.000	15303.167	1064.000
10.990	158824.000	15452.217	1052.000
11.000	158984.000	15616.552	1036.000
11.010	159144.000	15731.586	1015.000
11.020	159308.000	15932.110	991.000
11.030	159471.000	16042.477	962.000
11.040	159635.000	16149.734	930.000
11.050	159803.000	16344.814	894.000
11.060	159968.000	16391.370	856.000
11.070	160135.000	16483.959	815.000
11.080	160304.000	16608.771	772.000
11.090	160472.000	16666.140	727.000
11.100	160641.000	16736.298	680.000
11.110	160810.000	16785.409	633.000
11.120	160979.000	16819.786	585.000
11.130	161149.000	16873.850	536.000
11.140	161319.000	16911.695	487.000
11.150	161488.000	16908.187	438.000
11.160	161657.000	16905.731	391.000
11.170	161825.000	16874.011	344.000
11.180	161996.000	16941.808	298.000
11.190	162167.000	16989.266	252.000
11.200	162334.000	16902.486	208.000
11.210	162501.000	16841.740	167.000
11.220	162670.000	16859.218	128.000
11.230	162838.000	16841.453	91.000
11.240	163005.000	16799.017	57.000
11.250	163172.000	16769.312	25.000
11.260	163337.000	16688.518	-4.000
11.270	163503.000	16661.963	-29.000
11.280	163667.000	16583.374	-51.000
11.290	163831.000	16528.362	-69.000
11.300	163993.000	16429.853	-83.000
11.310	164154.000	16330.897	-94.000
11.320	164314.000	16231.628	-99.000
11.330	164473.000	16132.140	-101.000
11.340	164632.000	16062.498	-99.000
11.350	164790.000	15983.748	-93.000
11.360	164947.000	15898.624	-83.000
11.370	165101.000	15749.037	-69.000
11.380	165254.000	15614.326	-50.000
11.390	165407.000	15520.028	-28.000
11.400	165557.000	15364.020	-1.000
11.410	165707.000	15254.814	30.000
11.420	165855.000	15118.370	64.000
11.430	166002.000	14992.859	101.000
11.440	166151.000	14965.001	141.000
11.450	166294.000	14765.501	183.000
11.460	166438.000	14655.851	229.000
11.470	166581.000	14549.095	277.000
11.480	166724.000	14474.367	326.000
11.490	166867.000	14422.057	376.000
11.500	167011.000	14415.440	426.000
11.510	167152.000	14320.808	476.000
11.520	167294.000	14284.565	526.000
11.530	167437.000	14289.196	575.000
11.540	167580.000	14292.437	623.000
11.550	167723.000	14294.706	670.000
11.560	167869.000	14386.294	713.000
11.570	168014.000	14420.406	754.000
11.580	168162.000	14534.284	792.000
11.590	168307.000	14523.999	826.000
11.600	168456.000	14636.799	858.000
11.610	168605.000	14715.759	886.000
11.620	168756.000	14831.032	910.000
11.630	168908.000	14941.722	930.000
11.640	169061.000	15049.205	946.000
11.650	169213.000	15094.444	958.000
11.660	169368.000	15216.111	967.000
11.670	169525.000	15361.277	971.000
11.680	169682.000	15462.894	971.000
11.690	169841.000	15594.026	966.000
11.700	170000.000	15685.818	957.000
11.710	170160.000	15780.073	945.000
11.720	170324.000	15966.051	929.000
11.730	170484.000	15976.236	908.000
11.740	170647.000	16073.365	886.000
11.750	170810.000	16141.355	860.000
11.760	170974.000	16218.949	831.000
11.770	171140.000	16333.264	799.000
11.780	171304.000	16353.285	765.000
11.790	171469.000	16397.299	729.000
11.800	171634.000	16428.110	691.000
11.810	171799.000	16449.677	653.000
11.820	171965.000	16494.774	612.000
11.830	172130.000	16496.342	571.000
11.840	172296.000	16527.439	530.000
11.850	172461.000	16519.207	487.000
11.860	172626.000	16513.445	445.000
11.870	172794.000	16599.412	403.000
11.880	172958.000	16539.588	360.000
11.890	173125.000	16587.712	318.000
11.900	173289.000	16531.398	277.000
11.910	173454.000	16521.979	238.000
11.920	173618.000	16485.385	200.000
11.930	173783.000	16489.770	164.000
11.940	173948.000	16492.839	129.000
11.950	174111.000	16434.987	97.000
11.960	174273.000	16364.491	67.000
11.970	174437.000	16375.144	40.000
11.980	174597.000	16262.601	16.000
11.990	174758.000	16213.820	-5.000
12.000	174919.000	16179.674	-22.000
12.010	175077.000	16065.772	0.000
12.020	175233.000	15926.040	0.000
12.030	175388.000	15798.228	0.000
12.040	175548.000	15858.760	0.000
12.050	175701.000	15691.132	0.000
12.060	175856.000	15633.792	0.000
12.070	176010.000	15563.655	0.000
12.080	176162.000	15454.558	0.000
12.090	176314.000	15378.191	0.000
12.100	176463.000	15234.734	0.000
12.110	176611.000	15104.313	0.000
12.120	176758.000	14983.019	0.000
12.130	176904.000	14868.114	0.000
12.140	177050.000	14787.680	0.000
12.150	177193.000	14641.376	0.000
12.160	177335.000	14508.963	0.000
12.170	177476.000	14386.274	0.000
12.180	177618.000	14330.392	0.000
12.190	177743.000	13781.274	0.000
12.200	177882.000	13816.892	0.000
12.210	178020.000	13811.824	0.000
12.220	178158.000	13808.277	0.000
12.230	178292.000	13685.794	0.000
12.240	178428.000	13660.056	0.000
12.250	178563.000	13612.039	0.000
12.260	178696.000	13518.427	0.000
12.270	178828.000	13422.899	0.000
12.280	178961.000	13386.029	0.000
12.290	179091.000	13270.221	0.000
12.300	179223.000	13249.154	0.000
12.310	179351.000	13114.408	0.000
12.320	179480.000	13050.086	0.000
12.330	179609.000	13005.060	0.000
12.340	179735.000	12883.542	0.000
12.350	179861.000	12798.479	0.000
12.360	179988.000	12768.936	0.000
12.370	180111.000	12628.255	0.000
12.380	180235.000	12559.778	0.000
12.390	180358.000	12481.845	0.000
12.400	180481.000	12427.291	0.000
12.410	180602.000	12329.104	0.000
12.420	180722.000	12230.373	0.000
12.430	180842.000	12161.261	0.000
12.440	180961.000	12082.883	0.000
12.450	181079.000	11998.018	0.000
12.460	181196.000	11908.613	0.000
12.470	181313.000	11846.029	0.000
12.480	181426.000	11682.220	0.000
12.490	181539.000	11567.554	0.000
12.500	181651.000	11457.288	0.000
12.510	181761.000	11320.102	0.000
12.520	181871.000	11224.071	0.000
12.530	181979.000	11096.850	0.000
12.540	182085.000	10947.795	0.000
12.550	182189.000	10783.456	0.000
12.560	182293.000	10668.419	0.000
12.570	182394.000	10497.894	0.000
12.580	182496.000	10408.526	0.000
12.590	182594.000	10225.968	0.000
12.600	182691.000	10068.178	0.000
12.610	182788.000	9957.724	0.000
12.620	182883.000	9820.407	0.000
12.630	182976.000	9664.285	0.000
12.640	183068.000	9524.999	0.000
12.650	183160.000	9427.500	0.000
12.660	183251.000	9329.250	0.000
12.670	183340.000	9200.475	0.000
12.680	183429.000	9110.332	0.000
12.690	183517.000	9017.233	0.000
12.700	183603.000	8892.063	0.000
12.710	183690.000	8834.444	0.000
12.720	183776.000	8764.111	0.000
12.730	183861.000	8684.878	0.000
12.740	183943.000	8539.414	0.000
12.750	184026.000	8467.590	0.000
12.760	184108.000	8387.313	0.000
12.770	184189.000	8301.119	0.000
12.780	184270.000	8240.783	0.000
12.790	184349.000	8138.548	0.000
12.800	184427.000	8036.984	0.000
12.810	184506.000	7995.889	0.000
12.820	184583.000	7907.122	0.000
12.830	184659.000	7814.985	0.000
12.840	184735.000	7750.490	0.000
12.850	184810.000	7675.343	0.000
12.860	184884.000	7592.740	0.000
12.870	184957.000	7504.918	0.000
12.880	185030.000	7443.443	0.000
12.890	185101.000	7340.410	0.000
12.900	185171.000	7238.287	0.000
12.910	185241.000	7166.801	0.000
12.920	185309.000	7056.761	0.000
12.930	185377.000	6979.732	0.000
12.940	185443.000	6865.813	0.000
12.950	185509.000	6786.069	0.000
12.960	185574.000	6700.248	0.000
12.970	185638.000	6610.174	0.000
12.980	185701.000	6517.122	0.000
12.990	185763.000	6421.985	0.000
13.000	185824.000	6325.390	0.000
13.010	185884.000	6227.773	0.000
13.020	185942.000	6099.441	0.000
13.030	186000.000	6009.609	0.000
13.040	186057.000	5916.726	0.000
13.050	186113.000	5821.708	0.000
13.060	186169.000	5755.196	0.000
13.070	186222.000	5618.637	0.000
13.080	186275.000	5523.046	0.000
13.090	186326.000	5396.132	0.000
13.100	186377.000	5307.293	0.000
13.110	186426.000	5185.105	0.000
13.120	186474.000	5069.573	0.000
13.130	186521.000	4958.701	0.000
13.140	186567.000	4851.091	0.000
13.150	186613.000	4775.764	0.000
13.160	186656.000	4633.035	0.000
13.170	186698.000	4503.124	0.000
13.180	186739.000	4382.187	0.000
13.190	186779.000	4267.531	0.000
13.200	186817.000	4127.272	0.000
13.210	186854.000	3999.090	0.000
13.220	186890.000	3879.363	0.000
13.230	186925.000	3765.554	0.000
13.240	186958.000	3625.888	0.000
13.250	186989.000	3468.122	0.000
13.260	187019.000	3327.685	0.000
13.270	187048.000	3199.380	0.000
13.280	187077.000	3109.566	0.000
13.290	187103.000	2956.696	0.000
13.300	187128.000	2819.687	0.000
13.310	187152.000	2693.781	0.000
13.320	187175.000	2575.647	0.000
13.330	187196.000	2432.953	0.000
13.340	187216.000	2303.067	0.000
13.350	187235.000	2182.147	0.000
13.360	187252.000	2037.503	0.000
13.370	187267.000	1876.252	0.000
13.380	187282.000	1763.376	0.000
13.390	187296.000	1654.363	0.000
13.400	187308.000	1518.054	0.000
13.410	187320.000	1422.638	0.000
13.420	187330.000	1295.847	0.000
13.430	187339.000	1177.093	0.000
13.440	187347.000	1063.965	0.000
13.450	187354.000	954.775	0.000
13.460	187360.000	848.343	0.000
13.470	187364.000	713.840	0.000
13.480	187368.000	619.688	0.000
13.490	187370.000	493.782	0.000
13.500	187371.000	375.647	0.000
13.510	187371.000	262.953	0.000
13.520	187371.000	184.067	0.000
13.530	187370.000	98.847	0.000
13.540	187366.000	-50.807	0.000
13.550	187362.000	-155.565	0.000
13.560	187357.000	-258.895	0.000
13.570	187352.000	-331.227	0.000
13.580	187345.000	-441.859	0.000
13.590	187338.000	-519.301	0.000
13.600	187331.000	-573.511	0.000
13.610	187323.000	-641.458	0.000
13.620	187314.000	-719.020	0.000
13.630	187306.000	-743.314	0.000
13.640	187297.000	-790.320	0.000
13.650	187288.000	-823.224	0.000
13.660	187278.000	-876.257	0.000
13.670	187269.000	-883.380	0.000
13.680	187259.000	-918.366	0.000
13.690	187249.000	-942.856	0.000
13.700	187239.000	-959.999	0.000
13.710	187229.000	-971.999	0.000
13.720	187218.000	-1010.400	0.000
13.730	187207.000	-1037.280	0.000
13.740	187196.000	-1056.096	0.000
13.750	187185.000	-1069.267	0.000
13.760	187174.000	-1078.487	0.000
13.770	187162.000	-1114.941	0.000
13.780	187151.000	-1110.459	0.000
13.790	187139.000	-1137.321	0.000
13.800	187127.000	-1156.125	0.000
13.810	187115.000	-1169.287	0.000
13.820	187103.000	-1178.501	0.000
13.830	187091.000	-1184.951	0.000
13.840	187079.000	-1189.466	0.000
13.850	187067.000	-1192.626	0.000
13.860	187056.000	-1164.838	0.000
13.870	187044.000	-1175.387	0.000
13.880	187033.000	-1152.771	0.000
13.890	187021.000	-1166.939	0.000
13.900	187010.000	-1146.858	0.000
13.910	186999.000	-1132.800	0.000
13.920	186988.000	-1122.960	0.000
13.930	186978.000	-1086.072	0.000
13.940	186967.000	-1090.251	0.000
13.950	186957.000	-1063.175	0.000
13.960	186946.000	-1074.223	0.000
13.970	186936.000	-1051.956	0.000
13.980	186926.000	-1036.369	0.000
13.990	186916.000	-1025.458	0.000
14.000	186907.000	-987.821	0.000
14.010	186897.000	-991.475	0.000
14.020	186888.000	-964.032	0.000
14.030	186878.000	-974.823	0.000
14.040	186869.000	-952.376	0.000
14.050	186860.000	-936.663	0.000
14.060	186851.000	-925.664	0.000
14.070	186842.000	-917.965	0.000
14.080	186833.000	-912.575	0.000
14.090	186824.000	-908.803	0.000
14.100	186815.000	-906.162	0.000
14.110	186807.000	-874.313	0.000
14.120	186798.000	-882.019	0.000
14.130	186790.000	-857.414	0.000
14.140	186782.000	-840.189	0.000
14.150	186774.000	-828.133	0.000
14.160	186766.000	-819.693	0.000
14.170	186758.000	-813.785	0.000
14.180	186750.000	-809.649	0.000
14.190	186743.000	-776.755	0.000
14.200	186735.000	-783.728	0.000
14.210	186728.000	-758.610	0.000
14.220	186721.000	-741.027	0.000
14.230	186714.000	-728.719	0.000
14.240	186707.000	-720.103	0.000
14.250	186700.000	-714.072	0.000
14.260	186694.000	-679.851	0.000
14.270	186688.000	-655.895	0.000
14.280	186681.000	-669.127	0.000
14.290	186676.000	-618.389	0.000
14.300	186670.000	-612.872	0.000
14.310	186664.000	-609.010	0.000
14.320	186659.000	-576.307	0.000
14.330	186654.000	-553.415	0.000
14.340	186649.000	-537.391	0.000
14.350	186644.000	-526.173	0.000
14.360	186640.000	-488.321	0.000
14.370	186635.000	-491.825	0.000
14.380	186631.000	-464.277	0.000
14.390	186627.000	-444.994	0.000
14.400	186624.000	-401.496	0.000
14.410	186621.000	-371.047	0.000
14.420	186618.000	-349.733	0.000
14.430	186617.000	-274.813	0.000
14.440	186617.000	-192.369	0.000
14.450	186617.000	-134.658	0.000
14.460	186621.000	25.739	0.000
14.470	186627.000	198.017	0.000
14.480	186635.000	378.612	0.000
14.490	186645.000	565.029	0.000
14.500	186657.000	755.520	0.000
14.510	186670.000	918.864	0.000
14.520	186684.000	1063.205	0.000
14.530	186699.000	1194.243	0.000
14.540	186715.000	1315.970	0.000
14.550	186731.000	1401.179	0.000
14.560	186748.000	1490.825	0.000
14.570	186764.000	1523.578	0.000
14.580	186780.000	1546.504	0.000
14.590	186796.000	1562.553	0.000
14.600	186811.000	1543.787	0.000
14.610	186826.000	1530.651	0.000
14.620	186841.000	1521.456	0.000
14.630	186855.000	1485.019	0.000
14.640	186868.000	1429.513	0.000
14.650	186881.000	1390.659	0.000
14.660	186892.000	1303.462	0.000
14.670	186903.000	1242.423	0.000
14.680	186913.000	1169.696	0.000
14.690	186922.000	1088.787	0.000
14.700	186930.000	1002.151	0.000
14.710	186937.000	911.506	0.000
14.720	186943.000	818.054	0.000
14.730	186948.000	722.638	0.000
14.740	186952.000	625.846	0.000
14.750	186955.000	528.093	0.000
14.760	186957.000	429.665	0.000
14.770	186958.000	330.765	0.000
14.780	186958.000	231.536	0.000
14.790	186958.000	162.075	0.000
14.800	186957.000	83.453	0.000
14.810	186954.000	-31.583	0.000
14.820	186951.000	-112.108	0.000
14.830	186946.000	-228.476	0.000
14.840	186941.000	-309.933	0.000
14.850	186936.000	-366.953	0.000
14.860	186929.000	-466.867	0.000
14.870	186923.000	-506.807	0.000
14.880	186916.000	-564.765	0.000
14.890	186908.000	-635.335	0.000
14.900	186901.000	-654.735	0.000
14.910	186893.000	-698.314	0.000
14.920	186884.000	-758.820	0.000
14.930	186875.000	-801.174	0.000
14.940	186867.000	-800.822	0.000
14.950	186857.000	-860.575	0.000
14.960	186848.000	-872.403	0.000
14.970	186839.000	-880.682	0.000
14.980	186829.000	-916.477	0.000
14.990	186819.000	-941.534	0.000
15.000	186809.000	-959.074	0.000
