0.000	0.000	0.000	0.000
0.010	3.000	90.000	-1.000
0.020	3.000	63.000	-2.000
0.030	3.000	44.100	-3.000
0.040	3.000	30.870	-4.000
0.050	3.000	21.609	-4.000
0.060	2.000	-14.874	-4.000
0.070	0.000	-70.412	-2.000
0.080	-2.000	-109.288	0.000
0.090	-5.000	-166.502	2.000
0.100	-7.000	-176.551	6.000
0.110	-9.000	-183.586	9.000
0.120	-12.000	-218.510	12.000
0.130	-14.000	-212.957	15.000
0.140	-17.000	-239.070	18.000
0.150	-20.000	-257.349	22.000
0.160	-22.000	-240.144	25.000
0.170	-25.000	-258.101	28.000
0.180	-27.000	-240.671	30.000
0.190	-29.000	-228.469	32.000
0.200	-31.000	-219.929	34.000
0.210	-33.000	-213.950	36.000
0.220	-35.000	-209.765	37.000
0.230	-36.000	-176.836	38.000
0.240	-37.000	-153.785	38.000
0.250	-38.000	-137.649	38.000
0.260	-39.000	-126.355	38.000
0.270	-40.000	-118.448	38.000
0.280	-40.000	-82.914	37.000
0.290	-40.000	-58.040	36.000
0.300	-40.000	-40.628	34.000
0.310	-40.000	-28.439	32.000
0.320	-40.000	-19.908	31.000
0.330	-40.000	-13.935	29.000
0.340	-40.000	-9.755	28.000
0.350	-39.000	23.172	26.000
0.360	-38.000	46.220	24.000
0.370	-37.000	62.354	22.000
0.380	-36.000	73.648	19.000
0.390	-35.000	81.554	17.000
0.400	-33.000	117.087	14.000
0.410	-32.000	111.961	12.000
0.420	-31.000	108.373	10.000
0.430	-30.000	105.861	8.000
0.440	-29.000	104.103	6.000
0.450	-29.000	72.872	5.000
0.460	-28.000	81.010	4.000
0.470	-28.000	56.707	3.000
0.480	-27.000	69.695	2.000
0.490	-27.000	48.787	2.000
0.500	-27.000	34.151	2.000
0.510	-27.000	23.905	5.000
0.520	-27.000	16.734	15.000
0.530	-27.000	11.714	29.000
0.540	-27.000	8.200	49.000
0.550	-27.000	5.740	73.000
0.560	-27.000	4.018	101.000
0.570	-28.000	-27.188	133.000
0.580	-28.000	-19.031	169.000
0.590	-28.000	-13.322	207.000
0.600	-28.000	-9.325	249.000
0.610	-28.000	-6.528	293.000
0.620	-27.000	25.431	339.000
0.630	-26.000	47.801	387.000
0.640	-23.000	123.461	437.000
0.650	-20.000	176.423	487.000
0.660	-16.000	243.496	538.000
0.670	-11.000	320.447	590.000
0.680	-6.000	374.313	643.000
0.690	1.000	472.019	697.000
0.700	9.000	570.413	750.000
0.710	17.000	639.289	805.000
0.720	28.000	777.503	859.000
0.730	39.000	874.252	914.000
0.740	51.000	971.976	969.000
0.750	65.000	1100.383	1024.000
0.760	80.000	1220.268	1079.000
0.770	96.000	1334.188	1134.000
0.780	114.000	1473.931	1189.000
0.790	132.000	1571.752	1245.000
0.800	153.000	1730.226	1300.000
0.810	175.000	1871.159	1356.000
0.820	200.000	2059.811	1411.000
0.830	225.000	2191.868	1465.000
0.840	254.000	2404.307	1519.000
0.850	285.000	2613.015	1572.000
0.860	318.000	2819.111	1624.000
0.870	354.000	3053.377	1675.000
0.880	392.000	3277.364	1725.000
0.890	433.000	3524.155	1774.000
0.900	476.000	3756.908	1822.000
0.910	523.000	4039.836	1869.000
0.920	572.000	4297.885	1915.000
0.930	624.000	4568.520	1959.000
0.940	678.000	4817.964	2003.000
0.950	735.000	5082.575	2046.000
0.960	796.000	5387.802	2088.000
0.970	861.000	5721.462	2128.000
0.980	929.000	6045.023	2166.000
0.990	1001.000	6391.516	2203.000
1.000	1076.000	6724.061	2238.000
1.010	1154.000	7046.843	2269.000
1.020	1237.000	7422.790	2293.000
1.030	1323.000	7775.953	2310.000
1.040	1414.000	8173.167	2320.000
1.050	1507.000	8511.217	2325.000
1.060	1606.000	8927.852	2324.000
1.070	1708.000	9309.496	2317.000
1.080	1813.000	9666.647	2306.000
1.090	1923.000	10066.653	2291.000
1.100	2037.000	10466.657	2272.000
1.110	2157.000	10926.660	2247.000
1.120	2281.000	11368.662	2219.000
1.130	2406.000	11708.063	2187.000
1.140	2538.000	12155.644	2152.000
1.150	2672.000	12528.951	2114.000
1.160	2810.000	12910.266	2073.000
1.170	2952.000	13297.186	2031.000
1.180	3098.000	13688.030	1986.000
1.190	3248.000	14081.621	1939.000
1.200	3402.000	14477.135	1890.000
1.210	3556.000	14753.994	1840.000
1.220	3717.000	15157.796	1788.000
1.230	3876.000	15380.457	1737.000
1.240	4042.000	15746.320	1685.000
1.250	4210.000	16062.424	1632.000
1.260	4382.000	16403.697	1579.000
1.270	4556.000	16702.588	1524.000
1.280	4733.000	17001.811	1469.000
1.290	4912.000	17271.268	1415.000
1.300	5094.000	17549.888	1360.000
1.310	5277.000	17774.921	1305.000
1.320	5462.000	17992.445	1252.000
1.330	5648.000	18174.711	1199.000
1.340	5837.000	18392.298	1147.000
1.350	6030.000	18664.609	1096.000
1.360	6220.000	18765.226	1045.000
1.370	6412.000	18895.658	996.000
1.380	6606.000	19046.961	949.000
1.390	6801.000	19182.873	903.000
1.400	6998.000	19338.011	858.000
1.410	7193.000	19386.608	815.000
1.420	7391.000	19510.625	773.000
1.430	7591.000	19657.438	732.000
1.440	7791.000	19760.206	692.000
1.450	7993.000	19892.144	652.000
1.460	8193.000	19924.501	614.000
1.470	8395.000	20007.151	577.000
1.480	8598.000	20095.006	541.000
1.490	8804.000	20246.504	505.000
1.500	9007.000	20262.553	470.000
1.510	9210.000	20273.787	437.000
1.520	9414.000	20311.651	406.000
1.530	9618.000	20338.156	376.000
1.540	9822.000	20356.709	347.000
1.550	10027.000	20399.696	319.000
1.560	10230.000	20369.787	292.000
1.570	10433.000	20348.851	267.000
1.580	10636.000	20334.196	244.000
1.590	10838.000	20293.937	223.000
1.600	11042.000	20325.756	202.000
1.610	11239.000	20138.029	183.000
1.620	11438.000	20066.620	168.000
1.630	11636.000	19986.634	154.000
1.640	11834.000	19930.644	142.000
1.650	12029.000	19801.451	132.000
1.660	12227.000	19801.016	122.000
1.670	12418.000	19590.711	114.000
1.680	12592.000	18933.498	115.000
1.690	12784.000	19013.448	120.000
1.700	12976.000	19069.414	122.000
1.710	13167.000	19078.590	122.000
1.720	13357.000	19055.013	122.000
1.730	13547.000	19038.509	120.000
1.740	13738.000	19056.956	118.000
1.750	13924.000	18919.869	116.000
1.760	14112.000	18883.909	115.000
1.770	14299.000	18828.736	113.000
1.780	14485.000	18760.115	113.000
1.790	14670.000	18682.081	112.000
1.800	14854.000	18597.456	113.000
1.810	15039.000	18568.220	113.000
1.820	15223.000	18517.754	113.000
1.830	15408.000	18512.428	113.000
1.840	15588.000	18358.699	114.000
1.850	15769.000	18281.090	115.000
1.860	15952.000	18286.763	117.000
1.870	16129.000	18110.734	119.000
1.880	16306.000	17987.514	123.000
1.890	16483.000	17901.260	128.000
1.900	16659.000	17810.882	133.000
1.910	16834.000	17717.617	139.000
1.920	17008.000	17622.332	146.000
1.930	17180.000	17495.632	153.000
1.940	17354.000	17466.943	161.000
1.950	17523.000	17296.860	169.000
1.960	17693.000	17207.802	178.000
1.970	17861.000	17085.461	188.000
1.980	18033.000	17119.823	197.000
1.990	18197.000	16903.876	207.000
2.000	18365.000	16872.713	217.000
2.010	18531.000	16790.899	227.000
2.020	18700.000	16823.629	236.000
2.030	18866.000	16756.541	244.000
2.040	19029.000	16619.578	253.000
2.050	19194.000	16583.705	263.000
2.060	19359.000	16558.593	271.000
2.070	19523.000	16511.015	279.000
2.080	19688.000	16507.711	287.000
2.090	19853.000	16505.398	293.000
2.100	20016.000	16443.778	299.000
2.110	20179.000	16400.645	305.000
2.120	20343.000	16400.451	311.000
2.130	20507.000	16400.316	316.000
2.140	20672.000	16430.221	320.000
2.150	20832.000	16301.155	324.000
2.160	20996.000	16330.808	328.000
2.170	21158.000	16291.566	332.000
2.180	21321.000	16294.096	335.000
2.190	21486.000	16355.867	338.000
2.200	21645.000	16219.107	340.000
2.210	21806.000	16183.375	344.000
2.220	21969.000	16218.362	347.000
2.230	22125.000	16032.854	351.000
2.240	22285.000	16022.998	357.000
2.250	22443.000	15956.098	362.000
2.260	22601.000	15909.269	368.000
2.270	22758.000	15846.488	374.000
2.280	22915.000	15802.542	381.000
2.290	23072.000	15771.779	387.000
2.300	23228.000	15720.245	394.000
2.310	23384.000	15684.172	401.000
2.320	23542.000	15718.920	407.000
2.330	23697.000	15653.244	412.000
2.340	23853.000	15637.271	418.000
2.350	24010.000	15656.090	423.000
2.360	24167.000	15669.263	428.000
2.370	24323.000	15648.484	432.000
2.380	24480.000	15663.939	435.000
2.390	24638.000	15704.757	438.000
2.400	24796.000	15733.330	439.000
2.410	24954.000	15753.331	440.000
2.420	25112.000	15767.332	440.000
2.430	25270.000	15777.132	440.000
2.440	25431.000	15873.993	439.000
2.450	25588.000	15821.795	438.000
2.460	25748.000	15875.256	436.000
2.470	25907.000	15882.679	434.000
2.480	26066.000	15887.876	432.000
2.490	26226.000	15921.513	430.000
2.500	26385.000	15915.059	428.000
2.510	26544.000	15910.541	425.000
2.520	26706.000	15997.379	423.000
2.530	26862.000	15878.165	420.000
2.540	27021.000	15884.716	419.000
2.550	27179.000	15859.301	418.000
2.560	27336.000	15811.511	418.000
2.570	27493.000	15778.057	419.000
2.580	27650.000	15754.640	420.000
2.590	27806.000	15708.248	421.000
2.600	27963.000	15705.774	423.000
2.610	28118.000	15644.042	426.000
2.620	28274.000	15630.829	428.000
2.630	28429.000	15591.580	431.000
2.640	28584.000	15564.106	435.000
2.650	28739.000	15544.874	438.000
2.660	28893.000	15501.412	442.000
2.670	29048.000	15500.988	445.000
2.680	29203.000	15500.692	449.000
2.690	29359.000	15530.484	452.000
2.700	29514.000	15521.339	454.000
2.710	29669.000	15514.937	456.000
2.720	29827.000	15600.456	457.000
2.730	29979.000	15480.319	459.000
2.740	30134.000	15486.224	461.000
2.750	30292.000	15580.356	462.000
2.760	30446.000	15526.250	463.000
2.770	30602.000	15548.375	464.000
2.780	30758.000	15563.862	465.000
2.790	30914.000	15574.704	465.000
2.800	31071.000	15612.293	464.000
2.810	31227.000	15608.605	464.000
2.820	31384.000	15636.023	463.000
2.830	31541.000	15655.216	462.000
2.840	31695.000	15578.651	461.000
2.850	31854.000	15675.056	461.000
2.860	32011.000	15682.539	459.000
2.870	32168.000	15687.777	457.000
2.880	32323.000	15631.444	456.000
2.890	32481.000	15682.011	456.000
2.900	32635.000	15597.408	455.000
2.910	32790.000	15568.185	456.000
2.920	32944.000	15517.730	457.000
2.930	33099.000	15512.411	459.000
2.940	33255.000	15538.688	461.000
2.950	33407.000	15437.081	463.000
2.960	33561.000	15425.957	466.000
2.970	33718.000	15508.170	468.000
2.980	33869.000	15385.719	470.000
2.990	34024.000	15420.003	473.000
3.000	34179.000	15444.002	475.000
3.010	34335.000	15490.802	477.000
3.020	34489.000	15463.561	478.000
3.030	34647.000	15564.493	478.000
3.040	34801.000	15515.145	477.000
3.050	34956.000	15510.601	478.000
3.060	35112.000	15537.421	478.000
3.070	35271.000	15646.195	476.000
3.080	35426.000	15602.336	474.000
3.090	35583.000	15631.635	473.000
3.100	35740.000	15652.145	471.000
3.110	35896.000	15636.501	469.000
3.120	36053.000	15655.551	468.000
3.130	36211.000	15698.886	466.000
3.140	36369.000	15729.220	463.000
3.150	36526.000	15720.454	461.000
3.160	36684.000	15744.318	458.000
3.170	36841.000	15731.022	456.000
3.180	36998.000	15721.716	454.000
3.190	37156.000	15745.201	452.000
3.200	37312.000	15701.641	450.000
3.210	37470.000	15731.148	449.000
3.220	37628.000	15751.804	447.000
3.230	37782.000	15646.263	446.000
3.240	37939.000	15662.384	447.000
3.250	38094.000	15613.669	447.000
3.260	38248.000	15549.568	449.000
3.270	38404.000	15564.698	451.000
3.280	38558.000	15515.288	453.000
3.290	38714.000	15540.702	455.000
3.300	38868.000	15498.491	457.000
3.310	39022.000	15468.944	459.000
3.320	39175.000	15418.261	462.000
3.330	39330.000	15442.783	465.000
3.340	39484.000	15429.948	468.000
3.350	39639.000	15450.963	471.000
3.360	39793.000	15435.674	473.000
3.370	39946.000	15394.972	475.000
3.380	40101.000	15426.480	478.000
3.390	40256.000	15448.536	479.000
3.400	40410.000	15433.975	481.000
3.410	40566.000	15483.783	482.000
3.420	40721.000	15488.648	482.000
3.430	40877.000	15522.054	482.000
3.440	41035.000	15605.437	481.000
3.450	41189.000	15543.806	480.000
3.460	41346.000	15590.664	479.000
3.470	41505.000	15683.465	477.000
3.480	41660.000	15628.426	474.000
3.490	41817.000	15649.898	472.000
3.500	41975.000	15694.929	470.000
3.510	42133.000	15726.450	467.000
3.520	42291.000	15748.515	464.000
3.530	42449.000	15763.960	461.000
3.540	42607.000	15774.772	458.000
3.550	42766.000	15812.341	454.000
3.560	42924.000	15808.638	451.000
3.570	43081.000	15776.047	448.000
3.580	43238.000	15753.233	446.000
3.590	43395.000	15737.263	445.000
3.600	43552.000	15726.084	443.000
3.610	43709.000	15718.259	443.000
3.620	43864.000	15652.781	443.000
3.630	44021.000	15666.947	443.000
3.640	44178.000	15676.863	443.000
3.650	44332.000	15593.804	444.000
3.660	44487.000	15565.663	446.000
3.670	44643.000	15575.964	448.000
3.680	44798.000	15553.175	449.000
3.690	44954.000	15567.222	451.000
3.700	45110.000	15577.056	452.000
3.710	45266.000	15583.939	453.000
3.720	45421.000	15558.757	454.000
3.730	45578.000	15601.130	455.000
3.740	45733.000	15570.791	456.000
3.750	45889.000	15579.554	456.000
3.760	46045.000	15585.688	457.000
3.770	46202.000	15619.981	457.000
3.780	46359.000	15643.987	456.000
3.790	46512.000	15540.791	457.000
3.800	46669.000	15588.554	457.000
3.810	46825.000	15591.988	458.000
3.820	46981.000	15594.391	458.000
3.830	47139.000	15656.074	457.000
3.840	47296.000	15669.252	456.000
3.850	47452.000	15648.476	455.000
3.860	47610.000	15693.933	454.000
3.870	47766.000	15665.753	452.000
3.880	47923.000	15676.027	451.000
3.890	48080.000	15683.219	450.000
3.900	48236.000	15658.253	450.000
3.910	48392.000	15640.777	449.000
3.920	48549.000	15658.544	449.000
3.930	48702.000	15550.981	449.000
3.940	48857.000	15535.687	451.000
3.950	49012.000	15524.981	453.000
3.960	49163.000	15397.486	456.000
3.970	49318.000	15428.241	460.000
3.980	49468.000	15299.768	464.000
3.990	49620.000	15269.838	470.000
4.000	49772.000	15248.886	475.000
4.010	49924.000	15234.221	481.000
4.020	50075.000	15193.954	486.000
4.030	50226.000	15165.768	492.000
4.040	50378.000	15176.038	498.000
4.050	50530.000	15183.226	502.000
4.060	50682.000	15188.258	507.000
4.070	50834.000	15191.781	511.000
4.080	50987.000	15224.247	514.000
4.090	51140.000	15246.973	516.000
4.100	51294.000	15292.881	518.000
4.110	51448.000	15325.017	519.000
4.120	51605.000	15437.512	518.000
4.130	51757.000	15366.258	517.000
4.140	51914.000	15466.381	516.000
4.150	52067.000	15416.466	515.000
4.160	52223.000	15471.527	514.000
4.170	52381.000	15570.069	511.000
4.180	52536.000	15549.048	508.000
4.190	52692.000	15564.334	506.000
4.200	52847.000	15545.034	503.000
4.210	53005.000	15621.523	501.000
4.220	53162.000	15645.066	497.000
4.230	53319.000	15661.546	494.000
4.240	53477.000	15703.083	490.000
4.250	53636.000	15762.158	486.000
4.260	53790.000	15653.510	483.000
4.270	53947.000	15667.457	480.000
4.280	54103.000	15647.220	479.000
4.290	54258.000	15603.054	478.000
4.300	54414.000	15602.138	477.000
4.310	54569.000	15571.497	477.000
4.320	54725.000	15580.048	477.000
4.330	54878.000	15496.033	478.000
4.340	55035.000	15557.223	479.000
4.350	55189.000	15510.056	480.000
4.360	55344.000	15507.039	481.000
4.370	55501.000	15564.928	482.000
4.380	55654.000	15485.449	483.000
4.390	55810.000	15519.815	484.000
4.400	55965.000	15513.870	484.000
4.410	56122.000	15569.709	485.000
4.420	56279.000	15608.796	484.000
4.430	56433.000	15546.157	484.000
4.440	56590.000	15592.310	483.000
4.450	56747.000	15624.617	482.000
4.460	56905.000	15677.232	481.000
4.470	57062.000	15684.062	479.000
4.480	57220.000	15718.844	476.000
4.490	57378.000	15743.191	474.000
4.500	57537.000	15790.233	470.000
4.510	57696.000	15823.163	467.000
4.520	57854.000	15816.214	463.000
4.530	58014.000	15871.350	459.000
4.540	58174.000	15909.945	455.000
4.550	58334.000	15936.962	450.000
4.560	58493.000	15925.873	446.000
4.570	58653.000	15948.111	441.000
4.580	58812.000	15933.678	437.000
4.590	58971.000	15923.574	434.000
4.600	59130.000	15916.502	431.000
4.610	59289.000	15911.551	428.000
4.620	59449.000	15938.086	426.000
4.630	59605.000	15836.660	424.000
4.640	59765.000	15885.662	423.000
4.650	59921.000	15799.964	422.000
4.660	60078.000	15769.974	422.000
4.670	60236.000	15778.982	423.000
4.680	60393.000	15755.287	423.000
4.690	60550.000	15738.701	424.000
4.700	60707.000	15727.091	425.000
4.710	60864.000	15718.964	426.000
4.720	61022.000	15743.275	427.000
4.730	61180.000	15760.292	427.000
4.740	61338.000	15772.205	427.000
4.750	61496.000	15780.543	426.000
4.760	61654.000	15786.380	426.000
4.770	61812.000	15790.466	425.000
4.780	61971.000	15823.326	424.000
4.790	62129.000	15816.328	423.000
4.800	62288.000	15841.430	421.000
4.810	62447.000	15859.001	419.000
4.820	62606.000	15871.301	417.000
4.830	62765.000	15879.910	415.000
4.840	62925.000	15915.937	413.000
4.850	63082.000	15851.156	411.000
4.860	63239.000	15805.809	410.000
4.870	63397.000	15804.066	410.000
4.880	63555.000	15802.847	410.000
4.890	63713.000	15801.993	409.000
4.900	63868.000	15711.395	410.000
4.910	64025.000	15707.976	411.000
4.920	64183.000	15735.583	412.000
4.930	64336.000	15604.908	414.000
4.940	64492.000	15603.436	417.000
4.950	64646.000	15542.405	420.000
4.960	64801.000	15529.684	424.000
4.970	64954.000	15460.779	428.000
4.980	65107.000	15412.545	433.000
4.990	65260.000	15378.781	438.000
5.000	65412.000	15325.147	444.000
5.010	65564.000	15287.603	452.000
5.020	65716.000	15261.322	466.000
5.030	65868.000	15242.925	483.000
5.040	66022.000	15290.048	504.000
5.050	66173.000	15233.033	528.000
5.060	66324.000	15193.123	555.000
5.070	66477.000	15225.186	584.000
5.080	66629.000	15217.630	615.000
5.090	66782.000	15242.341	646.000
5.100	66935.000	15259.639	677.000
5.110	67089.000	15301.747	708.000
5.120	67244.000	15361.223	738.000
5.130	67397.000	15342.856	767.000
5.140	67553.000	15419.999	794.000
5.150	67709.000	15474.000	819.000
5.160	67866.000	15541.800	842.000
5.170	68025.000	15649.260	860.000
5.180	68185.000	15754.482	875.000
5.190	68346.000	15858.137	886.000
5.200	68507.000	15930.696	893.000
5.210	68671.000	16071.487	896.000
5.220	68834.000	16140.041	894.000
5.230	68999.000	16248.029	888.000
5.240	69165.000	16353.620	878.000
5.250	69332.000	16457.534	863.000
5.260	69500.000	16560.274	844.000
5.270	69668.000	16632.192	821.000
5.280	69837.000	16712.534	794.000
5.290	70006.000	16768.774	764.000
5.300	70177.000	16868.142	730.000
5.310	70347.000	16907.699	694.000
5.320	70519.000	16995.389	654.000
5.330	70691.000	17056.773	612.000
5.340	70863.000	17099.741	567.000
5.350	71034.000	17099.819	521.000
5.360	71206.000	17129.873	475.000
5.370	71380.000	17210.911	427.000
5.380	71553.000	17237.638	377.000
5.390	71728.000	17316.346	327.000
5.400	71898.000	17221.443	278.000
5.410	72071.000	17245.010	230.000
5.420	72246.000	17321.507	182.000
5.430	72415.000	17195.055	136.000
5.440	72587.000	17196.538	93.000
5.450	72758.000	17167.577	52.000
5.460	72928.000	17117.304	14.000
5.470	73098.000	17082.113	-21.000
5.480	73266.000	16997.479	-52.000
5.490	73433.000	16908.235	-79.000
5.500	73600.000	16845.765	-102.000
5.510	73766.000	16772.035	-121.000
5.520	73931.000	16690.425	-135.000
5.530	74096.000	16633.297	-145.000
5.540	74257.000	16473.308	-150.000
5.550	74419.000	16391.316	-150.000
5.560	74578.000	16243.921	-144.000
5.570	74736.000	16110.745	-133.000
5.580	74893.000	15987.521	-117.000
5.590	75050.000	15901.265	-97.000
5.600	75202.000	15690.885	-72.000
5.610	75354.000	15543.620	-41.000
5.620	75506.000	15440.534	-6.000
5.630	75653.000	15218.374	34.000
5.640	75803.000	15152.862	77.000
5.650	75947.000	14927.003	124.000
5.660	76092.000	14798.902	175.000
5.670	76236.000	14679.232	228.000
5.680	76378.000	14535.462	284.000
5.690	76521.000	14464.823	340.000
5.700	76663.000	14385.376	397.000
5.710	76805.000	14329.763	454.000
5.720	76946.000	14260.834	510.000
5.730	77089.000	14272.584	565.000
5.740	77231.000	14250.809	618.000
5.750	77373.000	14235.566	669.000
5.760	77517.000	14284.896	717.000
5.770	77660.000	14289.427	762.000
5.780	77805.000	14352.599	802.000
5.790	77953.000	14486.819	838.000
5.800	78097.000	14460.774	870.000
5.810	78245.000	14562.542	898.000
5.820	78394.000	14663.779	921.000
5.830	78544.000	14764.645	938.000
5.840	78696.000	14895.252	950.000
5.850	78848.000	14986.676	957.000
5.860	79001.000	15080.673	958.000
5.870	79157.000	15236.471	954.000
5.880	79314.000	15375.530	945.000
5.890	79470.000	15442.871	930.000
5.900	79629.000	15580.010	911.000
5.910	79787.000	15646.007	888.000
5.920	79950.000	15842.205	860.000
5.930	80109.000	15859.543	828.000
5.940	80270.000	15931.680	793.000
5.950	80432.000	16012.176	755.000
5.960	80594.000	16068.523	715.000
5.970	80757.000	16137.966	673.000
5.980	80920.000	16186.576	628.000
5.990	81082.000	16190.604	583.000
6.000	81245.000	16223.422	537.000
6.010	81407.000	16216.396	491.000
6.020	81569.000	16211.477	445.000
6.030	81732.000	16238.034	400.000
6.040	81895.000	16256.624	356.000
6.050	82054.000	16149.637	313.000
6.060	82214.000	16104.746	273.000
6.070	82374.000	16073.322	236.000
6.080	82534.000	16051.325	201.000
6.090	82694.000	16035.928	168.000
6.100	82853.000	15995.149	139.000
6.110	83012.000	15966.605	112.000
6.120	83169.000	15886.623	89.000
6.130	83326.000	15830.636	71.000
6.140	83481.000	15731.445	57.000
6.150	83639.000	15752.012	46.000
6.160	83792.000	15616.408	40.000
6.170	83946.000	15551.486	39.000
6.180	84099.000	15476.040	42.000
6.190	84252.000	15423.228	50.000
6.200	84405.000	15386.260	61.000
6.210	84557.000	15330.382	76.000
6.220	84706.000	15201.267	96.000
6.230	84856.000	15140.887	121.000
6.240	85006.000	15098.621	148.000
6.250	85154.000	15009.035	179.000
6.260	85303.000	14976.324	214.000
6.270	85451.000	14923.427	250.000
6.280	85597.000	14826.399	290.000
6.290	85746.000	14848.479	332.000
6.300	85889.000	14683.935	375.000
6.310	86037.000	14718.755	421.000
6.320	86181.000	14623.128	467.000
6.330	86325.000	14556.190	515.000
6.340	86469.000	14509.333	563.000
6.350	86614.000	14506.533	611.000
6.360	86758.000	14474.573	657.000
6.370	86904.000	14512.201	702.000
6.380	87050.000	14538.541	745.000
6.390	87200.000	14676.979	784.000
6.400	87344.000	14593.885	820.000
6.410	87493.000	14685.720	853.000
6.420	87643.000	14780.004	883.000
6.430	87796.000	14936.003	907.000
6.440	87946.000	14955.202	926.000
6.450	88101.000	15118.641	941.000
6.460	88256.000	15233.049	951.000
6.470	88412.000	15343.134	955.000
6.480	88570.000	15480.194	954.000
6.490	88730.000	15636.136	948.000
6.500	88891.000	15775.295	936.000
6.510	89054.000	15932.707	919.000
6.520	89217.000	16042.895	897.000
6.530	89382.000	16180.026	870.000
6.540	89550.000	16366.018	839.000
6.550	89715.000	16406.213	803.000
6.560	89883.000	16524.349	765.000
6.570	90051.000	16607.044	723.000
6.580	90221.000	16724.931	679.000
6.590	90392.000	16837.452	631.000
6.600	90560.000	16826.216	582.000
6.610	90730.000	16878.351	532.000
6.620	90900.000	16914.846	481.000
6.630	91070.000	16940.392	430.000
6.640	91240.000	16958.275	380.000
6.650	91409.000	16940.792	329.000
6.660	91577.000	16898.555	281.000
6.670	91745.000	16868.988	234.000
6.680	91911.000	16788.292	190.000
6.690	92077.000	16731.804	149.000
6.700	92242.000	16662.263	111.000
6.710	92408.000	16643.584	76.000
6.720	92570.000	16510.509	44.000
6.730	92732.000	16417.356	17.000
6.740	92895.000	16382.149	-6.000
6.750	93054.000	16237.505	-26.000
6.760	93213.000	16136.253	-40.000
6.770	93372.000	16065.377	-50.000
6.780	93529.000	15955.764	-55.000
6.790	93688.000	15939.035	-57.000
6.800	93841.000	15747.324	-54.000
6.810	93995.000	15643.127	-45.000
6.820	94150.000	15600.189	-32.000
6.830	94300.000	15420.132	-14.000
6.840	94453.000	15384.093	8.000
6.850	94602.000	15238.865	34.000
6.860	94752.000	15167.205	64.000
6.870	94900.000	15057.044	98.000
6.880	95048.000	14979.931	135.000
6.890	95197.000	14955.951	175.000
6.900	95341.000	14789.166	217.000
6.910	95487.000	14732.416	263.000
6.920	95632.000	14662.691	310.000
6.930	95777.000	14613.884	359.000
6.940	95921.000	14549.719	408.000
6.950	96065.000	14504.803	459.000
6.960	96208.000	14443.362	509.000
6.970	96352.000	14430.354	560.000
6.980	96496.000	14421.247	609.000
6.990	96639.000	14384.873	657.000
7.000	96782.000	14359.411	704.000
7.010	96926.000	14371.588	748.000
7.020	97070.000	14380.112	790.000
7.030	97214.000	14386.078	829.000
7.040	97359.000	14420.255	865.000
7.050	97506.000	14504.178	897.000
7.060	97652.000	14532.925	924.000
7.070	97800.000	14613.047	947.000
7.080	97949.000	14699.133	966.000
7.090	98102.000	14879.393	978.000
7.100	98252.000	14915.575	985.000
7.110	98404.000	15000.903	987.000
7.120	98558.000	15120.632	985.000
7.130	98714.000	15264.442	977.000
7.140	98869.000	15335.110	964.000
7.150	99027.000	15474.577	946.000
7.160	99185.000	15572.204	924.000
7.170	99345.000	15700.543	897.000
7.180	99505.000	15790.380	865.000
7.190	99666.000	15883.266	831.000
7.200	99829.000	16008.286	792.000
7.210	99995.000	16185.800	750.000
7.220	100157.000	16190.060	705.000
7.230	100324.000	16343.042	658.000
7.240	100488.000	16360.129	609.000
7.250	100654.000	16432.091	559.000
7.260	100821.000	16512.463	508.000
7.270	100988.000	16568.724	457.000
7.280	101155.000	16608.107	406.000
7.290	101324.000	16695.675	355.000
7.300	101488.000	16606.972	306.000
7.310	101654.000	16604.881	259.000
7.320	101823.000	16693.417	214.000
7.330	101985.000	16545.392	172.000
7.340	102150.000	16531.774	134.000
7.350	102311.000	16402.242	101.000
7.360	102472.000	16311.569	72.000
7.370	102634.000	16278.099	47.000
7.380	102793.000	16164.669	27.000
7.390	102951.000	16055.268	12.000
7.400	103108.000	15948.688	2.000
7.410	103264.000	15844.081	-3.000
7.420	103421.000	15800.857	-4.000
7.430	103575.000	15680.600	0.000
7.440	103729.000	15596.420	9.000
7.450	103880.000	15447.494	23.000
7.460	104033.000	15403.246	41.000
7.470	104185.000	15342.272	63.000
7.480	104335.000	15239.590	89.000
7.490	104486.000	15197.713	118.000
7.500	104635.000	15108.399	151.000
7.510	104785.000	15075.880	186.000
7.520	104934.000	15023.116	224.000
7.530	105083.000	14986.181	264.000
7.540	105233.000	14990.327	306.000
7.550	105379.000	14873.229	349.000
7.560	105528.000	14881.260	394.000
7.570	105677.000	14886.882	439.000
7.580	105825.000	14860.817	484.000
7.590	105973.000	14842.572	529.000
7.600	106122.000	14859.801	573.000
7.610	106270.000	14841.860	616.000
7.620	106421.000	14919.302	657.000
7.630	106569.000	14883.512	696.000
7.640	106720.000	14948.458	733.000
7.650	106869.000	14933.921	768.000
7.660	107020.000	14983.744	800.000
7.670	107170.000	14988.621	828.000
7.680	107321.000	15022.035	854.000
7.690	107473.000	15075.424	876.000
7.700	107626.000	15142.797	894.000
7.710	107779.000	15189.958	907.000
7.720	107933.000	15252.971	916.000
7.730	108087.000	15297.079	921.000
7.740	108242.000	15357.956	922.000
7.750	108399.000	15460.569	917.000
7.760	108558.000	15592.398	908.000
7.770	108715.000	15624.679	893.000
7.780	108874.000	15707.275	875.000
7.790	109034.000	15795.093	853.000
7.800	109196.000	15916.565	826.000
7.810	109358.000	16001.595	795.000
7.820	109524.000	16181.117	759.000
7.830	109685.000	16156.782	721.000
7.840	109850.000	16259.747	680.000
7.850	110016.000	16361.823	637.000
7.860	110182.000	16433.276	591.000
7.870	110348.000	16483.293	543.000
7.880	110515.000	16548.305	495.000
7.890	110682.000	16593.814	446.000
7.900	110848.000	16595.670	397.000
7.910	111016.000	16656.969	348.000
7.920	111184.000	16699.878	300.000
7.930	111350.000	16669.915	253.000
7.940	111516.000	16648.940	209.000
7.950	111682.000	16634.258	167.000
7.960	111848.000	16623.981	127.000
7.970	112012.000	16556.787	92.000
7.980	112175.000	16479.751	60.000
7.990	112337.000	16395.825	32.000
8.000	112498.000	16307.078	10.000
8.010	112658.000	16214.954	-8.000
8.020	112815.000	16060.468	-21.000
8.030	112972.000	15952.328	-28.000
8.040	113127.000	15816.629	-30.000
8.050	113281.000	15691.641	-26.000
8.060	113433.000	15544.148	-17.000
8.070	113584.000	15410.904	-3.000
8.080	113734.000	15287.633	16.000
8.090	113884.000	15201.343	40.000
8.100	114032.000	15080.940	68.000
8.110	114179.000	14966.658	100.000
8.120	114328.000	14946.661	135.000
8.130	114473.000	14812.662	173.000
8.140	114619.000	14748.864	214.000
8.150	114765.000	14704.205	257.000
8.160	114910.000	14642.943	302.000
8.170	115055.000	14600.060	349.000
8.180	115201.000	14600.042	396.000
8.190	115347.000	14600.030	444.000
8.200	115492.000	14570.021	491.000
8.210	115638.000	14579.014	538.000
8.220	115784.000	14585.310	585.000
8.230	115931.000	14619.717	630.000
8.240	116080.000	14703.802	672.000
8.250	116226.000	14672.661	713.000
8.260	116375.000	14740.863	751.000
8.270	116524.000	14788.604	787.000
8.280	116673.000	14822.023	819.000
8.290	116823.000	14875.416	849.000
8.300	116974.000	14942.791	875.000
8.310	117125.000	14989.954	896.000
8.320	117280.000	15142.968	914.000
8.330	117433.000	15190.077	926.000
8.340	117587.000	15253.054	934.000
8.350	117742.000	15327.138	939.000
8.360	117898.000	15408.997	938.000
8.370	118054.000	15466.298	934.000
8.380	118211.000	15536.408	925.000
8.390	118370.000	15645.486	912.000
8.400	118529.000	15721.840	894.000
8.410	118688.000	15775.288	872.000
8.420	118847.000	15812.702	847.000
8.430	119011.000	15988.891	818.000
8.440	119171.000	15992.224	785.000
8.450	119334.000	16084.557	749.000
8.460	119498.000	16179.190	710.000
8.470	119662.000	16245.433	668.000
8.480	119827.000	16321.803	624.000
8.490	119994.000	16435.262	578.000
8.500	120159.000	16454.683	530.000
8.510	120324.000	16468.278	482.000
8.520	120493.000	16597.795	433.000
8.530	120658.000	16568.456	384.000
8.540	120827.000	16667.919	336.000
8.550	120992.000	16617.544	288.000
8.560	121159.000	16642.281	243.000
8.570	121325.000	16629.596	199.000
8.580	121491.000	16620.717	158.000
8.590	121657.000	16614.502	120.000
8.600	121822.000	16580.152	84.000
8.610	121986.000	16526.106	53.000
8.620	122150.000	16488.274	25.000
8.630	122313.000	16431.792	2.000
8.640	122475.000	16362.254	-17.000
8.650	122637.000	16313.578	-32.000
8.660	122795.000	16159.505	-41.000
8.670	122954.000	16081.653	-45.000
8.680	123111.000	15967.157	-43.000
8.690	123267.000	15857.010	-37.000
8.700	123421.000	15719.907	-25.000
8.710	123575.000	15623.935	-8.000
8.720	123726.000	15466.754	14.000
8.730	123877.000	15356.728	41.000
8.740	124026.000	15219.710	73.000
8.750	124174.000	15093.797	108.000
8.760	124321.000	14975.658	148.000
8.770	124468.000	14892.960	190.000
8.780	124613.000	14775.072	236.000
8.790	124759.000	14722.551	283.000
8.800	124903.000	14625.785	333.000
8.810	125048.000	14588.050	383.000
8.820	125194.000	14591.635	434.000
8.830	125337.000	14504.144	484.000
8.840	125482.000	14502.901	535.000
8.850	125627.000	14502.031	584.000
8.860	125771.000	14471.422	632.000
8.870	125916.000	14479.995	679.000
8.880	126061.000	14485.997	724.000
8.890	126208.000	14550.198	765.000
8.900	126355.000	14595.138	803.000
8.910	126503.000	14656.597	838.000
8.920	126652.000	14729.618	868.000
8.930	126802.000	14810.732	894.000
8.940	126953.000	14897.513	916.000
8.950	127106.000	15018.259	932.000
8.960	127259.000	15102.781	944.000
8.970	127413.000	15191.947	950.000
8.980	127568.000	15284.363	952.000
8.990	127725.000	15409.054	949.000
9.000	127882.000	15496.338	942.000
9.010	128040.000	15587.436	929.000
9.020	128200.000	15711.206	912.000
9.030	128360.000	15797.844	890.000
9.040	128522.000	15918.491	864.000
9.050	128683.000	15972.943	834.000
9.060	128843.000	15981.060	802.000
9.070	129005.000	16046.742	767.000
9.080	129167.000	16092.720	730.000
9.090	129329.000	16124.904	690.000
9.100	129494.000	16237.433	648.000
9.110	129654.000	16166.203	605.000
9.120	129817.000	16206.342	562.000
9.130	129980.000	16234.439	518.000
9.140	130144.000	16284.108	473.000
9.150	130308.000	16318.875	427.000
9.160	130471.000	16313.213	382.000
9.170	130635.000	16339.249	338.000
9.180	130798.000	16327.474	295.000
9.190	130961.000	16319.232	254.000
9.200	131123.000	16283.462	215.000
9.210	131286.000	16288.424	179.000
9.220	131448.000	16261.897	145.000
9.230	131609.000	16213.328	115.000
9.240	131770.000	16179.329	88.000
9.250	131931.000	16155.531	64.000
9.260	132091.000	16108.871	45.000
9.270	132250.000	16046.210	29.000
9.280	132409.000	16002.347	18.000
9.290	132566.000	15911.643	12.000
9.300	132722.000	15818.150	11.000
9.310	132878.000	15752.705	14.000
9.320	133032.000	15646.894	22.000
9.330	133186.000	15572.825	35.000
9.340	133338.000	15460.978	53.000
9.350	133490.000	15382.684	75.000
9.360	133640.000	15267.879	101.000
9.370	133789.000	15157.515	132.000
9.380	133937.000	15050.261	167.000
9.390	134084.000	14945.183	205.000
9.400	134231.000	14871.628	247.000
9.410	134377.000	14790.139	291.000
9.420	134521.000	14673.098	337.000
9.430	134666.000	14621.168	386.000
9.440	134810.000	14554.818	435.000
9.450	134955.000	14538.372	485.000
9.460	135098.000	14466.861	536.000
9.470	135242.000	14446.803	586.000
9.480	135387.000	14462.762	634.000
9.490	135533.000	14503.933	681.000
9.500	135678.000	14502.753	725.000
9.510	135824.000	14531.927	767.000
9.520	135972.000	14612.349	806.000
9.530	136119.000	14638.644	841.000
9.540	136268.000	14717.051	873.000
9.550	136418.000	14801.936	901.000
9.560	136570.000	14921.355	923.000
9.570	136722.000	15004.949	941.000
9.580	136877.000	15153.464	954.000
9.590	137032.000	15257.425	961.000
9.600	137189.000	15390.197	963.000
9.610	137346.000	15483.138	960.000
9.620	137506.000	15638.197	952.000
9.630	137667.000	15776.738	939.000
9.640	137832.000	15993.716	920.000
9.650	137993.000	16025.601	896.000
9.660	138158.000	16167.921	868.000
9.670	138324.000	16297.545	836.000
9.680	138491.000	16418.281	799.000
9.690	138661.000	16592.797	759.000
9.700	138827.000	16594.958	715.000
9.710	138996.000	16686.470	670.000
9.720	139165.000	16750.529	623.000
9.730	139334.000	16795.371	574.000
9.740	139505.000	16886.759	523.000
9.750	139673.000	16860.732	472.000
9.760	139842.000	16872.512	422.000
9.770	140011.000	16880.758	372.000
9.780	140179.000	16856.531	323.000
9.790	140348.000	16869.572	276.000
9.800	140516.000	16848.700	229.000
9.810	140684.000	16834.090	185.000
9.820	140851.000	16793.863	143.000
9.830	141018.000	16765.704	104.000
9.840	141185.000	16745.993	67.000
9.850	141351.000	16702.195	34.000
9.860	141516.000	16641.537	4.000
9.870	141681.000	16599.076	-22.000
9.880	141845.000	16539.353	-44.000
9.890	142008.000	16467.547	-61.000
9.900	142170.000	16387.283	-74.000
9.910	142330.000	16271.098	-82.000
9.920	142490.000	16189.769	-85.000
9.930	142648.000	16072.838	-83.000
9.940	142804.000	15930.987	-75.000
9.950	142960.000	15831.691	-63.000
9.960	143114.000	15702.183	-45.000
9.970	143267.000	15581.528	-23.000
9.980	143419.000	15467.070	4.000
9.990	143572.000	15416.949	35.000
10.000	143718.000	15171.864	70.000
10.010	143867.000	15090.305	110.000
10.020	144013.000	14943.213	153.000
10.030	144159.000	14840.249	200.000
10.040	144304.000	14738.175	248.000
10.050	144448.000	14636.722	299.000
10.060	144591.000	14535.706	352.000
10.070	144733.000	14434.994	406.000
10.080	144875.000	14364.496	461.000
10.090	145017.000	14315.147	515.000
10.100	145158.000	14250.603	569.000
10.110	145299.000	14205.422	623.000
10.120	145439.000	14143.795	675.000
10.130	145581.000	14160.657	725.000
10.140	145722.000	14142.460	772.000
10.150	145864.000	14159.722	817.000
10.160	146006.000	14171.805	858.000
10.170	146149.000	14210.264	895.000
10.180	146293.000	14267.185	928.000
10.190	146439.000	14367.029	956.000
10.200	146585.000	14436.920	979.000
10.210	146734.000	14575.844	996.000
10.220	146885.000	14733.091	1007.000
10.230	147032.000	14723.164	1013.000
10.240	147184.000	14866.215	1015.000
10.250	147337.000	14996.350	1011.000
10.260	147492.000	15147.445	1001.000
10.270	147647.000	15253.212	986.000
10.280	147804.000	15387.248	966.000
10.290	147963.000	15541.074	941.000
10.300	148123.000	15678.752	911.000
10.310	148284.000	15805.126	876.000
10.320	148446.000	15923.588	838.000
10.330	148610.000	16066.512	796.000
10.340	148773.000	16136.558	751.000
10.350	148939.000	16275.591	704.000
10.360	149105.000	16372.914	654.000
10.370	149271.000	16441.039	602.000
10.380	149438.000	16518.728	550.000
10.390	149605.000	16573.109	497.000
10.400	149771.000	16581.177	444.000
10.410	149938.000	16616.824	393.000
10.420	150105.000	16641.777	343.000
10.430	150270.000	16599.244	294.000
10.440	150438.000	16659.470	248.000
10.450	150601.000	16551.629	204.000
10.460	150765.000	16506.141	165.000
10.470	150928.000	16444.298	129.000
10.480	151091.000	16401.009	97.000
10.490	151256.000	16430.706	68.000
10.500	151415.000	16271.494	43.000
10.510	151575.000	16190.046	24.000
10.520	151734.000	16103.032	10.000
10.530	151893.000	16042.123	0.000
10.540	152052.000	15999.486	-5.000
10.550	152209.000	15909.640	-7.000
10.560	152365.000	15816.748	-3.000
10.570	152521.000	15751.724	6.000
10.580	152675.000	15646.207	19.000
10.590	152830.000	15602.345	36.000
10.600	152985.000	15571.641	56.000
10.610	153136.000	15430.149	81.000
10.620	153287.000	15331.104	111.000
10.630	153438.000	15261.773	144.000
10.640	153590.000	15243.241	179.000
10.650	153739.000	15140.269	218.000
10.660	153889.000	15098.188	259.000
10.670	154038.000	15038.732	301.000
10.680	154188.000	15027.112	345.000
10.690	154337.000	14988.979	390.000
10.700	154485.000	14932.285	436.000
10.710	154634.000	14922.599	482.000
10.720	154784.000	14945.820	527.000
10.730	154932.000	14902.074	571.000
10.740	155081.000	14901.452	614.000
10.750	155229.000	14871.016	657.000
10.760	155379.000	14909.711	697.000
10.770	155527.000	14876.798	735.000
10.780	155675.000	14853.759	771.000
10.790	155825.000	14897.631	804.000
10.800	155974.000	14898.342	834.000
10.810	156124.000	14928.839	860.000
10.820	156274.000	14950.187	883.000
10.830	156426.000	15025.131	902.000
10.840	156578.000	15077.592	915.000
10.850	156730.000	15114.314	925.000
10.860	156884.000	15200.020	930.000
10.870	157040.000	15320.014	929.000
10.880	157196.000	15404.010	923.000
10.890	157354.000	15522.807	912.000
10.900	157513.000	15635.965	896.000
10.910	157676.000	15835.175	874.000
10.920	157834.000	15824.623	848.000
10.930	157996.000	15937.236	818.000
10.940	158161.000	16106.065	784.000
10.950	158323.000	16134.246	747.000
10.960	158488.000	16243.972	706.000
10.970	158654.000	16350.780	663.000
10.980	158821.000	16455.546	617.000
10.990	158988.000	16528.882	568.000
11.000	159157.000	16640.218	518.000
11.010	159324.000	16658.152	467.000
11.020	159491.000	16670.707	417.000
11.030	159656.000	16619.495	367.000
11.040	159825.000	16703.646	319.000
11.050	159993.000	16732.552	271.000
11.060	160158.000	16662.787	225.000
11.070	160322.000	16583.951	183.000
11.080	160486.000	16528.765	144.000
11.090	160649.000	16460.136	109.000
11.100	160811.000	16382.095	78.000
11.110	160971.000	16267.467	51.000
11.120	161131.000	16187.227	29.000
11.130	161289.000	16071.059	11.000
11.140	161445.000	15929.741	-1.000
11.150	161601.000	15830.819	-9.000
11.160	161757.000	15761.573	-12.000
11.170	161909.000	15593.101	-10.000
11.180	162062.000	15505.171	-2.000
11.190	162213.000	15383.620	10.000
11.200	162363.000	15268.534	27.000
11.210	162515.000	15247.974	47.000
11.220	162662.000	15083.582	72.000
11.230	162808.000	14938.507	101.000
11.240	162955.000	14866.955	135.000
11.250	163103.000	14846.868	171.000
11.260	163247.000	14712.808	211.000
11.270	163394.000	14708.966	252.000
11.280	163537.000	14586.276	296.000
11.290	163682.000	14560.393	343.000
11.300	163826.000	14512.275	390.000
11.310	163969.000	14448.593	439.000
11.320	164115.000	14494.015	487.000
11.330	164259.000	14465.810	535.000
11.340	164407.000	14566.067	582.000
11.350	164549.000	14456.247	628.000
11.360	164696.000	14529.373	673.000
11.370	164842.000	14550.561	716.000
11.380	164990.000	14625.393	756.000
11.390	165140.000	14737.775	793.000
11.400	165286.000	14696.442	827.000
11.410	165437.000	14817.510	857.000
11.420	165586.000	14842.257	885.000
11.430	165737.000	14919.580	908.000
11.440	165889.000	15003.706	928.000
11.450	166041.000	15062.594	943.000
11.460	166195.000	15163.816	953.000
11.470	166349.000	15234.671	960.000
11.480	166505.000	15344.270	961.000
11.490	166661.000	15420.989	958.000
11.500	166819.000	15534.692	950.000
11.510	166978.000	15644.285	937.000
11.520	167138.000	15750.999	920.000
11.530	167298.000	15825.699	898.000
11.540	167462.000	15997.990	871.000
11.550	167626.000	16118.593	840.000
11.560	167791.000	16233.015	804.000
11.570	167956.000	16313.110	765.000
11.580	168124.000	16459.177	723.000
11.590	168292.000	16561.424	677.000
11.600	168461.000	16662.997	629.000
11.610	168633.000	16824.098	578.000
11.620	168802.000	16846.868	525.000
11.630	168973.000	16922.808	472.000
11.640	169145.000	17005.966	418.000
11.650	169316.000	17034.176	364.000
11.660	169487.000	17053.923	311.000
11.670	169659.000	17097.746	258.000
11.680	169830.000	17098.422	208.000
11.690	170000.000	17068.896	160.000
11.700	170170.000	17048.227	114.000
11.710	170339.000	17003.759	72.000
11.720	170509.000	17002.631	34.000
11.730	170675.000	16881.842	-1.000
11.740	170840.000	16767.289	-31.000
11.750	171005.000	16687.103	-55.000
11.760	171168.000	16570.972	-75.000
11.770	171329.000	16429.680	-89.000
11.780	171489.000	16300.776	-97.000
11.790	171647.000	16150.543	-100.000
11.800	171803.000	15985.380	-96.000
11.810	171958.000	15839.766	-87.000
11.820	172112.000	15707.836	-73.000
11.830	172264.000	15555.485	-54.000
11.840	172415.000	15418.840	-30.000
11.850	172564.000	15263.188	-1.000
11.860	172713.000	15154.232	33.000
11.870	172859.000	14987.962	70.000
11.880	173005.000	14871.573	112.000
11.890	173152.000	14820.101	156.000
11.900	173296.000	14694.071	203.000
11.910	173441.000	14635.850	252.000
11.920	173587.000	14625.095	301.000
11.930	173729.000	14497.566	352.000
11.940	173874.000	14498.296	404.000
11.950	174015.000	14378.808	456.000
11.960	174160.000	14415.165	509.000
11.970	174302.000	14350.616	560.000
11.980	174446.000	14365.431	611.000
11.990	174590.000	14375.802	659.000
12.000	174735.000	14413.061	705.000
12.010	174880.000	14439.143	0.000
12.020	175026.000	14487.400	0.000
12.030	175170.000	14461.180	0.000
12.040	175313.000	14412.826	0.000
12.050	175456.000	14378.978	0.000
12.060	175597.000	14295.285	0.000
12.070	175737.000	14206.699	0.000
12.080	175878.000	14174.690	0.000
12.090	176014.000	14002.283	0.000
12.100	176151.000	13911.598	0.000
12.110	176287.000	13818.119	0.000
12.120	176420.000	13662.683	0.000
12.130	176553.000	13553.878	0.000
12.140	176684.000	13417.715	0.000
12.150	176814.000	13292.400	0.000
12.160	176944.000	13204.680	0.000
12.170	177071.000	13053.276	0.000
12.180	177197.000	12917.293	0.000
12.190	177323.000	12822.105	0.000
12.200	177445.000	12635.474	0.000
12.210	177568.000	12534.832	0.000
12.220	177689.000	12404.382	0.000
12.230	177809.000	12283.067	0.000
12.240	177928.000	12168.147	0.000
12.250	178046.000	12057.703	0.000
12.260	178163.000	11950.392	0.000
12.270	178279.000	11845.275	0.000
12.280	178395.000	11771.692	0.000
12.290	178509.000	11660.185	0.000
12.300	178623.000	11582.129	0.000
12.310	178735.000	11467.490	0.000
12.320	178847.000	11387.243	0.000
12.330	178958.000	11301.070	0.000
12.340	179068.000	11210.749	0.000
12.350	179177.000	11117.524	0.000
12.360	179286.000	11052.267	0.000
12.370	179393.000	10946.587	0.000
12.380	179499.000	10842.611	0.000
12.390	179606.000	10799.828	0.000
12.400	179709.000	10649.879	0.000
12.410	179813.000	10574.916	0.000
12.420	179916.000	10492.441	0.000
12.430	180018.000	10404.709	0.000
12.440	180121.000	10373.296	0.000
12.450	180220.000	10231.307	0.000
12.460	180320.000	10161.915	0.000
12.470	180420.000	10113.341	0.000
12.480	180516.000	9959.338	0.000
12.490	180614.000	9911.537	0.000
12.500	180709.000	9788.076	0.000
12.510	180805.000	9731.653	0.000
12.520	180900.000	9662.157	0.000
12.530	180994.000	9583.510	0.000
12.540	181086.000	9468.457	0.000
12.550	181178.000	9387.920	0.000
12.560	181270.000	9331.544	0.000
12.570	181361.000	9262.081	0.000
12.580	181450.000	9153.457	0.000
12.590	181538.000	9047.420	0.000
12.600	181623.000	8883.194	0.000
12.610	181708.000	8768.236	0.000
12.620	181792.000	8657.765	0.000
12.630	181874.000	8520.435	0.000
12.640	181957.000	8454.305	0.000
12.650	182035.000	8258.013	0.000
12.660	182114.000	8150.609	0.000
12.670	182191.000	8015.427	0.000
12.680	182266.000	7860.799	0.000
12.690	182340.000	7722.559	0.000
12.700	182413.000	7595.791	0.000
12.710	182485.000	7477.054	0.000
12.720	182555.000	7333.938	0.000
12.730	182624.000	7203.756	0.000
12.740	182691.000	7052.629	0.000
12.750	182757.000	6916.841	0.000
12.760	182822.000	6791.788	0.000
12.770	182886.000	6674.252	0.000
12.780	182949.000	6561.976	0.000
12.790	183012.000	6483.383	0.000
12.800	183072.000	6338.368	0.000
12.810	183132.000	6236.858	0.000
12.820	183191.000	6135.801	0.000
12.830	183248.000	6005.060	0.000
12.840	183305.000	5913.542	0.000
12.850	183361.000	5819.480	0.000
12.860	183416.000	5723.636	0.000
12.870	183471.000	5656.545	0.000
12.880	183524.000	5549.581	0.000
12.890	183577.000	5474.707	0.000
12.900	183628.000	5362.295	0.000
12.910	183680.000	5313.606	0.000
12.920	183731.000	5249.525	0.000
12.930	183781.000	5174.667	0.000
12.940	183831.000	5122.267	0.000
12.950	183879.000	5025.587	0.000
12.960	183927.000	4957.911	0.000
12.970	183974.000	4880.538	0.000
12.980	184021.000	4826.376	0.000
12.990	184067.000	4758.463	0.000
13.000	184113.000	4710.924	0.000
13.010	184157.000	4617.647	0.000
13.020	184201.000	4552.353	0.000
13.030	184244.000	4476.647	0.000
13.040	184287.000	4423.653	0.000
13.050	184328.000	4326.557	0.000
13.060	184369.000	4258.590	0.000
13.070	184410.000	4211.013	0.000
13.080	184450.000	4147.709	0.000
13.090	184489.000	4073.396	0.000
13.100	184528.000	4021.377	0.000
13.110	184566.000	3954.964	0.000
13.120	184603.000	3878.475	0.000
13.130	184639.000	3794.932	0.000
13.140	184676.000	3766.453	0.000
13.150	184710.000	3656.517	0.000
13.160	184745.000	3609.562	0.000
13.170	184779.000	3546.693	0.000
13.180	184812.000	3472.685	0.000
13.190	184845.000	3420.880	0.000
13.200	184877.000	3354.616	0.000
13.210	184908.000	3278.231	0.000
13.220	184938.000	3194.762	0.000
13.230	184968.000	3136.333	0.000
13.240	184997.000	3065.433	0.000
13.250	185025.000	2985.803	0.000
13.260	185053.000	2930.062	0.000
13.270	185080.000	2861.044	0.000
13.280	185106.000	2782.731	0.000
13.290	185131.000	2697.911	0.000
13.300	185156.000	2638.538	0.000
13.310	185179.000	2536.977	0.000
13.320	185202.000	2465.884	0.000
13.330	185225.000	2416.119	0.000
13.340	185246.000	2321.283	0.000
13.350	185267.000	2254.898	0.000
13.360	185287.000	2178.429	0.000
13.370	185307.000	2124.900	0.000
13.380	185326.000	2057.430	0.000
13.390	185344.000	1980.201	0.000
13.400	185362.000	1926.141	0.000
13.410	185379.000	1858.299	0.000
13.420	185395.000	1780.809	0.000
13.430	185410.000	1696.566	0.000
13.440	185425.000	1637.596	0.000
13.450	185439.000	1566.317	0.000
13.460	185453.000	1516.422	0.000
13.470	185466.000	1451.496	0.000
13.480	185479.000	1406.047	0.000
13.490	185492.000	1374.233	0.000
13.500	185504.000	1321.963	0.000
13.510	185516.000	1285.374	0.000
13.520	185527.000	1229.762	0.000
13.530	185538.000	1190.833	0.000
13.540	185549.000	1163.583	0.000
13.550	185559.000	1114.508	0.000
13.560	185568.000	1050.156	0.000
13.570	185577.000	1005.109	0.000
13.580	185586.000	973.576	0.000
13.590	185593.000	891.503	0.000
13.600	185601.000	864.052	0.000
13.610	185607.000	784.837	0.000
13.620	185613.000	729.386	0.000
13.630	185618.000	660.570	0.000
13.640	185623.000	612.399	0.000
13.650	185627.000	548.679	0.000
13.660	185630.000	474.076	0.000
13.670	185632.000	391.853	0.000
13.680	185634.000	334.297	0.000
13.690	185635.000	264.008	0.000
13.700	185635.000	184.806	0.000
13.710	185635.000	129.364	0.000
13.720	185635.000	90.555	0.000
13.730	185633.000	3.388	0.000
13.740	185630.000	-87.628	0.000
13.750	185628.000	-121.340	0.000
13.760	185624.000	-204.938	0.000
13.770	185620.000	-263.456	0.000
13.780	185616.000	-304.420	0.000
13.790	185612.000	-333.094	0.000
13.800	185607.000	-383.166	0.000
13.810	185603.000	-388.216	0.000
13.820	185598.000	-421.751	0.000
13.830	185594.000	-415.226	0.000
13.840	185589.000	-440.658	0.000
13.850	185585.000	-428.461	0.000
13.860	185580.000	-449.922	0.000
13.870	185575.000	-464.946	0.000
13.880	185570.000	-475.462	0.000
13.890	185564.000	-512.823	0.000
13.900	185557.000	-568.976	0.000
13.910	185549.000	-638.283	0.000
13.920	185540.000	-716.798	0.000
13.930	185529.000	-831.759	0.000
13.940	185517.000	-942.231	0.000
13.950	185505.000	-1019.562	0.000
13.960	185491.000	-1133.693	0.000
13.970	185476.000	-1243.585	0.000
13.980	185460.000	-1350.510	0.000
13.990	185444.000	-1425.357	0.000
14.000	185426.000	-1537.750	0.000
14.010	185408.000	-1616.425	0.000
14.020	185389.000	-1701.497	0.000
14.030	185370.000	-1761.048	0.000
14.040	185351.000	-1802.734	0.000
14.050	185331.000	-1861.914	0.000
14.060	185312.000	-1873.340	0.000
14.070	185293.000	-1881.338	0.000
14.080	185273.000	-1916.936	0.000
14.090	185254.000	-1911.855	0.000
14.100	185236.000	-1878.299	0.000
14.110	185217.000	-1884.809	0.000
14.120	185199.000	-1859.366	0.000
14.130	185181.000	-1841.556	0.000
14.140	185164.000	-1799.090	0.000
14.150	185147.000	-1769.363	0.000
14.160	185131.000	-1718.554	0.000
14.170	185115.000	-1682.988	0.000
14.180	185099.000	-1658.091	0.000
14.190	185084.000	-1610.664	0.000
14.200	185069.000	-1577.465	0.000
14.210	185055.000	-1524.225	0.000
14.220	185041.000	-1486.958	0.000
14.230	185028.000	-1430.870	0.000
14.240	185015.000	-1391.609	0.000
14.250	185003.000	-1334.127	0.000
14.260	184992.000	-1263.889	0.000
14.270	184981.000	-1214.722	0.000
14.280	184971.000	-1150.305	0.000
14.290	184961.000	-1105.214	0.000
14.300	184952.000	-1043.650	0.000
14.310	184944.000	-970.555	0.000
14.320	184937.000	-889.388	0.000
14.330	184930.000	-832.572	0.000
14.340	184924.000	-762.800	0.000
14.350	184919.000	-683.960	0.000
14.360	184915.000	-598.772	0.000
14.370	184911.000	-539.140	0.000
14.380	184908.000	-467.398	0.000
14.390	184906.000	-387.179	0.000
14.400	184904.000	-331.025	0.000
14.410	184903.000	-261.718	0.000
14.420	184903.000	-183.202	0.000
14.430	184903.000	-128.242	0.000
14.440	184903.000	-89.769	0.000
14.450	184904.000	-32.838	0.000
14.460	184906.000	37.013	0.000
14.470	184909.000	115.909	0.000
14.480	184912.000	171.136	0.000
14.490	184916.000	239.795	0.000
14.500	184920.000	287.857	0.000
14.510	184924.000	321.500	0.000
14.520	184929.000	375.050	0.000
14.530	184934.000	412.535	0.000
14.540	184939.000	438.774	0.000
14.550	184944.000	457.142	0.000
14.560	184950.000	499.999	0.000
14.570	184955.000	500.000	0.000
14.580	184962.000	560.000	0.000
14.590	184968.000	572.000	0.000
14.600	184973.000	550.400	0.000
14.610	184978.000	535.280	0.000
14.620	184983.000	524.696	0.000
14.630	184988.000	517.287	0.000
14.640	184992.000	482.101	0.000
14.650	184996.000	457.471	0.000
14.660	185000.000	440.229	0.000
14.670	185005.000	458.161	0.000
14.680	185008.000	410.712	0.000
14.690	185012.000	407.499	0.000
14.700	185015.000	375.249	0.000
14.710	185019.000	382.674	0.000
14.720	185022.000	357.872	0.000
14.730	185025.000	340.510	0.000
14.740	185027.000	298.357	0.000
14.750	185029.000	268.850	0.000
14.760	185032.000	278.195	0.000
14.770	185033.000	224.737	0.000
14.780	185035.000	217.316	0.000
14.790	185036.000	182.121	0.000
14.800	185037.000	157.485	0.000
14.810	185038.000	140.239	0.000
14.820	185039.000	128.167	0.000
14.830	185039.000	89.717	0.000
14.840	185039.000	62.802	0.000
14.850	185039.000	43.961	0.000
14.860	185039.000	30.773	0.000
14.870	185039.000	21.541	0.000
14.880	185039.000	15.079	0.000
14.890	185038.000	-19.445	0.000
14.900	185037.000	-43.611	0.000
14.910	185036.000	-60.528	0.000
14.920	185034.000	-102.370	0.000
14.930	185033.000	-101.659	0.000
14.940	185032.000	-101.161	0.000
14.950	185030.000	-130.813	0.000
14.960	185029.000	-121.569	0.000
14.970	185028.000	-115.098	0.000
14.980	185026.000	-140.569	0.000
14.990	185025.000	-128.398	0.000
15.000	185024.000	-119.879	0.000
