0.000	0.000	0.000	0.000
0.010	2.000	60.000	-1.000
0.020	3.000	72.000	-2.000
0.030	4.000	80.400	-3.000
0.040	4.000	56.280	-4.000
0.050	4.000	39.396	-5.000
0.060	4.000	27.577	-5.000
0.070	4.000	19.304	-5.000
0.080	3.000	-16.487	-5.000
0.090	2.000	-41.541	-4.000
0.100	0.000	-89.079	-2.000
0.110	-2.000	-122.355	0.000
0.120	-4.000	-145.649	3.000
0.130	-6.000	-161.954	5.000
0.140	-8.000	-173.368	8.000
0.150	-10.000	-181.357	11.000
0.160	-12.000	-186.950	14.000
0.170	-14.000	-190.865	16.000
0.180	-16.000	-193.606	19.000
0.190	-18.000	-195.524	21.000
0.200	-20.000	-196.867	23.000
0.210	-21.000	-167.807	25.000
0.220	-23.000	-177.465	26.000
0.230	-24.000	-154.225	27.000
0.240	-25.000	-137.958	28.000
0.250	-25.000	-96.570	28.000
0.260	-26.000	-97.599	28.000
0.270	-26.000	-68.319	27.000
0.280	-26.000	-47.824	26.000
0.290	-26.000	-33.477	25.000
0.300	-26.000	-23.434	24.000
0.310	-26.000	-16.404	23.000
0.320	-26.000	-11.482	21.000
0.330	-25.000	21.962	20.000
0.340	-23.000	75.374	18.000
0.350	-22.000	82.762	15.000
0.360	-21.000	87.933	13.000
0.370	-20.000	91.553	10.000
0.380	-19.000	94.087	8.000
0.390	-18.000	95.861	6.000
0.400	-16.000	127.103	4.000
0.410	-16.000	88.972	2.000
0.420	-15.000	92.280	1.000
0.430	-14.000	94.596	-1.000
0.440	-13.000	96.217	-2.000
0.450	-13.000	67.352	-3.000
0.460	-13.000	47.147	-3.000
0.470	-13.000	33.003	-3.000
0.480	-13.000	23.102	-3.000
0.490	-13.000	16.171	-2.000
0.500	-13.000	11.320	-2.000
0.510	-13.000	7.924	2.000
0.520	-13.000	5.547	11.000
0.530	-14.000	-26.117	26.000
0.540	-15.000	-48.282	46.000
0.550	-15.000	-33.797	71.000
0.560	-16.000	-53.658	100.000
0.570	-16.000	-37.561	132.000
0.580	-17.000	-56.293	168.000
0.590	-17.000	-39.405	207.000
0.600	-17.000	-27.583	249.000
0.610	-17.000	-19.308	293.000
0.620	-16.000	16.484	339.000
0.630	-13.000	101.539	386.000
0.640	-11.000	131.077	434.000
0.650	-7.000	211.754	484.000
0.660	-3.000	268.228	534.000
0.670	2.000	337.759	586.000
0.680	8.000	416.432	638.000
0.690	15.000	501.502	691.000
0.700	23.000	591.052	745.000
0.710	32.000	683.736	798.000
0.720	42.000	778.615	853.000
0.730	54.000	905.031	907.000
0.740	68.000	1053.521	961.000
0.750	83.000	1187.465	1015.000
0.760	100.000	1341.226	1068.000
0.770	119.000	1508.858	1121.000
0.780	140.000	1686.201	1173.000
0.790	163.000	1870.340	1224.000
0.800	189.000	2089.238	1275.000
0.810	218.000	2332.467	1324.000
0.820	249.000	2562.727	1371.000
0.830	282.000	2783.909	1418.000
0.840	318.000	3028.736	1463.000
0.850	357.000	3290.115	1508.000
0.860	398.000	3533.081	1551.000
0.870	441.000	3763.156	1593.000
0.880	488.000	4044.210	1635.000
0.890	538.000	4330.947	1675.000
0.900	590.000	4591.663	1715.000
0.910	646.000	4894.164	1753.000
0.920	706.000	5225.915	1790.000
0.930	767.000	5488.140	1825.000
0.940	832.000	5791.698	1860.000
0.950	900.000	6094.189	1894.000
0.960	970.000	6365.932	1927.000
0.970	1044.000	6676.152	1960.000
0.980	1121.000	6983.307	1992.000
0.990	1202.000	7318.315	2023.000
1.000	1286.000	7642.820	2053.000
1.010	1374.000	7989.974	2079.000
1.020	1465.000	8322.982	2098.000
1.030	1560.000	8676.087	2111.000
1.040	1659.000	9043.261	2117.000
1.050	1760.000	9360.283	2119.000
1.060	1865.000	9702.198	2115.000
1.070	1974.000	10061.539	2108.000
1.080	2087.000	10433.077	2095.000
1.090	2203.000	10783.154	2079.000
1.100	2321.000	11088.208	2060.000
1.110	2443.000	11421.745	2038.000
1.120	2568.000	11745.222	2013.000
1.130	2696.000	12061.655	1986.000
1.140	2828.000	12403.159	1957.000
1.150	2963.000	12732.211	1925.000
1.160	3100.000	13022.548	1892.000
1.170	3241.000	13345.783	1857.000
1.180	3385.000	13662.048	1820.000
1.190	3532.000	13973.434	1782.000
1.200	3682.000	14281.404	1743.000
1.210	3835.000	14586.983	1702.000
1.220	3990.000	14860.888	1660.000
1.230	4149.000	15172.621	1617.000
1.240	4311.000	15480.835	1573.000
1.250	4476.000	15786.585	1528.000
1.260	4641.000	16000.609	1482.000
1.270	4810.000	16270.426	1437.000
1.280	4981.000	16519.298	1391.000
1.290	5154.000	16753.509	1345.000
1.300	5330.000	17007.456	1299.000
1.310	5508.000	17245.219	1253.000
1.320	5687.000	17441.654	1206.000
1.330	5868.000	17639.157	1161.000
1.340	6051.000	17837.410	1116.000
1.350	6239.000	18126.187	1070.000
1.360	6422.000	18178.331	1025.000
1.370	6608.000	18304.832	982.000
1.380	6796.000	18453.382	940.000
1.390	6986.000	18617.368	899.000
1.400	7176.000	18732.157	858.000
1.410	7367.000	18842.510	819.000
1.420	7558.000	18919.757	781.000
1.430	7750.000	19003.830	745.000
1.440	7941.000	19032.681	710.000
1.450	8135.000	19142.877	677.000
1.460	8327.000	19160.014	644.000
1.470	8520.000	19202.010	614.000
1.480	8713.000	19231.407	585.000
1.490	8907.000	19281.985	557.000
1.500	9102.000	19347.389	530.000
1.510	9297.000	19393.172	504.000
1.520	9492.000	19425.221	478.000
1.530	9688.000	19477.655	453.000
1.540	9883.000	19484.358	429.000
1.550	10079.000	19519.051	406.000
1.560	10275.000	19543.336	384.000
1.570	10471.000	19560.335	362.000
1.580	10667.000	19572.234	341.000
1.590	10863.000	19580.564	321.000
1.600	11058.000	19556.395	302.000
1.610	11254.000	19569.476	284.000
1.620	11449.000	19548.633	267.000
1.630	11643.000	19504.043	251.000
1.640	11837.000	19472.830	236.000
1.650	12031.000	19450.981	222.000
1.660	12223.000	19375.687	209.000
1.670	12415.000	19322.981	198.000
1.680	12606.000	19256.087	188.000
1.690	12796.000	19179.261	179.000
1.700	12988.000	19185.482	171.000
1.710	13174.000	19009.838	164.000
1.720	13361.000	18916.886	159.000
1.730	13548.000	18851.820	156.000
1.740	13733.000	18746.274	153.000
1.750	13918.000	18672.392	152.000
1.760	14102.000	18590.674	151.000
1.770	14286.000	18533.472	151.000
1.780	14470.000	18493.430	151.000
1.790	14652.000	18405.401	151.000
1.800	14833.000	18313.781	152.000
1.810	15015.000	18279.647	153.000
1.820	15195.000	18195.753	155.000
1.830	15376.000	18167.027	156.000
1.840	15556.000	18116.919	158.000
1.850	15736.000	18081.843	159.000
1.860	15915.000	18027.290	160.000
1.870	16094.000	17989.103	161.000
1.880	16271.000	17902.372	163.000
1.890	16449.000	17871.661	165.000
1.900	16627.000	17850.162	166.000
1.910	16803.000	17775.114	168.000
1.920	16979.000	17722.580	170.000
1.930	17155.000	17685.806	172.000
1.940	17330.000	17630.064	174.000
1.950	17504.000	17561.045	176.000
1.960	17678.000	17512.731	178.000
1.970	17850.000	17418.912	182.000
1.980	18022.000	17353.238	185.000
1.990	18192.000	17247.267	190.000
2.000	18362.000	17173.087	195.000
2.010	18531.000	17091.161	201.000
2.020	18700.000	17033.813	207.000
2.030	18866.000	16903.669	214.000
2.040	19033.000	16842.568	221.000
2.050	19200.000	16799.798	228.000
2.060	19364.000	16679.858	236.000
2.070	19529.000	16625.901	244.000
2.080	19693.000	16558.131	253.000
2.090	19856.000	16480.691	261.000
2.100	20020.000	16456.484	270.000
2.110	20183.000	16409.539	278.000
2.120	20348.000	16436.677	284.000
2.130	20508.000	16305.674	291.000
2.140	20670.000	16273.972	299.000
2.150	20833.000	16281.780	306.000
2.160	20994.000	16227.246	312.000
2.170	21155.000	16189.072	319.000
2.180	21315.000	16132.351	325.000
2.190	21476.000	16122.645	331.000
2.200	21636.000	16085.852	337.000
2.210	21796.000	16060.096	343.000
2.220	21958.000	16102.067	347.000
2.230	22116.000	16011.447	352.000
2.240	22276.000	16008.013	357.000
2.250	22436.000	16005.609	361.000
2.260	22595.000	15973.926	365.000
2.270	22754.000	15951.748	369.000
2.280	22913.000	15936.224	373.000
2.290	23071.000	15895.357	377.000
2.300	23229.000	15866.750	381.000
2.310	23385.000	15786.725	386.000
2.320	23541.000	15730.707	391.000
2.330	23697.000	15691.495	397.000
2.340	23852.000	15634.047	403.000
2.350	24006.000	15563.833	409.000
2.360	24159.000	15484.683	417.000
2.370	24312.000	15429.278	425.000
2.380	24464.000	15360.495	433.000
2.390	24617.000	15342.346	442.000
2.400	24768.000	15269.642	450.000
2.410	24922.000	15308.750	458.000
2.420	25072.000	15216.125	466.000
2.430	25223.000	15181.287	475.000
2.440	25375.000	15186.901	482.000
2.450	25528.000	15220.831	489.000
2.460	25680.000	15214.582	495.000
2.470	25833.000	15240.207	500.000
2.480	25986.000	15258.145	505.000
2.490	26141.000	15330.701	508.000
2.500	26295.000	15351.491	510.000
2.510	26449.000	15366.044	511.000
2.520	26604.000	15406.231	512.000
2.530	26759.000	15434.361	512.000
2.540	26915.000	15484.053	512.000
2.550	27072.000	15548.837	510.000
2.560	27227.000	15534.186	508.000
2.570	27384.000	15583.930	506.000
2.580	27540.000	15588.751	504.000
2.590	27696.000	15592.126	502.000
2.600	27854.000	15654.488	499.000
2.610	28011.000	15668.142	496.000
2.620	28167.000	15647.699	493.000
2.630	28326.000	15723.389	490.000
2.640	28483.000	15716.373	487.000
2.650	28640.000	15711.461	484.000
2.660	28797.000	15708.023	481.000
2.670	28954.000	15705.616	479.000
2.680	29109.000	15643.931	478.000
2.690	29266.000	15660.752	477.000
2.700	29421.000	15612.526	476.000
2.710	29577.000	15608.768	476.000
2.720	29732.000	15576.138	477.000
2.730	29888.000	15583.296	477.000
2.740	30044.000	15588.308	478.000
2.750	30199.000	15561.815	478.000
2.760	30356.000	15603.271	479.000
2.770	30514.000	15662.289	478.000
2.780	30667.000	15553.603	478.000
2.790	30824.000	15597.522	479.000
2.800	30981.000	15628.265	479.000
2.810	31138.000	15649.786	478.000
2.820	31295.000	15664.850	477.000
2.830	31452.000	15675.395	476.000
2.840	31610.000	15712.776	474.000
2.850	31768.000	15738.944	472.000
2.860	31927.000	15787.260	469.000
2.870	32085.000	15791.082	466.000
2.880	32243.000	15793.758	464.000
2.890	32401.000	15795.630	461.000
2.900	32562.000	15886.941	458.000
2.910	32721.000	15890.859	454.000
2.920	32880.000	15893.601	450.000
2.930	33040.000	15925.521	446.000
2.940	33200.000	15947.865	442.000
2.950	33361.000	15993.505	438.000
2.960	33520.000	15965.454	434.000
2.970	33680.000	15975.818	430.000
2.980	33839.000	15953.072	427.000
2.990	34000.000	15997.151	423.000
3.000	34158.000	15938.005	420.000
3.010	34316.000	15896.604	419.000
3.020	34475.000	15897.623	418.000
3.030	34633.000	15868.336	417.000
3.040	34791.000	15847.835	416.000
3.050	34948.000	15803.485	416.000
3.060	35105.000	15772.439	417.000
3.070	35264.000	15810.707	418.000
3.080	35420.000	15747.495	418.000
3.090	35577.000	15733.247	420.000
3.100	35735.000	15753.273	421.000
3.110	35894.000	15797.291	421.000
3.120	36050.000	15738.104	422.000
3.130	36208.000	15756.673	422.000
3.140	36366.000	15769.671	422.000
3.150	36524.000	15778.770	422.000
3.160	36684.000	15845.139	421.000
3.170	36840.000	15771.597	421.000
3.180	36999.000	15810.118	420.000
3.190	37157.000	15807.083	419.000
3.200	37316.000	15834.958	418.000
3.210	37475.000	15854.470	417.000
3.220	37633.000	15838.129	415.000
3.230	37792.000	15856.691	414.000
3.240	37950.000	15839.683	413.000
3.250	38108.000	15827.778	412.000
3.260	38267.000	15849.445	410.000
3.270	38422.000	15744.611	410.000
3.280	38579.000	15731.228	411.000
3.290	38736.000	15721.860	412.000
3.300	38893.000	15715.302	413.000
3.310	39048.000	15650.711	415.000
3.320	39204.000	15635.498	417.000
3.330	39358.000	15564.848	420.000
3.340	39513.000	15545.394	423.000
3.350	39669.000	15561.776	426.000
3.360	39820.000	15423.243	430.000
3.370	39973.000	15386.270	435.000
3.380	40126.000	15360.389	441.000
3.390	40278.000	15312.272	446.000
3.400	40430.000	15278.591	452.000
3.410	40583.000	15285.013	458.000
3.420	40733.000	15199.509	464.000
3.430	40884.000	15169.657	470.000
3.440	41036.000	15178.760	477.000
3.450	41189.000	15215.132	482.000
3.460	41340.000	15180.592	487.000
3.470	41491.000	15156.415	492.000
3.480	41643.000	15169.490	497.000
3.490	41795.000	15178.643	501.000
3.500	41948.000	15215.050	504.000
3.510	42099.000	15180.535	507.000
3.520	42251.000	15186.375	510.000
3.530	42404.000	15220.462	513.000
3.540	42556.000	15214.324	515.000
3.550	42709.000	15240.026	517.000
3.560	42863.000	15288.019	518.000
3.570	43017.000	15321.613	518.000
3.580	43171.000	15345.129	518.000
3.590	43325.000	15361.590	518.000
3.600	43480.000	15403.113	517.000
3.610	43635.000	15432.179	515.000
3.620	43790.000	15452.525	513.000
3.630	43949.000	15586.768	510.000
3.640	44101.000	15470.737	507.000
3.650	44257.000	15509.516	505.000
3.660	44412.000	15506.661	503.000
3.670	44567.000	15504.663	502.000
3.680	44723.000	15533.264	500.000
3.690	44878.000	15523.285	498.000
3.700	45034.000	15546.299	497.000
3.710	45190.000	15562.410	495.000
3.720	45344.000	15513.687	494.000
3.730	45499.000	15509.581	493.000
3.740	45654.000	15506.706	493.000
3.750	45809.000	15504.695	492.000
3.760	45965.000	15533.286	492.000
3.770	46120.000	15523.300	491.000
3.780	46276.000	15546.310	490.000
3.790	46432.000	15562.417	489.000
3.800	46589.000	15603.692	488.000
3.810	46745.000	15602.584	486.000
3.820	46902.000	15631.809	485.000
3.830	47059.000	15652.266	483.000
3.840	47216.000	15666.586	480.000
3.850	47375.000	15736.611	477.000
3.860	47532.000	15725.627	474.000
3.870	47690.000	15747.939	471.000
3.880	47851.000	15853.557	467.000
3.890	48007.000	15777.490	463.000
3.900	48167.000	15844.243	460.000
3.910	48325.000	15830.970	456.000
3.920	48484.000	15851.679	453.000
3.930	48643.000	15866.175	449.000
3.940	48803.000	15906.323	445.000
3.950	48963.000	15934.426	441.000
3.960	49123.000	15954.098	437.000
3.970	49283.000	15967.869	432.000
3.980	49443.000	15977.508	428.000
3.990	49603.000	15984.256	424.000
4.000	49762.000	15958.979	420.000
4.010	49922.000	15971.285	417.000
4.020	50080.000	15919.900	415.000
4.030	50238.000	15883.930	413.000
4.040	50396.000	15858.751	412.000
4.050	50553.000	15811.126	412.000
4.060	50710.000	15777.788	413.000
4.070	50867.000	15754.452	414.000
4.080	51021.000	15648.116	416.000
4.090	51176.000	15603.681	419.000
4.100	51331.000	15572.577	423.000
4.110	51485.000	15520.804	427.000
4.120	51640.000	15514.563	432.000
4.130	51794.000	15480.194	436.000
4.140	51948.000	15456.136	440.000
4.150	52104.000	15499.295	444.000
4.160	52258.000	15469.506	448.000
4.170	52413.000	15478.655	451.000
4.180	52568.000	15485.058	454.000
4.190	52723.000	15489.541	456.000
4.200	52879.000	15522.679	458.000
4.210	53033.000	15485.875	459.000
4.220	53189.000	15520.112	461.000
4.230	53344.000	15514.079	462.000
4.240	53500.000	15539.855	463.000
4.250	53657.000	15587.899	463.000
4.260	53814.000	15621.529	462.000
4.270	53968.000	15555.070	462.000
4.280	54125.000	15598.549	462.000
4.290	54280.000	15568.984	461.000
4.300	54436.000	15578.289	461.000
4.310	54592.000	15584.802	461.000
4.320	54747.000	15559.362	461.000
4.330	54903.000	15571.553	461.000
4.340	55058.000	15550.087	462.000
4.350	55213.000	15535.061	462.000
4.360	55367.000	15494.543	463.000
4.370	55522.000	15496.180	465.000
4.380	55674.000	15407.326	467.000
4.390	55828.000	15405.128	470.000
4.400	55980.000	15343.590	473.000
4.410	56131.000	15270.513	477.000
4.420	56284.000	15279.359	482.000
4.430	56435.000	15225.551	487.000
4.440	56587.000	15217.886	492.000
4.450	56739.000	15212.520	496.000
4.460	56890.000	15178.764	501.000
4.470	57042.000	15185.135	506.000
4.480	57193.000	15159.594	510.000
4.490	57345.000	15171.716	514.000
4.500	57497.000	15180.201	518.000
4.510	57649.000	15186.141	521.000
4.520	57802.000	15220.299	524.000
4.530	57954.000	15214.209	526.000
4.540	58107.000	15239.946	528.000
4.550	58261.000	15287.962	529.000
4.560	58414.000	15291.574	530.000
4.570	58569.000	15354.102	530.000
4.580	58723.000	15367.871	529.000
4.590	58878.000	15407.510	528.000
4.600	59034.000	15465.257	526.000
4.610	59189.000	15475.680	524.000
4.620	59346.000	15542.976	521.000
4.630	59506.000	15680.083	517.000
4.640	59659.000	15566.058	512.000
4.650	59816.000	15606.241	509.000
4.660	59973.000	15634.369	506.000
4.670	60130.000	15654.058	502.000
4.680	60289.000	15727.841	498.000
4.690	60447.000	15749.488	493.000
4.700	60604.000	15734.642	489.000
4.710	60762.000	15754.249	485.000
4.720	60919.000	15737.975	482.000
4.730	61076.000	15726.582	479.000
4.740	61232.000	15688.608	476.000
4.750	61390.000	15722.025	475.000
4.760	61547.000	15715.418	472.000
4.770	61702.000	15650.792	471.000
4.780	61859.000	15665.555	471.000
4.790	62016.000	15675.888	470.000
4.800	62173.000	15683.122	469.000
4.810	62331.000	15718.185	468.000
4.820	62489.000	15742.730	466.000
4.830	62646.000	15729.911	464.000
4.840	62805.000	15780.938	462.000
4.850	62965.000	15846.656	459.000
4.860	63124.000	15862.659	456.000
4.870	63283.000	15873.862	452.000
4.880	63443.000	15911.703	449.000
4.890	63604.000	15968.192	444.000
4.900	63765.000	16007.735	439.000
4.910	63925.000	16005.414	434.000
4.920	64086.000	16033.790	429.000
4.930	64249.000	16113.653	424.000
4.940	64408.000	16049.557	419.000
4.950	64569.000	16064.690	414.000
4.960	64730.000	16075.283	410.000
4.970	64891.000	16082.698	406.000
4.980	65052.000	16087.889	402.000
4.990	65213.000	16091.522	398.000
5.000	65372.000	16034.065	395.000
5.010	65532.000	16023.846	395.000
5.020	65693.000	16046.692	401.000
5.030	65850.000	15942.684	413.000
5.040	66009.000	15929.879	431.000
5.050	66167.000	15890.915	452.000
5.060	66325.000	15863.641	477.000
5.070	66482.000	15814.549	505.000
5.080	66639.000	15780.184	535.000
5.090	66796.000	15756.129	567.000
5.100	66954.000	15769.290	599.000
5.110	67111.000	15748.503	631.000
5.120	67267.000	15703.952	663.000
5.130	67424.000	15702.767	693.000
5.140	67582.000	15731.937	722.000
5.150	67740.000	15752.356	748.000
5.160	67900.000	15826.649	770.000
5.170	68059.000	15848.654	788.000
5.180	68219.000	15894.058	803.000
5.190	68380.000	15955.841	813.000
5.200	68543.000	16059.088	817.000
5.210	68707.000	16161.362	816.000
5.220	68869.000	16172.953	811.000
5.230	69034.000	16271.067	800.000
5.240	69200.000	16369.747	785.000
5.250	69367.000	16468.823	763.000
5.260	69535.000	16568.176	737.000
5.270	69706.000	16727.723	705.000
5.280	69871.000	16659.406	670.000
5.290	70040.000	16731.584	632.000
5.300	70209.000	16782.109	591.000
5.310	70380.000	16877.476	547.000
5.320	70549.000	16884.233	500.000
5.330	70720.000	16948.963	452.000
5.340	70892.000	17024.274	402.000
5.350	71061.000	16986.992	352.000
5.360	71229.000	16930.894	302.000
5.370	71398.000	16921.626	255.000
5.380	71566.000	16885.138	208.000
5.390	71733.000	16829.597	165.000
5.400	71899.000	16760.718	124.000
5.410	72073.000	16952.502	84.000
5.420	72229.000	16546.752	48.000
5.430	72410.000	17012.726	15.000
5.440	72554.000	16228.908	-12.000
5.450	72717.000	16250.236	-28.000
5.460	72876.000	16145.165	-40.000
5.470	73035.000	16071.616	-48.000
5.480	73194.000	16020.131	-51.000
5.490	73351.000	15924.092	-49.000
5.500	73507.000	15826.864	-43.000
5.510	73661.000	15698.805	-30.000
5.520	73815.000	15609.163	-12.000
5.530	73967.000	15486.414	10.000
5.540	74119.000	15400.490	38.000
5.550	74272.000	15370.343	70.000
5.560	74421.000	15229.240	105.000
5.570	74572.000	15190.468	144.000
5.580	74719.000	15043.328	187.000
5.590	74867.000	14970.329	233.000
5.600	75015.000	14919.231	282.000
5.610	75162.000	14853.461	332.000
5.620	75312.000	14897.423	382.000
5.630	75459.000	14838.196	432.000
5.640	75605.000	14766.737	483.000
5.650	75753.000	14776.716	533.000
5.660	75901.000	14783.701	582.000
5.670	76050.000	14818.591	628.000
5.680	76198.000	14813.014	671.000
5.690	76347.000	14839.110	712.000
5.700	76497.000	14887.377	749.000
5.710	76647.000	14921.164	781.000
5.720	76797.000	14944.815	810.000
5.730	76947.000	14961.370	835.000
5.740	77099.000	15032.959	855.000
5.750	77250.000	15053.071	870.000
5.760	77402.000	15097.150	880.000
5.770	77555.000	15158.005	886.000
5.780	77708.000	15200.603	886.000
5.790	77863.000	15290.422	880.000
5.800	78018.000	15353.296	869.000
5.810	78173.000	15397.307	854.000
5.820	78330.000	15488.115	833.000
5.830	78488.000	15581.680	807.000
5.840	78648.000	15707.176	777.000
5.850	78807.000	15765.023	741.000
5.860	78968.000	15865.516	703.000
5.870	79130.000	15965.861	660.000
5.880	79292.000	16036.103	615.000
5.890	79455.000	16115.272	568.000
5.900	79619.000	16200.690	519.000
5.910	79784.000	16290.483	468.000
5.920	79949.000	16353.338	417.000
5.930	80113.000	16367.337	366.000
5.940	80278.000	16407.136	316.000
5.950	80443.000	16434.995	269.000
5.960	80609.000	16484.497	222.000
5.970	80772.000	16429.148	179.000
5.980	80937.000	16450.403	140.000
5.990	81100.000	16405.282	104.000
6.000	81263.000	16373.698	73.000
6.010	81425.000	16321.588	47.000
6.020	81586.000	16255.112	26.000
6.030	81745.000	16148.578	11.000
6.040	81904.000	16074.005	2.000
6.050	82060.000	15931.803	0.000
6.060	82216.000	15832.262	4.000
6.070	82370.000	15702.584	13.000
6.080	82523.000	15581.809	29.000
6.090	82675.000	15467.266	51.000
6.100	82825.000	15327.086	78.000
6.110	82974.000	15198.960	111.000
6.120	83123.000	15109.272	148.000
6.130	83270.000	14986.491	189.000
6.140	83416.000	14870.543	234.000
6.150	83561.000	14759.380	283.000
6.160	83706.000	14681.566	334.000
6.170	83851.000	14627.096	386.000
6.180	83997.000	14618.967	439.000
6.190	84141.000	14553.277	491.000
6.200	84286.000	14537.294	544.000
6.210	84431.000	14526.106	595.000
6.220	84577.000	14548.274	645.000
6.230	84722.000	14533.792	692.000
6.240	84869.000	14583.654	736.000
6.250	85016.000	14618.558	776.000
6.260	85165.000	14702.991	812.000
6.270	85314.000	14762.093	843.000
6.280	85463.000	14803.465	870.000
6.290	85614.000	14892.426	892.000
6.300	85766.000	14984.698	908.000
6.310	85919.000	15079.289	919.000
6.320	86073.000	15175.502	923.000
6.330	86229.000	15302.851	922.000
6.340	86385.000	15391.996	915.000
6.350	86542.000	15484.397	902.000
6.360	86701.000	15609.078	884.000
6.370	86860.000	15696.355	861.000
6.380	87020.000	15787.448	832.000
6.390	87182.000	15911.214	799.000
6.400	87343.000	15967.850	762.000
6.410	87504.000	16007.495	723.000
6.420	87667.000	16095.246	680.000
6.430	87847.000	16666.672	629.000
6.440	87991.000	15986.671	579.000
6.450	88153.000	16050.669	536.000
6.460	88316.000	16125.469	490.000
6.470	88478.000	16147.828	444.000
6.480	88641.000	16193.480	397.000
6.490	88803.000	16195.436	351.000
6.500	88966.000	16226.805	307.000
6.510	89128.000	16218.764	264.000
6.520	89290.000	16213.134	223.000
6.530	89451.000	16179.194	186.000
6.540	89614.000	16215.436	152.000
6.550	89775.000	16180.805	121.000
6.560	89935.000	16126.564	95.000
6.570	90097.000	16148.595	73.000
6.580	90255.000	16044.016	56.000
6.590	90414.000	16000.811	44.000
6.600	90573.000	15970.568	38.000
6.610	90731.000	15919.398	36.000
6.620	90887.000	15823.578	40.000
6.630	91046.000	15846.505	48.000
6.640	91199.000	15682.553	62.000
6.650	91352.000	15567.787	83.000
6.660	91505.000	15487.451	108.000
6.670	91657.000	15401.216	138.000
6.680	91808.000	15310.851	173.000
6.690	91959.000	15247.596	211.000
6.700	92108.000	15143.317	252.000
6.710	92258.000	15100.322	297.000
6.720	92408.000	15070.225	342.000
6.730	92556.000	14989.158	390.000
6.740	92703.000	14902.410	439.000
6.750	92850.000	14841.687	489.000
6.760	92997.000	14799.181	539.000
6.770	93144.000	14769.427	588.000
6.780	93292.000	14778.599	636.000
6.790	93439.000	14755.019	681.000
6.800	93585.000	14708.513	724.000
6.810	93731.000	14675.959	765.000
6.820	93880.000	14743.172	802.000
6.830	94029.000	14790.220	834.000
6.840	94179.000	14853.154	861.000
6.850	94328.000	14867.208	883.000
6.860	94480.000	14967.045	900.000
6.870	94633.000	15066.932	911.000
6.880	94787.000	15166.852	916.000
6.890	94941.000	15236.797	915.000
6.900	95098.000	15375.758	908.000
6.910	95255.000	15473.030	895.000
6.920	95414.000	15601.121	876.000
6.930	95574.000	15720.785	851.000
6.940	95736.000	15864.549	821.000
6.950	95898.000	15965.185	786.000
6.960	96061.000	16065.629	747.000
6.970	96225.000	16165.940	704.000
6.980	96390.000	16266.158	658.000
6.990	96556.000	16366.311	609.000
7.000	96722.000	16436.418	558.000
7.010	96889.000	16515.492	505.000
7.020	97055.000	16540.845	452.000
7.030	97223.000	16618.591	399.000
7.040	97389.000	16613.014	347.000
7.050	97556.000	16639.110	296.000
7.060	97722.000	16627.377	247.000
7.070	97888.000	16619.164	201.000
7.080	98053.000	16583.415	159.000
7.090	98217.000	16528.390	120.000
7.100	98381.000	16489.873	86.000
7.110	98544.000	16432.911	56.000
7.120	98704.000	16303.038	32.000
7.130	98863.000	16182.126	14.000
7.140	99022.000	16097.489	2.000
7.150	99181.000	16038.242	-4.000
7.160	99337.000	15906.769	-5.000
7.170	99493.000	15814.739	0.000
7.180	99647.000	15690.317	11.000
7.190	99802.000	15633.222	27.000
7.200	99953.000	15473.255	48.000
7.210	100106.000	15421.279	75.000
7.220	100256.000	15294.895	106.000
7.230	100407.000	15236.427	142.000
7.240	100558.000	15195.499	180.000
7.250	100705.000	15046.849	223.000
7.260	100854.000	15002.794	268.000
7.270	101001.000	14911.956	316.000
7.280	101148.000	14848.369	365.000
7.290	101296.000	14833.858	416.000
7.300	101444.000	14823.701	466.000
7.310	101591.000	14786.591	516.000
7.320	101739.000	14790.613	565.000
7.330	101887.000	14793.429	612.000
7.340	102035.000	14795.401	657.000
7.350	102183.000	14796.780	700.000
7.360	102332.000	14827.746	740.000
7.370	102482.000	14879.422	775.000
7.380	102633.000	14945.596	807.000
7.390	102783.000	14961.917	834.000
7.400	102935.000	15033.342	856.000
7.410	103087.000	15083.339	873.000
7.420	103241.000	15178.338	885.000
7.430	103394.000	15214.836	892.000
7.440	103549.000	15300.385	893.000
7.450	103703.000	15330.270	890.000
7.460	103858.000	15381.189	881.000
7.470	104014.000	15446.832	868.000
7.480	104169.000	15462.783	850.000
7.490	104326.000	15533.948	828.000
7.500	104485.000	15643.763	801.000
7.510	104641.000	15630.634	771.000
7.520	104799.000	15681.444	737.000
7.530	104958.000	15747.011	700.000
7.540	105118.000	15822.908	660.000
7.550	105278.000	15876.035	617.000
7.560	105439.000	15943.225	572.000
7.570	105599.000	15960.257	527.000
7.580	105760.000	16002.180	480.000
7.590	105923.000	16091.526	433.000
7.600	106084.000	16094.068	387.000
7.610	106246.000	16125.848	341.000
7.620	106407.000	16118.093	298.000
7.630	106569.000	16142.665	256.000
7.640	106732.000	16189.866	217.000
7.650	106892.000	16132.906	181.000
7.660	107053.000	16123.034	149.000
7.670	107213.000	16086.124	122.000
7.680	107372.000	16030.287	99.000
7.690	107532.000	16021.201	81.000
7.700	107690.000	15954.841	68.000
7.710	107848.000	15908.388	61.000
7.720	108004.000	15815.872	59.000
7.730	108159.000	15721.110	62.000
7.740	108316.000	15714.777	71.000
7.750	108467.000	15530.344	86.000
7.760	108620.000	15461.241	107.000
7.770	108772.000	15382.869	132.000
7.780	108922.000	15268.008	163.000
7.790	109071.000	15157.606	198.000
7.800	109219.000	15050.324	237.000
7.810	109367.000	14975.227	280.000
7.820	109514.000	14892.659	326.000
7.830	109660.000	14804.861	374.000
7.840	109807.000	14773.403	424.000
7.850	109953.000	14721.382	475.000
7.860	110099.000	14684.967	525.000
7.870	110245.000	14659.477	576.000
7.880	110393.000	14701.634	624.000
7.890	110539.000	14671.144	671.000
7.900	110686.000	14679.801	716.000
7.910	110834.000	14715.860	758.000
7.920	110983.000	14771.102	796.000
7.930	111133.000	14839.772	829.000
7.940	111284.000	14917.840	858.000
7.950	111437.000	15032.488	881.000
7.960	111590.000	15112.742	899.000
7.970	111744.000	15198.919	912.000
7.980	111901.000	15349.243	918.000
7.990	112057.000	15424.470	919.000
8.000	112216.000	15567.129	913.000
8.010	112376.000	15696.990	902.000
8.020	112536.000	15787.893	885.000
8.030	112698.000	15911.525	862.000
8.040	112863.000	16088.068	834.000
8.050	113030.000	16271.647	800.000
8.060	113193.000	16280.153	761.000
8.070	113360.000	16406.107	719.000
8.080	113526.000	16464.275	674.000
8.090	113695.000	16594.993	626.000
8.100	113863.000	16656.495	575.000
8.110	114031.000	16699.546	523.000
8.120	114199.000	16729.682	470.000
8.130	114366.000	16720.778	417.000
8.140	114535.000	16774.544	365.000
8.150	114701.000	16722.181	314.000
8.160	114868.000	16715.527	265.000
8.170	115034.000	16680.869	219.000
8.180	115200.000	16656.608	175.000
8.190	115365.000	16609.626	134.000
8.200	115529.000	16546.738	98.000
8.210	115692.000	16472.717	66.000
8.220	115856.000	16450.902	38.000
8.230	116018.000	16375.631	14.000
8.240	116183.000	16412.942	-5.000
8.250	116342.000	16259.059	-19.000
8.260	116502.000	16181.341	-27.000
8.270	116662.000	16126.939	-30.000
8.280	116821.000	16058.857	-28.000
8.290	116979.000	15981.200	-20.000
8.300	117135.000	15866.840	-7.000
8.310	117291.000	15786.788	11.000
8.320	117446.000	15700.752	34.000
8.330	117600.000	15610.526	63.000
8.340	117753.000	15517.368	95.000
8.350	117904.000	15392.158	132.000
8.360	118055.000	15304.510	173.000
8.370	118206.000	15243.157	217.000
8.380	118355.000	15140.210	263.000
8.390	118504.000	15068.147	312.000
8.400	118652.000	14987.703	362.000
8.410	118800.000	14931.392	414.000
8.420	118947.000	14861.974	465.000
8.430	119109.000	15263.382	512.000
8.440	119241.000	14644.367	559.000
8.450	119387.000	14631.057	611.000
8.460	119532.000	14591.740	661.000
8.470	119679.000	14624.218	707.000
8.480	119825.000	14616.953	749.000
8.490	119971.000	14611.867	788.000
8.500	120117.000	14608.307	822.000
8.510	120264.000	14635.815	852.000
8.520	120412.000	14685.070	877.000
8.530	120560.000	14719.549	896.000
8.540	120708.000	14743.684	910.000
8.550	120858.000	14820.579	919.000
8.560	121008.000	14874.405	922.000
8.570	121159.000	14942.084	919.000
8.580	121313.000	15079.459	910.000
8.590	121466.000	15145.621	895.000
8.600	121622.000	15281.935	874.000
8.610	121778.000	15377.354	848.000
8.620	121935.000	15474.148	818.000
8.630	122094.000	15601.904	782.000
8.640	122252.000	15661.333	743.000
8.650	122411.000	15732.933	701.000
8.660	122572.000	15843.053	656.000
8.670	122734.000	15950.137	608.000
8.680	122895.000	15995.096	559.000
8.690	123057.000	16056.567	509.000
8.700	123220.000	16129.597	459.000
8.710	123383.000	16180.718	409.000
8.720	123546.000	16216.503	360.000
8.730	123708.000	16211.552	313.000
8.740	123872.000	16268.086	268.000
8.750	124033.000	16217.660	226.000
8.760	124196.000	16242.362	188.000
8.770	124358.000	16229.654	154.000
8.780	124517.000	16130.758	124.000
8.790	124678.000	16121.530	100.000
8.800	124837.000	16055.071	80.000
8.810	124994.000	15948.550	67.000
8.820	125151.000	15873.985	59.000
8.830	125307.000	15791.789	57.000
8.840	125461.000	15674.253	62.000
8.850	125615.000	15591.977	72.000
8.860	125768.000	15504.384	88.000
8.870	125919.000	15383.069	109.000
8.880	126071.000	15328.148	135.000
8.890	126220.000	15199.704	166.000
8.900	126370.000	15139.793	201.000
8.910	126519.000	15067.855	240.000
8.920	126668.000	15017.498	281.000
8.930	126817.000	14982.249	325.000
8.940	126965.000	14927.574	371.000
8.950	127114.000	14919.302	418.000
8.960	127261.000	14853.511	466.000
8.970	127409.000	14837.458	514.000
8.980	127558.000	14856.221	562.000
8.990	127706.000	14839.354	608.000
9.000	127857.000	14917.548	652.000
9.010	128006.000	14912.284	694.000
9.020	128157.000	14968.599	732.000
9.030	128308.000	15008.019	768.000
9.040	128460.000	15065.613	799.000
9.050	128614.000	15165.929	826.000
9.060	128769.000	15266.151	847.000
9.070	128925.000	15366.305	863.000
9.080	129080.000	15406.414	874.000
9.090	129238.000	15524.490	880.000
9.100	129397.000	15637.143	880.000
9.110	129557.000	15746.000	875.000
9.120	129718.000	15852.200	863.000
9.130	129879.000	15926.540	847.000
9.140	130040.000	15978.578	826.000
9.150	130203.000	16075.005	800.000
9.160	130366.000	16142.503	770.000
9.170	130529.000	16189.752	736.000
9.180	130691.000	16192.827	700.000
9.190	130855.000	16254.979	660.000
9.200	131018.000	16268.485	619.000
9.210	131182.000	16307.940	575.000
9.220	131345.000	16305.558	530.000
9.230	131492.000	15823.890	489.000
9.240	131656.000	15996.723	451.000
9.250	131819.000	16087.706	409.000
9.260	131983.000	16181.394	366.000
9.270	132147.000	16246.976	322.000
9.280	132311.000	16292.883	279.000
9.290	132474.000	16295.018	237.000
9.300	132637.000	16296.513	197.000
9.310	132800.000	16297.559	161.000
9.320	132963.000	16298.291	127.000
9.330	133124.000	16238.804	97.000
9.340	133286.000	16227.163	72.000
9.350	133446.000	16159.014	51.000
9.360	133606.000	16111.310	36.000
9.370	133765.000	16047.917	26.000
9.380	133923.000	15973.542	21.000
9.390	134080.000	15891.479	22.000
9.400	134235.000	15774.035	28.000
9.410	134390.000	15691.825	41.000
9.420	134543.000	15574.277	59.000
9.430	134696.000	15491.994	82.000
9.440	134847.000	15374.396	111.000
9.450	134997.000	15262.077	144.000
9.460	135147.000	15183.454	182.000
9.470	135298.000	15158.418	222.000
9.480	135443.000	14960.892	266.000
9.490	135590.000	14882.625	314.000
9.500	135736.000	14797.837	364.000
9.510	135881.000	14708.486	416.000
9.520	136027.000	14675.940	469.000
9.530	136171.000	14593.158	522.000
9.540	136315.000	14535.211	574.000
9.550	136459.000	14494.648	626.000
9.560	136604.000	14496.253	676.000
9.570	136749.000	14497.377	724.000
9.580	136894.000	14498.164	768.000
9.590	137041.000	14558.715	808.000
9.600	137188.000	14601.100	844.000
9.610	137336.000	14660.770	875.000
9.620	137485.000	14732.539	901.000
9.630	137634.000	14782.777	922.000
9.640	137785.000	14877.944	937.000
9.650	137937.000	14974.561	946.000
9.660	138090.000	15072.193	949.000
9.670	138245.000	15200.535	946.000
9.680	138400.000	15290.374	937.000
9.690	138557.000	15413.262	923.000
9.700	138715.000	15529.283	902.000
9.710	138875.000	15670.498	876.000
9.720	139036.000	15799.349	844.000
9.730	139197.000	15889.544	808.000
9.740	139361.000	16042.681	768.000
9.750	139525.000	16149.877	723.000
9.760	139689.000	16224.914	676.000
9.770	139855.000	16337.440	625.000
9.780	140021.000	16416.208	573.000
9.790	140188.000	16501.345	520.000
9.800	140355.000	16560.942	465.000
9.810	140521.000	16572.659	412.000
9.820	140687.000	16580.861	359.000
9.830	140853.000	16586.603	309.000
9.840	141019.000	16590.622	260.000
9.850	141183.000	16533.435	215.000
9.860	141348.000	16523.405	174.000
9.870	141512.000	16486.383	136.000
9.880	141675.000	16430.468	102.000
9.890	141839.000	16421.328	73.000
9.900	141999.000	16294.930	49.000
9.910	142159.000	16206.451	31.000
9.920	142319.000	16144.515	19.000
9.930	142479.000	16101.161	12.000
9.940	142639.000	16070.813	9.000
9.950	142797.000	15989.569	12.000
9.960	142953.000	15872.698	20.000
9.970	143112.000	15880.889	33.000
9.980	143267.000	15766.622	51.000
9.990	143423.000	15716.635	74.000
10.000	143581.000	15741.645	100.000
10.010	143733.000	15579.151	131.000
10.020	143888.000	15555.406	166.000
10.030	144042.000	15508.784	203.000
10.040	144195.000	15446.149	243.000
10.050	144348.000	15402.304	286.000
10.060	144500.000	15341.613	330.000
10.070	144652.000	15299.129	376.000
10.080	144804.000	15269.390	422.000
10.090	144955.000	15218.573	469.000
10.100	145108.000	15243.001	514.000
10.110	145258.000	15170.101	559.000
10.120	145411.000	15209.071	602.000
10.130	145562.000	15176.349	642.000
10.140	145713.000	15153.445	680.000
10.150	145866.000	15197.411	715.000
10.160	146017.000	15168.188	746.000
10.170	146169.000	15177.731	774.000
10.180	146322.000	15214.412	797.000
10.190	146475.000	15240.088	815.000
10.200	146629.000	15288.062	829.000
10.210	146782.000	15291.643	837.000
10.220	146937.000	15354.150	841.000
10.230	147092.000	15397.905	839.000
10.240	147248.000	15458.534	832.000
10.250	147407.000	15590.974	819.000
10.260	147562.000	15563.681	802.000
10.270	147719.000	15604.577	780.000
10.280	147878.000	15693.204	754.000
10.290	148038.000	15785.243	723.000
10.300	148198.000	15849.670	689.000
10.310	148359.000	15924.769	650.000
10.320	148520.000	15977.338	609.000
10.330	148682.000	16044.137	565.000
10.340	148844.000	16090.896	520.000
10.350	149007.000	16153.627	473.000
10.360	149169.000	16167.539	426.000
10.370	149331.000	16177.277	379.000
10.380	149494.000	16214.094	333.000
10.390	149657.000	16239.866	288.000
10.400	149820.000	16257.906	245.000
10.410	149980.000	16180.534	205.000
10.420	150141.000	16156.374	168.000
10.430	150302.000	16139.462	135.000
10.440	150462.000	16097.623	106.000
10.450	150621.000	16038.336	82.000
10.460	150780.000	15996.835	62.000
10.470	150937.000	15907.785	48.000
10.480	151093.000	15815.449	39.000
10.490	151248.000	15720.815	36.000
10.500	151402.000	15624.570	39.000
10.510	151553.000	15467.199	48.000
10.520	151705.000	15387.039	64.000
10.530	151854.000	15240.928	84.000
10.540	152003.000	15138.649	111.000
10.550	152150.000	15007.055	142.000
10.560	152295.000	14854.938	179.000
10.570	152441.000	14778.457	220.000
10.580	152586.000	14694.920	264.000
10.590	152730.000	14606.444	312.000
10.600	152873.000	14514.511	361.000
10.610	153016.000	14450.157	413.000
10.620	153159.000	14405.110	466.000
10.630	153303.000	14403.577	519.000
10.640	153447.000	14402.504	571.000
10.650	153592.000	14431.753	622.000
10.660	153735.000	14392.227	671.000
10.670	153880.000	14424.559	719.000
10.680	154025.000	14447.191	763.000
10.690	154172.000	14523.034	804.000
10.700	154322.000	14666.124	840.000
10.710	154467.000	14616.287	872.000
10.720	154616.000	14701.401	901.000
10.730	154768.000	14850.980	923.000
10.740	154918.000	14895.686	940.000
10.750	155071.000	15016.980	952.000
10.760	155226.000	15161.886	957.000
10.770	155382.000	15293.320	956.000
10.780	155539.000	15415.324	949.000
10.790	155696.000	15500.727	936.000
10.800	155856.000	15650.509	918.000
10.810	156016.000	15755.356	894.000
10.820	156178.000	15888.749	866.000
10.830	156341.000	16012.125	832.000
10.840	156505.000	16128.487	793.000
10.850	156668.000	16179.941	751.000
10.860	156833.000	16275.959	706.000
10.870	156997.000	16313.171	659.000
10.880	157161.000	16339.220	610.000
10.890	157327.000	16417.454	560.000
10.900	157492.000	16442.218	509.000
10.910	157654.000	16369.552	459.000
10.920	157819.000	16408.687	410.000
10.930	157983.000	16406.081	361.000
10.940	158147.000	16404.256	314.000
10.950	158310.000	16372.980	270.000
10.960	158474.000	16381.086	228.000
10.970	158637.000	16356.760	188.000
10.980	158800.000	16339.732	152.000
10.990	158963.000	16327.812	120.000
11.000	159125.000	16289.469	92.000
11.010	159286.000	16232.628	68.000
11.020	159447.000	16192.840	49.000
11.030	159608.000	16164.988	35.000
11.040	159767.000	16085.491	26.000
11.050	159927.000	16059.844	22.000
11.060	160088.000	16071.891	23.000
11.070	160244.000	15930.324	29.000
11.080	160401.000	15861.226	40.000
11.090	160557.000	15782.859	57.000
11.100	160713.000	15728.001	79.000
11.110	160867.000	15629.601	106.000
11.120	161021.000	15560.720	137.000
11.130	161174.000	15482.504	172.000
11.140	161327.000	15427.753	210.000
11.150	161478.000	15329.427	251.000
11.160	161630.000	15290.599	295.000
11.170	161780.000	15203.419	341.000
11.180	161930.000	15142.394	389.000
11.190	162080.000	15099.675	437.000
11.200	162230.000	15069.773	486.000
11.210	162377.000	14958.841	534.000
11.220	162526.000	14941.189	582.000
11.230	162675.000	14928.832	628.000
11.240	162823.000	14890.182	672.000
11.250	162972.000	14893.128	714.000
11.260	163121.000	14895.189	752.000
11.270	163271.000	14926.633	786.000
11.280	163420.000	14918.643	816.000
11.290	163571.000	14973.050	841.000
11.300	163724.000	15071.135	861.000
11.310	163875.000	15079.794	875.000
11.320	164029.000	15175.856	884.000
11.330	164183.000	15243.099	887.000
11.340	164339.000	15350.170	884.000
11.350	164496.000	15455.119	876.000
11.360	164653.000	15528.583	861.000
11.370	164811.000	15610.008	842.000
11.380	164971.000	15727.006	817.000
11.390	165131.000	15808.904	787.000
11.400	165293.000	15926.233	753.000
11.410	165455.000	16008.363	714.000
11.420	165618.000	16095.854	672.000
11.430	165782.000	16187.098	627.000
11.440	165947.000	16280.968	579.000
11.450	166111.000	16316.678	530.000
11.460	166276.000	16371.675	480.000
11.470	166441.000	16410.172	429.000
11.480	166605.000	16407.121	379.000
11.490	166770.000	16434.984	330.000
11.500	166934.000	16424.489	283.000
11.510	167098.000	16417.142	238.000
11.520	167262.000	16412.000	196.000
11.530	167424.000	16348.400	157.000
11.540	167586.000	16303.880	123.000
11.550	167747.000	16242.716	93.000
11.560	167906.000	16139.901	68.000
11.570	168064.000	16037.931	49.000
11.580	168221.000	15936.552	36.000
11.590	168377.000	15835.586	29.000
11.600	168532.000	15734.910	27.000
11.610	168686.000	15634.437	31.000
11.620	168839.000	15534.106	41.000
11.630	168992.000	15463.874	55.000
11.640	169144.000	15384.712	75.000
11.650	169295.000	15299.298	99.000
11.660	169446.000	15239.509	128.000
11.670	169596.000	15167.656	161.000
11.680	169745.000	15087.359	197.000
11.690	169894.000	15031.152	237.000
11.700	170042.000	14961.806	280.000
11.710	170190.000	14913.264	326.000
11.720	170339.000	14909.285	372.000
11.730	170486.000	14846.499	420.000
11.740	170634.000	14832.550	468.000
11.750	170782.000	14822.785	516.000
11.760	170930.000	14815.949	564.000
11.770	171079.000	14841.165	610.000
11.780	171227.000	14828.815	654.000
11.790	171377.000	14880.171	696.000
11.800	171528.000	14946.119	735.000
11.810	171678.000	14962.284	769.000
11.820	171828.000	14973.599	801.000
11.830	171980.000	15041.519	828.000
11.840	172132.000	15089.063	851.000
11.850	172286.000	15182.344	869.000
11.860	172439.000	15217.641	882.000
11.870	172593.000	15272.349	890.000
11.880	172749.000	15370.644	893.000
11.890	172904.000	15409.451	890.000
11.900	173062.000	15526.616	882.000
11.910	173219.000	15578.631	869.000
11.920	173377.000	15645.042	851.000
11.930	173536.000	15721.529	828.000
11.940	173695.000	15775.070	801.000
11.950	173855.000	15842.549	770.000
11.960	174016.000	15919.784	734.000
11.970	174177.000	15973.849	696.000
11.980	174340.000	16071.694	654.000
11.990	174502.000	16110.186	610.000
12.000	174665.000	16167.130	564.000
12.010	174828.000	16206.991	0.000
12.020	174992.000	16264.894	0.000
12.030	175155.000	16275.426	0.000
12.040	175316.000	16222.798	0.000
12.050	175479.000	16245.959	0.000
12.060	175638.000	16142.171	0.000
12.070	175797.000	16069.520	0.000
12.080	175956.000	16018.664	0.000
12.090	176114.000	15953.065	0.000
12.100	176271.000	15877.145	0.000
12.110	176426.000	15764.002	0.000
12.120	176581.000	15684.801	0.000
12.130	176736.000	15629.361	0.000
12.140	176890.000	15560.553	0.000
12.150	177043.000	15482.387	0.000
12.160	177194.000	15367.671	0.000
12.170	177345.000	15287.370	0.000
12.180	177495.000	15201.159	0.000
12.190	177643.000	15080.811	0.000
12.200	177791.000	14996.568	0.000
12.210	177937.000	14877.597	0.000
12.220	178082.000	14764.318	0.000
12.230	178225.000	14625.023	0.000
12.240	178368.000	14527.516	0.000
12.250	178510.000	14429.261	0.000
12.260	178651.000	14330.483	0.000
12.270	178787.000	14111.338	0.000
12.280	178925.000	14017.937	0.000
12.290	179062.000	13922.556	0.000
12.300	179198.000	13825.789	0.000
12.310	179331.000	13668.052	0.000
12.320	179464.000	13557.637	0.000
12.330	179596.000	13450.346	0.000
12.340	179727.000	13345.242	0.000
12.350	179860.000	13331.669	0.000
12.360	179987.000	13142.169	0.000
12.370	180116.000	13069.518	0.000
12.380	180243.000	12958.663	0.000
12.390	180371.000	12911.064	0.000
12.400	180496.000	12787.745	0.000
12.410	180622.000	12731.421	0.000
12.420	180744.000	12571.995	0.000
12.430	180868.000	12520.396	0.000
12.440	180989.000	12394.277	0.000
12.450	181112.000	12365.994	0.000
12.460	181230.000	12196.196	0.000
12.470	181349.000	12107.337	0.000
12.480	181467.000	12015.136	0.000
12.490	181583.000	11890.595	0.000
12.500	181701.000	11863.417	0.000
12.510	181814.000	11694.392	0.000
12.520	181928.000	11606.074	0.000
12.530	182041.000	11514.252	0.000
12.540	182154.000	11449.976	0.000
12.550	182265.000	11344.983	0.000
12.560	182376.000	11271.488	0.000
12.570	182486.000	11190.042	0.000
12.580	182593.000	11043.029	0.000
12.590	182701.000	10970.121	0.000
12.600	182807.000	10859.084	0.000
12.610	182912.000	10751.359	0.000
12.620	183016.000	10645.951	0.000
12.630	183119.000	10542.166	0.000
12.640	183221.000	10439.516	0.000
12.650	183322.000	10337.661	0.000
12.660	183421.000	10206.363	0.000
12.670	183518.000	10054.454	0.000
12.680	183614.000	9918.118	0.000
12.690	183709.000	9792.682	0.000
12.700	183802.000	9644.878	0.000
12.710	183894.000	9511.414	0.000
12.720	183984.000	9357.990	0.000
12.730	184072.000	9190.593	0.000
12.740	184159.000	9043.415	0.000
12.750	184245.000	8910.391	0.000
12.760	184329.000	8757.273	0.000
12.770	184412.000	8620.091	0.000
12.780	184493.000	8464.064	0.000
12.790	184573.000	8324.845	0.000
12.800	184652.000	8197.391	0.000
12.810	184729.000	8048.174	0.000
12.820	184805.000	7913.722	0.000
12.830	184880.000	7789.605	0.000
12.840	184954.000	7672.724	0.000
12.850	185027.000	7560.907	0.000
12.860	185100.000	7482.635	0.000
12.870	185171.000	7367.844	0.000
12.880	185241.000	7257.491	0.000
12.890	185311.000	7180.244	0.000
12.900	185380.000	7096.171	0.000
12.910	185449.000	7037.319	0.000
12.920	185516.000	6936.124	0.000
12.930	185583.000	6865.287	0.000
12.940	185649.000	6785.701	0.000
12.950	185715.000	6729.990	0.000
12.960	185780.000	6660.993	0.000
12.970	185843.000	6552.695	0.000
12.980	185907.000	6506.887	0.000
12.990	185968.000	6384.821	0.000
13.000	186030.000	6329.374	0.000
13.010	186091.000	6260.562	0.000
13.020	186151.000	6182.393	0.000
13.030	186210.000	6097.675	0.000
13.040	186269.000	6038.373	0.000
13.050	186326.000	5936.861	0.000
13.060	186383.000	5865.803	0.000
13.070	186439.000	5786.062	0.000
13.080	186495.000	5730.243	0.000
13.090	186550.000	5661.170	0.000
13.100	186604.000	5582.819	0.000
13.110	186656.000	5467.973	0.000
13.120	186709.000	5417.581	0.000
13.130	186761.000	5352.307	0.000
13.140	186811.000	5246.615	0.000
13.150	186861.000	5172.630	0.000
13.160	186910.000	5090.841	0.000
13.170	186959.000	5033.589	0.000
13.180	187007.000	4963.512	0.000
13.190	187054.000	4884.459	0.000
13.200	187100.000	4799.121	0.000
13.210	187146.000	4739.385	0.000
13.220	187190.000	4637.569	0.000
13.230	187234.000	4566.299	0.000
13.240	187277.000	4486.409	0.000
13.250	187319.000	4400.486	0.000
13.260	187360.000	4310.340	0.000
13.270	187400.000	4217.238	0.000
13.280	187439.000	4122.067	0.000
13.290	187478.000	4055.447	0.000
13.300	187515.000	3948.813	0.000
13.310	187551.000	3844.169	0.000
13.320	187587.000	3770.918	0.000
13.330	187621.000	3659.643	0.000
13.340	187655.000	3581.750	0.000
13.350	187688.000	3497.225	0.000
13.360	187720.000	3408.057	0.000
13.370	187752.000	3345.640	0.000
13.380	187782.000	3241.948	0.000
13.390	187813.000	3199.364	0.000
13.400	187842.000	3109.555	0.000
13.410	187870.000	3016.688	0.000
13.420	187897.000	2921.682	0.000
13.430	187923.000	2825.177	0.000
13.440	187948.000	2727.624	0.000
13.450	187973.000	2659.337	0.000
13.460	187996.000	2551.536	0.000
13.470	188018.000	2446.075	0.000
13.480	188040.000	2372.253	0.000
13.490	188060.000	2260.577	0.000
13.500	188078.000	2122.404	0.000
13.510	188097.000	2055.683	0.000
13.520	188113.000	1918.978	0.000
13.530	188128.000	1793.284	0.000
13.540	188143.000	1705.299	0.000
13.550	188156.000	1583.709	0.000
13.560	188168.000	1468.597	0.000
13.570	188179.000	1358.018	0.000
13.580	188190.000	1280.612	0.000
13.590	188199.000	1166.429	0.000
13.600	188207.000	1056.500	0.000
13.610	188214.000	949.550	0.000
13.620	188220.000	844.685	0.000
13.630	188225.000	741.280	0.000
13.640	188229.000	638.896	0.000
13.650	188232.000	537.227	0.000
13.660	188234.000	436.059	0.000
13.670	188234.000	305.241	0.000
13.680	188234.000	213.669	0.000
13.690	188234.000	149.568	0.000
13.700	188232.000	44.698	0.000
13.710	188229.000	-58.712	0.000
13.720	188225.000	-161.098	0.000
13.730	188220.000	-262.769	0.000
13.740	188215.000	-333.938	0.000
13.750	188208.000	-443.757	0.000
13.760	188202.000	-490.630	0.000
13.770	188195.000	-553.441	0.000
13.780	188187.000	-627.409	0.000
13.790	188179.000	-679.186	0.000
13.800	188171.000	-715.430	0.000
13.810	188162.000	-770.801	0.000
13.820	188153.000	-809.561	0.000
13.830	188144.000	-836.693	0.000
13.840	188135.000	-855.685	0.000
13.850	188125.000	-898.979	0.000
13.860	188116.000	-899.286	0.000
13.870	188106.000	-929.500	0.000
13.880	188096.000	-950.650	0.000
13.890	188085.000	-995.455	0.000
13.900	188075.000	-996.818	0.000
13.910	188064.000	-1027.773	0.000
13.920	188053.000	-1049.441	0.000
13.930	188042.000	-1064.609	0.000
13.940	188031.000	-1075.226	0.000
13.950	188020.000	-1082.658	0.000
13.960	188008.000	-1117.861	0.000
13.970	187997.000	-1112.503	0.000
13.980	187986.000	-1108.752	0.000
13.990	187974.000	-1136.126	0.000
14.000	187963.000	-1125.288	0.000
14.010	187952.000	-1117.702	0.000
14.020	187941.000	-1112.391	0.000
14.030	187930.000	-1108.674	0.000
14.040	187919.000	-1106.072	0.000
14.050	187908.000	-1104.250	0.000
14.060	187898.000	-1072.975	0.000
14.070	187888.000	-1051.083	0.000
14.080	187878.000	-1035.758	0.000
14.090	187869.000	-995.030	0.000
14.100	187859.000	-996.521	0.000
14.110	187850.000	-967.565	0.000
14.120	187842.000	-917.295	0.000
14.130	187833.000	-912.107	0.000
14.140	187825.000	-878.475	0.000
14.150	187817.000	-854.932	0.000
14.160	187810.000	-808.453	0.000
14.170	187803.000	-775.917	0.000
14.180	187796.000	-753.142	0.000
14.190	187789.000	-737.199	0.000
14.200	187783.000	-696.039	0.000
14.210	187777.000	-667.228	0.000
14.220	187772.000	-617.059	0.000
14.230	187767.000	-581.942	0.000
14.240	187762.000	-557.359	0.000
14.250	187757.000	-540.151	0.000
14.260	187753.000	-498.106	0.000
14.270	187749.000	-468.674	0.000
14.280	187745.000	-448.072	0.000
14.290	187742.000	-403.650	0.000
14.300	187739.000	-372.555	0.000
14.310	187736.000	-350.789	0.000
14.320	187734.000	-305.552	0.000
14.330	187732.000	-273.886	0.000
14.340	187730.000	-251.721	0.000
14.350	187729.000	-206.204	0.000
14.360	187728.000	-174.343	0.000
14.370	187727.000	-152.040	0.000
14.380	187726.000	-136.428	0.000
14.390	187726.000	-95.500	0.000
14.400	187726.000	-66.850	0.000
14.410	187726.000	-46.795	0.000
14.420	187726.000	-32.756	0.000
14.430	187726.000	-22.929	0.000
14.440	187726.000	-16.051	0.000
14.450	187727.000	18.765	0.000
14.460	187729.000	73.135	0.000
14.470	187730.000	81.195	0.000
14.480	187732.000	116.836	0.000
14.490	187733.000	111.785	0.000
14.500	187735.000	138.250	0.000
14.510	187737.000	156.775	0.000
14.520	187739.000	169.742	0.000
14.530	187740.000	148.820	0.000
14.540	187742.000	164.174	0.000
14.550	187743.000	144.922	0.000
14.560	187745.000	161.445	0.000
14.570	187746.000	143.012	0.000
14.580	187748.000	160.108	0.000
14.590	187749.000	142.076	0.000
14.600	187750.000	129.453	0.000
14.610	187751.000	120.617	0.000
14.620	187752.000	114.432	0.000
14.630	187752.000	80.102	0.000
14.640	187753.000	86.072	0.000
14.650	187753.000	60.250	0.000
14.660	187753.000	42.175	0.000
14.670	187753.000	29.523	0.000
14.680	187753.000	20.666	0.000
14.690	187753.000	14.466	0.000
14.700	187753.000	10.126	0.000
14.710	187753.000	7.088	0.000
14.720	187752.000	-25.038	0.000
14.730	187752.000	-17.527	0.000
14.740	187751.000	-42.269	0.000
14.750	187750.000	-59.588	0.000
14.760	187749.000	-71.712	0.000
14.770	187748.000	-80.198	0.000
14.780	187747.000	-86.139	0.000
14.790	187746.000	-90.297	0.000
14.800	187745.000	-93.208	0.000
14.810	187745.000	-65.246	0.000
14.820	187744.000	-75.672	0.000
14.830	187743.000	-82.970	0.000
14.840	187743.000	-58.079	0.000
14.850	187742.000	-70.655	0.000
14.860	187742.000	-49.459	0.000
14.870	187742.000	-34.621	0.000
14.880	187742.000	-24.235	0.000
14.890	187742.000	-16.964	0.000
14.900	187742.000	-11.875	0.000
14.910	187742.000	-8.313	0.000
14.920	187742.000	-5.819	0.000
14.930	187742.000	-4.073	0.000
14.940	187742.000	-2.851	0.000
14.950	187742.000	-1.996	0.000
14.960	187742.000	-1.397	0.000
14.970	187743.000	29.022	0.000
14.980	187744.000	50.315	0.000
14.990	187744.000	35.221	0.000
15.000	187745.000	54.655	0.000
