0.000	0.000	0.000	0.000
0.010	9.000	270.000	-3.000
0.020	11.000	249.000	-8.000
0.030	13.000	234.300	-12.000
0.040	15.000	224.010	-15.000
0.050	17.000	216.807	-18.000
0.060	18.000	181.765	-21.000
0.070	18.000	127.235	-22.000
0.080	19.000	119.065	-23.000
0.090	19.000	83.345	-23.000
0.100	19.000	58.342	-22.000
0.110	19.000	40.839	-22.000
0.120	19.000	28.587	-21.000
0.130	18.000	-9.989	-19.000
0.140	17.000	-36.992	-17.000
0.150	15.000	-85.895	-15.000
0.160	13.000	-120.126	-12.000
0.170	11.000	-144.088	-8.000
0.180	9.000	-160.862	-5.000
0.190	7.000	-172.603	-2.000
0.200	5.000	-180.822	2.000
0.210	4.000	-156.576	5.000
0.220	2.000	-169.603	7.000
0.230	0.000	-178.722	10.000
0.240	-2.000	-185.105	12.000
0.250	-3.000	-159.574	14.000
0.260	-5.000	-171.702	16.000
0.270	-6.000	-150.191	17.000
0.280	-7.000	-135.134	18.000
0.290	-8.000	-124.594	19.000
0.300	-8.000	-87.216	19.000
0.310	-9.000	-91.051	19.000
0.320	-9.000	-63.736	19.000
0.330	-9.000	-44.615	18.000
0.340	-9.000	-31.230	17.000
0.350	-9.000	-21.861	16.000
0.360	-9.000	-15.303	15.000
0.370	-8.000	19.288	14.000
0.380	-7.000	43.502	12.000
0.390	-6.000	60.451	10.000
0.400	-5.000	72.316	8.000
0.410	-4.000	80.621	6.000
0.420	-3.000	86.435	3.000
0.430	-1.000	120.504	1.000
0.440	0.000	114.353	-1.000
0.450	1.000	110.047	-3.000
0.460	2.000	107.033	-5.000
0.470	2.000	74.923	-6.000
0.480	3.000	82.446	-7.000
0.490	4.000	87.712	-8.000
0.500	4.000	61.399	-9.000
0.510	4.000	42.979	-6.000
0.520	4.000	30.085	3.000
0.530	4.000	21.060	18.000
0.540	4.000	14.742	37.000
0.550	4.000	10.319	61.000
0.560	4.000	7.223	89.000
0.570	4.000	5.056	121.000
0.580	4.000	3.540	156.000
0.590	4.000	2.478	195.000
0.600	4.000	1.734	236.000
0.610	5.000	31.214	280.000
0.620	6.000	51.850	326.000
0.630	8.000	96.295	373.000
0.640	10.000	127.406	422.000
0.650	13.000	179.184	473.000
0.660	17.000	245.429	524.000
0.670	22.000	321.800	577.000
0.680	27.000	375.260	630.000
0.690	34.000	472.682	683.000
0.700	42.000	570.878	737.000
0.710	51.000	669.614	792.000
0.720	61.000	768.730	846.000
0.730	72.000	868.111	901.000
0.740	85.000	997.678	956.000
0.750	99.000	1118.374	1010.000
0.760	115.000	1262.862	1065.000
0.770	132.000	1394.003	1119.000
0.780	152.000	1575.802	1173.000
0.790	173.000	1733.062	1227.000
0.800	197.000	1933.143	1279.000
0.810	223.000	2133.200	1331.000
0.820	251.000	2333.240	1381.000
0.830	282.000	2563.268	1431.000
0.840	316.000	2814.288	1479.000
0.850	352.000	3050.001	1526.000
0.860	390.000	3275.001	1572.000
0.870	431.000	3522.501	1617.000
0.880	475.000	3785.750	1661.000
0.890	521.000	4030.025	1705.000
0.900	569.000	4261.018	1747.000
0.910	619.000	4482.712	1790.000
0.920	673.000	4757.899	1832.000
0.930	730.000	5040.529	1873.000
0.940	790.000	5328.370	1912.000
0.950	854.000	5649.859	1951.000
0.960	920.000	5934.901	1988.000
0.970	989.000	6224.431	2024.000
0.980	1062.000	6547.102	2060.000
0.990	1138.000	6862.971	2094.000
1.000	1218.000	7204.080	2127.000
1.010	1303.000	7592.856	2155.000
1.020	1390.000	7924.999	2176.000
1.030	1481.000	8277.499	2190.000
1.040	1575.000	8614.250	2199.000
1.050	1672.000	8939.975	2202.000
1.060	1773.000	9287.982	2201.000
1.070	1878.000	9651.588	2195.000
1.080	1985.000	9966.111	2185.000
1.090	2096.000	10306.278	2171.000
1.100	2211.000	10664.395	2154.000
1.110	2329.000	11005.076	2134.000
1.120	2450.000	11333.553	2111.000
1.130	2575.000	11683.487	2085.000
1.140	2704.000	12048.441	2056.000
1.150	2837.000	12423.909	2024.000
1.160	2972.000	12746.736	1990.000
1.170	3111.000	13092.715	1954.000
1.180	3253.000	13424.901	1916.000
1.190	3399.000	13777.431	1876.000
1.200	3548.000	14114.201	1835.000
1.210	3700.000	14439.941	1792.000
1.220	3856.000	14787.959	1747.000
1.230	4014.000	15091.571	1701.000
1.240	4175.000	15394.100	1654.000
1.250	4340.000	15725.870	1606.000
1.260	4505.000	15958.109	1558.000
1.270	4674.000	16240.676	1510.000
1.280	4846.000	16528.473	1461.000
1.290	5021.000	16819.931	1411.000
1.300	5196.000	17023.952	1362.000
1.310	5376.000	17316.766	1313.000
1.320	5557.000	17551.736	1263.000
1.330	5740.000	17776.216	1213.000
1.340	5924.000	17963.351	1164.000
1.350	6110.000	18154.346	1116.000
1.360	6298.000	18348.042	1069.000
1.370	6487.000	18513.629	1022.000
1.380	6677.000	18659.541	976.000
1.390	6868.000	18791.678	932.000
1.400	7059.000	18884.175	889.000
1.410	7252.000	19008.922	847.000
1.420	7444.000	19066.246	808.000
1.430	7638.000	19166.372	769.000
1.440	7834.000	19296.460	732.000
1.450	8026.000	19267.522	696.000
1.460	8222.000	19367.266	663.000
1.470	8418.000	19437.086	630.000
1.480	8615.000	19515.960	598.000
1.490	8812.000	19571.172	567.000
1.500	9009.000	19609.820	537.000
1.510	9209.000	19726.874	507.000
1.520	9407.000	19748.812	478.000
1.530	9606.000	19794.168	451.000
1.540	9805.000	19825.918	424.000
1.550	10004.000	19848.143	398.000
1.560	10204.000	19893.700	373.000
1.570	10405.000	19955.590	348.000
1.580	10604.000	19938.913	324.000
1.590	10804.000	19957.239	301.000
1.600	11003.000	19940.067	279.000
1.610	11204.000	19988.047	258.000
1.620	11401.000	19901.633	238.000
1.630	11599.000	19871.143	220.000
1.640	11799.000	19909.800	203.000
1.650	11994.000	19786.860	186.000
1.660	12190.000	19730.802	172.000
1.670	12386.000	19691.561	160.000
1.680	12580.000	19604.093	148.000
1.690	12774.000	19542.865	138.000
1.700	12966.000	19440.006	129.000
1.710	13158.000	19368.004	122.000
1.720	13348.000	19257.603	116.000
1.730	13539.000	19210.322	112.000
1.740	13727.000	19087.225	108.000
1.750	13915.000	19001.058	105.000
1.760	14103.000	18940.740	104.000
1.770	14291.000	18898.518	102.000
1.780	14476.000	18778.963	101.000
1.790	14662.000	18725.274	101.000
1.800	14848.000	18687.692	101.000
1.810	15032.000	18601.384	101.000
1.820	15217.000	18570.969	101.000
1.830	15400.000	18489.678	101.000
1.840	15583.000	18432.775	102.000
1.850	15768.000	18452.942	102.000
1.860	15949.000	18347.060	102.000
1.870	16130.000	18272.942	103.000
1.880	16311.000	18221.059	105.000
1.890	16492.000	18184.741	106.000
1.900	16673.000	18159.319	106.000
1.910	16851.000	18051.523	108.000
1.920	17030.000	18006.066	109.000
1.930	17208.000	17944.246	111.000
1.940	17384.000	17840.972	114.000
1.950	17559.000	17738.681	117.000
1.960	17733.000	17637.077	122.000
1.970	17906.000	17535.954	127.000
1.980	18078.000	17435.167	133.000
1.990	18250.000	17364.617	140.000
2.000	18419.000	17225.232	147.000
2.010	18589.000	17157.662	156.000
2.020	18757.000	17050.364	164.000
2.030	18925.000	16975.255	173.000
2.040	19091.000	16862.678	182.000
2.050	19259.000	16843.875	192.000
2.060	19423.000	16710.712	201.000
2.070	19588.000	16647.499	211.000
2.080	19755.000	16663.249	220.000
2.090	19917.000	16524.274	229.000
2.100	20083.000	16546.992	238.000
2.110	20245.000	16442.894	246.000
2.120	20408.000	16400.026	255.000
2.130	20571.000	16370.018	263.000
2.140	20733.000	16319.013	271.000
2.150	20896.000	16313.309	278.000
2.160	21059.000	16309.316	284.000
2.170	21218.000	16186.521	291.000
2.180	21379.000	16160.565	298.000
2.190	21540.000	16142.395	305.000
2.200	21702.000	16159.677	311.000
2.210	21862.000	16111.774	316.000
2.220	22023.000	16108.242	322.000
2.230	22183.000	16075.769	326.000
2.240	22343.000	16053.038	331.000
2.250	22504.000	16067.127	335.000
2.260	22661.000	15956.989	339.000
2.270	22819.000	15909.892	345.000
2.280	22977.000	15876.925	350.000
2.290	23134.000	15823.847	356.000
2.300	23291.000	15786.693	362.000
2.310	23445.000	15670.685	369.000
2.320	23600.000	15619.480	376.000
2.330	23754.000	15553.636	384.000
2.340	23908.000	15507.545	392.000
2.350	24062.000	15475.281	401.000
2.360	24214.000	15392.697	409.000
2.370	24367.000	15364.888	418.000
2.380	24519.000	15315.422	426.000
2.390	24671.000	15280.795	435.000
2.400	24824.000	15286.557	443.000
2.410	24976.000	15260.590	451.000
2.420	25129.000	15272.413	458.000
2.430	25281.000	15250.689	464.000
2.440	25435.000	15295.482	470.000
2.450	25588.000	15296.838	474.000
2.460	25742.000	15327.786	478.000
2.470	25897.000	15379.450	481.000
2.480	26052.000	15415.615	483.000
2.490	26208.000	15470.931	483.000
2.500	26364.000	15509.651	483.000
2.510	26521.000	15566.756	482.000
2.520	26677.000	15576.729	480.000
2.530	26835.000	15643.710	478.000
2.540	26993.000	15690.597	475.000
2.550	27151.000	15723.418	471.000
2.560	27309.000	15746.393	467.000
2.570	27466.000	15732.475	463.000
2.580	27625.000	15782.732	460.000
2.590	27782.000	15757.913	456.000
2.600	27941.000	15800.539	453.000
2.610	28100.000	15830.377	449.000
2.620	28257.000	15791.264	445.000
2.630	28416.000	15823.885	442.000
2.640	28570.000	15696.719	440.000
2.650	28726.000	15667.704	440.000
2.660	28882.000	15647.392	441.000
2.670	29038.000	15633.175	441.000
2.680	29193.000	15593.222	442.000
2.690	29348.000	15565.256	444.000
2.700	29502.000	15515.679	446.000
2.710	29658.000	15540.975	448.000
2.720	29814.000	15558.683	450.000
2.730	29969.000	15541.078	451.000
2.740	30124.000	15528.755	453.000
2.750	30280.000	15550.128	454.000
2.760	30435.000	15535.090	456.000
2.770	30591.000	15554.563	457.000
2.780	30747.000	15568.194	457.000
2.790	30903.000	15577.736	457.000
2.800	31059.000	15584.415	458.000
2.810	31216.000	15619.091	457.000
2.820	31373.000	15643.363	456.000
2.830	31530.000	15660.354	455.000
2.840	31687.000	15672.248	454.000
2.850	31847.000	15770.574	451.000
2.860	32006.000	15809.402	448.000
2.870	32164.000	15806.581	444.000
2.880	32324.000	15864.607	440.000
2.890	32483.000	15875.225	436.000
2.900	32642.000	15882.657	432.000
2.910	32805.000	16007.860	427.000
2.920	32961.000	15885.502	422.000
2.930	33122.000	15949.851	419.000
2.940	33281.000	15934.896	415.000
2.950	33440.000	15924.427	411.000
2.960	33598.000	15887.099	409.000
2.970	33757.000	15890.969	407.000
2.980	33915.000	15863.679	405.000
2.990	34073.000	15844.575	404.000
3.000	34230.000	15801.202	403.000
3.010	34387.000	15770.842	403.000
3.020	34544.000	15749.589	404.000
3.030	34701.000	15734.712	405.000
3.040	34858.000	15724.299	406.000
3.050	35014.000	15687.009	407.000
3.060	35170.000	15660.906	409.000
3.070	35327.000	15672.634	410.000
3.080	35484.000	15680.844	412.000
3.090	35641.000	15686.591	413.000
3.100	35799.000	15720.614	413.000
3.110	35956.000	15714.430	413.000
3.120	36114.000	15740.101	413.000
3.130	36273.000	15788.070	412.000
3.140	36430.000	15761.649	411.000
3.150	36588.000	15773.155	410.000
3.160	36747.000	15811.208	408.000
3.170	36905.000	15807.846	407.000
3.180	37064.000	15835.492	405.000
3.190	37223.000	15854.844	403.000
3.200	37382.000	15868.391	400.000
3.210	37540.000	15847.874	398.000
3.220	37699.000	15863.512	396.000
3.230	37857.000	15844.458	394.000
3.240	38015.000	15831.121	393.000
3.250	38173.000	15821.784	392.000
3.260	38330.000	15785.249	391.000
3.270	38487.000	15759.674	391.000
3.280	38643.000	15711.772	392.000
3.290	38799.000	15678.240	393.000
3.300	38955.000	15654.768	395.000
3.310	39109.000	15578.338	397.000
3.320	39264.000	15554.836	401.000
3.330	39418.000	15508.386	404.000
3.340	39571.000	15445.870	409.000
3.350	39724.000	15402.109	414.000
3.360	39876.000	15341.476	419.000
3.370	40029.000	15329.033	425.000
3.380	40181.000	15290.323	430.000
3.390	40333.000	15263.226	436.000
3.400	40484.000	15214.258	442.000
3.410	40637.000	15239.981	448.000
3.420	40789.000	15227.987	453.000
3.430	40941.000	15219.591	458.000
3.440	41093.000	15213.713	463.000
3.450	41245.000	15209.599	467.000
3.460	41397.000	15206.720	471.000
3.470	41549.000	15204.704	475.000
3.480	41701.000	15203.293	479.000
3.490	41853.000	15202.305	482.000
3.500	42006.000	15231.613	485.000
3.510	42158.000	15222.129	487.000
3.520	42311.000	15245.491	489.000
3.530	42464.000	15261.843	491.000
3.540	42618.000	15303.290	492.000
3.550	42772.000	15332.303	492.000
3.560	42927.000	15382.612	492.000
3.570	43082.000	15417.829	491.000
3.580	43236.000	15412.480	489.000
3.590	43391.000	15438.736	488.000
3.600	43546.000	15457.115	486.000
3.610	43702.000	15499.981	484.000
3.620	43857.000	15499.986	482.000
3.630	44013.000	15529.991	480.000
3.640	44168.000	15520.993	478.000
3.650	44324.000	15544.695	476.000
3.660	44479.000	15531.287	474.000
3.670	44634.000	15521.901	472.000
3.680	44789.000	15515.331	471.000
3.690	44943.000	15480.731	471.000
3.700	45098.000	15486.512	471.000
3.710	45253.000	15490.558	470.000
3.720	45408.000	15493.391	470.000
3.730	45563.000	15495.374	470.000
3.740	45718.000	15496.762	470.000
3.750	45873.000	15497.733	469.000
3.760	46029.000	15528.413	469.000
3.770	46185.000	15549.889	468.000
3.780	46341.000	15564.922	467.000
3.790	46497.000	15575.446	465.000
3.800	46653.000	15582.812	464.000
3.810	46810.000	15617.968	463.000
3.820	46966.000	15612.578	461.000
3.830	47124.000	15668.805	459.000
3.840	47281.000	15678.163	456.000
3.850	47439.000	15714.714	453.000
3.860	47597.000	15740.300	450.000
3.870	47755.000	15758.210	447.000
3.880	47913.000	15770.747	444.000
3.890	48072.000	15809.523	440.000
3.900	48231.000	15836.666	436.000
3.910	48390.000	15855.666	432.000
3.920	48549.000	15868.966	428.000
3.930	48709.000	15908.276	424.000
3.940	48869.000	15935.794	420.000
3.950	49028.000	15925.055	415.000
3.960	49188.000	15947.539	411.000
3.970	49347.000	15933.277	407.000
3.980	49506.000	15923.294	404.000
3.990	49664.000	15886.306	402.000
4.000	49822.000	15860.414	400.000
4.010	49979.000	15812.290	399.000
4.020	50139.000	15868.603	398.000
4.030	50293.000	15728.022	398.000
4.040	50449.000	15689.615	399.000
4.050	50604.000	15632.731	401.000
4.060	50760.000	15622.912	404.000
4.070	50914.000	15556.038	407.000
4.080	51068.000	15509.227	411.000
4.090	51222.000	15476.459	416.000
4.100	51377.000	15483.521	420.000
4.110	51531.000	15458.465	424.000
4.120	51686.000	15470.925	427.000
4.130	51840.000	15449.648	431.000
4.140	51996.000	15494.753	434.000
4.150	52151.000	15496.327	436.000
4.160	52306.000	15497.429	438.000
4.170	52462.000	15528.200	439.000
4.180	52617.000	15519.740	440.000
4.190	52774.000	15573.818	440.000
4.200	52929.000	15551.673	441.000
4.210	53085.000	15566.171	441.000
4.220	53242.000	15606.320	440.000
4.230	53399.000	15634.424	439.000
4.240	53555.000	15624.097	438.000
4.250	53712.000	15646.868	437.000
4.260	53869.000	15662.807	436.000
4.270	54026.000	15673.965	434.000
4.280	54182.000	15651.776	433.000
4.290	54338.000	15636.243	432.000
4.300	54494.000	15625.370	431.000
4.310	54649.000	15587.759	431.000
4.320	54804.000	15561.431	432.000
4.330	54959.000	15543.002	433.000
4.340	55113.000	15500.101	435.000
4.350	55266.000	15440.071	437.000
4.360	55420.000	15428.050	440.000
4.370	55572.000	15359.635	443.000
4.380	55724.000	15311.744	448.000
4.390	55876.000	15278.221	453.000
4.400	56028.000	15254.755	457.000
4.410	56179.000	15208.328	463.000
4.420	56332.000	15235.830	468.000
4.430	56482.000	15165.081	473.000
4.440	56633.000	15145.557	478.000
4.450	56784.000	15131.890	483.000
4.460	56935.000	15122.323	488.000
4.470	57088.000	15175.626	493.000
4.480	57238.000	15122.938	497.000
4.490	57391.000	15176.057	501.000
4.500	57543.000	15183.240	503.000
4.510	57695.000	15188.268	506.000
4.520	57847.000	15191.787	508.000
4.530	58000.000	15224.251	510.000
4.540	58154.000	15276.976	511.000
4.550	58307.000	15283.883	511.000
4.560	58461.000	15318.718	511.000
4.570	58616.000	15373.103	511.000
4.580	58771.000	15411.172	509.000
4.590	58927.000	15467.820	507.000
4.600	59083.000	15507.474	504.000
4.610	59239.000	15535.232	501.000
4.620	59395.000	15554.662	497.000
4.630	59552.000	15598.264	494.000
4.640	59709.000	15628.785	490.000
4.650	59867.000	15680.149	485.000
4.660	60025.000	15716.104	480.000
4.670	60184.000	15771.273	475.000
4.680	60340.000	15719.891	470.000
4.690	60497.000	15713.924	467.000
4.700	60653.000	15679.747	464.000
4.710	60809.000	15655.823	461.000
4.720	60965.000	15639.076	460.000
4.730	61121.000	15627.353	459.000
4.740	61278.000	15649.147	458.000
4.750	61433.000	15604.403	457.000
4.760	61590.000	15633.082	456.000
4.770	61746.000	15623.157	456.000
4.780	61903.000	15646.210	455.000
4.790	62061.000	15692.347	454.000
4.800	62218.000	15694.643	452.000
4.810	62376.000	15726.250	450.000
4.820	62536.000	15808.375	447.000
4.830	62694.000	15805.863	444.000
4.840	62853.000	15834.104	440.000
4.850	63012.000	15853.873	437.000
4.860	63173.000	15927.711	432.000
4.870	63336.000	16039.398	427.000
4.880	63494.000	15967.578	421.000
4.890	63656.000	16037.305	416.000
4.900	63817.000	16056.113	410.000
4.910	63978.000	16069.279	404.000
4.920	64142.000	16168.496	398.000
4.930	64301.000	16087.947	392.000
4.940	64463.000	16121.563	387.000
4.950	64624.000	16115.094	382.000
4.960	64785.000	16110.566	378.000
4.970	64949.000	16197.396	373.000
4.980	65107.000	16078.177	369.000
4.990	65267.000	16054.724	366.000
5.000	65429.000	16098.307	363.000
5.010	65586.000	15978.815	363.000
5.020	65744.000	15925.170	368.000
5.030	65902.000	15887.619	376.000
5.040	66059.000	15831.333	387.000
5.050	66217.000	15821.933	401.000
5.060	66373.000	15755.353	418.000
5.070	66529.000	15708.747	437.000
5.080	66686.000	15706.123	457.000
5.090	66842.000	15674.286	479.000
5.100	66997.000	15622.000	503.000
5.110	67153.000	15615.400	528.000
5.120	67309.000	15610.780	553.000
5.130	67464.000	15577.546	578.000
5.140	67620.000	15584.282	604.000
5.150	67777.000	15618.998	630.000
5.160	67934.000	15643.298	655.000
5.170	68093.000	15720.309	678.000
5.180	68249.000	15684.216	701.000
5.190	68408.000	15748.951	723.000
5.200	68567.000	15794.266	744.000
5.210	68727.000	15855.986	763.000
5.220	68888.000	15929.190	780.000
5.230	69050.000	16010.433	796.000
5.240	69212.000	16067.303	809.000
5.250	69376.000	16167.112	820.000
5.260	69541.000	16266.979	829.000
5.270	69706.000	16336.885	836.000
5.280	69875.000	16505.820	839.000
5.290	70040.000	16504.074	841.000
5.300	70208.000	16592.852	841.000
5.310	70377.000	16684.996	839.000
5.320	70546.000	16749.497	835.000
5.330	70716.000	16824.648	829.000
5.340	70887.000	16907.254	821.000
5.350	71058.000	16965.078	811.000
5.360	71230.000	17035.554	799.000
5.370	71402.000	17084.888	786.000
5.380	71574.000	17119.422	771.000
5.390	71747.000	17173.595	754.000
5.400	71920.000	17211.517	736.000
5.410	72094.000	17268.062	716.000
5.420	72268.000	17307.643	695.000
5.430	72443.000	17365.350	672.000
5.440	72619.000	17435.745	648.000
5.450	72796.000	17515.022	621.000
5.460	72973.000	17570.515	592.000
5.470	73151.000	17639.361	562.000
5.480	73328.000	17657.552	530.000
5.490	73505.000	17670.287	498.000
5.500	73683.000	17709.201	464.000
5.510	73864.000	17826.440	429.000
5.520	74039.000	17728.508	394.000
5.530	74219.000	17809.956	359.000
5.540	74395.000	17746.969	323.000
5.550	74573.000	17762.878	287.000
5.560	74751.000	17774.015	251.000
5.570	74928.000	17751.810	215.000
5.580	75106.000	17766.267	179.000
5.590	75283.000	17746.387	143.000
5.600	75459.000	17702.471	108.000
5.610	75636.000	17701.730	73.000
5.620	75810.000	17611.211	39.000
5.630	75985.000	17577.848	6.000
5.640	76158.000	17494.493	-26.000
5.650	76330.000	17406.145	-56.000
5.660	76501.000	17314.302	-84.000
5.670	76669.000	17160.011	-109.000
5.680	76837.000	17052.008	-132.000
5.690	77004.000	16946.405	-153.000
5.700	77168.000	16782.484	-172.000
5.710	77330.000	16607.739	-187.000
5.720	77492.000	16485.417	-200.000
5.730	77651.000	16309.792	-211.000
5.740	77808.000	16126.854	-218.000
5.750	77966.000	16028.798	-223.000
5.760	78121.000	15870.159	-225.000
5.770	78275.000	15729.111	-226.000
5.780	78428.000	15600.378	-224.000
5.790	78579.000	15450.264	-220.000
5.800	78729.000	15315.185	-213.000
5.810	78878.000	15190.630	-204.000
5.820	79025.000	15043.441	-194.000
5.830	79173.000	14970.408	-181.000
5.840	79319.000	14859.286	-167.000
5.850	79464.000	14751.500	-151.000
5.860	79608.000	14646.050	-133.000
5.870	79751.000	14542.235	-114.000
5.880	79893.000	14439.565	-92.000
5.890	80035.000	14367.695	-69.000
5.900	80175.000	14257.387	-45.000
5.910	80315.000	14180.171	-19.000
5.920	80453.000	14066.119	9.000
5.930	80591.000	13986.284	39.000
5.940	80728.000	13900.399	70.000
5.950	80864.000	13810.279	103.000
5.960	80999.000	13717.195	138.000
5.970	81134.000	13652.037	173.000
5.980	81266.000	13516.426	211.000
5.990	81399.000	13451.498	250.000
6.000	81530.000	13346.049	290.000
6.010	81661.000	13272.234	332.000
6.020	81791.000	13190.564	375.000
6.030	81921.000	13133.395	419.000
6.040	82048.000	13003.376	464.000
6.050	82177.000	12972.363	509.000
6.060	82305.000	12920.654	555.000
6.070	82433.000	12884.458	601.000
6.080	82561.000	12859.121	647.000
6.090	82690.000	12871.384	692.000
6.100	82818.000	12849.969	737.000
6.110	82947.000	12864.978	780.000
6.120	83077.000	12905.485	823.000
6.130	83208.000	12963.839	863.000
6.140	83339.000	13004.688	902.000
6.150	83471.000	13063.281	940.000
6.160	83605.000	13164.297	975.000
6.170	83739.000	13235.008	1008.000
6.180	83876.000	13374.505	1038.000
6.190	84014.000	13502.154	1065.000
6.200	84154.000	13651.508	1090.000
6.210	84292.000	13696.055	1112.000
6.220	84435.000	13877.239	1132.000
6.230	84578.000	14004.067	1148.000
6.240	84723.000	14152.847	1162.000
6.250	84870.000	14316.993	1173.000
6.260	85019.000	14491.895	1181.000
6.270	85170.000	14674.327	1185.000
6.280	85321.000	14802.029	1187.000
6.290	85475.000	14981.420	1186.000
6.300	85631.000	15166.994	1181.000
6.310	85790.000	15386.896	1173.000
6.320	85950.000	15570.827	1162.000
6.330	86111.000	15729.579	1148.000
6.340	86273.000	15870.705	1132.000
6.350	86438.000	16059.494	1113.000
6.360	86604.000	16221.646	1091.000
6.370	86771.000	16365.152	1067.000
6.380	86939.000	16495.606	1041.000
6.390	87108.000	16616.924	1013.000
6.400	87278.000	16731.847	984.000
6.410	87450.000	16872.293	953.000
6.420	87623.000	17000.605	920.000
6.430	87794.000	17030.424	886.000
6.440	87968.000	17141.296	851.000
6.450	88142.000	17218.908	816.000
6.460	88317.000	17303.235	779.000
6.470	88495.000	17452.265	740.000
6.480	88671.000	17496.585	700.000
6.490	88848.000	17557.610	659.000
6.500	89027.000	17660.327	618.000
6.510	89206.000	17732.229	575.000
6.520	89387.000	17842.560	531.000
6.530	89567.000	17889.792	487.000
6.540	89747.000	17922.854	442.000
6.550	89929.000	18005.998	397.000
6.560	90110.000	18034.199	351.000
6.570	90293.000	18113.939	305.000
6.580	90474.000	18109.757	260.000
6.590	90655.000	18106.830	215.000
6.600	90836.000	18104.781	171.000
6.610	91018.000	18133.347	128.000
6.620	91198.000	18093.343	85.000
6.630	91376.000	18005.340	45.000
6.640	91556.000	18003.738	6.000
6.650	91732.000	17882.617	-31.000
6.660	91909.000	17827.832	-65.000
6.670	92085.000	17759.482	-98.000
6.680	92258.000	17621.637	-128.000
6.690	92431.000	17525.146	-156.000
6.700	92600.000	17337.602	-180.000
6.710	92769.000	17206.322	-201.000
6.720	92935.000	17024.425	-219.000
6.730	93099.000	16837.098	-233.000
6.740	93263.000	16705.968	-244.000
6.750	93423.000	16494.178	-252.000
6.760	93583.000	16345.924	-257.000
6.770	93741.000	16182.147	-259.000
6.780	93897.000	16007.503	-258.000
6.790	94052.000	15855.252	-255.000
6.800	94205.000	15688.676	-249.000
6.810	94357.000	15542.074	-240.000
6.820	94507.000	15379.451	-229.000
6.830	94656.000	15235.616	-215.000
6.840	94804.000	15104.931	-199.000
6.850	94950.000	14953.452	-181.000
6.860	95095.000	14817.416	-161.000
6.870	95240.000	14722.191	-139.000
6.880	95382.000	14565.534	-115.000
6.890	95525.000	14485.874	-89.000
6.900	95666.000	14370.112	-61.000
6.910	95806.000	14259.078	-32.000
6.920	95946.000	14181.355	-2.000
6.930	96084.000	14066.948	30.000
6.940	96222.000	13986.864	63.000
6.950	96360.000	13930.805	97.000
6.960	96496.000	13831.563	133.000
6.970	96632.000	13762.094	170.000
6.980	96767.000	13683.466	207.000
6.990	96902.000	13628.426	246.000
7.000	97036.000	13559.898	286.000
7.010	97170.000	13511.929	326.000
7.020	97302.000	13418.350	367.000
7.030	97435.000	13382.845	409.000
7.040	97567.000	13327.992	452.000
7.050	97700.000	13319.594	495.000
7.060	97831.000	13253.716	537.000
7.070	97963.000	13237.601	580.000
7.080	98094.000	13196.321	623.000
7.090	98226.000	13197.425	666.000
7.100	98358.000	13198.197	708.000
7.110	98490.000	13198.738	750.000
7.120	98623.000	13229.117	790.000
7.130	98759.000	13340.382	829.000
7.140	98891.000	13298.267	866.000
7.150	99026.000	13358.787	902.000
7.160	99162.000	13431.151	937.000
7.170	99300.000	13541.806	969.000
7.180	99438.000	13619.264	999.000
7.190	99580.000	13793.485	1026.000
7.200	99720.000	13855.439	1050.000
7.210	99862.000	13958.808	1072.000
7.220	100007.000	14121.165	1092.000
7.230	100153.000	14264.816	1108.000
7.240	100300.000	14395.371	1122.000
7.250	100448.000	14516.760	1133.000
7.260	100599.000	14691.732	1141.000
7.270	100750.000	14814.212	1146.000
7.280	100904.000	14989.949	1149.000
7.290	101059.000	15142.964	1148.000
7.300	101216.000	15310.075	1145.000
7.310	101374.000	15457.052	1139.000
7.320	101534.000	15619.937	1130.000
7.330	101696.000	15793.956	1118.000
7.340	101859.000	15945.769	1103.000
7.350	102024.000	16112.038	1086.000
7.360	102189.000	16228.427	1066.000
7.370	102357.000	16399.899	1044.000
7.380	102525.000	16519.929	1020.000
7.390	102695.000	16663.950	993.000
7.400	102866.000	16794.765	965.000
7.410	103037.000	16886.336	935.000
7.420	103209.000	16980.435	903.000
7.430	103382.000	17076.304	871.000
7.440	103555.000	17143.413	837.000
7.450	103729.000	17220.389	802.000
7.460	103903.000	17274.272	767.000
7.470	104077.000	17311.991	731.000
7.480	104252.000	17368.393	694.000
7.490	104427.000	17407.875	657.000
7.500	104604.000	17495.513	618.000
7.510	104780.000	17526.859	579.000
7.520	104957.000	17578.801	540.000
7.530	105135.000	17645.161	499.000
7.540	105312.000	17661.613	458.000
7.550	105489.000	17673.129	417.000
7.560	105667.000	17711.190	377.000
7.570	105844.000	17707.833	336.000
7.580	106023.000	17765.483	295.000
7.590	106201.000	17775.838	254.000
7.600	106378.000	17753.087	213.000
7.610	106555.000	17737.161	174.000
7.620	106736.000	17846.013	134.000
7.630	106910.000	17712.209	95.000
7.640	107086.000	17678.546	58.000
7.650	107262.000	17654.982	22.000
7.660	107436.000	17578.488	-12.000
7.670	107610.000	17524.941	-44.000
7.680	107782.000	17427.459	-74.000
7.690	107953.000	17329.221	-102.000
7.700	108123.000	17230.455	-127.000
7.710	108290.000	17071.318	-150.000
7.720	108457.000	16959.923	-169.000
7.730	108621.000	16791.946	-186.000
7.740	108784.000	16644.362	-199.000
7.750	108945.000	16481.054	-209.000
7.760	109104.000	16306.737	-216.000
7.770	109262.000	16154.716	-220.000
7.780	109418.000	15988.301	-221.000
7.790	109573.000	15841.811	-219.000
7.800	109725.000	15649.268	-214.000
7.810	109877.000	15514.487	-206.000
7.820	110028.000	15390.141	-197.000
7.830	110178.000	15273.099	-185.000
7.840	110325.000	15101.169	-170.000
7.850	110471.000	14950.818	-153.000
7.860	110616.000	14815.573	-134.000
7.870	110761.000	14720.901	-113.000
7.880	110904.000	14594.631	-90.000
7.890	111046.000	14476.242	-65.000
7.900	111190.000	14453.369	-39.000
7.910	111328.000	14257.358	-11.000
7.920	111467.000	14150.151	19.000
7.930	111606.000	14075.106	51.000
7.940	111744.000	13992.574	84.000
7.950	111882.000	13934.802	118.000
7.960	112019.000	13864.361	153.000
7.970	112156.000	13815.053	189.000
7.980	112292.000	13750.537	225.000
7.990	112428.000	13705.376	263.000
8.000	112565.000	13703.763	300.000
8.010	112702.000	13702.634	337.000
8.020	112836.000	13611.844	376.000
8.030	112972.000	13608.291	414.000
8.040	113108.000	13605.804	453.000
8.050	113243.000	13574.062	492.000
8.060	113379.000	13581.844	531.000
8.070	113513.000	13527.291	570.000
8.080	113648.000	13519.103	609.000
8.090	113784.000	13543.372	648.000
8.100	113919.000	13530.361	686.000
8.110	114054.000	13521.252	725.000
8.120	114191.000	13574.877	762.000
8.130	114327.000	13582.414	799.000
8.140	114464.000	13617.690	834.000
8.150	114601.000	13642.383	869.000
8.160	114740.000	13719.668	901.000
8.170	114880.000	13803.768	932.000
8.180	115020.000	13862.637	961.000
8.190	115162.000	13963.846	988.000
8.200	115305.000	14064.692	1013.000
8.210	115449.000	14165.285	1035.000
8.220	115595.000	14295.699	1055.000
8.230	115744.000	14476.989	1072.000
8.240	115893.000	14603.893	1085.000
8.250	116045.000	14782.725	1095.000
8.260	116198.000	14937.907	1102.000
8.270	116353.000	15106.535	1106.000
8.280	116509.000	15254.575	1107.000
8.290	116669.000	15478.202	1104.000
8.300	116827.000	15574.742	1099.000
8.310	116989.000	15762.319	1091.000
8.320	117152.000	15923.623	1080.000
8.330	117316.000	16066.536	1067.000
8.340	117482.000	16226.575	1051.000
8.350	117650.000	16398.603	1032.000
8.360	117819.000	16549.022	1011.000
8.370	117989.000	16684.315	988.000
8.380	118161.000	16839.021	962.000
8.390	118333.000	16947.315	934.000
8.400	118506.000	17053.120	905.000
8.410	118680.000	17157.184	874.000
8.420	118854.000	17230.029	843.000
8.430	119028.000	17281.020	810.000
8.440	119206.000	17436.714	776.000
8.450	119379.000	17395.700	741.000
8.460	119556.000	17486.990	706.000
8.470	119731.000	17490.893	670.000
8.480	119907.000	17523.625	634.000
8.490	120083.000	17546.538	598.000
8.500	120259.000	17562.576	562.000
8.510	120436.000	17603.803	525.000
8.520	120612.000	17602.662	488.000
8.530	120788.000	17601.864	450.000
8.540	120965.000	17631.305	413.000
8.550	121141.000	17621.913	375.000
8.560	121318.000	17645.339	338.000
8.570	121495.000	17661.737	300.000
8.580	121670.000	17613.216	262.000
8.590	121847.000	17639.251	225.000
8.600	122022.000	17597.476	188.000
8.610	122197.000	17568.233	152.000
8.620	122372.000	17547.763	117.000
8.630	122546.000	17503.434	83.000
8.640	122721.000	17502.404	49.000
8.650	122894.000	17441.683	16.000
8.660	123067.000	17399.178	-15.000
8.670	123238.000	17309.425	-45.000
8.680	123407.000	17186.597	-72.000
8.690	123578.000	17160.618	-98.000
8.700	123746.000	17052.433	-122.000
8.710	123913.000	16946.703	-143.000
8.720	124079.000	16842.692	-163.000
8.730	124243.000	16709.884	-180.000
8.740	124405.000	16556.919	-193.000
8.750	124566.000	16419.843	-204.000
8.760	124725.000	16263.890	-212.000
8.770	124883.000	16124.723	-217.000
8.780	125039.000	15967.306	-219.000
8.790	125192.000	15767.114	-218.000
8.800	125345.000	15626.980	-214.000
8.810	125496.000	15468.886	-207.000
8.820	125648.000	15388.220	-198.000
8.830	125794.000	15151.754	-186.000
8.840	125941.000	15016.228	-171.000
8.850	126087.000	14891.360	-154.000
8.860	126231.000	14743.952	-134.000
8.870	126375.000	14640.766	-113.000
8.880	126517.000	14508.536	-90.000
8.890	126657.000	14355.975	-64.000
8.900	126798.000	14279.183	-36.000
8.910	126937.000	14165.428	-7.000
8.920	127075.000	14055.800	23.000
8.930	127213.000	13979.060	56.000
8.940	127350.000	13895.342	89.000
8.950	127486.000	13806.739	123.000
8.960	127623.000	13774.717	159.000
8.970	127757.000	13662.302	195.000
8.980	127891.000	13583.612	234.000
8.990	128027.000	13588.528	272.000
9.000	128160.000	13501.970	311.000
9.010	128296.000	13531.379	350.000
9.020	128429.000	13461.965	389.000
9.030	128563.000	13443.376	429.000
9.040	128698.000	13460.363	469.000
9.050	128832.000	13442.254	508.000
9.060	128967.000	13459.578	547.000
9.070	129102.000	13471.704	586.000
9.080	129237.000	13480.193	624.000
9.090	129374.000	13546.135	661.000
9.100	129508.000	13502.295	698.000
9.110	129643.000	13501.606	735.000
9.120	129780.000	13561.124	771.000
9.130	129917.000	13602.787	806.000
9.140	130052.000	13571.951	841.000
9.150	130191.000	13670.366	874.000
9.160	130329.000	13709.256	906.000
9.170	130465.000	13676.479	937.000
9.180	130604.000	13743.535	968.000
9.190	130744.000	13820.475	996.000
9.200	130885.000	13904.332	1023.000
9.210	131027.000	13993.033	1047.000
9.220	131170.000	14085.123	1069.000
9.230	131314.000	14179.586	1089.000
9.240	131460.000	14305.710	1106.000
9.250	131608.000	14453.997	1121.000
9.260	131757.000	14587.798	1132.000
9.270	131908.000	14741.459	1140.000
9.280	132061.000	14909.021	1144.000
9.290	132217.000	15116.315	1145.000
9.300	132371.000	15201.420	1144.000
9.310	132529.000	15380.994	1139.000
9.320	132689.000	15566.696	1132.000
9.330	132850.000	15726.687	1121.000
9.340	133014.000	15928.681	1107.000
9.350	133179.000	16100.077	1089.000
9.360	133346.000	16280.054	1069.000
9.370	133516.000	16496.038	1045.000
9.380	133683.000	16557.226	1020.000
9.390	133854.000	16720.058	993.000
9.400	134025.000	16834.041	963.000
9.410	134198.000	16973.829	932.000
9.420	134371.000	17071.680	899.000
9.430	134546.000	17200.176	865.000
9.440	134721.000	17290.123	829.000
9.450	134897.000	17383.086	792.000
9.460	135074.000	17478.160	754.000
9.470	135250.000	17514.712	715.000
9.480	135426.000	17540.299	676.000
9.490	135603.000	17588.209	637.000
9.500	135780.000	17621.746	597.000
9.510	135957.000	17645.222	557.000
9.520	136134.000	17661.656	517.000
9.530	136311.000	17673.159	478.000
9.540	136488.000	17681.211	438.000
9.550	136666.000	17716.848	398.000
9.560	136844.000	17741.794	358.000
9.570	137021.000	17729.255	318.000
9.580	137198.000	17720.479	279.000
9.590	137374.000	17684.335	240.000
9.600	137550.000	17659.035	203.000
9.610	137725.000	17611.324	166.000
9.620	137900.000	17577.927	130.000
9.630	138074.000	17524.549	96.000
9.640	138248.000	17487.184	62.000
9.650	138421.000	17431.029	30.000
9.660	138593.000	17361.720	-1.000
9.670	138765.000	17313.204	-30.000
9.680	138936.000	17249.243	-58.000
9.690	139106.000	17174.470	-84.000
9.700	139275.000	17092.129	-108.000
9.710	139443.000	17004.490	-130.000
9.720	139610.000	16913.143	-151.000
9.730	139775.000	16789.200	-169.000
9.740	139942.000	16762.440	-185.000
9.750	140102.000	16533.708	-198.000
9.760	140263.000	16403.596	-207.000
9.770	140422.000	16252.517	-214.000
9.780	140580.000	16116.762	-218.000
9.790	140736.000	15961.733	-219.000
9.800	140890.000	15793.213	-217.000
9.810	141043.000	15645.249	-211.000
9.820	141194.000	15481.675	-203.000
9.830	141343.000	15307.172	-192.000
9.840	141494.000	15245.021	-179.000
9.850	141639.000	15021.514	-164.000
9.860	141783.000	14835.060	-144.000
9.870	141928.000	14734.542	-122.000
9.880	142072.000	14634.179	-99.000
9.890	142215.000	14533.926	-74.000
9.900	142358.000	14463.748	-48.000
9.910	142498.000	14324.624	-21.000
9.920	142638.000	14227.236	9.000
9.930	142779.000	14189.066	40.000
9.940	142917.000	14072.346	71.000
9.950	143057.000	14050.642	104.000
9.960	143195.000	13975.449	138.000
9.970	143333.000	13922.815	173.000
9.980	143471.000	13885.970	208.000
9.990	143608.000	13830.179	244.000
10.000	143746.000	13821.125	281.000
10.010	143883.000	13784.788	317.000
10.020	144019.000	13729.351	355.000
10.030	144155.000	13690.546	393.000
10.040	144291.000	13663.382	432.000
10.050	144428.000	13674.368	471.000
10.060	144565.000	13682.057	509.000
10.070	144701.000	13657.440	547.000
10.080	144838.000	13670.208	585.000
10.090	144975.000	13679.146	623.000
10.100	145112.000	13685.402	660.000
10.110	145250.000	13719.781	697.000
10.120	145387.000	13713.847	733.000
10.130	145525.000	13739.693	768.000
10.140	145663.000	13757.785	803.000
10.150	145802.000	13800.450	836.000
10.160	145940.000	13800.315	869.000
10.170	146080.000	13860.220	901.000
10.180	146220.000	13902.154	931.000
10.190	146362.000	13991.508	959.000
10.200	146503.000	14024.056	986.000
10.210	146645.000	14076.839	1011.000
10.220	146789.000	14173.787	1034.000
10.230	146934.000	14271.651	1054.000
10.240	147082.000	14430.156	1072.000
10.250	147228.000	14481.109	1087.000
10.260	147376.000	14576.776	1100.000
10.270	147526.000	14703.743	1111.000
10.280	147678.000	14852.620	1118.000
10.290	147832.000	15016.834	1122.000
10.300	147986.000	15131.784	1124.000
10.310	148143.000	15302.249	1122.000
10.320	148301.000	15451.574	1117.000
10.330	148460.000	15586.102	1109.000
10.340	148621.000	15740.271	1098.000
10.350	148787.000	15998.190	1084.000
10.360	148948.000	16028.733	1066.000
10.370	149113.000	16170.113	1048.000
10.380	149281.000	16359.079	1026.000
10.390	149448.000	16461.355	1002.000
10.400	149619.000	16652.949	976.000
10.410	149791.000	16817.064	946.000
10.420	149964.000	16961.945	914.000
10.430	150137.000	17063.361	880.000
10.440	150312.000	17194.353	844.000
10.450	150487.000	17286.047	807.000
10.460	150662.000	17350.233	769.000
10.470	150839.000	17455.163	730.000
10.480	151015.000	17498.614	690.000
10.490	151194.000	17619.030	649.000
10.500	151369.000	17583.321	608.000
10.510	151546.000	17618.325	567.000
10.520	151723.000	17642.827	526.000
10.530	151899.000	17629.979	486.000
10.540	152076.000	17650.985	446.000
10.550	152252.000	17635.690	406.000
10.560	152429.000	17654.983	366.000
10.570	152605.000	17638.488	327.000
10.580	152781.000	17626.942	288.000
10.590	152957.000	17618.859	250.000
10.600	153135.000	17673.201	212.000
10.610	153308.000	17561.241	174.000
10.620	153482.000	17512.869	139.000
10.630	153656.000	17479.008	104.000
10.640	153830.000	17455.306	71.000
10.650	154002.000	17378.714	38.000
10.660	154174.000	17325.100	8.000
10.670	154345.000	17257.570	-22.000
10.680	154515.000	17180.299	-49.000
10.690	154688.000	17216.209	-76.000
10.700	154854.000	17031.346	-101.000
10.710	155022.000	16961.943	-123.000
10.720	155188.000	16853.360	-143.000
10.730	155353.000	16747.352	-161.000
10.740	155520.000	16733.146	-177.000
10.750	155680.000	16513.202	-191.000
10.760	155842.000	16419.242	-201.000
10.770	156003.000	16323.469	-209.000
10.780	156161.000	16166.428	-215.000
10.790	156317.000	15996.500	-217.000
10.800	156473.000	15877.550	-216.000
10.810	156625.000	15674.285	-212.000
10.820	156777.000	15531.999	-205.000
10.830	156927.000	15372.400	-195.000
10.840	157072.000	15110.680	-181.000
10.850	157217.000	14927.476	-163.000
10.860	157361.000	14769.233	-142.000
10.870	157503.000	14598.463	-118.000
10.880	157645.000	14478.924	-93.000
10.890	157785.000	14335.247	-65.000
10.900	157923.000	14174.673	-35.000
10.910	158061.000	14062.271	-3.000
10.920	158197.000	13923.590	31.000
10.930	158333.000	13826.513	66.000
10.940	158468.000	13728.559	103.000
10.950	158603.000	13659.991	140.000
10.960	158737.000	13581.994	179.000
10.970	158871.000	13527.396	218.000
10.980	159005.000	13489.177	257.000
10.990	159139.000	13462.424	297.000
11.000	159272.000	13413.697	337.000
11.010	159406.000	13409.588	377.000
11.020	159541.000	13436.711	416.000
11.030	159675.000	13425.698	455.000
11.040	159809.000	13417.989	494.000
11.050	159944.000	13442.592	533.000
11.060	160080.000	13489.814	571.000
11.070	160216.000	13522.870	608.000
11.080	160353.000	13576.009	644.000
11.090	160490.000	13613.206	679.000
11.100	160630.000	13729.244	713.000
11.110	160768.000	13750.471	745.000
11.120	160905.000	13735.330	777.000
11.130	161044.000	13784.731	809.000
11.140	161184.000	13849.312	840.000
11.150	161325.000	13924.518	870.000
11.160	161466.000	13977.163	898.000
11.170	161608.000	14044.014	925.000
11.180	161750.000	14090.810	951.000
11.190	161897.000	14273.567	974.000
11.200	162038.000	14221.497	996.000
11.210	162183.000	14305.048	1018.000
11.220	162329.000	14393.533	1037.000
11.230	162476.000	14485.473	1055.000
11.240	162624.000	14579.831	1070.000
11.250	162773.000	14675.882	1083.000
11.260	162924.000	14803.117	1094.000
11.270	163076.000	14922.182	1102.000
11.280	163229.000	15035.528	1108.000
11.290	163383.000	15144.869	1111.000
11.300	163540.000	15311.408	1112.000
11.310	163697.000	15427.986	1109.000
11.320	163857.000	15599.590	1104.000
11.330	164017.000	15719.713	1096.000
11.340	164180.000	15893.799	1085.000
11.350	164344.000	16045.659	1070.000
11.360	164509.000	16181.962	1054.000
11.370	164676.000	16337.373	1034.000
11.380	164844.000	16476.161	1012.000
11.390	165014.000	16633.313	987.000
11.400	165185.000	16773.319	960.000
11.410	165358.000	16931.323	930.000
11.420	165532.000	17071.926	898.000
11.430	165707.000	17200.348	864.000
11.440	165883.000	17320.244	828.000
11.450	166060.000	17434.171	790.000
11.460	166237.000	17513.920	751.000
11.470	166415.000	17599.744	712.000
11.480	166594.000	17689.821	671.000
11.490	166773.000	17752.874	629.000
11.500	166953.000	17827.012	586.000
11.510	167133.000	17878.908	543.000
11.520	167312.000	17885.236	500.000
11.530	167491.000	17889.665	458.000
11.540	167670.000	17892.766	415.000
11.550	167848.000	17864.936	374.000
11.560	168027.000	17875.455	333.000
11.570	168205.000	17852.819	293.000
11.580	168382.000	17806.973	253.000
11.590	168560.000	17804.881	215.000
11.600	168738.000	17803.417	177.000
11.610	168915.000	17772.392	139.000
11.620	169092.000	17750.674	102.000
11.630	169268.000	17705.472	66.000
11.640	169443.000	17643.830	32.000
11.650	169618.000	17600.681	-1.000
11.660	169794.000	17600.477	-34.000
11.670	169965.000	17450.334	-64.000
11.680	170137.000	17375.234	-92.000
11.690	170309.000	17322.664	-118.000
11.700	170478.000	17195.864	-143.000
11.710	170647.000	17107.105	-165.000
11.720	170815.000	17014.974	-185.000
11.730	170982.000	16920.482	-203.000
11.740	171147.000	16794.337	-218.000
11.750	171310.000	16646.036	-231.000
11.760	171473.000	16542.225	-241.000
11.770	171633.000	16379.558	-248.000
11.780	171792.000	16235.690	-252.000
11.790	171949.000	16074.983	-253.000
11.800	172104.000	15902.488	-251.000
11.810	172257.000	15721.742	-246.000
11.820	172409.000	15565.219	-237.000
11.830	172558.000	15365.653	-226.000
11.840	172706.000	15195.957	-211.000
11.850	172852.000	15017.170	-193.000
11.860	172996.000	14832.019	-172.000
11.870	173138.000	14642.413	-148.000
11.880	173280.000	14509.689	-122.000
11.890	173419.000	14326.783	-93.000
11.900	173557.000	14168.748	-62.000
11.910	173694.000	14028.123	-28.000
11.920	173829.000	13869.686	7.000
11.930	173963.000	13728.780	45.000
11.940	174098.000	13660.146	84.000
11.950	174231.000	13552.102	124.000
11.960	174364.000	13476.472	164.000
11.970	174495.000	13363.530	206.000
11.980	174626.000	13284.471	249.000
11.990	174757.000	13229.130	292.000
12.000	174888.000	13190.391	336.000
12.010	175020.000	13193.274	0.000
12.020	175150.000	13135.292	0.000
12.030	175278.000	13034.704	0.000
12.040	175408.000	13024.293	0.000
12.050	175537.000	12987.005	0.000
12.060	175665.000	12930.903	0.000
12.070	175791.000	12831.632	0.000
12.080	175916.000	12732.143	0.000
12.090	176041.000	12662.500	0.000
12.100	176166.000	12613.750	0.000
12.110	176290.000	12549.625	0.000
12.120	176412.000	12444.737	0.000
12.130	176534.000	12371.316	0.000
12.140	176656.000	12319.921	0.000
12.150	176776.000	12223.945	0.000
12.160	176895.000	12126.761	0.000
12.170	177013.000	12028.733	0.000
12.180	177131.000	11960.113	0.000
12.190	177247.000	11852.079	0.000
12.200	177363.000	11776.455	0.000
12.210	177475.000	11603.519	0.000
12.220	177588.000	11512.463	0.000
12.230	177699.000	11388.724	0.000
12.240	177809.000	11272.107	0.000
12.250	177917.000	11130.475	0.000
12.260	178024.000	11001.332	0.000
12.270	178131.000	10910.933	0.000
12.280	178235.000	10757.653	0.000
12.290	178339.000	10650.357	0.000
12.300	178442.000	10545.250	0.000
12.310	178543.000	10411.675	0.000
12.320	178643.000	10288.172	0.000
12.330	178742.000	10171.721	0.000
12.340	178840.000	10060.205	0.000
12.350	178937.000	9952.143	0.000
12.360	179033.000	9846.500	0.000
12.370	179128.000	9742.550	0.000
12.380	179222.000	9639.785	0.000
12.390	179315.000	9537.850	0.000
12.400	179407.000	9436.495	0.000
12.410	179498.000	9335.546	0.000
12.420	179589.000	9264.882	0.000
12.430	179679.000	9185.418	0.000
12.440	179767.000	9069.792	0.000
12.450	179855.000	8988.855	0.000
12.460	179942.000	8902.198	0.000
12.470	180029.000	8841.539	0.000
12.480	180114.000	8739.077	0.000
12.490	180198.000	8637.354	0.000
12.500	180282.000	8566.148	0.000
12.510	180365.000	8486.303	0.000
12.520	180446.000	8370.412	0.000
12.530	180527.000	8289.289	0.000
12.540	180607.000	8202.502	0.000
12.550	180686.000	8111.751	0.000
12.560	180764.000	8018.226	0.000
12.570	180841.000	7922.758	0.000
12.580	180917.000	7825.931	0.000
12.590	180993.000	7758.152	0.000
12.600	181067.000	7650.706	0.000
12.610	181140.000	7545.494	0.000
12.620	181212.000	7441.846	0.000
12.630	181284.000	7369.292	0.000
12.640	181355.000	7288.505	0.000
12.650	181425.000	7201.953	0.000
12.660	181494.000	7111.367	0.000
12.670	181561.000	6987.957	0.000
12.680	181629.000	6931.570	0.000
12.690	181696.000	6862.099	0.000
12.700	181761.000	6753.469	0.000
12.710	181826.000	6677.428	0.000
12.720	181889.000	6564.200	0.000
12.730	181952.000	6484.940	0.000
12.740	182014.000	6399.458	0.000
12.750	182075.000	6309.621	0.000
12.760	182135.000	6216.734	0.000
12.770	182194.000	6121.714	0.000
12.780	182252.000	6025.200	0.000
12.790	182308.000	5897.640	0.000
12.800	182364.000	5808.348	0.000
12.810	182419.000	5715.844	0.000
12.820	182473.000	5621.090	0.000
12.830	182525.000	5494.763	0.000
12.840	182577.000	5406.334	0.000
12.850	182628.000	5314.434	0.000
12.860	182677.000	5190.104	0.000
12.870	182725.000	5073.073	0.000
12.880	182772.000	4961.151	0.000
12.890	182817.000	4822.806	0.000
12.900	182861.000	4695.964	0.000
12.910	182904.000	4577.175	0.000
12.920	182945.000	4434.022	0.000
12.930	182985.000	4303.816	0.000
12.940	183023.000	4152.671	0.000
12.950	183060.000	4016.870	0.000
12.960	183096.000	3891.809	0.000
12.970	183132.000	3804.266	0.000
12.980	183164.000	3622.986	0.000
12.990	183197.000	3526.090	0.000
13.000	183227.000	3368.263	0.000
13.010	183256.000	3227.784	0.000
13.020	183284.000	3099.449	0.000
13.030	183310.000	2949.614	0.000
13.040	183335.000	2814.730	0.000
13.050	183359.000	2690.311	0.000
13.060	183382.000	2573.218	0.000
13.070	183403.000	2431.252	0.000
13.080	183423.000	2301.877	0.000
13.090	183441.000	2151.314	0.000
13.100	183457.000	1985.920	0.000
13.110	183473.000	1870.144	0.000
13.120	183486.000	1699.101	0.000
13.130	183498.000	1549.370	0.000
13.140	183509.000	1414.559	0.000
13.150	183517.000	1230.192	0.000
13.160	183525.000	1101.134	0.000
13.170	183530.000	920.794	0.000
13.180	183535.000	794.556	0.000
13.190	183538.000	646.189	0.000
13.200	183539.000	482.332	0.000
13.210	183540.000	367.633	0.000
13.220	183540.000	257.343	0.000
13.230	183538.000	120.140	0.000
13.240	183534.000	-35.902	0.000
13.250	183529.000	-175.131	0.000
13.260	183523.000	-302.592	0.000
13.270	183516.000	-421.814	0.000
13.280	183508.000	-535.270	0.000
13.290	183500.000	-614.689	0.000
13.300	183490.000	-730.282	0.000
13.310	183480.000	-811.198	0.000
13.320	183470.000	-867.838	0.000
13.330	183458.000	-967.487	0.000
13.340	183447.000	-1007.241	0.000
13.350	183435.000	-1065.069	0.000
13.360	183422.000	-1135.548	0.000
13.370	183410.000	-1154.884	0.000
13.380	183397.000	-1198.419	0.000
13.390	183383.000	-1258.893	0.000
13.400	183370.000	-1271.225	0.000
13.410	183357.000	-1279.858	0.000
13.420	183343.000	-1315.900	0.000
13.430	183330.000	-1311.130	0.000
13.440	183317.000	-1307.791	0.000
13.450	183304.000	-1305.454	0.000
13.460	183291.000	-1303.818	0.000
13.470	183278.000	-1302.672	0.000
13.480	183265.000	-1301.871	0.000
13.490	183252.000	-1301.309	0.000
13.500	183239.000	-1300.917	0.000
13.510	183226.000	-1300.642	0.000
13.520	183214.000	-1270.449	0.000
13.530	183201.000	-1279.314	0.000
13.540	183188.000	-1285.520	0.000
13.550	183176.000	-1259.864	0.000
13.560	183163.000	-1271.905	0.000
13.570	183151.000	-1250.333	0.000
13.580	183139.000	-1235.233	0.000
13.590	183127.000	-1224.663	0.000
13.600	183115.000	-1217.264	0.000
13.610	183103.000	-1212.085	0.000
13.620	183092.000	-1178.460	0.000
13.630	183082.000	-1124.922	0.000
13.640	183071.000	-1117.445	0.000
13.650	183061.000	-1082.212	0.000
13.660	183051.000	-1057.548	0.000
13.670	183042.000	-1010.284	0.000
13.680	183033.000	-977.199	0.000
13.690	183024.000	-954.039	0.000
13.700	183016.000	-907.827	0.000
13.710	183008.000	-875.479	0.000
13.720	183000.000	-852.835	0.000
13.730	182992.000	-836.985	0.000
13.740	182985.000	-795.889	0.000
13.750	182978.000	-767.123	0.000
13.760	182971.000	-746.986	0.000
13.770	182964.000	-732.890	0.000
13.780	182957.000	-723.023	0.000
13.790	182951.000	-686.116	0.000
13.800	182945.000	-660.281	0.000
13.810	182939.000	-642.197	0.000
13.820	182933.000	-629.538	0.000
13.830	182927.000	-620.676	0.000
13.840	182922.000	-584.474	0.000
13.850	182916.000	-589.131	0.000
13.860	182911.000	-562.392	0.000
13.870	182906.000	-543.674	0.000
13.880	182901.000	-530.572	0.000
13.890	182897.000	-491.400	0.000
13.900	182892.000	-493.980	0.000
13.910	182888.000	-465.786	0.000
13.920	182884.000	-446.050	0.000
13.930	182880.000	-432.235	0.000
13.940	182876.000	-422.565	0.000
13.950	182873.000	-385.795	0.000
13.960	182869.000	-390.057	0.000
13.970	182866.000	-363.040	0.000
13.980	182863.000	-344.128	0.000
13.990	182861.000	-300.889	0.000
14.000	182858.000	-300.623	0.000
14.010	182856.000	-270.436	0.000
14.020	182854.000	-249.305	0.000
14.030	182852.000	-234.514	0.000
14.040	182850.000	-224.159	0.000
14.050	182849.000	-186.912	0.000
14.060	182847.000	-190.838	0.000
14.070	182846.000	-163.587	0.000
14.080	182845.000	-144.511	0.000
14.090	182844.000	-131.157	0.000
14.100	182844.000	-91.810	0.000
14.110	182843.000	-94.267	0.000
14.120	182843.000	-65.987	0.000
14.130	182843.000	-46.191	0.000
14.140	182843.000	-32.334	0.000
14.150	182843.000	-22.634	0.000
14.160	182843.000	-15.843	0.000
14.170	182844.000	18.910	0.000
14.180	182844.000	13.237	0.000
14.190	182845.000	39.266	0.000
14.200	182846.000	57.486	0.000
14.210	182846.000	40.240	0.000
14.220	182847.000	58.168	0.000
14.230	182848.000	70.718	0.000
14.240	182848.000	49.502	0.000
14.250	182849.000	64.652	0.000
14.260	182849.000	45.256	0.000
14.270	182850.000	61.679	0.000
14.280	182850.000	43.176	0.000
14.290	182850.000	30.223	0.000
14.300	182850.000	21.156	0.000
14.310	182850.000	14.809	0.000
14.320	182850.000	10.366	0.000
14.330	182850.000	7.257	0.000
14.340	182850.000	5.080	0.000
14.350	182850.000	3.556	0.000
14.360	182850.000	2.489	0.000
14.370	182850.000	1.742	0.000
14.380	182850.000	1.220	0.000
14.390	182849.000	-29.146	0.000
14.400	182848.000	-50.402	0.000
14.410	182848.000	-35.282	0.000
14.420	182847.000	-54.697	0.000
14.430	182847.000	-38.288	0.000
14.440	182846.000	-56.802	0.000
14.450	182846.000	-39.761	0.000
14.460	182846.000	-27.833	0.000
14.470	182846.000	-19.483	0.000
14.480	182849.000	76.362	0.000
14.490	182853.000	173.453	0.000
14.500	182859.000	301.417	0.000
14.510	182867.000	450.992	0.000
14.520	182878.000	645.694	0.000
14.530	182891.000	841.986	0.000
14.540	182906.000	1039.390	0.000
14.550	182923.000	1237.573	0.000
14.560	182940.000	1376.301	0.000
14.570	182959.000	1533.411	0.000
14.580	182978.000	1643.388	0.000
14.590	182997.000	1720.371	0.000
14.600	183016.000	1774.260	0.000
14.610	183034.000	1781.982	0.000
14.620	183052.000	1787.387	0.000
14.630	183069.000	1761.171	0.000
14.640	183086.000	1742.820	0.000
14.650	183102.000	1699.974	0.000
14.660	183118.000	1669.982	0.000
14.670	183133.000	1618.987	0.000
14.680	183147.000	1553.291	0.000
14.690	183160.000	1477.304	0.000
14.700	183172.000	1394.113	0.000
14.710	183184.000	1335.879	0.000
14.720	183194.000	1235.115	0.000
14.730	183203.000	1134.581	0.000
14.740	183211.000	1034.206	0.000
14.750	183217.000	903.945	0.000
14.760	183223.000	812.761	0.000
14.770	183227.000	688.933	0.000
14.780	183231.000	602.253	0.000
14.790	183233.000	481.577	0.000
14.800	183234.000	367.104	0.000
14.810	183234.000	256.973	0.000
14.820	183234.000	179.881	0.000
14.830	183232.000	65.917	0.000
14.840	183229.000	-43.858	0.000
14.850	183225.000	-150.701	0.000
14.860	183220.000	-255.491	0.000
14.870	183214.000	-358.843	0.000
14.880	183208.000	-431.190	0.000
14.890	183201.000	-511.833	0.000
14.900	183194.000	-568.283	0.000
14.910	183186.000	-637.798	0.000
14.920	183178.000	-686.459	0.000
14.930	183169.000	-750.521	0.000
14.940	183161.000	-765.365	0.000
14.950	183152.000	-805.755	0.000
14.960	183143.000	-834.029	0.000
14.970	183134.000	-853.820	0.000
14.980	183125.000	-867.674	0.000
14.990	183116.000	-877.372	0.000
15.000	183107.000	-884.160	0.000
