0.000	0.000	0.000	0.000
0.010	0.000	0.000	0.000
0.020	0.000	0.000	0.000
0.030	0.000	0.000	0.000
0.040	-2.000	-60.000	1.000
0.050	-4.000	-102.000	2.000
0.060	-7.000	-161.400	5.000
0.070	-9.000	-172.980	8.000
0.080	-12.000	-211.086	11.000
0.090	-15.000	-237.760	14.000
0.100	-18.000	-256.432	18.000
0.110	-21.000	-269.502	22.000
0.120	-24.000	-278.652	25.000
0.130	-27.000	-285.056	29.000
0.140	-29.000	-259.539	32.000
0.150	-32.000	-271.678	34.000
0.160	-34.000	-250.174	37.000
0.170	-37.000	-265.122	39.000
0.180	-39.000	-245.585	41.000
0.190	-40.000	-201.910	42.000
0.200	-42.000	-201.337	43.000
0.210	-43.000	-170.936	43.000
0.220	-44.000	-149.655	43.000
0.230	-45.000	-134.759	43.000
0.240	-45.000	-94.331	42.000
0.250	-45.000	-66.032	40.000
0.260	-45.000	-46.222	39.000
0.270	-45.000	-32.356	37.000
0.280	-45.000	-22.649	35.000
0.290	-45.000	-15.854	33.000
0.300	-45.000	-11.098	31.000
0.310	-44.000	22.231	29.000
0.320	-43.000	45.562	27.000
0.330	-42.000	61.893	25.000
0.340	-41.000	73.325	22.000
0.350	-39.000	111.328	20.000
0.360	-38.000	107.929	17.000
0.370	-37.000	105.551	14.000
0.380	-36.000	103.885	12.000
0.390	-35.000	102.720	10.000
0.400	-34.000	101.904	8.000
0.410	-34.000	71.333	7.000
0.420	-33.000	79.933	6.000
0.430	-33.000	55.953	5.000
0.440	-33.000	39.167	5.000
0.450	-33.000	27.417	5.000
0.460	-33.000	19.192	5.000
0.470	-33.000	13.434	6.000
0.480	-33.000	9.404	6.000
0.490	-33.000	6.583	6.000
0.500	-33.000	4.608	7.000
0.510	-34.000	-26.774	11.000
0.520	-35.000	-48.742	21.000
0.530	-35.000	-34.119	36.000
0.540	-36.000	-53.884	56.000
0.550	-37.000	-67.719	81.000
0.560	-38.000	-77.403	110.000
0.570	-38.000	-54.182	143.000
0.580	-38.000	-37.927	178.000
0.590	-38.000	-26.549	216.000
0.600	-38.000	-18.584	257.000
0.610	-38.000	-13.009	301.000
0.620	-36.000	50.894	347.000
0.630	-33.000	125.626	393.000
0.640	-30.000	177.938	441.000
0.650	-26.000	244.557	490.000
0.660	-22.000	291.190	540.000
0.670	-16.000	383.833	591.000
0.680	-10.000	448.683	643.000
0.690	-3.000	524.078	695.000
0.700	6.000	636.855	748.000
0.710	15.000	715.798	801.000
0.720	25.000	801.059	856.000
0.730	36.000	890.741	910.000
0.740	49.000	1013.519	965.000
0.750	63.000	1129.463	1020.000
0.760	79.000	1270.624	1075.000
0.770	95.000	1369.437	1130.000
0.780	114.000	1528.606	1185.000
0.790	134.000	1670.024	1239.000
0.800	157.000	1859.017	1293.000
0.810	181.000	2021.312	1346.000
0.820	207.000	2194.918	1399.000
0.830	234.000	2346.443	1452.000
0.840	263.000	2512.510	1505.000
0.850	294.000	2688.757	1557.000
0.860	326.000	2842.130	1610.000
0.870	361.000	3039.491	1662.000
0.880	398.000	3237.644	1714.000
0.890	437.000	3436.351	1765.000
0.900	480.000	3695.445	1816.000
0.910	525.000	3936.812	1865.000
0.920	573.000	4195.768	1912.000
0.930	624.000	4467.038	1959.000
0.940	677.000	4716.926	2005.000
0.950	733.000	4981.849	2049.000
0.960	792.000	5257.294	2093.000
0.970	855.000	5570.106	2136.000
0.980	919.000	5819.074	2177.000
0.990	989.000	6173.352	2217.000
1.000	1062.000	6511.346	2256.000
1.010	1139.000	6867.942	2289.000
1.020	1219.000	7207.560	2315.000
1.030	1302.000	7535.292	2335.000
1.040	1390.000	7914.704	2348.000
1.050	1482.000	8300.293	2355.000
1.060	1576.000	8630.205	2356.000
1.070	1677.000	9071.144	2352.000
1.080	1781.000	9469.800	2343.000
1.090	1889.000	9868.860	2329.000
1.100	2003.000	10328.202	2309.000
1.110	2119.000	10709.742	2286.000
1.120	2239.000	11096.819	2259.000
1.130	2364.000	11517.773	2229.000
1.140	2494.000	11962.441	2194.000
1.150	2628.000	12393.709	2156.000
1.160	2765.000	12785.596	2115.000
1.170	2907.000	13209.917	2072.000
1.180	3051.000	13566.942	2026.000
1.190	3200.000	13966.860	1979.000
1.200	3354.000	14396.802	1929.000
1.210	3510.000	14757.761	1877.000
1.220	3670.000	15130.433	1824.000
1.230	3833.000	15481.303	1769.000
1.240	4000.000	15846.912	1714.000
1.250	4169.000	16162.838	1657.000
1.260	4341.000	16473.987	1601.000
1.270	4515.000	16751.791	1544.000
1.280	4693.000	17066.254	1488.000
1.290	4872.000	17316.378	1431.000
1.300	5058.000	17701.464	1374.000
1.310	5238.000	17791.025	1318.000
1.320	5422.000	17973.717	1264.000
1.330	5610.000	18221.602	1212.000
1.340	5797.000	18365.122	1160.000
1.350	5987.000	18555.585	1109.000
1.360	6177.000	18688.910	1060.000
1.370	6369.000	18842.237	1013.000
1.380	6561.000	18949.566	967.000
1.390	6756.000	19114.696	922.000
1.400	6950.000	19200.287	879.000
1.410	7146.000	19320.201	837.000
1.420	7345.000	19494.141	795.000
1.430	7541.000	19525.899	755.000
1.440	7739.000	19608.129	717.000
1.450	7939.000	19725.690	679.000
1.460	8139.000	19807.983	643.000
1.470	8340.000	19895.588	607.000
1.480	8542.000	19986.912	572.000
1.490	8744.000	20050.838	538.000
1.500	8949.000	20185.587	504.000
1.510	9149.000	20129.911	472.000
1.520	9354.000	20240.938	441.000
1.530	9555.000	20198.656	411.000
1.540	9759.000	20259.059	383.000
1.550	9964.000	20331.342	355.000
1.560	10168.000	20351.939	328.000
1.570	10372.000	20366.357	301.000
1.580	10575.000	20346.450	276.000
1.590	10777.000	20302.515	253.000
1.600	10979.000	20271.761	232.000
1.610	11180.000	20220.232	212.000
1.620	11380.000	20154.163	194.000
1.630	11580.000	20107.914	178.000
1.640	11779.000	20045.540	163.000
1.650	11977.000	19971.878	150.000
1.660	12176.000	19950.314	137.000
1.670	12373.000	19875.220	126.000
1.680	12570.000	19822.654	115.000
1.690	12766.000	19755.858	106.000
1.700	12963.000	19739.101	97.000
1.710	13158.000	19667.370	89.000
1.720	13353.000	19617.159	81.000
1.730	13546.000	19522.011	74.000
1.740	13740.000	19485.408	68.000
1.750	13933.000	19429.786	63.000
1.760	14126.000	19390.850	58.000
1.770	14317.000	19303.595	53.000
1.780	14508.000	19242.516	49.000
1.790	14698.000	19169.762	46.000
1.800	14887.000	19088.833	43.000
1.810	15074.000	18972.183	42.000
1.820	15261.000	18890.528	41.000
1.830	15445.000	18743.370	42.000
1.840	15630.000	18670.359	44.000
1.850	15812.000	18529.251	47.000
1.860	15998.000	18550.476	49.000
1.870	16175.000	18295.333	53.000
1.880	16355.000	18206.733	59.000
1.890	16533.000	18084.713	66.000
1.900	16710.000	17969.299	73.000
1.910	16884.000	17798.509	82.000
1.920	17058.000	17678.957	92.000
1.930	17231.000	17565.270	102.000
1.940	17402.000	17425.689	113.000
1.950	17573.000	17327.982	125.000
1.960	17743.000	17229.587	137.000
1.970	17912.000	17130.711	149.000
1.980	18081.000	17061.498	161.000
1.990	18249.000	16983.049	173.000
2.000	18416.000	16898.134	185.000
2.010	18582.000	16808.694	196.000
2.020	18748.000	16746.086	208.000
2.030	18913.000	16672.260	219.000
2.040	19079.000	16650.582	230.000
2.050	19243.000	16575.407	240.000
2.060	19407.000	16522.785	250.000
2.070	19570.000	16455.950	260.000
2.080	19733.000	16409.165	269.000
2.090	19897.000	16406.415	278.000
2.100	20061.000	16404.491	286.000
2.110	20222.000	16313.144	293.000
2.120	20385.000	16309.200	301.000
2.130	20547.000	16276.440	307.000
2.140	20709.000	16253.508	314.000
2.150	20872.000	16267.456	319.000
2.160	21032.000	16187.219	325.000
2.170	21193.000	16161.053	330.000
2.180	21353.000	16112.737	336.000
2.190	21513.000	16078.916	342.000
2.200	21672.000	16025.241	348.000
2.210	21831.000	15987.669	353.000
2.220	21989.000	15931.368	360.000
2.230	22147.000	15891.958	366.000
2.240	22305.000	15864.370	372.000
2.250	22463.000	15845.059	378.000
2.260	22621.000	15831.542	383.000
2.270	22778.000	15792.079	389.000
2.280	22936.000	15794.455	394.000
2.290	23093.000	15766.119	399.000
2.300	23251.000	15776.283	403.000
2.310	23408.000	15753.398	407.000
2.320	23566.000	15767.379	410.000
2.330	23722.000	15717.165	414.000
2.340	23880.000	15742.016	417.000
2.350	24037.000	15729.411	420.000
2.360	24195.000	15750.588	422.000
2.370	24352.000	15735.411	424.000
2.380	24510.000	15754.788	426.000
2.390	24669.000	15798.352	427.000
2.400	24827.000	15798.846	427.000
2.410	24986.000	15829.192	427.000
2.420	25145.000	15850.435	426.000
2.430	25303.000	15835.304	426.000
2.440	25463.000	15884.713	424.000
2.450	25625.000	15979.299	422.000
2.460	25783.000	15925.509	419.000
2.470	25943.000	15947.857	417.000
2.480	26104.000	15993.500	414.000
2.490	26265.000	16025.450	410.000
2.500	26425.000	16017.815	407.000
2.510	26585.000	16012.470	404.000
2.520	26744.000	15978.729	401.000
2.530	26903.000	15955.110	399.000
2.540	27062.000	15938.577	398.000
2.550	27220.000	15897.004	397.000
2.560	27377.000	15837.903	398.000
2.570	27534.000	15796.532	399.000
2.580	27692.000	15797.572	400.000
2.590	27845.000	15648.301	403.000
2.600	28001.000	15633.810	406.000
2.610	28156.000	15593.667	410.000
2.620	28311.000	15565.567	415.000
2.630	28465.000	15515.897	419.000
2.640	28619.000	15481.128	424.000
2.650	28774.000	15486.790	429.000
2.660	28929.000	15490.753	433.000
2.670	29084.000	15493.527	437.000
2.680	29239.000	15495.469	440.000
2.690	29395.000	15526.828	443.000
2.700	29550.000	15518.780	445.000
2.710	29705.000	15513.146	447.000
2.720	29861.000	15539.202	449.000
2.730	30017.000	15557.441	450.000
2.740	30173.000	15570.209	450.000
2.750	30329.000	15579.146	451.000
2.760	30486.000	15615.402	451.000
2.770	30643.000	15640.782	450.000
2.780	30799.000	15628.547	449.000
2.790	30957.000	15679.983	448.000
2.800	31116.000	15745.988	446.000
2.810	31270.000	15642.192	444.000
2.820	31426.000	15629.534	444.000
2.830	31582.000	15620.674	444.000
2.840	31738.000	15614.472	444.000
2.850	31893.000	15580.130	444.000
2.860	32049.000	15586.091	445.000
2.870	32204.000	15560.264	446.000
2.880	32358.000	15512.185	447.000
2.890	32512.000	15478.529	449.000
2.900	32665.000	15424.970	452.000
2.910	32818.000	15387.479	455.000
2.920	32971.000	15361.236	459.000
2.930	33123.000	15312.865	463.000
2.940	33275.000	15279.005	468.000
2.950	33428.000	15285.304	473.000
2.960	33579.000	15229.713	477.000
2.970	33730.000	15190.799	482.000
2.980	33882.000	15193.559	488.000
2.990	34034.000	15195.491	492.000
3.000	34187.000	15226.844	496.000
3.010	34339.000	15218.791	500.000
3.020	34491.000	15213.154	503.000
3.030	34645.000	15269.207	506.000
3.040	34796.000	15218.445	508.000
3.050	34951.000	15302.912	510.000
3.060	35103.000	15272.038	511.000
3.070	35257.000	15310.427	512.000
3.080	35411.000	15337.299	513.000
3.090	35565.000	15356.109	513.000
3.100	35721.000	15429.276	512.000
3.110	35876.000	15450.493	511.000
3.120	36032.000	15495.345	509.000
3.130	36189.000	15556.742	506.000
3.140	36345.000	15569.719	502.000
3.150	36502.000	15608.803	499.000
3.160	36660.000	15666.162	495.000
3.170	36816.000	15646.314	491.000
3.180	36975.000	15722.420	487.000
3.190	37134.000	15775.694	482.000
3.200	37291.000	15752.986	477.000
3.210	37449.000	15767.090	473.000
3.220	37606.000	15746.963	469.000
3.230	37763.000	15732.874	466.000
3.240	37920.000	15723.012	463.000
3.250	38077.000	15716.108	461.000
3.260	38234.000	15711.276	459.000
3.270	38390.000	15677.893	458.000
3.280	38546.000	15654.525	457.000
3.290	38704.000	15698.168	456.000
3.300	38861.000	15698.717	455.000
3.310	39020.000	15759.102	453.000
3.320	39177.000	15741.371	451.000
3.330	39336.000	15788.960	449.000
3.340	39492.000	15732.272	447.000
3.350	39651.000	15782.590	446.000
3.360	39810.000	15817.813	443.000
3.370	39968.000	15812.469	441.000
3.380	40128.000	15868.729	438.000
3.390	40288.000	15908.110	434.000
3.400	40447.000	15905.677	431.000
3.410	40608.000	15963.974	427.000
3.420	40768.000	15974.782	422.000
3.430	40929.000	16012.347	418.000
3.440	41090.000	16038.643	413.000
3.450	41252.000	16087.050	408.000
3.460	41412.000	16060.935	403.000
3.470	41572.000	16042.655	399.000
3.480	41733.000	16059.858	395.000
3.490	41893.000	16041.901	391.000
3.500	42055.000	16089.331	387.000
3.510	42213.000	16002.531	384.000
3.520	42373.000	16001.772	382.000
3.530	42531.000	15941.240	381.000
3.540	42689.000	15898.868	381.000
3.550	42848.000	15899.208	381.000
3.560	43006.000	15869.445	381.000
3.570	43163.000	15818.612	382.000
3.580	43322.000	15843.028	383.000
3.590	43476.000	15710.120	385.000
3.600	43632.000	15677.084	388.000
3.610	43787.000	15623.959	392.000
3.620	43942.000	15586.771	396.000
3.630	44097.000	15560.740	400.000
3.640	44251.000	15512.518	405.000
3.650	44405.000	15478.762	410.000
3.660	44562.000	15545.134	414.000
3.670	44714.000	15441.594	418.000
3.680	44868.000	15429.116	423.000
3.690	45022.000	15420.381	428.000
3.700	45176.000	15414.267	432.000
3.710	45330.000	15409.987	436.000
3.720	45485.000	15436.991	440.000
3.730	45637.000	15365.893	443.000
3.740	45791.000	15376.125	447.000
3.750	45945.000	15383.288	450.000
3.760	46099.000	15388.301	453.000
3.770	46254.000	15421.811	455.000
3.780	46408.000	15415.268	457.000
3.790	46563.000	15440.687	459.000
3.800	46718.000	15458.481	460.000
3.810	46872.000	15440.937	461.000
3.820	47027.000	15458.656	461.000
3.830	47182.000	15471.059	462.000
3.840	47336.000	15449.741	462.000
3.850	47491.000	15464.819	463.000
3.860	47645.000	15445.373	464.000
3.870	47800.000	15461.761	464.000
3.880	47954.000	15443.233	465.000
3.890	48108.000	15430.263	466.000
3.900	48261.000	15391.184	467.000
3.910	48415.000	15393.829	469.000
3.920	48568.000	15365.680	471.000
3.930	48722.000	15375.976	472.000
3.940	48875.000	15353.183	474.000
3.950	49028.000	15337.228	476.000
3.960	49181.000	15326.060	479.000
3.970	49333.000	15288.242	481.000
3.980	49487.000	15321.769	484.000
3.990	49640.000	15315.239	486.000
4.000	49794.000	15340.667	487.000
4.010	49946.000	15298.467	489.000
4.020	50099.000	15298.927	491.000
4.030	50252.000	15299.249	493.000
4.040	50406.000	15329.474	495.000
4.050	50560.000	15350.632	496.000
4.060	50714.000	15365.442	496.000
4.070	50867.000	15345.810	497.000
4.080	51021.000	15362.067	497.000
4.090	51176.000	15403.447	498.000
4.100	51330.000	15402.413	497.000
4.110	51485.000	15431.689	497.000
4.120	51639.000	15422.182	496.000
4.130	51795.000	15475.528	495.000
4.140	51951.000	15512.869	494.000
4.150	52107.000	15539.009	492.000
4.160	52263.000	15557.306	489.000
4.170	52422.000	15660.114	486.000
4.180	52577.000	15612.080	483.000
4.190	52735.000	15668.456	480.000
4.200	52892.000	15677.919	476.000
4.210	53049.000	15684.543	473.000
4.220	53207.000	15719.180	469.000
4.230	53364.000	15713.426	466.000
4.240	53521.000	15709.398	463.000
4.250	53677.000	15676.579	461.000
4.260	53834.000	15683.605	459.000
4.270	53989.000	15628.524	458.000
4.280	54144.000	15589.967	458.000
4.290	54300.000	15592.977	458.000
4.300	54454.000	15535.084	459.000
4.310	54609.000	15524.559	460.000
4.320	54763.000	15487.191	462.000
4.330	54917.000	15461.034	464.000
4.340	55072.000	15472.724	466.000
4.350	55229.000	15540.907	467.000
4.360	55382.000	15468.635	468.000
4.370	55538.000	15508.044	469.000
4.380	55691.000	15445.631	471.000
4.390	55847.000	15491.942	472.000
4.400	56003.000	15524.359	473.000
4.410	56159.000	15547.051	473.000
4.420	56316.000	15592.936	472.000
4.430	56474.000	15655.055	471.000
4.440	56615.000	15188.539	473.000
4.450	56773.000	15371.977	478.000
4.460	56931.000	15500.384	480.000
4.470	57092.000	15680.269	478.000
4.480	57248.000	15656.188	475.000
4.490	57407.000	15729.332	472.000
4.500	57567.000	15810.532	468.000
4.510	57727.000	15867.373	462.000
4.520	57889.000	15967.161	456.000
4.530	58047.000	15917.013	449.000
4.540	58205.000	15881.909	445.000
4.550	58365.000	15917.336	440.000
4.560	58524.000	15912.135	435.000
4.570	58683.000	15908.495	431.000
4.580	58841.000	15875.946	428.000
4.590	58998.000	15823.162	426.000
4.600	59156.000	15816.214	424.000
4.610	59313.000	15781.350	423.000
4.620	59470.000	15756.945	423.000
4.630	59627.000	15739.861	423.000
4.640	59783.000	15697.903	424.000
4.650	59939.000	15668.532	425.000
4.660	60094.000	15617.972	427.000
4.670	60249.000	15582.581	429.000
4.680	60405.000	15587.806	432.000
4.690	60561.000	15591.465	434.000
4.700	60716.000	15564.025	436.000
4.710	60872.000	15574.818	438.000
4.720	61028.000	15582.372	440.000
4.730	61184.000	15587.661	441.000
4.740	61340.000	15591.362	442.000
4.750	61495.000	15563.954	444.000
4.760	61651.000	15574.768	445.000
4.770	61809.000	15642.337	445.000
4.780	61964.000	15599.636	445.000
4.790	62120.000	15599.745	446.000
4.800	62276.000	15599.822	446.000
4.810	62434.000	15659.875	446.000
4.820	62591.000	15671.913	445.000
4.830	62748.000	15680.339	444.000
4.840	62906.000	15716.237	442.000
4.850	63063.000	15711.366	441.000
4.860	63221.000	15737.956	439.000
4.870	63379.000	15756.569	437.000
4.880	63536.000	15739.599	435.000
4.890	63694.000	15757.719	433.000
4.900	63850.000	15710.403	432.000
4.910	64007.000	15707.282	431.000
4.920	64163.000	15675.098	431.000
4.930	64319.000	15652.568	431.000
4.940	64474.000	15606.798	432.000
4.950	64629.000	15574.758	434.000
4.960	64783.000	15522.331	436.000
4.970	64938.000	15515.632	438.000
4.980	65091.000	15450.942	441.000
4.990	65247.000	15495.660	444.000
5.000	65400.000	15436.962	447.000
5.010	65553.000	15395.873	454.000
5.020	65708.000	15427.111	466.000
5.030	65861.000	15388.978	484.000
5.040	66015.000	15392.284	506.000
5.050	66170.000	15424.599	532.000
5.060	66325.000	15447.219	560.000
5.070	66482.000	15523.054	590.000
5.080	66637.000	15516.138	620.000
5.090	66794.000	15571.296	651.000
5.100	66952.000	15639.907	680.000
5.110	67110.000	15687.935	708.000
5.120	67272.000	15841.555	733.000
5.130	67430.000	15829.088	756.000
5.140	67590.000	15880.362	775.000
5.150	67752.000	15976.253	791.000
5.160	67914.000	16043.377	802.000
5.170	68078.000	16150.364	809.000
5.180	68242.000	16225.255	810.000
5.190	68406.000	16277.678	806.000
5.200	68572.000	16374.375	796.000
5.210	68739.000	16472.062	781.000
5.220	68905.000	16510.444	761.000
5.230	69074.000	16627.311	735.000
5.240	69241.000	16649.117	705.000
5.250	69411.000	16754.382	670.000
5.260	69578.000	16738.068	631.000
5.270	69747.000	16786.647	589.000
5.280	69915.000	16790.653	544.000
5.290	70083.000	16793.457	498.000
5.300	70252.000	16825.420	450.000
5.310	70419.000	16787.794	401.000
5.320	70586.000	16761.456	352.000
5.330	70755.000	16803.019	303.000
5.340	70922.000	16772.113	255.000
5.350	71088.000	16720.479	209.000
5.360	71256.000	16744.336	165.000
5.370	71420.000	16641.035	124.000
5.380	71585.000	16598.724	87.000
5.390	71749.000	16539.107	54.000
5.400	71913.000	16497.375	26.000
5.410	72076.000	16438.162	3.000
5.420	72238.000	16366.714	-15.000
5.430	72399.000	16286.700	-27.000
5.440	72560.000	16230.690	-33.000
5.450	72722.000	16221.483	-34.000
5.460	72879.000	16065.038	-29.000
5.470	73036.000	15955.527	-17.000
5.480	73193.000	15878.869	1.000
5.490	73350.000	15825.208	25.000
5.500	73505.000	15727.646	53.000
5.510	73660.000	15659.352	86.000
5.520	73814.000	15581.546	124.000
5.530	73966.000	15467.082	166.000
5.540	74118.000	15386.958	211.000
5.550	74271.000	15360.870	259.000
5.560	74423.000	15312.609	308.000
5.570	74574.000	15248.826	358.000
5.580	74724.000	15174.179	409.000
5.590	74874.000	15121.925	460.000
5.600	75023.000	15055.347	511.000
5.610	75173.000	15038.743	559.000
5.620	75323.000	15027.120	605.000
5.630	75472.000	14988.984	648.000
5.640	75624.000	15052.289	687.000
5.650	75772.000	14976.602	722.000
5.660	75923.000	15013.622	752.000
5.670	76076.000	15099.535	776.000
5.680	76226.000	15069.675	795.000
5.690	76380.000	15168.772	807.000
5.700	76534.000	15238.141	813.000
5.710	76688.000	15286.698	812.000
5.720	76844.000	15380.689	805.000
5.730	77002.000	15506.482	792.000
5.740	77159.000	15564.538	771.000
5.750	77317.000	15635.176	746.000
5.760	77476.000	15714.623	715.000
5.770	77636.000	15800.236	680.000
5.780	77796.000	15860.165	640.000
5.790	77959.000	15992.116	597.000
5.800	78119.000	15994.481	551.000
5.810	78281.000	16056.137	503.000
5.820	78444.000	16129.296	454.000
5.830	78607.000	16180.507	404.000
5.840	78771.000	16246.355	353.000
5.850	78932.000	16202.448	305.000
5.860	79095.000	16231.714	258.000
5.870	79257.000	16222.200	214.000
5.880	79418.000	16185.540	174.000
5.890	79580.000	16189.878	138.000
5.900	79740.000	16132.915	106.000
5.910	79900.000	16093.040	80.000
5.920	80058.000	16005.128	59.000
5.930	80215.000	15913.590	45.000
5.940	80371.000	15819.513	38.000
5.950	80525.000	15693.659	37.000
5.960	80678.000	15575.561	44.000
5.970	80830.000	15462.893	57.000
5.980	80980.000	15324.025	77.000
5.990	81129.000	15196.818	103.000
6.000	81277.000	15077.772	136.000
6.010	81424.000	14964.441	173.000
6.020	81569.000	14825.108	216.000
6.030	81714.000	14727.576	263.000
6.040	81860.000	14689.303	313.000
6.050	82004.000	14602.512	366.000
6.060	82148.000	14541.759	419.000
6.070	82293.000	14529.231	474.000
6.080	82437.000	14490.462	528.000
6.090	82581.000	14463.323	582.000
6.100	82727.000	14504.326	633.000
6.110	82871.000	14473.028	682.000
6.120	83018.000	14541.120	728.000
6.130	83164.000	14558.784	770.000
6.140	83312.000	14631.149	807.000
6.150	83461.000	14711.804	838.000
6.160	83610.000	14768.263	864.000
6.170	83761.000	14867.784	884.000
6.180	83913.000	14967.449	898.000
6.190	84066.000	15067.214	905.000
6.200	84221.000	15197.050	905.000
6.210	84376.000	15287.935	898.000
6.220	84532.000	15381.554	885.000
6.230	84689.000	15477.088	866.000
6.240	84848.000	15603.962	841.000
6.250	85007.000	15692.773	811.000
6.260	85166.000	15754.941	775.000
6.270	85326.000	15828.459	736.000
6.280	85487.000	15909.921	693.000
6.290	85648.000	15966.945	647.000
6.300	85809.000	16006.861	599.000
6.310	85970.000	16034.803	550.000
6.320	86131.000	16054.362	500.000
6.330	86292.000	16068.053	450.000
6.340	86453.000	16077.637	401.000
6.350	86614.000	16084.346	353.000
6.360	86775.000	16089.042	308.000
6.370	86936.000	16092.330	265.000
6.380	87096.000	16064.631	225.000
6.390	87256.000	16045.242	190.000
6.400	87416.000	16031.669	159.000
6.410	87574.000	15962.168	133.000
6.420	87732.000	15913.518	112.000
6.430	87892.000	15939.462	97.000
6.440	88047.000	15807.624	88.000
6.450	88203.000	15745.337	85.000
6.460	88359.000	15701.736	89.000
6.470	88514.000	15641.215	98.000
6.480	88669.000	15598.850	113.000
6.490	88824.000	15569.195	133.000
6.500	88977.000	15488.437	158.000
6.510	89130.000	15431.906	188.000
6.520	89284.000	15422.334	222.000
6.530	89436.000	15355.634	259.000
6.540	89590.000	15368.944	299.000
6.550	89743.000	15348.261	342.000
6.560	89895.000	15303.782	385.000
6.570	90048.000	15302.648	430.000
6.580	90200.000	15271.853	476.000
6.590	90355.000	15340.297	520.000
6.600	90505.000	15238.208	563.000
6.610	90657.000	15226.746	606.000
6.620	90809.000	15218.722	647.000
6.630	90961.000	15213.105	684.000
6.640	91114.000	15239.174	718.000
6.650	91267.000	15257.422	748.000
6.660	91421.000	15300.195	773.000
6.670	91574.000	15300.137	793.000
6.680	91729.000	15360.096	808.000
6.690	91884.000	15402.067	817.000
6.700	92040.000	15461.447	820.000
6.710	92197.000	15533.013	816.000
6.720	92355.000	15613.109	807.000
6.730	92514.000	15699.176	791.000
6.740	92674.000	15789.423	769.000
6.750	92836.000	15912.596	741.000
6.760	92998.000	15998.817	708.000
6.770	93162.000	16119.172	669.000
6.780	93325.000	16173.421	627.000
6.790	93491.000	16301.394	581.000
6.800	93655.000	16330.976	532.000
6.810	93820.000	16381.683	481.000
6.820	93987.000	16477.178	429.000
6.830	94152.000	16484.025	377.000
6.840	94318.000	16518.817	325.000
6.850	94483.000	16513.172	275.000
6.860	94649.000	16539.221	227.000
6.870	94814.000	16527.454	181.000
6.880	94979.000	16519.218	139.000
6.890	95142.000	16453.453	102.000
6.900	95305.000	16407.417	69.000
6.910	95466.000	16315.192	43.000
6.920	95626.000	16220.634	23.000
6.930	95786.000	16154.444	8.000
6.940	95946.000	16108.111	0.000
6.950	96100.000	15895.678	-1.000
6.960	96255.000	15776.974	6.000
6.970	96408.000	15633.882	20.000
6.980	96561.000	15533.717	41.000
6.990	96711.000	15373.602	67.000
7.000	96861.000	15261.522	100.000
7.010	97009.000	15123.065	138.000
7.020	97155.000	14966.146	182.000
7.030	97301.000	14856.302	230.000
7.040	97449.000	14839.411	281.000
7.050	97592.000	14677.588	334.000
7.060	97735.000	14564.312	390.000
7.070	97879.000	14515.018	448.000
7.080	98023.000	14480.513	505.000
7.090	98169.000	14516.359	560.000
7.100	98311.000	14421.451	614.000
7.110	98457.000	14475.016	666.000
7.120	98603.000	14512.511	713.000
7.130	98747.000	14478.758	758.000
7.140	98894.000	14545.130	798.000
7.150	99041.000	14591.591	832.000
7.160	99189.000	14654.114	861.000
7.170	99339.000	14757.880	884.000
7.180	99490.000	14860.516	899.000
7.190	99641.000	14932.361	909.000
7.200	99798.000	15162.653	910.000
7.210	99949.000	15143.857	905.000
7.220	100105.000	15280.700	894.000
7.230	100262.000	15406.490	876.000
7.240	100419.000	15494.543	852.000
7.250	100578.000	15616.180	822.000
7.260	100738.000	15731.326	787.000
7.270	100899.000	15841.928	747.000
7.280	101061.000	15949.350	703.000
7.290	101222.000	15994.545	655.000
7.300	101385.000	16086.181	605.000
7.310	101548.000	16150.327	554.000
7.320	101711.000	16195.229	501.000
7.330	101872.000	16166.660	449.000
7.340	102034.000	16176.662	398.000
7.350	102197.000	16213.664	349.000
7.360	102359.000	16209.564	301.000
7.370	102520.000	16176.695	257.000
7.380	102681.000	16153.687	216.000
7.390	102842.000	16137.581	180.000
7.400	103003.000	16126.306	148.000
7.410	103162.000	16058.414	121.000
7.420	103322.000	16040.890	100.000
7.430	103480.000	15968.623	84.000
7.440	103639.000	15948.036	75.000
7.450	103796.000	15873.625	71.000
7.460	103953.000	15821.538	73.000
7.470	104108.000	15725.076	82.000
7.480	104264.000	15687.553	96.000
7.490	104420.000	15661.287	116.000
7.500	104573.000	15552.901	140.000
7.510	104728.000	15537.031	170.000
7.520	104880.000	15435.922	204.000
7.530	105032.000	15365.145	243.000
7.540	105187.000	15405.602	284.000
7.550	105338.000	15313.921	327.000
7.560	105490.000	15279.745	373.000
7.570	105643.000	15285.821	419.000
7.580	105796.000	15290.075	465.000
7.590	105949.000	15293.052	510.000
7.600	106101.000	15265.137	555.000
7.610	106254.000	15275.596	597.000
7.620	106408.000	15312.917	637.000
7.630	106560.000	15279.042	673.000
7.640	106714.000	15315.329	707.000
7.650	106870.000	15400.731	735.000
7.660	107023.000	15370.511	759.000
7.670	107177.000	15379.358	778.000
7.680	107332.000	15415.551	792.000
7.690	107487.000	15440.885	801.000
7.700	107642.000	15458.620	805.000
7.710	107798.000	15501.034	803.000
7.720	107954.000	15530.724	795.000
7.730	108111.000	15581.507	782.000
7.740	108271.000	15707.055	762.000
7.750	108426.000	15644.938	738.000
7.760	108585.000	15721.457	710.000
7.770	108744.000	15775.020	677.000
7.780	108905.000	15872.514	640.000
7.790	109068.000	16000.760	598.000
7.800	109227.000	15970.532	554.000
7.810	109389.000	16039.372	508.000
7.820	109554.000	16177.561	459.000
7.830	109713.000	16094.292	411.000
7.840	109877.000	16186.005	363.000
7.850	110038.000	16160.203	316.000
7.860	110200.000	16172.142	271.000
7.870	110364.000	16240.500	228.000
7.880	110524.000	16168.350	189.000
7.890	110686.000	16177.845	153.000
7.900	110846.000	16124.491	122.000
7.910	111006.000	16087.144	96.000
7.920	111165.000	16031.001	75.000
7.930	111323.000	15961.701	61.000
7.940	111479.000	15853.190	53.000
7.950	111635.000	15777.233	51.000
7.960	111790.000	15694.063	56.000
7.970	111943.000	15575.844	68.000
7.980	112096.000	15493.091	85.000
7.990	112248.000	15405.164	109.000
8.000	112396.000	15223.615	139.000
8.010	112544.000	15096.530	175.000
8.020	112691.000	14977.571	217.000
8.030	112838.000	14894.300	262.000
8.040	112983.000	14776.010	311.000
8.050	113129.000	14723.207	363.000
8.060	113274.000	14656.245	416.000
8.070	113419.000	14609.371	470.000
8.080	113564.000	14576.560	525.000
8.090	113709.000	14553.592	578.000
8.100	113854.000	14537.514	630.000
8.110	113999.000	14526.260	680.000
8.120	114145.000	14548.382	727.000
8.130	114292.000	14593.867	769.000
8.140	114438.000	14595.707	808.000
8.150	114587.000	14686.995	841.000
8.160	114736.000	14750.897	869.000
8.170	114886.000	14825.628	890.000
8.180	115037.000	14907.939	905.000
8.190	115188.000	14965.558	914.000
8.200	115342.000	15095.890	917.000
8.210	115496.000	15187.123	912.000
8.220	115652.000	15310.986	901.000
8.230	115810.000	15457.690	883.000
8.240	115968.000	15560.383	858.000
8.250	116128.000	15692.268	828.000
8.260	116288.000	15784.588	792.000
8.270	116450.000	15909.211	751.000
8.280	116613.000	16026.448	706.000
8.290	116776.000	16108.514	658.000
8.300	116940.000	16195.960	606.000
8.310	117104.000	16257.172	553.000
8.320	117269.000	16330.020	499.000
8.330	117433.000	16351.014	445.000
8.340	117597.000	16365.710	392.000
8.350	117762.000	16405.997	340.000
8.360	117925.000	16374.198	291.000
8.370	118088.000	16351.938	245.000
8.380	118251.000	16336.357	203.000
8.390	118412.000	16265.450	166.000
8.400	118575.000	16275.815	133.000
8.410	118735.000	16193.070	106.000
8.420	118895.000	16135.149	84.000
8.430	119056.000	16124.605	68.000
8.440	119215.000	16057.223	58.000
8.450	119374.000	16010.056	54.000
8.460	119531.000	15917.039	56.000
8.470	119689.000	15881.928	64.000
8.480	119846.000	15827.349	78.000
8.490	120002.000	15759.144	97.000
8.500	120159.000	15741.401	121.000
8.510	120317.000	15758.981	149.000
8.520	120470.000	15621.287	182.000
8.530	120625.000	15584.901	219.000
8.540	120780.000	15559.430	259.000
8.550	120934.000	15511.601	301.000
8.560	121087.000	15448.121	345.000
8.570	121241.000	15433.685	391.000
8.580	121395.000	15423.579	437.000
8.590	121548.000	15386.505	483.000
8.600	121702.000	15390.554	527.000
8.610	121857.000	15423.388	570.000
8.620	122010.000	15386.371	609.000
8.630	122164.000	15390.460	647.000
8.640	122320.000	15453.322	680.000
8.650	122473.000	15407.325	709.000
8.660	122628.000	15435.128	734.000
8.670	122783.000	15454.589	754.000
8.680	122938.000	15468.213	769.000
8.690	123094.000	15507.749	779.000
8.700	123250.000	15535.424	782.000
8.710	123405.000	15524.797	781.000
8.720	123562.000	15577.358	774.000
8.730	123719.000	15614.150	762.000
8.740	123877.000	15669.905	744.000
8.750	124034.000	15678.934	721.000
8.760	124192.000	15715.254	693.000
8.770	124351.000	15770.678	662.000
8.780	124511.000	15839.474	626.000
8.790	124671.000	15887.632	586.000
8.800	124831.000	15921.342	544.000
8.810	124992.000	15974.940	499.000
8.820	125155.000	16072.458	453.000
8.830	125314.000	16020.720	406.000
8.840	125475.000	16044.504	361.000
8.850	125637.000	16091.153	315.000
8.860	125798.000	16093.807	272.000
8.870	125960.000	16125.665	230.000
8.880	126118.000	16027.965	192.000
8.890	126278.000	16019.576	159.000
8.900	126438.000	16013.703	129.000
8.910	126596.000	15949.592	104.000
8.920	126755.000	15934.715	85.000
8.930	126912.000	15864.300	71.000
8.940	127071.000	15875.010	62.000
8.950	127225.000	15732.507	60.000
8.960	127380.000	15662.755	64.000
8.970	127534.000	15583.928	75.000
8.980	127687.000	15498.750	92.000
8.990	127841.000	15469.125	114.000
9.000	127990.000	15298.387	141.000
9.010	128139.000	15178.871	176.000
9.020	128287.000	15065.210	215.000
9.030	128435.000	14985.647	259.000
9.040	128581.000	14869.953	306.000
9.050	128728.000	14818.967	356.000
9.060	128874.000	14753.277	408.000
9.070	129022.000	14767.294	460.000
9.080	129164.000	14597.106	513.000
9.090	129311.000	14627.974	566.000
9.100	129455.000	14559.582	618.000
9.110	129601.000	14571.707	668.000
9.120	129747.000	14580.195	714.000
9.130	129893.000	14586.137	758.000
9.140	130041.000	14650.296	796.000
9.150	130189.000	14695.207	830.000
9.160	130338.000	14756.645	857.000
9.170	130488.000	14829.651	879.000
9.180	130639.000	14910.756	895.000
9.190	130791.000	14997.529	904.000
9.200	130944.000	15088.270	907.000
9.210	131098.000	15181.789	903.000
9.220	131253.000	15277.253	892.000
9.230	131409.000	15374.077	876.000
9.240	131567.000	15501.854	853.000
9.250	131725.000	15591.298	824.000
9.260	131885.000	15713.908	790.000
9.270	132046.000	15829.736	750.000
9.280	132208.000	15940.815	706.000
9.290	132372.000	16078.571	659.000
9.300	132532.000	16054.999	608.000
9.310	132696.000	16158.500	557.000
9.320	132861.000	16260.950	504.000
9.330	133025.000	16302.665	450.000
9.340	133190.000	16361.865	397.000
9.350	133354.000	16373.306	345.000
9.360	133518.000	16381.314	295.000
9.370	133681.000	16356.920	248.000
9.380	133843.000	16309.844	206.000
9.390	134008.000	16366.891	167.000
9.400	134165.000	16166.823	134.000
9.410	134324.000	16086.776	108.000
9.420	134482.000	16000.744	89.000
9.430	134639.000	15910.520	75.000
9.440	134796.000	15847.364	68.000
9.450	134951.000	15743.155	68.000
9.460	135106.000	15670.209	73.000
9.470	135260.000	15589.146	85.000
9.480	135412.000	15472.402	103.000
9.490	135565.000	15420.682	127.000
9.500	135717.000	15354.477	156.000
9.510	135868.000	15278.134	189.000
9.520	136019.000	15224.694	227.000
9.530	136169.000	15157.286	268.000
9.540	136320.000	15140.100	312.000
9.550	136471.000	15128.070	358.000
9.560	136622.000	15119.649	404.000
9.570	136773.000	15113.754	452.000
9.580	136924.000	15109.628	499.000
9.590	137075.000	15106.740	545.000
9.600	137226.000	15104.718	591.000
9.610	137379.000	15163.302	633.000
9.620	137531.000	15174.312	673.000
9.630	137685.000	15242.018	709.000
9.640	137838.000	15259.413	741.000
9.650	137993.000	15331.589	768.000
9.660	138147.000	15352.112	791.000
9.670	138303.000	15426.479	808.000
9.680	138459.000	15478.535	819.000
9.690	138616.000	15544.974	825.000
9.700	138773.000	15591.482	825.000
9.710	138931.000	15654.038	819.000
9.720	139089.000	15697.826	808.000
9.730	139248.000	15758.478	791.000
9.740	139408.000	15830.935	769.000
9.750	139567.000	15851.654	742.000
9.760	139727.000	15896.158	711.000
9.770	139888.000	15957.311	675.000
9.780	140049.000	16000.117	636.000
9.790	140210.000	16030.082	594.000
9.800	140374.000	16141.058	549.000
9.810	140535.000	16128.740	502.000
9.820	140697.000	16150.118	455.000
9.830	140860.000	16195.083	407.000
9.840	141022.000	16196.558	359.000
9.850	141185.000	16227.591	313.000
9.860	141347.000	16219.313	268.000
9.870	141509.000	16213.519	226.000
9.880	141671.000	16209.464	187.000
9.890	141832.000	16176.624	152.000
9.900	141993.000	16153.637	122.000
9.910	142155.000	16167.546	95.000
9.920	142315.000	16117.282	74.000
9.930	142473.000	16022.098	59.000
9.940	142631.000	15955.468	50.000
9.950	142789.000	15908.828	47.000
9.960	142946.000	15846.179	51.000
9.970	143102.000	15772.326	60.000
9.980	143257.000	15690.628	75.000
9.990	143413.000	15663.440	96.000
10.000	143565.000	15524.408	122.000
10.010	143717.000	15427.085	154.000
10.020	143868.000	15328.960	191.000
10.030	144020.000	15290.272	232.000
10.040	144169.000	15173.190	276.000
10.050	144319.000	15121.233	324.000
10.060	144467.000	15024.863	373.000
10.070	144615.000	14957.404	425.000
10.080	144763.000	14910.183	476.000
10.090	144910.000	14847.128	528.000
10.100	145057.000	14802.990	579.000
10.110	145205.000	14802.093	628.000
10.120	145354.000	14831.465	674.000
10.130	145501.000	14792.025	716.000
10.140	145650.000	14824.418	755.000
10.150	145800.000	14877.092	789.000
10.160	145952.000	14973.965	816.000
10.170	146103.000	15011.775	838.000
10.180	146257.000	15128.243	853.000
10.190	146411.000	15209.770	862.000
10.200	146566.000	15296.839	864.000
10.210	146723.000	15417.787	859.000
10.220	146880.000	15502.451	847.000
10.230	147039.000	15621.716	830.000
10.240	147199.000	15735.201	806.000
10.250	147359.000	15814.641	776.000
10.260	147521.000	15930.249	741.000
10.270	147684.000	16041.174	701.000
10.280	147847.000	16118.822	657.000
10.290	148011.000	16203.175	610.000
10.300	148175.000	16262.223	560.000
10.310	148340.000	16333.556	508.000
10.320	148504.000	16353.489	456.000
10.330	148669.000	16397.442	403.000
10.340	148834.000	16428.210	352.000
10.350	148998.000	16419.747	301.000
10.360	149161.000	16383.823	254.000
10.370	149324.000	16358.676	209.000
10.380	149488.000	16371.073	169.000
10.390	149647.000	16229.751	133.000
10.400	149807.000	16160.826	103.000
10.410	149966.000	16082.578	79.000
10.420	150124.000	15997.805	60.000
10.430	150281.000	15908.463	48.000
10.440	150437.000	15815.924	42.000
10.450	150591.000	15691.147	44.000
10.460	150745.000	15603.803	51.000
10.470	150897.000	15482.662	65.000
10.480	151049.000	15397.863	85.000
10.490	151201.000	15338.504	111.000
10.500	151352.000	15266.953	141.000
10.510	151501.000	15156.867	176.000
10.520	151650.000	15079.807	216.000
10.530	151800.000	15055.865	259.000
10.540	151948.000	14979.105	305.000
10.550	152097.000	14955.374	353.000
10.560	152246.000	14938.762	402.000
10.570	152394.000	14897.133	452.000
10.580	152543.000	14897.993	502.000
10.590	152692.000	14898.595	551.000
10.600	152840.000	14869.017	599.000
10.610	152989.000	14878.312	645.000
10.620	153139.000	14914.818	687.000
10.630	153291.000	15000.373	726.000
10.640	153442.000	15030.261	760.000
10.650	153595.000	15111.183	788.000
10.660	153749.000	15197.828	812.000
10.670	153902.000	15228.479	829.000
10.680	154059.000	15369.936	841.000
10.690	154215.000	15438.955	846.000
10.700	154371.000	15487.268	845.000
10.710	154528.000	15551.088	839.000
10.720	154686.000	15625.762	826.000
10.730	154844.000	15678.033	809.000
10.740	155003.000	15744.623	786.000
10.750	155163.000	15821.236	758.000
10.760	155324.000	15904.865	724.000
10.770	155485.000	15963.406	687.000
10.780	155646.000	16004.384	646.000
10.790	155808.000	16063.069	602.000
10.800	155969.000	16074.148	556.000
10.810	156131.000	16111.904	509.000
10.820	156294.000	16168.333	460.000
10.830	156456.000	16177.833	411.000
10.840	156619.000	16214.483	363.000
10.850	156781.000	16210.138	315.000
10.860	156944.000	16237.097	270.000
10.870	157107.000	16255.968	226.000
10.880	157268.000	16209.177	187.000
10.890	157429.000	16176.424	151.000
10.900	157590.000	16153.497	120.000
10.910	157750.000	16107.448	94.000
10.920	157910.000	16075.213	73.000
10.930	158067.000	15962.649	59.000
10.940	158225.000	15913.855	51.000
10.950	158382.000	15849.698	48.000
10.960	158537.000	15744.789	53.000
10.970	158694.000	15731.352	63.000
10.980	158847.000	15601.946	79.000
10.990	159002.000	15571.363	100.000
11.000	159155.000	15489.954	127.000
11.010	159307.000	15402.968	159.000
11.020	159459.000	15342.077	195.000
11.030	159610.000	15269.454	235.000
11.040	159761.000	15218.618	279.000
11.050	159910.000	15123.033	325.000
11.060	160059.000	15056.123	374.000
11.070	160208.000	15009.286	424.000
11.080	160356.000	14946.500	475.000
11.090	160503.000	14872.550	526.000
11.100	160650.000	14820.785	576.000
11.110	160796.000	14754.550	625.000
11.120	160942.000	14708.185	673.000
11.130	161088.000	14675.729	717.000
11.140	161234.000	14653.010	759.000
11.150	161382.000	14697.107	795.000
11.160	161529.000	14697.975	826.000
11.170	161676.000	14698.583	853.000
11.180	161825.000	14759.008	873.000
11.190	161974.000	14801.305	888.000
11.200	162125.000	14890.914	895.000
11.210	162276.000	14953.640	896.000
11.220	162430.000	15087.548	890.000
11.230	162584.000	15181.283	877.000
11.240	162740.000	15306.898	857.000
11.250	162896.000	15394.829	831.000
11.260	163054.000	15516.380	800.000
11.270	163212.000	15601.466	764.000
11.280	163372.000	15721.026	723.000
11.290	163533.000	15834.718	678.000
11.300	163694.000	15914.303	629.000
11.310	163857.000	16030.012	579.000
11.320	164019.000	16081.008	526.000
11.330	164183.000	16176.706	473.000
11.340	164345.000	16183.694	421.000
11.350	164507.000	16188.586	370.000
11.360	164671.000	16252.010	321.000
11.370	164832.000	16206.407	275.000
11.380	164996.000	16264.485	232.000
11.390	165157.000	16215.139	193.000
11.400	165319.000	16210.598	159.000
11.410	165480.000	16177.418	129.000
11.420	165637.000	16034.193	107.000
11.430	165795.000	15963.935	91.000
11.440	165951.000	15854.754	82.000
11.450	166107.000	15778.328	80.000
11.460	166263.000	15724.830	84.000
11.470	166416.000	15597.381	95.000
11.480	166567.000	15448.167	112.000
11.490	166720.000	15403.717	136.000
11.500	166870.000	15282.602	165.000
11.510	167021.000	15227.821	199.000
11.520	167170.000	15129.475	237.000
11.530	167320.000	15090.632	280.000
11.540	167468.000	15003.443	325.000
11.550	167618.000	15002.410	372.000
11.560	167767.000	14971.687	421.000
11.570	167915.000	14920.181	471.000
11.580	168064.000	14914.127	520.000
11.590	168214.000	14939.889	569.000
11.600	168364.000	14957.922	616.000
11.610	168515.000	15000.545	660.000
11.620	168666.000	15030.382	700.000
11.630	168818.000	15081.267	738.000
11.640	168971.000	15146.887	770.000
11.650	169124.000	15192.821	798.000
11.660	169279.000	15284.975	820.000
11.670	169435.000	15379.482	837.000
11.680	169592.000	15475.638	847.000
11.690	169750.000	15572.946	851.000
11.700	169910.000	15701.062	848.000
11.710	170070.000	15790.744	838.000
11.720	170233.000	15943.521	822.000
11.730	170393.000	15960.464	801.000
11.740	170556.000	16062.325	774.000
11.750	170719.000	16133.628	742.000
11.760	170883.000	16213.539	706.000
11.770	171047.000	16269.478	666.000
11.780	171212.000	16338.634	622.000
11.790	171376.000	16357.044	575.000
11.800	171541.000	16399.931	527.000
11.810	171706.000	16429.952	477.000
11.820	171871.000	16450.966	426.000
11.830	172035.000	16435.676	376.000
11.840	172200.000	16454.973	327.000
11.850	172365.000	16468.481	279.000
11.860	172531.000	16507.937	232.000
11.870	172694.000	16445.556	189.000
11.880	172859.000	16461.889	149.000
11.890	173023.000	16443.322	112.000
11.900	173186.000	16400.326	80.000
11.910	173352.000	16460.228	52.000
11.920	173511.000	16292.160	30.000
11.930	173672.000	16234.512	15.000
11.940	173833.000	16194.158	6.000
11.950	173993.000	16135.911	2.000
11.960	174152.000	16065.138	5.000
11.970	174312.000	16045.596	13.000
11.980	174466.000	15851.917	28.000
11.990	174622.000	15776.342	50.000
12.000	174777.000	15693.440	77.000
12.010	174930.000	15575.408	0.000
12.020	175082.000	15462.785	0.000
12.030	175234.000	15383.950	0.000
12.040	175384.000	15268.765	0.000
12.050	175533.000	15158.135	0.000
12.060	175680.000	15020.695	0.000
12.070	175826.000	14894.486	0.000
12.080	175972.000	14806.140	0.000
12.090	176115.000	14654.298	0.000
12.100	176259.000	14578.009	0.000
12.110	176399.000	14404.606	0.000
12.120	176538.000	14253.224	0.000
12.130	176676.000	14117.257	0.000
12.140	176813.000	13992.080	0.000
12.150	176948.000	13844.456	0.000
12.160	177084.000	13771.119	0.000
12.170	177215.000	13569.783	0.000
12.180	177346.000	13428.848	0.000
12.190	177476.000	13300.194	0.000
12.200	177605.000	13180.136	0.000
12.210	177733.000	13066.095	0.000
12.220	177862.000	13016.266	0.000
12.230	177988.000	12891.387	0.000
12.240	178113.000	12773.971	0.000
12.250	178237.000	12661.779	0.000
12.260	178360.000	12553.246	0.000
12.270	178482.000	12447.272	0.000
12.280	178603.000	12343.090	0.000
12.290	178723.000	12240.163	0.000
12.300	178842.000	12138.114	0.000
12.310	178960.000	12036.680	0.000
12.320	179078.000	11965.676	0.000
12.330	179195.000	11885.973	0.000
12.340	179310.000	11770.181	0.000
12.350	179425.000	11689.127	0.000
12.360	179539.000	11602.389	0.000
12.370	179652.000	11511.672	0.000
12.380	179765.000	11448.171	0.000
12.390	179877.000	11373.719	0.000
12.400	179987.000	11261.604	0.000
12.410	180096.000	11153.122	0.000
12.420	180205.000	11077.186	0.000
12.430	180314.000	11024.030	0.000
12.440	180421.000	10926.821	0.000
12.450	180528.000	10858.775	0.000
12.460	180633.000	10751.142	0.000
12.470	180738.000	10675.800	0.000
12.480	180842.000	10593.060	0.000
12.490	180945.000	10505.142	0.000
12.500	181046.000	10383.599	0.000
12.510	181147.000	10298.519	0.000
12.520	181246.000	10178.964	0.000
12.530	181344.000	10065.275	0.000
12.540	181441.000	9955.692	0.000
12.550	181537.000	9848.985	0.000
12.560	181632.000	9744.289	0.000
12.570	181725.000	9611.002	0.000
12.580	181818.000	9517.702	0.000
12.590	181909.000	9392.391	0.000
12.600	181999.000	9274.674	0.000
12.610	182087.000	9132.272	0.000
12.620	182176.000	9062.590	0.000
12.630	182263.000	8953.813	0.000
12.640	182349.000	8847.669	0.000
12.650	182433.000	8713.368	0.000
12.660	182517.000	8619.358	0.000
12.670	182600.000	8523.551	0.000
12.680	182682.000	8426.485	0.000
12.690	182763.000	8328.540	0.000
12.700	182842.000	8199.978	0.000
12.710	182922.000	8139.984	0.000
12.720	183001.000	8067.989	0.000
12.730	183079.000	7987.592	0.000
12.740	183156.000	7901.315	0.000
12.750	183232.000	7810.920	0.000
12.760	183307.000	7717.644	0.000
12.770	183382.000	7652.351	0.000
12.780	183456.000	7576.646	0.000
12.790	183528.000	7463.652	0.000
12.800	183600.000	7384.556	0.000
12.810	183672.000	7329.189	0.000
12.820	183743.000	7260.433	0.000
12.830	183813.000	7182.303	0.000
12.840	183883.000	7127.612	0.000
12.850	183952.000	7059.328	0.000
12.860	184019.000	6951.530	0.000
12.870	184087.000	6906.071	0.000
12.880	184152.000	6784.250	0.000
12.890	184219.000	6758.975	0.000
12.900	184284.000	6681.282	0.000
12.910	184348.000	6596.898	0.000
12.920	184411.000	6507.828	0.000
12.930	184473.000	6415.480	0.000
12.940	184535.000	6350.836	0.000
12.950	184597.000	6305.585	0.000
12.960	184658.000	6243.910	0.000
12.970	184717.000	6140.737	0.000
12.980	184776.000	6068.516	0.000
12.990	184834.000	5987.961	0.000
13.000	184891.000	5901.573	0.000
13.010	184947.000	5811.101	0.000
13.020	185003.000	5747.771	0.000
13.030	185058.000	5673.439	0.000
13.040	185113.000	5621.408	0.000
13.050	185166.000	5524.985	0.000
13.060	185220.000	5487.490	0.000
13.070	185272.000	5401.243	0.000
13.080	185324.000	5340.870	0.000
13.090	185375.000	5268.609	0.000
13.100	185425.000	5188.026	0.000
13.110	185475.000	5131.618	0.000
13.120	185524.000	5062.133	0.000
13.130	185572.000	4983.493	0.000
13.140	185620.000	4928.445	0.000
13.150	185667.000	4859.912	0.000
13.160	185714.000	4811.938	0.000
13.170	185758.000	4688.357	0.000
13.180	185803.000	4631.850	0.000
13.190	185846.000	4532.295	0.000
13.200	185889.000	4462.606	0.000
13.210	185930.000	4353.824	0.000
13.220	185971.000	4277.677	0.000
13.230	186010.000	4164.374	0.000
13.240	186049.000	4085.062	0.000
13.250	186087.000	3999.543	0.000
13.260	186125.000	3939.680	0.000
13.270	186161.000	3837.776	0.000
13.280	186196.000	3736.443	0.000
13.290	186230.000	3635.510	0.000
13.300	186263.000	3534.857	0.000
13.310	186295.000	3434.400	0.000
13.320	186326.000	3334.080	0.000
13.330	186356.000	3233.856	0.000
13.340	186385.000	3133.699	0.000
13.350	186412.000	3003.589	0.000
13.360	186439.000	2912.513	0.000
13.370	186464.000	2788.759	0.000
13.380	186489.000	2702.131	0.000
13.390	186512.000	2581.492	0.000
13.400	186534.000	2467.044	0.000
13.410	186555.000	2356.931	0.000
13.420	186575.000	2249.852	0.000
13.430	186594.000	2144.896	0.000
13.440	186611.000	2011.427	0.000
13.450	186628.000	1917.999	0.000
13.460	186643.000	1792.599	0.000
13.470	186657.000	1674.820	0.000
13.480	186670.000	1562.374	0.000
13.490	186681.000	1423.662	0.000
13.500	186691.000	1296.563	0.000
13.510	186700.000	1177.594	0.000
13.520	186707.000	1034.316	0.000
13.530	186713.000	904.021	0.000
13.540	186717.000	752.815	0.000
13.550	186720.000	616.970	0.000
13.560	186722.000	491.879	0.000
13.570	186722.000	344.315	0.000
13.580	186722.000	241.021	0.000
13.590	186721.000	138.715	0.000
13.600	186717.000	-22.900	0.000
13.610	186713.000	-136.030	0.000
13.620	186707.000	-275.221	0.000
13.630	186701.000	-372.655	0.000
13.640	186694.000	-470.858	0.000
13.650	186686.000	-569.601	0.000
13.660	186677.000	-668.721	0.000
13.670	186668.000	-738.104	0.000
13.680	186658.000	-816.673	0.000
13.690	186647.000	-901.671	0.000
13.700	186637.000	-931.170	0.000
13.710	186626.000	-981.819	0.000
13.720	186615.000	-1017.273	0.000
13.730	186603.000	-1072.091	0.000
13.740	186592.000	-1080.464	0.000
13.750	186580.000	-1116.325	0.000
13.760	186568.000	-1141.427	0.000
13.770	186557.000	-1128.999	0.000
13.780	186545.000	-1150.299	0.000
13.790	186534.000	-1135.210	0.000
13.800	186522.000	-1154.647	0.000
13.810	186511.000	-1138.253	0.000
13.820	186500.000	-1126.777	0.000
13.830	186489.000	-1118.744	0.000
13.840	186478.000	-1113.121	0.000
13.850	186467.000	-1109.184	0.000
13.860	186456.000	-1106.429	0.000
13.870	186445.000	-1104.500	0.000
13.880	186434.000	-1103.150	0.000
13.890	186424.000	-1072.205	0.000
13.900	186413.000	-1080.544	0.000
13.910	186403.000	-1056.381	0.000
13.920	186392.000	-1069.466	0.000
13.930	186382.000	-1048.626	0.000
13.940	186371.000	-1064.039	0.000
13.950	186361.000	-1044.827	0.000
13.960	186351.000	-1031.379	0.000
13.970	186341.000	-1021.965	0.000
13.980	186331.000	-1015.376	0.000
13.990	186322.000	-980.763	0.000
14.000	186312.000	-986.534	0.000
14.010	186303.000	-960.574	0.000
14.020	186295.000	-912.402	0.000
14.030	186286.000	-908.681	0.000
14.040	186278.000	-876.077	0.000
14.050	186271.000	-823.254	0.000
14.060	186263.000	-816.278	0.000
14.070	186256.000	-781.394	0.000
14.080	186249.000	-756.976	0.000
14.090	186242.000	-739.883	0.000
14.100	186236.000	-697.918	0.000
14.110	186230.000	-668.543	0.000
14.120	186224.000	-647.980	0.000
14.130	186218.000	-633.586	0.000
14.140	186213.000	-593.510	0.000
14.150	186207.000	-595.457	0.000
14.160	186202.000	-566.820	0.000
14.170	186198.000	-516.774	0.000
14.180	186193.000	-511.742	0.000
14.190	186189.000	-478.219	0.000
14.200	186185.000	-454.753	0.000
14.210	186182.000	-408.327	0.000
14.220	186178.000	-405.829	0.000
14.230	186175.000	-374.080	0.000
14.240	186172.000	-351.856	0.000
14.250	186169.000	-336.299	0.000
14.260	186167.000	-295.410	0.000
14.270	186164.000	-296.787	0.000
14.280	186162.000	-267.751	0.000
14.290	186160.000	-247.425	0.000
14.300	186159.000	-203.198	0.000
14.310	186157.000	-202.238	0.000
14.320	186156.000	-171.567	0.000
14.330	186155.000	-150.097	0.000
14.340	186154.000	-135.068	0.000
14.350	186154.000	-94.547	0.000
14.360	186153.000	-96.183	0.000
14.370	186153.000	-67.328	0.000
14.380	186153.000	-47.130	0.000
14.390	186153.000	-32.991	0.000
14.400	186153.000	-23.094	0.000
14.410	186153.000	-16.166	0.000
14.420	186153.000	-11.316	0.000
14.430	186155.000	52.079	0.000
14.440	186157.000	96.455	0.000
14.450	186160.000	157.519	0.000
14.460	186165.000	260.263	0.000
14.470	186171.000	362.184	0.000
14.480	186179.000	493.529	0.000
14.490	186188.000	615.470	0.000
14.500	186199.000	760.829	0.000
14.510	186211.000	892.580	0.000
14.520	186224.000	1014.806	0.000
14.530	186238.000	1130.364	0.000
14.540	186254.000	1271.255	0.000
14.550	186269.000	1339.879	0.000
14.560	186286.000	1447.915	0.000
14.570	186302.000	1493.540	0.000
14.580	186318.000	1525.478	0.000
14.590	186335.000	1577.835	0.000
14.600	186351.000	1584.484	0.000
14.610	186366.000	1559.139	0.000
14.620	186381.000	1541.397	0.000
14.630	186396.000	1528.978	0.000
14.640	186410.000	1490.285	0.000
14.650	186424.000	1463.199	0.000
14.660	186436.000	1384.240	0.000
14.670	186448.000	1328.968	0.000
14.680	186459.000	1260.277	0.000
14.690	186470.000	1212.194	0.000
14.700	186479.000	1118.536	0.000
14.710	186488.000	1052.975	0.000
14.720	186496.000	977.083	0.000
14.730	186503.000	893.958	0.000
14.740	186509.000	805.770	0.000
14.750	186515.000	744.039	0.000
14.760	186520.000	670.828	0.000
14.770	186523.000	559.579	0.000
14.780	186526.000	481.705	0.000
14.790	186529.000	427.194	0.000
14.800	186530.000	329.036	0.000
14.810	186531.000	260.325	0.000
14.820	186531.000	182.227	0.000
14.830	186531.000	127.559	0.000
14.840	186530.000	59.291	0.000
14.850	186527.000	-48.496	0.000
14.860	186524.000	-123.947	0.000
14.870	186520.000	-206.763	0.000
14.880	186516.000	-264.734	0.000
14.890	186511.000	-335.314	0.000
14.900	186506.000	-384.720	0.000
14.910	186500.000	-449.304	0.000
14.920	186494.000	-494.513	0.000
14.930	186488.000	-526.159	0.000
14.940	186481.000	-578.311	0.000
14.950	186475.000	-584.818	0.000
14.960	186468.000	-619.372	0.000
14.970	186460.000	-673.561	0.000
14.980	186453.000	-681.493	0.000
14.990	186445.000	-717.045	0.000
15.000	186437.000	-741.931	0.000
