0.000	0.000	0.000	0.000
0.010	3.000	90.000	0.000
0.020	4.000	93.000	-1.000
0.030	4.000	65.100	-2.000
0.040	4.000	45.570	-2.000
0.050	4.000	31.899	-3.000
0.060	2.000	-37.671	-3.000
0.070	1.000	-56.369	-2.000
0.080	-2.000	-129.459	-2.000
0.090	-4.000	-150.621	0.000
0.100	-6.000	-165.435	1.000
0.110	-9.000	-205.804	3.000
0.120	-12.000	-234.063	5.000
0.130	-15.000	-253.844	7.000
0.140	-18.000	-267.691	9.000
0.150	-20.000	-247.384	12.000
0.160	-23.000	-263.169	14.000
0.170	-26.000	-274.218	16.000
0.180	-28.000	-251.953	18.000
0.190	-31.000	-266.367	20.000
0.200	-33.000	-246.457	21.000
0.210	-35.000	-232.520	23.000
0.220	-37.000	-222.764	24.000
0.230	-39.000	-215.935	26.000
0.240	-40.000	-181.154	27.000
0.250	-41.000	-156.808	27.000
0.260	-42.000	-139.766	28.000
0.270	-43.000	-127.836	28.000
0.280	-43.000	-89.485	28.000
0.290	-43.000	-62.640	28.000
0.300	-43.000	-43.848	27.000
0.310	-43.000	-30.693	27.000
0.320	-43.000	-21.485	26.000
0.330	-43.000	-15.040	25.000
0.340	-43.000	-10.528	24.000
0.350	-42.000	22.631	23.000
0.360	-40.000	75.841	22.000
0.370	-39.000	83.089	21.000
0.380	-37.000	118.162	19.000
0.390	-36.000	112.714	17.000
0.400	-35.000	108.900	15.000
0.410	-33.000	136.230	14.000
0.420	-32.000	125.361	12.000
0.430	-31.000	117.753	10.000
0.440	-29.000	142.427	9.000
0.450	-28.000	129.699	7.000
0.460	-27.000	120.789	6.000
0.470	-26.000	114.552	5.000
0.480	-26.000	80.187	4.000
0.490	-25.000	86.131	3.000
0.500	-25.000	60.291	2.000
0.510	-24.000	72.204	2.000
0.520	-24.000	50.543	4.000
0.530	-24.000	35.380	10.000
0.540	-24.000	24.766	19.000
0.550	-24.000	17.336	30.000
0.560	-24.000	12.135	45.000
0.570	-24.000	8.495	62.000
0.580	-25.000	-24.054	81.000
0.590	-25.000	-16.838	103.000
0.600	-26.000	-41.786	127.000
0.610	-26.000	-29.250	153.000
0.620	-26.000	-20.475	181.000
0.630	-26.000	-14.333	211.000
0.640	-26.000	-10.033	243.000
0.650	-26.000	-7.023	276.000
0.660	-25.000	25.084	311.000
0.670	-23.000	77.559	347.000
0.680	-21.000	114.291	385.000
0.690	-18.000	170.004	423.000
0.700	-14.000	239.003	462.000
0.710	-10.000	287.302	503.000
0.720	-5.000	351.111	544.000
0.730	1.000	425.778	586.000
0.740	7.000	478.045	628.000
0.750	15.000	574.631	672.000
0.760	23.000	642.242	715.000
0.770	32.000	719.569	760.000
0.780	42.000	803.698	805.000
0.790	53.000	892.589	850.000
0.800	65.000	984.812	896.000
0.810	78.000	1079.369	943.000
0.820	92.000	1175.558	990.000
0.830	107.000	1272.891	1037.000
0.840	123.000	1371.023	1084.000
0.850	140.000	1469.716	1132.000
0.860	159.000	1598.801	1180.000
0.870	179.000	1719.161	1228.000
0.880	201.000	1863.413	1276.000
0.890	224.000	1994.389	1324.000
0.900	250.000	2176.072	1373.000
0.910	277.000	2333.251	1420.000
0.920	307.000	2533.275	1468.000
0.930	339.000	2733.293	1515.000
0.940	373.000	2933.305	1562.000
0.950	409.000	3133.313	1608.000
0.960	448.000	3363.319	1653.000
0.970	489.000	3584.324	1698.000
0.980	533.000	3829.027	1742.000
0.990	578.000	4030.319	1786.000
1.000	627.000	4291.223	1829.000
1.010	677.000	4503.856	1871.000
1.020	731.000	4772.699	1910.000
1.030	787.000	5020.889	1945.000
1.040	848.000	5344.623	1977.000
1.050	911.000	5631.236	2004.000
1.060	977.000	5921.865	2028.000
1.070	1048.000	6275.306	2049.000
1.080	1119.000	6522.714	2066.000
1.090	1195.000	6845.900	2080.000
1.100	1274.000	7162.130	2092.000
1.110	1356.000	7473.491	2100.000
1.120	1442.000	7811.444	2105.000
1.130	1530.000	8108.011	2107.000
1.140	1625.000	8525.607	2107.000
1.150	1719.000	8787.925	2104.000
1.160	1819.000	9151.548	2098.000
1.170	1922.000	9496.083	2090.000
1.180	2030.000	9887.258	2080.000
1.190	2142.000	10281.081	2067.000
1.200	2255.000	10586.757	2051.000
1.210	2374.000	10980.730	2033.000
1.220	2495.000	11316.511	2013.000
1.230	2620.000	11671.558	1991.000
1.240	2747.000	11980.090	1967.000
1.250	2880.000	12376.063	1941.000
1.260	3015.000	12713.244	1914.000
1.270	3153.000	13039.271	1885.000
1.280	3295.000	13387.490	1854.000
1.290	3440.000	13721.243	1822.000
1.300	3589.000	14074.870	1789.000
1.310	3740.000	14382.409	1754.000
1.320	3893.000	14657.686	1718.000
1.330	4052.000	15030.380	1681.000
1.340	4213.000	15351.266	1643.000
1.350	4379.000	15725.886	1604.000
1.360	4543.000	15928.120	1563.000
1.370	4713.000	16249.684	1522.000
1.380	4884.000	16504.779	1481.000
1.390	5059.000	16803.345	1439.000
1.400	5235.000	17042.342	1396.000
1.410	5414.000	17299.639	1353.000
1.420	5594.000	17509.747	1310.000
1.430	5776.000	17716.823	1267.000
1.440	5960.000	17921.776	1225.000
1.450	6146.000	18125.243	1182.000
1.460	6333.000	18297.670	1140.000
1.470	6521.000	18448.369	1098.000
1.480	6711.000	18613.858	1056.000
1.490	6902.000	18759.701	1015.000
1.500	7094.000	18891.791	975.000
1.510	7287.000	19014.253	935.000
1.520	7483.000	19189.977	896.000
1.530	7678.000	19282.984	857.000
1.540	7875.000	19408.089	819.000
1.550	8072.000	19495.662	781.000
1.560	8272.000	19646.964	745.000
1.570	8470.000	19692.875	708.000
1.580	8671.000	19815.012	673.000
1.590	8872.000	19900.509	639.000
1.600	9073.000	19960.356	604.000
1.610	9274.000	20002.249	571.000
1.620	9476.000	20061.574	539.000
1.630	9677.000	20073.102	508.000
1.640	9882.000	20201.171	478.000
1.650	10086.000	20260.820	448.000
1.660	10288.000	20242.574	419.000
1.670	10492.000	20289.802	391.000
1.680	10694.000	20262.861	364.000
1.690	10896.000	20244.003	338.000
1.700	11099.000	20260.802	314.000
1.710	11299.000	20182.561	290.000
1.720	11499.000	20127.793	268.000
1.730	11699.000	20089.455	247.000
1.740	11897.000	20002.619	228.000
1.750	12095.000	19941.833	210.000
1.760	12292.000	19869.283	194.000
1.770	12488.000	19788.498	178.000
1.780	12683.000	19701.949	164.000
1.790	12878.000	19641.364	152.000
1.800	13072.000	19568.955	140.000
1.810	13266.000	19518.268	130.000
1.820	13458.000	19422.788	120.000
1.830	13650.000	19355.952	111.000
1.840	13843.000	19339.166	103.000
1.850	14031.000	19177.416	96.000
1.860	14222.000	19154.191	90.000
1.870	14411.000	19077.934	85.000
1.880	14599.000	18994.554	80.000
1.890	14787.000	18936.188	76.000
1.900	14974.000	18865.331	73.000
1.910	15161.000	18815.732	70.000
1.920	15348.000	18781.012	68.000
1.930	15532.000	18666.709	66.000
1.940	15717.000	18616.696	65.000
1.950	15901.000	18551.687	64.000
1.960	16084.000	18476.181	64.000
1.970	16265.000	18363.327	64.000
1.980	16446.000	18284.329	66.000
1.990	16625.000	18169.030	67.000
2.000	16803.000	18058.321	70.000
2.010	16983.000	18040.825	73.000
2.020	17157.000	17848.577	76.000
2.030	17330.000	17684.004	81.000
2.040	17504.000	17598.803	87.000
2.050	17677.000	17509.162	93.000
2.060	17848.000	17386.413	100.000
2.070	18019.000	17300.489	108.000
2.080	18188.000	17180.343	116.000
2.090	18358.000	17126.240	124.000
2.100	18526.000	17028.368	133.000
2.110	18694.000	16959.858	141.000
2.120	18862.000	16911.900	150.000
2.130	19028.000	16818.330	159.000
2.140	19194.000	16752.831	169.000
2.150	19359.000	16676.982	178.000
2.160	19525.000	16653.887	187.000
2.170	19690.000	16607.721	197.000
2.180	19854.000	16545.405	206.000
2.190	20017.000	16471.783	215.000
2.200	20181.000	16450.248	224.000
2.210	20345.000	16435.174	233.000
2.220	20508.000	16394.622	241.000
2.230	20670.000	16336.235	250.000
2.240	20832.000	16295.365	258.000
2.250	20994.000	16266.755	267.000
2.260	21156.000	16246.729	275.000
2.270	21317.000	16202.710	283.000
2.280	21478.000	16171.897	291.000
2.290	21638.000	16120.328	299.000
2.300	21797.000	16054.230	306.000
2.310	21956.000	16007.961	315.000
2.320	22115.000	15975.572	323.000
2.330	22272.000	15892.901	330.000
2.340	22428.000	15805.031	339.000
2.350	22585.000	15773.521	348.000
2.360	22740.000	15691.465	356.000
2.370	22897.000	15694.025	365.000
2.380	23052.000	15635.818	374.000
2.390	23209.000	15655.072	382.000
2.400	23364.000	15608.551	390.000
2.410	23519.000	15575.986	398.000
2.420	23676.000	15613.190	406.000
2.430	23832.000	15609.233	413.000
2.440	23987.000	15576.463	420.000
2.450	24143.000	15583.524	427.000
2.460	24300.000	15618.467	433.000
2.470	24455.000	15582.927	439.000
2.480	24612.000	15618.049	445.000
2.490	24768.000	15612.634	450.000
2.500	24925.000	15638.844	455.000
2.510	25082.000	15657.191	459.000
2.520	25240.000	15700.034	463.000
2.530	25398.000	15730.023	467.000
2.540	25556.000	15751.016	469.000
2.550	25714.000	15765.711	472.000
2.560	25872.000	15775.998	474.000
2.570	26031.000	15813.199	476.000
2.580	26190.000	15839.239	478.000
2.590	26349.000	15857.467	479.000
2.600	26508.000	15870.227	480.000
2.610	26667.000	15879.159	481.000
2.620	26826.000	15885.411	481.000
2.630	26986.000	15919.788	482.000
2.640	27144.000	15883.852	482.000
2.650	27302.000	15858.696	483.000
2.660	27464.000	15961.087	483.000
2.670	27617.000	15762.761	483.000
2.680	27775.000	15773.933	485.000
2.690	27932.000	15751.753	486.000
2.700	28089.000	15736.227	488.000
2.710	28245.000	15695.359	490.000
2.720	28401.000	15666.751	492.000
2.730	28558.000	15676.726	494.000
2.740	28715.000	15683.708	496.000
2.750	28870.000	15628.596	498.000
2.760	29026.000	15620.017	501.000
2.770	29184.000	15674.012	503.000
2.780	29340.000	15651.808	505.000
2.790	29498.000	15696.266	507.000
2.800	29654.000	15667.386	508.000
2.810	29811.000	15677.170	510.000
2.820	29968.000	15684.019	511.000
2.830	30125.000	15688.813	512.000
2.840	30283.000	15722.169	513.000
2.850	30441.000	15745.519	514.000
2.860	30599.000	15761.863	515.000
2.870	30758.000	15803.304	515.000
2.880	30920.000	15922.313	515.000
2.890	31076.000	15825.619	514.000
2.900	31235.000	15847.933	514.000
2.910	31395.000	15893.553	513.000
2.920	31555.000	15925.487	512.000
2.930	31714.000	15917.841	511.000
2.940	31874.000	15942.489	510.000
2.950	32034.000	15959.742	509.000
2.960	32195.000	16001.820	508.000
2.970	32354.000	15971.274	506.000
2.980	32515.000	16009.892	505.000
2.990	32674.000	15976.924	503.000
3.000	32834.000	15983.847	502.000
3.010	32993.000	15958.693	501.000
3.020	33152.000	15941.085	500.000
3.030	33311.000	15928.759	499.000
3.040	33472.000	15980.132	499.000
3.050	33632.000	15986.092	498.000
3.060	33791.000	15960.264	497.000
3.070	33951.000	15972.185	496.000
3.080	34111.000	15980.530	496.000
3.090	34272.000	16016.371	495.000
3.100	34433.000	16041.460	494.000
3.110	34593.000	16029.022	492.000
3.120	34754.000	16050.315	491.000
3.130	34915.000	16065.221	490.000
3.140	35075.000	16045.654	488.000
3.150	35236.000	16061.958	487.000
3.160	35399.000	16133.371	486.000
3.170	35558.000	16063.359	484.000
3.180	35719.000	16074.352	483.000
3.190	35881.000	16112.046	482.000
3.200	36043.000	16138.432	480.000
3.210	36204.000	16126.903	479.000
3.220	36366.000	16148.832	477.000
3.230	36528.000	16164.182	475.000
3.240	36692.000	16234.928	474.000
3.250	36854.000	16224.449	471.000
3.260	37016.000	16217.115	469.000
3.270	37179.000	16241.980	467.000
3.280	37342.000	16259.386	465.000
3.290	37505.000	16271.570	462.000
3.300	37666.000	16220.099	460.000
3.310	37829.000	16244.069	458.000
3.320	37990.000	16200.849	457.000
3.330	38152.000	16200.594	455.000
3.340	38313.000	16170.416	454.000
3.350	38476.000	16209.291	453.000
3.360	38634.000	16086.504	452.000
3.370	38794.000	16060.553	452.000
3.380	38954.000	16042.387	452.000
3.390	39113.000	15999.671	452.000
3.400	39273.000	15999.770	453.000
3.410	39433.000	15999.839	454.000
3.420	39593.000	15999.887	454.000
3.430	39753.000	15999.921	455.000
3.440	39915.000	16059.945	456.000
3.450	40073.000	15981.961	456.000
3.460	40233.000	15987.373	456.000
3.470	40395.000	16051.161	457.000
3.480	40555.000	16035.813	457.000
3.490	40716.000	16055.069	457.000
3.500	40878.000	16098.548	457.000
3.510	41038.000	16068.984	456.000
3.520	41200.000	16108.289	456.000
3.530	41361.000	16105.802	455.000
3.540	41524.000	16164.061	455.000
3.550	41684.000	16114.843	453.000
3.560	41846.000	16140.390	453.000
3.570	42009.000	16188.273	452.000
3.580	42171.000	16191.791	451.000
3.590	42334.000	16224.254	449.000
3.600	42496.000	16216.978	448.000
3.610	42659.000	16241.884	446.000
3.620	42821.000	16229.319	444.000
3.630	42983.000	16220.523	443.000
3.640	43144.000	16184.366	442.000
3.650	43306.000	16189.056	441.000
3.660	43466.000	16132.340	440.000
3.670	43628.000	16152.638	439.000
3.680	43788.000	16106.846	439.000
3.690	43948.000	16074.792	439.000
3.700	44109.000	16082.355	439.000
3.710	44269.000	16057.648	439.000
3.720	44428.000	16010.354	439.000
3.730	44588.000	16007.248	440.000
3.740	44747.000	15975.073	441.000
3.750	44907.000	15982.551	442.000
3.760	45067.000	15987.786	443.000
3.770	45227.000	15991.450	444.000
3.780	45386.000	15964.015	444.000
3.790	45545.000	15944.811	445.000
3.800	45705.000	15961.367	446.000
3.810	45863.000	15912.957	447.000
3.820	46023.000	15939.070	448.000
3.830	46182.000	15927.349	449.000
3.840	46341.000	15919.144	450.000
3.850	46500.000	15913.401	451.000
3.860	46659.000	15909.381	452.000
3.870	46818.000	15906.566	454.000
3.880	46978.000	15934.597	455.000
3.890	47138.000	15954.218	455.000
3.900	47298.000	15967.952	456.000
3.910	47457.000	15947.567	456.000
3.920	47618.000	15993.297	456.000
3.930	47778.000	15995.308	456.000
3.940	47938.000	15996.715	456.000
3.950	48098.000	15997.701	456.000
3.960	48258.000	15998.391	456.000
3.970	48419.000	16028.873	456.000
3.980	48576.000	15930.211	455.000
3.990	48736.000	15951.148	456.000
4.000	48895.000	15935.804	456.000
4.010	49053.000	15895.062	457.000
4.020	49211.000	15866.544	457.000
4.030	49369.000	15846.581	459.000
4.040	49527.000	15832.606	460.000
4.050	49685.000	15822.825	461.000
4.060	49842.000	15785.977	462.000
4.070	50000.000	15790.184	464.000
4.080	50157.000	15763.129	466.000
4.090	50315.000	15774.190	467.000
4.100	50474.000	15811.933	469.000
4.110	50632.000	15808.353	470.000
4.120	50791.000	15835.847	471.000
4.130	50950.000	15855.093	472.000
4.140	51109.000	15868.565	472.000
4.150	51268.000	15877.996	473.000
4.160	51427.000	15884.597	473.000
4.170	51588.000	15949.218	473.000
4.180	51748.000	15964.452	472.000
4.190	51908.000	15975.117	472.000
4.200	52069.000	16012.582	471.000
4.210	52230.000	16038.807	470.000
4.220	52391.000	16057.165	469.000
4.230	52553.000	16100.016	467.000
4.240	52713.000	16070.011	465.000
4.250	52875.000	16109.008	464.000
4.260	53037.000	16136.305	462.000
4.270	53199.000	16155.414	460.000
4.280	53364.000	16258.790	458.000
4.290	53524.000	16181.153	455.000
4.300	53685.000	16156.807	453.000
4.310	53846.000	16139.765	451.000
4.320	54007.000	16127.835	450.000
4.330	54168.000	16119.485	449.000
4.340	54329.000	16113.639	447.000
4.350	54489.000	16079.548	446.000
4.360	54648.000	16025.683	446.000
4.370	54807.000	15987.978	445.000
4.380	54967.000	15991.585	446.000
4.390	55126.000	15964.109	446.000
4.400	55285.000	15944.877	446.000
4.410	55444.000	15931.414	447.000
4.420	55604.000	15951.990	448.000
4.430	55763.000	15936.393	448.000
4.440	55923.000	15955.475	449.000
4.450	56082.000	15938.832	449.000
4.460	56241.000	15927.183	450.000
4.470	56400.000	15919.028	450.000
4.480	56560.000	15943.320	451.000
4.490	56721.000	15990.324	451.000
4.500	56881.000	15993.227	451.000
4.510	57040.000	15965.259	451.000
4.520	57201.000	16005.681	451.000
4.530	57361.000	16003.977	451.000
4.540	57521.000	16002.784	450.000
4.550	57684.000	16091.949	450.000
4.560	57845.000	16094.364	449.000
4.570	58007.000	16126.055	448.000
4.580	58168.000	16118.238	446.000
4.590	58330.000	16142.767	445.000
4.600	58491.000	16129.937	444.000
4.610	58652.000	16120.956	442.000
4.620	58814.000	16144.669	441.000
4.630	58975.000	16131.268	440.000
4.640	59136.000	16121.888	438.000
4.650	59296.000	16085.321	437.000
4.660	59456.000	16059.725	437.000
4.670	59616.000	16041.808	436.000
4.680	59776.000	16029.265	436.000
4.690	59935.000	15990.486	436.000
4.700	60095.000	15993.340	437.000
4.710	60259.000	16115.338	437.000
4.720	60414.000	15930.737	436.000
4.730	60571.000	15861.516	437.000
4.740	60731.000	15903.061	438.000
4.750	60890.000	15902.143	440.000
4.760	61048.000	15871.500	441.000
4.770	61208.000	15910.050	442.000
4.780	61367.000	15907.035	443.000
4.790	61526.000	15904.924	443.000
4.800	61685.000	15903.447	444.000
4.810	61843.000	15872.413	445.000
4.820	62002.000	15880.689	446.000
4.830	62160.000	15856.482	447.000
4.840	62319.000	15869.538	448.000
4.850	62477.000	15848.676	449.000
4.860	62636.000	15864.073	450.000
4.870	62795.000	15874.851	451.000
4.880	62953.000	15852.396	451.000
4.890	63112.000	15866.677	452.000
4.900	63271.000	15876.674	453.000
4.910	63429.000	15853.672	453.000
4.920	63589.000	15897.570	454.000
4.930	63748.000	15898.299	455.000
4.940	63907.000	15898.809	455.000
4.950	64065.000	15869.167	455.000
4.960	64224.000	15878.417	455.000
4.970	64383.000	15884.892	456.000
4.980	64539.000	15799.424	456.000
4.990	64697.000	15799.597	457.000
5.000	64853.000	15739.718	458.000
5.010	65008.000	15667.802	486.000
5.020	65165.000	15677.462	513.000
5.030	65320.000	15624.223	539.000
5.040	65476.000	15616.956	565.000
5.050	65631.000	15581.869	589.000
5.060	65786.000	15557.309	612.000
5.070	65942.000	15570.116	635.000
5.080	66099.000	15609.081	656.000
5.090	66256.000	15636.357	676.000
5.100	66413.000	15655.450	696.000
5.110	66572.000	15728.815	714.000
5.120	66731.000	15780.170	730.000
5.130	66890.000	15816.119	746.000
5.140	67050.000	15871.283	760.000
5.150	67211.000	15939.898	773.000
5.160	67373.000	16017.929	785.000
5.170	67535.000	16072.550	796.000
5.180	67699.000	16170.785	806.000
5.190	67863.000	16239.550	815.000
5.200	68029.000	16347.685	822.000
5.210	68196.000	16453.379	829.000
5.220	68365.000	16587.366	834.000
5.230	68532.000	16621.156	838.000
5.240	68702.000	16734.809	841.000
5.250	68873.000	16844.366	843.000
5.260	69046.000	16981.056	844.000
5.270	69218.000	17046.740	844.000
5.280	69391.000	17122.718	843.000
5.290	69566.000	17235.902	841.000
5.300	69742.000	17345.132	839.000
5.310	69918.000	17421.592	836.000
5.320	70094.000	17475.115	832.000
5.330	70272.000	17572.580	828.000
5.340	70450.000	17640.806	824.000
5.350	70629.000	17718.564	819.000
5.360	70816.000	18012.995	813.000
5.370	70990.000	17829.096	805.000
5.380	71169.000	17850.368	800.000
5.390	71352.000	17985.257	794.000
5.400	71535.000	18079.680	788.000
5.410	71722.000	18265.776	781.000
5.420	71903.000	18216.043	772.000
5.430	72089.000	18331.230	765.000
5.440	72275.000	18411.861	757.000
5.450	72462.000	18498.303	748.000
5.460	72650.000	18588.812	739.000
5.470	72839.000	18682.168	730.000
5.480	73029.000	18777.518	720.000
5.490	73219.000	18844.263	710.000
5.500	73409.000	18890.984	699.000
5.510	73601.000	18983.689	689.000
5.520	73794.000	19078.582	678.000
5.530	73987.000	19145.007	667.000
5.540	74181.000	19221.505	656.000
5.550	74376.000	19305.054	645.000
5.560	74571.000	19363.538	633.000
5.570	74766.000	19404.476	621.000
5.580	74961.000	19433.133	610.000
5.590	75156.000	19453.193	598.000
5.600	75351.000	19467.235	587.000
5.610	75547.000	19507.065	577.000
5.620	75742.000	19504.945	566.000
5.630	75937.000	19503.462	556.000
5.640	76132.000	19502.423	547.000
5.650	76328.000	19531.696	538.000
5.660	76523.000	19522.187	529.000
5.670	76718.000	19515.531	520.000
5.680	76913.000	19510.872	513.000
5.690	77109.000	19537.610	505.000
5.700	77305.000	19556.327	497.000
5.710	77501.000	19569.429	490.000
5.720	77697.000	19578.600	483.000
5.730	77894.000	19615.020	476.000
5.740	78090.000	19610.514	469.000
5.750	78286.000	19607.360	462.000
5.760	78483.000	19635.152	456.000
5.770	78680.000	19654.606	449.000
5.780	78876.000	19638.224	443.000
5.790	79073.000	19656.757	437.000
5.800	79271.000	19699.730	431.000
5.810	79468.000	19699.811	425.000
5.820	79665.000	19699.868	419.000
5.830	79862.000	19699.907	413.000
5.840	80059.000	19699.935	408.000
5.850	80256.000	19699.955	403.000
5.860	80452.000	19669.968	397.000
5.870	80650.000	19708.978	393.000
5.880	80843.000	19586.284	388.000
5.890	81037.000	19530.399	384.000
5.900	81231.000	19491.279	382.000
5.910	81424.000	19433.896	379.000
5.920	81618.000	19423.727	378.000
5.930	81810.000	19356.609	376.000
5.940	82002.000	19309.626	375.000
5.950	82194.000	19276.738	375.000
5.960	82386.000	19253.717	375.000
5.970	82578.000	19237.602	375.000
5.980	82769.000	19196.321	375.000
5.990	82961.000	19197.425	375.000
6.000	83152.000	19168.197	375.000
6.010	83344.000	19177.738	376.000
6.020	83535.000	19154.417	376.000
6.030	83726.000	19138.092	377.000
6.040	83918.000	19156.664	377.000
6.050	84110.000	19169.665	378.000
6.060	84301.000	19148.765	378.000
6.070	84494.000	19194.136	378.000
6.080	84685.000	19165.895	378.000
6.090	84876.000	19146.127	378.000
6.100	85068.000	19162.289	378.000
6.110	85260.000	19173.602	378.000
6.120	85453.000	19211.521	377.000
6.130	85643.000	19148.065	377.000
6.140	85834.000	19133.645	376.000
6.150	86024.000	19093.552	376.000
6.160	86214.000	19065.486	377.000
6.170	86404.000	19045.840	377.000
6.180	86594.000	19032.088	378.000
6.190	86781.000	18932.462	379.000
6.200	86969.000	18892.723	380.000
6.210	87158.000	18894.906	382.000
6.220	87347.000	18896.434	384.000
6.230	87535.000	18867.504	385.000
6.240	87724.000	18877.253	387.000
6.250	87912.000	18854.077	389.000
6.260	88101.000	18867.854	390.000
6.270	88288.000	18817.498	392.000
6.280	88476.000	18812.248	393.000
6.290	88664.000	18808.574	395.000
6.300	88853.000	18836.002	397.000
6.310	89041.000	18825.201	398.000
6.320	89228.000	18787.641	399.000
6.330	89416.000	18791.349	401.000
6.340	89604.000	18793.944	402.000
6.350	89793.000	18825.761	403.000
6.360	89980.000	18788.033	404.000
6.370	90168.000	18791.623	405.000
6.380	90356.000	18794.136	406.000
6.390	90545.000	18825.895	407.000
6.400	90731.000	18758.127	407.000
6.410	90917.000	18710.689	408.000
6.420	91104.000	18707.482	410.000
6.430	91290.000	18675.237	411.000
6.440	91476.000	18652.666	413.000
6.450	91660.000	18576.866	415.000
6.460	91844.000	18523.806	417.000
6.470	92029.000	18516.665	420.000
6.480	92212.000	18451.665	423.000
6.490	92395.000	18406.166	426.000
6.500	92577.000	18344.316	429.000
6.510	92760.000	18331.021	433.000
6.520	92943.000	18321.715	437.000
6.530	93125.000	18285.200	441.000
6.540	93307.000	18259.640	445.000
6.550	93491.000	18301.748	449.000
6.560	93674.000	18301.224	452.000
6.570	93856.000	18270.857	455.000
6.580	94038.000	18249.600	459.000
6.590	94221.000	18264.720	462.000
6.600	94404.000	18275.304	465.000
6.610	94588.000	18312.713	468.000
6.620	94774.000	18398.899	470.000
6.630	94955.000	18309.229	472.000
6.640	95139.000	18336.460	474.000
6.650	95322.000	18325.522	476.000
6.660	95506.000	18347.866	477.000
6.670	95690.000	18363.506	479.000
6.680	95875.000	18404.454	480.000
6.690	96058.000	18373.118	481.000
6.700	96242.000	18381.183	482.000
6.710	96426.000	18386.828	483.000
6.720	96609.000	18360.779	484.000
6.730	96792.000	18342.546	485.000
6.740	96975.000	18329.782	486.000
6.750	97157.000	18290.847	487.000
6.760	97341.000	18323.593	489.000
6.770	97524.000	18316.515	490.000
6.780	97707.000	18311.561	491.000
6.790	97890.000	18308.092	492.000
6.800	98073.000	18305.665	493.000
6.810	98259.000	18393.965	495.000
6.820	98441.000	18335.776	495.000
6.830	98624.000	18325.043	496.000
6.840	98811.000	18437.530	497.000
6.850	98992.000	18336.271	496.000
6.860	99176.000	18355.390	497.000
6.870	99360.000	18368.773	497.000
6.880	99545.000	18408.141	498.000
6.890	99728.000	18375.699	498.000
6.900	99913.000	18412.989	498.000
6.910	100098.000	18439.092	498.000
6.920	100283.000	18457.365	498.000
6.930	100469.000	18500.155	497.000
6.940	100654.000	18500.109	496.000
6.950	100840.000	18530.076	495.000
6.960	101026.000	18551.053	494.000
6.970	101212.000	18565.737	493.000
6.980	101398.000	18576.016	491.000
6.990	101584.000	18583.211	490.000
7.000	101770.000	18588.248	489.000
7.010	101957.000	18621.774	487.000
7.020	102142.000	18585.241	485.000
7.030	102326.000	18529.669	484.000
7.040	102515.000	18640.768	484.000
7.050	102699.000	18568.538	482.000
7.060	102885.000	18577.976	481.000
7.070	103070.000	18554.584	480.000
7.080	103255.000	18538.208	479.000
7.090	103445.000	18676.746	479.000
7.100	103630.000	18623.722	477.000
7.110	103815.000	18586.606	476.000
7.120	104002.000	18620.624	475.000
7.130	104189.000	18644.437	474.000
7.140	104376.000	18661.106	473.000
7.150	104564.000	18702.774	471.000
7.160	104752.000	18731.942	469.000
7.170	104940.000	18752.359	467.000
7.180	105128.000	18766.651	465.000
7.190	105316.000	18776.656	463.000
7.200	105504.000	18783.659	461.000
7.210	105692.000	18788.561	459.000
7.220	105881.000	18821.993	456.000
7.230	106073.000	18935.395	454.000
7.240	106259.000	18834.777	450.000
7.250	106449.000	18884.344	448.000
7.260	106638.000	18889.041	446.000
7.270	106826.000	18862.328	443.000
7.280	107013.000	18813.630	441.000
7.290	107202.000	18839.541	439.000
7.300	107389.000	18797.679	437.000
7.310	107577.000	18798.375	436.000
7.320	107766.000	18828.863	434.000
7.330	107952.000	18760.204	433.000
7.340	108135.000	18622.143	432.000
7.350	108321.000	18615.500	432.000
7.360	108506.000	18580.850	433.000
7.370	108691.000	18556.595	434.000
7.380	108875.000	18509.616	435.000
7.390	109061.000	18536.732	437.000
7.400	109245.000	18495.712	438.000
7.410	109431.000	18526.998	439.000
7.420	109615.000	18488.899	440.000
7.430	109800.000	18492.229	442.000
7.440	109984.000	18464.560	443.000
7.450	110169.000	18475.192	444.000
7.460	110355.000	18512.635	446.000
7.470	110537.000	18418.844	447.000
7.480	110722.000	18443.191	448.000
7.490	110907.000	18460.234	450.000
7.500	111093.000	18502.164	451.000
7.510	111278.000	18501.515	451.000
7.520	111464.000	18531.060	452.000
7.530	111649.000	18521.742	452.000
7.540	111834.000	18515.219	453.000
7.550	112020.000	18540.654	453.000
7.560	112205.000	18528.458	453.000
7.570	112389.000	18489.920	453.000
7.580	112573.000	18462.944	454.000
7.590	112758.000	18474.061	455.000
7.600	112941.000	18421.843	456.000
7.610	113124.000	18385.290	457.000
7.620	113308.000	18389.703	458.000
7.630	113492.000	18392.792	459.000
7.640	113674.000	18334.954	461.000
7.650	113856.000	18294.468	463.000
7.660	114039.000	18296.128	465.000
7.670	114222.000	18297.289	467.000
7.680	114405.000	18298.103	468.000
7.690	114589.000	18328.672	470.000
7.700	114773.000	18350.070	472.000
7.710	114956.000	18335.049	473.000
7.720	115139.000	18324.534	474.000
7.730	115323.000	18347.174	475.000
7.740	115507.000	18363.022	476.000
7.750	115691.000	18374.115	477.000
7.760	115876.000	18411.881	477.000
7.770	116061.000	18438.317	478.000
7.780	116244.000	18396.822	478.000
7.790	116431.000	18487.775	478.000
7.800	116615.000	18461.443	477.000
7.810	116799.000	18443.010	477.000
7.820	116985.000	18490.107	477.000
7.830	117169.000	18463.075	476.000
7.840	117356.000	18534.152	476.000
7.850	117542.000	18553.907	475.000
7.860	117727.000	18537.735	474.000
7.870	117912.000	18526.414	473.000
7.880	118096.000	18488.490	472.000
7.890	118280.000	18461.943	472.000
7.900	118464.000	18443.360	472.000
7.910	118646.000	18370.352	472.000
7.920	118829.000	18349.246	473.000
7.930	119012.000	18334.473	474.000
7.940	119194.000	18294.131	475.000
7.950	119377.000	18295.892	477.000
7.960	119560.000	18297.124	478.000
7.970	119743.000	18297.987	479.000
7.980	119926.000	18298.591	481.000
7.990	120110.000	18329.014	482.000
8.000	120294.000	18350.309	483.000
8.010	120478.000	18365.217	483.000
8.020	120660.000	18315.652	484.000
8.030	120845.000	18370.956	485.000
8.040	121030.000	18409.669	485.000
8.050	121215.000	18436.769	485.000
8.060	121400.000	18455.738	485.000
8.070	121586.000	18499.017	484.000
8.080	121772.000	18529.312	483.000
8.090	121958.000	18550.518	482.000
8.100	122145.000	18595.363	481.000
8.110	122330.000	18566.754	479.000
8.120	122516.000	18576.728	477.000
8.130	122702.000	18583.709	476.000
8.140	122888.000	18588.597	475.000
8.150	123074.000	18592.018	473.000
8.160	123260.000	18594.412	472.000
8.170	123446.000	18596.089	470.000
8.180	123631.000	18567.262	469.000
8.190	123816.000	18547.083	468.000
8.200	124001.000	18532.958	467.000
8.210	124186.000	18523.071	467.000
8.220	124371.000	18516.150	467.000
8.230	124556.000	18511.305	466.000
8.240	124740.000	18477.913	466.000
8.250	124925.000	18484.539	466.000
8.260	125111.000	18519.178	466.000
8.270	125295.000	18483.424	466.000
8.280	125480.000	18488.397	466.000
8.290	125665.000	18491.878	466.000
8.300	125850.000	18494.315	466.000
8.310	126034.000	18466.020	466.000
8.320	126219.000	18476.214	466.000
8.330	126404.000	18483.350	466.000
8.340	126589.000	18488.345	466.000
8.350	126774.000	18491.841	466.000
8.360	126959.000	18494.289	466.000
8.370	127146.000	18556.002	466.000
8.380	127329.000	18479.202	465.000
8.390	127515.000	18515.441	465.000
8.400	127700.000	18510.809	465.000
8.410	127885.000	18507.566	465.000
8.420	128071.000	18535.296	464.000
8.430	128255.000	18494.707	464.000
8.440	128440.000	18496.295	464.000
8.450	128625.000	18497.407	464.000
8.460	128809.000	18468.185	464.000
8.470	128993.000	18447.729	464.000
8.480	129178.000	18463.410	464.000
8.490	129362.000	18444.387	465.000
8.500	129545.000	18401.071	465.000
8.510	129728.000	18370.750	466.000
8.520	129912.000	18379.525	467.000
8.530	130096.000	18385.667	468.000
8.540	130280.000	18389.967	469.000
8.550	130466.000	18452.977	470.000
8.560	130650.000	18437.084	470.000
8.570	130834.000	18425.959	470.000
8.580	131018.000	18418.171	470.000
8.590	131203.000	18442.720	471.000
8.600	131388.000	18459.904	471.000
8.610	131572.000	18441.933	471.000
8.620	131757.000	18459.353	471.000
8.630	131941.000	18441.547	471.000
8.640	132128.000	18519.083	471.000
8.650	132312.000	18483.358	470.000
8.660	132499.000	18548.351	470.000
8.670	132685.000	18563.845	469.000
8.680	132870.000	18544.692	468.000
8.690	133057.000	18591.284	467.000
8.700	133243.000	18593.899	466.000
8.710	133430.000	18625.729	465.000
8.720	133615.000	18588.011	463.000
8.730	133801.000	18591.607	462.000
8.740	133987.000	18594.125	461.000
8.750	134173.000	18595.888	460.000
8.760	134358.000	18567.121	459.000
8.770	134543.000	18546.985	459.000
8.780	134728.000	18532.889	458.000
8.790	134912.000	18493.023	458.000
8.800	135096.000	18465.116	458.000
8.810	135281.000	18475.581	458.000
8.820	135466.000	18482.907	459.000
8.830	135652.000	18518.035	459.000
8.840	135834.000	18422.624	459.000
8.850	136019.000	18445.837	460.000
8.860	136205.000	18492.086	460.000
8.870	136390.000	18494.460	460.000
8.880	136577.000	18556.122	460.000
8.890	136760.000	18479.285	459.000
8.900	136948.000	18575.500	460.000
8.910	137132.000	18522.850	459.000
8.920	137317.000	18515.995	459.000
8.930	137503.000	18541.196	458.000
8.940	137689.000	18558.838	458.000
8.950	137875.000	18571.186	457.000
8.960	138062.000	18609.830	457.000
8.970	138249.000	18636.881	456.000
8.980	138435.000	18625.817	454.000
8.990	138622.000	18648.072	453.000
9.000	138808.000	18633.650	452.000
9.010	138994.000	18623.555	451.000
9.020	139180.000	18616.489	450.000
9.030	139362.000	18491.542	449.000
9.040	139552.000	18644.079	449.000
9.050	139735.000	18540.856	448.000
9.060	139920.000	18528.599	448.000
9.070	140108.000	18610.019	448.000
9.080	140289.000	18457.013	447.000
9.090	140475.000	18499.909	448.000
9.100	140658.000	18439.937	449.000
9.110	140843.000	18457.956	450.000
9.120	141027.000	18440.569	450.000
9.130	141211.000	18428.398	451.000
9.140	141396.000	18449.879	452.000
9.150	141580.000	18434.915	453.000
9.160	141764.000	18424.441	453.000
9.170	141948.000	18417.108	454.000
9.180	142130.000	18351.976	455.000
9.190	142316.000	18426.383	456.000
9.200	142499.000	18388.468	457.000
9.210	142683.000	18391.928	458.000
9.220	142866.000	18364.349	459.000
9.230	143050.000	18375.045	460.000
9.240	143235.000	18412.531	461.000
9.250	143420.000	18438.772	462.000
9.260	143604.000	18427.140	462.000
9.270	143788.000	18418.998	462.000
9.280	143972.000	18413.299	463.000
9.290	144158.000	18469.309	463.000
9.300	144341.000	18418.516	463.000
9.310	144523.000	18352.961	463.000
9.320	144708.000	18397.073	464.000
9.330	144888.000	18277.951	465.000
9.340	145070.000	18254.566	467.000
9.350	145251.000	18208.196	469.000
9.360	145431.000	18145.737	471.000
9.370	145613.000	18162.016	474.000
9.380	145793.000	18113.411	476.000
9.390	145973.000	18079.388	479.000
9.400	146153.000	18055.572	482.000
9.410	146333.000	18038.900	485.000
9.420	146514.000	18057.230	489.000
9.430	146695.000	18070.061	492.000
9.440	146877.000	18109.043	494.000
9.450	147057.000	18076.330	496.000
9.460	147238.000	18083.431	499.000
9.470	147420.000	18118.402	501.000
9.480	147605.000	18232.881	503.000
9.490	147785.000	18163.017	503.000
9.500	147968.000	18204.112	505.000
9.510	148152.000	18262.878	505.000
9.520	148335.000	18274.015	505.000
9.530	148528.000	18581.810	506.000
9.540	148706.000	18347.267	502.000
9.550	148890.000	18363.087	502.000
9.560	149072.000	18314.161	501.000
9.570	149258.000	18399.913	501.000
9.580	149443.000	18429.939	500.000
9.590	149629.000	18480.957	499.000
9.600	149813.000	18456.670	497.000
9.610	149998.000	18469.669	496.000
9.620	150183.000	18478.768	495.000
9.630	150368.000	18485.138	493.000
9.640	150552.000	18459.596	492.000
9.650	150737.000	18471.718	491.000
9.660	150921.000	18450.202	490.000
9.670	151105.000	18435.142	489.000
9.680	151290.000	18454.599	488.000
9.690	151475.000	18468.219	487.000
9.700	151660.000	18477.754	486.000
9.710	151845.000	18484.427	485.000
9.720	152030.000	18489.099	484.000
9.730	152215.000	18492.369	484.000
9.740	152400.000	18494.659	483.000
9.750	152586.000	18526.261	482.000
9.760	152772.000	18548.383	480.000
9.770	152959.000	18593.868	479.000
9.780	153145.000	18595.708	477.000
9.790	153331.000	18596.995	476.000
9.800	153517.000	18597.897	474.000
9.810	153704.000	18628.528	472.000
9.820	153892.000	18679.969	471.000
9.830	154079.000	18685.979	468.000
9.840	154267.000	18720.185	466.000
9.850	154453.000	18684.129	464.000
9.860	154641.000	18718.891	462.000
9.870	154828.000	18713.223	459.000
9.880	155015.000	18709.256	457.000
9.890	155203.000	18736.479	455.000
9.900	155389.000	18695.536	453.000
9.910	155575.000	18666.875	452.000
9.920	155761.000	18646.812	450.000
9.930	155945.000	18572.769	449.000
9.940	156131.000	18580.938	449.000
9.950	156317.000	18586.657	449.000
9.960	156502.000	18560.660	448.000
9.970	156687.000	18542.462	448.000
9.980	156872.000	18529.723	448.000
9.990	157058.000	18550.806	449.000
10.000	157243.000	18535.564	449.000
10.010	157428.000	18524.895	449.000
10.020	157615.000	18577.427	449.000
10.030	157799.000	18524.199	449.000
10.040	157985.000	18546.939	449.000
10.050	158170.000	18532.857	449.000
10.060	158355.000	18523.000	449.000
10.070	158541.000	18546.100	449.000
10.080	158727.000	18562.270	449.000
10.090	158913.000	18573.589	449.000
10.100	159098.000	18551.512	448.000
10.110	159284.000	18566.059	448.000
10.120	159469.000	18546.241	448.000
10.130	159655.000	18562.369	448.000
10.140	159840.000	18543.658	448.000
10.150	160026.000	18560.561	448.000
10.160	160211.000	18542.392	447.000
10.170	160396.000	18529.675	447.000
10.180	160584.000	18610.772	447.000
10.190	160765.000	18457.541	447.000
10.200	160949.000	18440.278	447.000
10.210	161132.000	18398.195	448.000
10.220	161316.000	18398.736	450.000
10.230	161499.000	18369.116	451.000
10.240	161681.000	18318.381	453.000
10.250	161864.000	18312.867	454.000
10.260	162047.000	18309.007	456.000
10.270	162230.000	18306.305	458.000
10.280	162413.000	18304.413	460.000
10.290	162597.000	18333.089	462.000
10.300	162778.000	18263.162	463.000
10.310	162961.000	18274.214	465.000
10.320	163147.000	18371.950	467.000
10.330	163327.000	18260.365	468.000
10.340	163510.000	18272.255	469.000
10.350	163693.000	18280.579	471.000
10.360	163876.000	18286.405	472.000
10.370	164060.000	18320.484	474.000
10.380	164244.000	18344.339	475.000
10.390	164429.000	18391.037	475.000
10.400	164613.000	18393.726	475.000
10.410	164797.000	18395.608	475.000
10.420	164983.000	18456.926	476.000
10.430	165168.000	18469.848	475.000
10.440	165352.000	18448.894	474.000
10.450	165537.000	18464.226	474.000
10.460	165722.000	18474.958	473.000
10.470	165907.000	18482.470	473.000
10.480	166091.000	18457.729	472.000
10.490	166275.000	18440.411	472.000
10.500	166460.000	18458.287	472.000
10.510	166645.000	18470.801	471.000
10.520	166829.000	18449.561	471.000
10.530	167014.000	18464.693	470.000
10.540	167197.000	18415.285	470.000
10.550	167383.000	18470.699	470.000
10.560	167568.000	18479.490	470.000
10.570	167756.000	18575.643	469.000
10.580	167937.000	18432.950	468.000
10.590	168123.000	18483.065	468.000
10.600	168308.000	18488.145	468.000
10.610	168493.000	18491.702	467.000
10.620	168679.000	18524.191	467.000
10.630	168865.000	18546.934	466.000
10.640	169050.000	18532.854	465.000
10.650	169235.000	18522.998	464.000
10.660	169421.000	18546.098	463.000
10.670	169607.000	18562.269	462.000
10.680	169793.000	18573.588	461.000
10.690	169980.000	18611.512	460.000
10.700	170166.000	18608.058	459.000
10.710	170353.000	18635.641	458.000
10.720	170539.000	18624.949	456.000
10.730	170725.000	18617.464	455.000
10.740	170911.000	18612.225	454.000
10.750	171096.000	18578.557	452.000
10.760	171281.000	18554.990	452.000
10.770	171466.000	18538.493	451.000
10.780	171649.000	18466.945	451.000
10.790	171833.000	18446.862	451.000
10.800	172016.000	18402.803	452.000
10.810	172199.000	18371.962	453.000
10.820	172381.000	18320.374	454.000
10.830	172562.000	18254.261	456.000
10.840	172744.000	18237.983	459.000
10.850	172926.000	18226.588	461.000
10.860	173109.000	18248.612	463.000
10.870	173291.000	18234.028	465.000
10.880	173473.000	18223.820	468.000
10.890	173655.000	18216.674	470.000
10.900	173837.000	18211.672	472.000
10.910	174019.000	18208.170	474.000
10.920	174202.000	18235.719	476.000
10.930	174384.000	18225.003	478.000
10.940	174566.000	18217.502	479.000
10.950	174749.000	18242.252	481.000
10.960	174932.000	18259.576	482.000
10.970	175116.000	18301.703	483.000
10.980	175300.000	18331.192	484.000
10.990	175486.000	18411.835	484.000
11.000	175667.000	18318.284	484.000
11.010	175852.000	18372.799	484.000
11.020	176036.000	18380.959	484.000
11.030	176219.000	18356.671	484.000
11.040	176402.000	18339.670	484.000
11.050	176586.000	18357.769	484.000
11.060	176769.000	18340.438	484.000
11.070	176953.000	18358.307	485.000
11.080	177135.000	18310.815	485.000
11.090	177318.000	18307.570	485.000
11.100	177500.000	18275.299	486.000
11.110	177682.000	18252.709	487.000
11.120	177864.000	18236.897	488.000
11.130	178049.000	18315.828	489.000
11.140	178228.000	18191.079	489.000
11.150	178410.000	18193.756	491.000
11.160	178594.000	18255.629	493.000
11.170	178777.000	18268.940	493.000
11.180	178959.000	18248.258	494.000
11.190	179142.000	18263.781	495.000
11.200	179326.000	18304.646	496.000
11.210	179491.000	17763.253	496.000
11.220	179675.000	17954.277	502.000
11.230	179859.000	18087.994	505.000
11.240	180044.000	18211.596	507.000
11.250	180228.000	18268.117	508.000
11.260	180414.000	18367.682	508.000
11.270	180599.000	18407.377	507.000
11.280	180784.000	18435.164	506.000
11.290	180971.000	18514.615	504.000
11.300	181157.000	18540.230	502.000
11.310	181344.000	18588.161	500.000
11.320	181530.000	18591.713	497.000
11.330	181716.000	18594.199	495.000
11.340	181901.000	18565.939	492.000
11.350	182086.000	18546.158	490.000
11.360	182274.000	18622.310	488.000
11.370	182457.000	18525.617	486.000
11.380	182645.000	18607.932	484.000
11.390	182827.000	18485.552	482.000
11.400	183015.000	18579.887	481.000
11.410	183199.000	18525.921	480.000
11.420	183384.000	18518.144	479.000
11.430	183569.000	18512.701	478.000
11.440	183756.000	18568.891	477.000
11.450	183942.000	18578.224	476.000
11.460	184129.000	18614.756	474.000
11.470	184315.000	18610.330	472.000
11.480	184501.000	18607.231	471.000
11.490	184688.000	18635.061	469.000
11.500	184875.000	18654.543	468.000
11.510	185063.000	18698.180	466.000
11.520	185251.000	18728.726	464.000
11.530	185438.000	18720.108	461.000
11.540	185626.000	18744.076	459.000
11.550	185815.000	18790.853	457.000
11.560	186003.000	18793.597	454.000
11.570	186191.000	18795.518	451.000
11.580	186379.000	18796.863	449.000
11.590	186567.000	18797.804	446.000
11.600	186756.000	18828.463	444.000
11.610	186942.000	18759.924	441.000
11.620	187130.000	18771.947	440.000
11.630	187317.000	18750.363	438.000
11.640	187503.000	18705.254	436.000
11.650	187689.000	18673.678	435.000
11.660	187875.000	18651.574	435.000
11.670	188061.000	18636.102	434.000
11.680	188246.000	18595.271	434.000
11.690	188431.000	18566.690	434.000
11.700	188615.000	18516.683	435.000
11.710	188803.000	18601.678	436.000
11.720	188984.000	18451.175	436.000
11.730	189169.000	18465.822	437.000
11.740	189355.000	18506.076	438.000
11.750	189540.000	18504.253	439.000
11.760	189722.000	18412.977	440.000
11.770	189905.000	18379.084	442.000
11.780	190089.000	18385.359	443.000
11.790	190273.000	18389.751	445.000
11.800	190459.000	18452.826	447.000
11.810	190642.000	18406.978	448.000
11.820	190826.000	18404.885	449.000
11.830	191011.000	18433.419	450.000
11.840	191195.000	18423.393	451.000
11.850	191379.000	18416.375	452.000
11.860	191564.000	18441.463	453.000
11.870	191748.000	18429.024	454.000
11.880	191932.000	18420.317	454.000
11.890	192117.000	18444.222	455.000
11.900	192301.000	18430.955	456.000
11.910	192485.000	18421.669	456.000
11.920	192669.000	18415.168	457.000
11.930	192852.000	18380.618	458.000
11.940	193037.000	18416.432	459.000
11.950	193219.000	18351.503	459.000
11.960	193401.000	18306.052	460.000
11.970	193584.000	18304.236	462.000
11.980	193768.000	18332.965	464.000
11.990	193951.000	18323.076	465.000
12.000	194134.000	18316.153	466.000
12.010	194319.000	18371.307	0.000
12.020	194501.000	18319.915	0.000
12.030	194683.000	18283.940	0.000
12.040	194864.000	18228.758	0.000
12.050	195044.000	18160.131	0.000
12.060	195225.000	18142.092	0.000
12.070	195402.000	18009.464	0.000
12.080	195578.000	17886.625	0.000
12.090	195754.000	17800.637	0.000
12.100	195927.000	17650.446	0.000
12.110	196102.000	17605.312	0.000
12.120	196275.000	17513.719	0.000
12.130	196447.000	17419.603	0.000
12.140	196620.000	17383.722	0.000
12.150	196788.000	17208.605	0.000
12.160	196960.000	17206.024	0.000
12.170	197126.000	17024.217	0.000
12.180	197293.000	16926.952	0.000
12.190	197460.000	16858.866	0.000
12.200	197623.000	16691.206	0.000
12.210	197788.000	16633.844	0.000
12.220	197950.000	16503.691	0.000
12.230	198110.000	16352.584	0.000
12.240	198270.000	16246.809	0.000
12.250	198428.000	16112.766	0.000
12.260	198585.000	15988.936	0.000
12.270	198743.000	15932.255	0.000
12.280	198896.000	15742.579	0.000
12.290	199048.000	15579.805	0.000
12.300	199199.000	15435.864	0.000
12.310	199351.000	15365.105	0.000
12.320	199500.000	15225.573	0.000
12.330	199649.000	15127.901	0.000
12.340	199797.000	15029.531	0.000
12.350	199943.000	14900.672	0.000
12.360	200089.000	14810.470	0.000
12.370	200235.000	14747.329	0.000
12.380	200380.000	14673.130	0.000
12.390	200524.000	14591.191	0.000
12.400	200668.000	14533.834	0.000
12.410	200809.000	14403.684	0.000
12.420	200951.000	14342.579	0.000
12.430	201092.000	14269.805	0.000
12.440	201231.000	14158.864	0.000
12.450	201370.000	14081.204	0.000
12.460	201508.000	13996.843	0.000
12.470	201646.000	13937.790	0.000
12.480	201782.000	13836.453	0.000
12.490	201919.000	13795.517	0.000
12.500	202053.000	13676.862	0.000
12.510	202187.000	13593.803	0.000
12.520	202321.000	13535.662	0.000
12.530	202453.000	13434.964	0.000
12.540	202584.000	13334.475	0.000
12.550	202714.000	13234.132	0.000
12.560	202843.000	13133.893	0.000
12.570	202973.000	13093.725	0.000
12.580	203097.000	12885.607	0.000
12.590	203222.000	12769.925	0.000
12.600	203346.000	12658.948	0.000
12.610	203468.000	12521.263	0.000
12.620	203590.000	12424.884	0.000
12.630	203709.000	12267.419	0.000
12.640	203828.000	12157.193	0.000
12.650	203945.000	12020.035	0.000
12.660	204063.000	11954.025	0.000
12.670	204177.000	11787.817	0.000
12.680	204290.000	11641.472	0.000
12.690	204404.000	11569.030	0.000
12.700	204514.000	11398.321	0.000
12.710	204624.000	11278.825	0.000
12.720	204734.000	11195.177	0.000
12.730	204842.000	11076.624	0.000
12.740	204951.000	11023.637	0.000
12.750	205056.000	10866.546	0.000
12.760	205162.000	10786.582	0.000
12.770	205268.000	10730.607	0.000
12.780	205371.000	10601.425	0.000
12.790	205473.000	10480.998	0.000
12.800	205575.000	10396.698	0.000
12.810	205675.000	10277.689	0.000
12.820	205774.000	10164.382	0.000
12.830	205873.000	10085.068	0.000
12.840	205971.000	9999.547	0.000
12.850	206068.000	9909.683	0.000
12.860	206163.000	9786.778	0.000
12.870	206258.000	9700.745	0.000
12.880	206352.000	9610.521	0.000
12.890	206445.000	9517.365	0.000
12.900	206537.000	9422.155	0.000
12.910	206628.000	9325.509	0.000
12.920	206718.000	9227.856	0.000
12.930	206808.000	9159.499	0.000
12.940	206895.000	9021.650	0.000
12.950	206983.000	8955.155	0.000
12.960	207070.000	8878.608	0.000
12.970	207156.000	8795.026	0.000
12.980	207241.000	8706.518	0.000
12.990	207325.000	8614.563	0.000
13.000	207408.000	8520.194	0.000
13.010	207491.000	8454.136	0.000
13.020	207571.000	8317.895	0.000
13.030	207652.000	8252.526	0.000
13.040	207731.000	8146.769	0.000
13.050	207809.000	8042.738	0.000
13.060	207887.000	7969.917	0.000
13.070	207962.000	7828.942	0.000
13.080	208038.000	7760.259	0.000
13.090	208111.000	7622.181	0.000
13.100	208183.000	7495.527	0.000
13.110	208255.000	7406.869	0.000
13.120	208325.000	7284.808	0.000
13.130	208394.000	7169.366	0.000
13.140	208462.000	7058.556	0.000
13.150	208528.000	6920.989	0.000
13.160	208594.000	6824.692	0.000
13.170	208657.000	6667.285	0.000
13.180	208720.000	6557.099	0.000
13.190	208781.000	6419.970	0.000
13.200	208841.000	6293.979	0.000
13.210	208900.000	6175.785	0.000
13.220	208957.000	6033.050	0.000
13.230	209013.000	5903.135	0.000
13.240	209068.000	5782.194	0.000
13.250	209122.000	5667.536	0.000
13.260	209174.000	5527.275	0.000
13.270	209226.000	5429.093	0.000
13.280	209276.000	5300.365	0.000
13.290	209325.000	5180.255	0.000
13.300	209372.000	5036.179	0.000
13.310	209419.000	4935.325	0.000
13.320	209464.000	4804.728	0.000
13.330	209509.000	4713.309	0.000
13.340	209552.000	4589.317	0.000
13.350	209595.000	4502.522	0.000
13.360	209636.000	4381.765	0.000
13.370	209676.000	4267.236	0.000
13.380	209716.000	4187.065	0.000
13.390	209754.000	4070.945	0.000
13.400	209791.000	3959.662	0.000
13.410	209827.000	3851.763	0.000
13.420	209863.000	3776.234	0.000
13.430	209897.000	3663.364	0.000
13.440	209931.000	3584.355	0.000
13.450	209963.000	3469.048	0.000
13.460	209993.000	3328.334	0.000
13.470	210023.000	3229.834	0.000
13.480	210052.000	3130.884	0.000
13.490	210081.000	3061.619	0.000
13.500	210108.000	2953.133	0.000
13.510	210135.000	2877.193	0.000
13.520	210160.000	2764.035	0.000
13.530	210185.000	2684.825	0.000
13.540	210209.000	2599.377	0.000
13.550	210232.000	2509.564	0.000
13.560	210254.000	2416.695	0.000
13.570	210276.000	2351.686	0.000
13.580	210297.000	2276.180	0.000
13.590	210317.000	2193.326	0.000
13.600	210337.000	2135.328	0.000
13.610	210357.000	2094.730	0.000
13.620	210376.000	2036.311	0.000
13.630	210393.000	1935.418	0.000
13.640	210411.000	1894.792	0.000
13.650	210428.000	1836.355	0.000
13.660	210443.000	1735.448	0.000
13.670	210458.000	1664.814	0.000
13.680	210472.000	1585.370	0.000
13.690	210486.000	1529.759	0.000
13.700	210498.000	1430.831	0.000
13.710	210510.000	1361.582	0.000
13.720	210521.000	1283.107	0.000
13.730	210532.000	1228.175	0.000
13.740	210542.000	1159.723	0.000
13.750	210551.000	1081.806	0.000
13.760	210560.000	1027.264	0.000
13.770	210568.000	959.085	0.000
13.780	210576.000	911.359	0.000
13.790	210583.000	847.952	0.000
13.800	210590.000	803.566	0.000
13.810	210596.000	742.496	0.000
13.820	210601.000	669.747	0.000
13.830	210606.000	618.823	0.000
13.840	210610.000	553.176	0.000
13.850	210613.000	477.223	0.000
13.860	210616.000	424.056	0.000
13.870	210618.000	356.839	0.000
13.880	210619.000	279.788	0.000
13.890	210620.000	225.851	0.000
13.900	210620.000	158.096	0.000
13.910	210620.000	110.667	0.000
13.920	210620.000	77.467	0.000
13.930	210619.000	24.227	0.000
13.940	210617.000	-43.041	0.000
13.950	210614.000	-120.129	0.000
13.960	210611.000	-174.090	0.000
13.970	210608.000	-211.863	0.000
13.980	210604.000	-268.304	0.000
13.990	210601.000	-277.813	0.000
14.000	210597.000	-314.469	0.000
14.010	210593.000	-340.128	0.000
14.020	210589.000	-358.090	0.000
14.030	210585.000	-370.663	0.000
14.040	210581.000	-379.464	0.000
14.050	210577.000	-385.625	0.000
14.060	210573.000	-389.937	0.000
14.070	210569.000	-392.956	0.000
14.080	210566.000	-365.069	0.000
14.090	210563.000	-345.549	0.000
14.100	210559.000	-361.884	0.000
14.110	210557.000	-313.319	0.000
14.120	210554.000	-309.323	0.000
14.130	210551.000	-306.526	0.000
14.140	210549.000	-274.568	0.000
14.150	210547.000	-252.198	0.000
14.160	210545.000	-236.538	0.000
14.170	210544.000	-195.577	0.000
14.180	210543.000	-166.904	0.000
14.190	210542.000	-146.833	0.000
14.200	210541.000	-132.783	0.000
14.210	210540.000	-122.948	0.000
14.220	210540.000	-86.064	0.000
14.230	210540.000	-60.245	0.000
14.240	210540.000	-42.171	0.000
14.250	210540.000	-29.520	0.000
14.260	210540.000	-20.664	0.000
14.270	210540.000	-14.465	0.000
14.280	210540.000	-10.125	0.000
14.290	210541.000	22.912	0.000
14.300	210543.000	76.039	0.000
14.310	210544.000	83.227	0.000
14.320	210545.000	88.259	0.000
14.330	210546.000	91.781	0.000
14.340	210547.000	94.247	0.000
14.350	210549.000	125.973	0.000
14.360	210550.000	118.181	0.000
14.370	210551.000	112.727	0.000
14.380	210552.000	108.909	0.000
14.390	210553.000	106.236	0.000
14.400	210554.000	104.365	0.000
14.410	210555.000	103.056	0.000
14.420	210555.000	72.139	0.000
14.430	210556.000	80.497	0.000
14.440	210556.000	56.348	0.000
14.450	210557.000	69.444	0.000
14.460	210557.000	48.611	0.000
14.470	210557.000	34.027	0.000
14.480	210557.000	23.819	0.000
14.490	210557.000	16.673	0.000
14.500	210557.000	11.671	0.000
14.510	210557.000	8.170	0.000
14.520	210557.000	5.719	0.000
14.530	210557.000	4.003	0.000
14.540	210557.000	2.802	0.000
14.550	210556.000	-28.038	0.000
14.560	210555.000	-49.627	0.000
14.570	210555.000	-34.739	0.000
14.580	210554.000	-54.317	0.000
14.590	210554.000	-38.022	0.000
14.600	210553.000	-56.615	0.000
14.610	210553.000	-39.631	0.000
14.620	210553.000	-27.742	0.000
14.630	210552.000	-49.419	0.000
14.640	210552.000	-34.593	0.000
14.650	210552.000	-24.215	0.000
14.660	210552.000	-16.951	0.000
14.670	210552.000	-11.866	0.000
14.680	210552.000	-8.306	0.000
14.690	210552.000	-5.814	0.000
14.700	210552.000	-4.070	0.000
14.710	210552.000	-2.849	0.000
14.720	210552.000	-1.994	0.000
14.730	210552.000	-1.396	0.000
14.740	210552.000	-0.977	0.000
14.750	210552.000	-0.684	0.000
14.760	210552.000	-0.479	0.000
14.770	210553.000	29.665	0.000
14.780	210553.000	20.765	0.000
14.790	210553.000	14.536	0.000
14.800	210554.000	40.175	0.000
14.810	210554.000	28.123	0.000
14.820	210554.000	19.686	0.000
14.830	210554.000	13.780	0.000
14.840	210554.000	9.646	0.000
14.850	210554.000	6.752	0.000
14.860	210554.000	4.727	0.000
14.870	210554.000	3.309	0.000
14.880	210554.000	2.316	0.000
14.890	210554.000	1.621	0.000
14.900	210554.000	1.135	0.000
14.910	210554.000	0.794	0.000
14.920	210554.000	0.556	0.000
14.930	210554.000	0.389	0.000
14.940	210554.000	0.272	0.000
14.950	210554.000	0.191	0.000
14.960	210554.000	0.134	0.000
14.970	210554.000	0.093	0.000
14.980	210554.000	0.065	0.000
14.990	210554.000	0.046	0.000
15.000	210554.000	0.032	0.000
